0.699999 0.750489 5
0.699995 0.751466 5
0.699985 0.752443 5
0.699971 0.75342 5
0.699952 0.754397 5
0.699928 0.755374 5
0.699899 0.756351 5
0.699866 0.757327 5
0.699828 0.758304 5
0.699785 0.75928 5
0.699737 0.760256 5
0.699684 0.761232 5
0.699627 0.762207 5
0.699565 0.763182 5
0.699498 0.764157 5
0.699427 0.765132 5
0.69935 0.766106 5
0.699269 0.76708 5
0.699184 0.768053 5
0.699093 0.769026 5
0.698998 0.769998 5
0.698898 0.77097 5
0.698793 0.771942 5
0.698683 0.772913 5
0.698569 0.773883 5
0.69845 0.774853 5
0.698326 0.775823 5
0.698197 0.776791 5
0.698064 0.777759 5
0.697926 0.778727 5
0.697783 0.779693 5
0.697636 0.780659 5
0.697484 0.781625 5
0.697327 0.782589 5
0.697165 0.783553 5
0.696999 0.784516 5
0.696828 0.785478 5
0.696652 0.786439 5
0.696472 0.787399 5
0.696287 0.788359 5
0.696097 0.789317 5
0.695903 0.790275 5
0.695704 0.791232 5
0.6955 0.792187 5
0.695291 0.793142 5
0.695078 0.794096 5
0.694861 0.795048 5
0.694638 0.796 5
0.694411 0.79695 5
0.694179 0.7979 5
0.693943 0.798848 5
0.693702 0.799795 5
0.693456 0.800741 5
0.693206 0.801685 5
0.692951 0.802628 5
0.692692 0.803571 5
0.692428 0.804511 5
0.692159 0.805451 5
0.691886 0.806389 5
0.691608 0.807326 5
0.691326 0.808261 5
0.691039 0.809195 5
0.690747 0.810128 5
0.690451 0.811059 5
0.690151 0.811989 5
0.689846 0.812917 5
0.689536 0.813844 5
0.689222 0.81477 5
0.688903 0.815693 5
0.68858 0.816615 5
0.688252 0.817536 5
0.68792 0.818455 5
0.687583 0.819372 5
0.687242 0.820288 5
0.686896 0.821202 5
0.686546 0.822114 5
0.686192 0.823025 5
0.685833 0.823934 5
0.685469 0.824841 5
0.685101 0.825746 5
0.684729 0.826649 5
0.684352 0.827551 5
0.683971 0.828451 5
0.683586 0.829349 5
0.683196 0.830245 5
0.682802 0.831139 5
0.682403 0.832031 5
0.682 0.832921 5
0.681593 0.83381 5
0.681181 0.834696 5
0.680765 0.83558 5
0.680345 0.836462 5
0.67992 0.837342 5
0.679491 0.83822 5
0.679058 0.839096 5
0.678621 0.83997 5
0.678179 0.840842 5
0.677733 0.841711 5
0.677283 0.842578 5
0.676829 0.843443 5
0.67637 0.844306 5
0.675907 0.845167 5
0.67544 0.846025 5
0.674969 0.846881 5
0.674493 0.847735 5
0.674014 0.848586 5
0.67353 0.849435 5
0.673042 0.850282 5
0.67255 0.851126 5
0.672054 0.851968 5
0.671554 0.852807 5
0.671049 0.853644 5
0.670541 0.854479 5
0.670028 0.855311 5
0.669512 0.85614 5
0.668991 0.856967 5
0.668467 0.857792 5
0.667938 0.858613 5
0.667405 0.859433 5
0.666869 0.860249 5
0.666328 0.861063 5
0.665783 0.861875 5
0.665235 0.862683 5
0.664682 0.863489 5
0.664126 0.864292 5
0.663565 0.865093 5
0.663001 0.865891 5
0.662433 0.866686 5
0.661861 0.867478 5
0.661285 0.868267 5
0.660705 0.869054 5
0.660122 0.869838 5
0.659534 0.870619 5
0.658943 0.871397 5
0.658348 0.872172 5
0.657749 0.872944 5
0.657147 0.873713 5
0.65654 0.874479 5
0.65593 0.875243 5
0.655316 0.876003 5
0.654699 0.876761 5
0.654078 0.877515 5
0.653453 0.878266 5
0.652824 0.879014 5
0.652192 0.879759 5
0.651556 0.880501 5
0.650917 0.88124 5
0.650274 0.881976 5
0.649627 0.882709 5
0.648977 0.883438 5
0.648324 0.884165 5
0.647666 0.884888 5
0.647005 0.885608 5
0.646341 0.886324 5
0.645673 0.887037 5
0.645002 0.887748 5
0.644327 0.888454 5
0.643649 0.889158 5
0.642968 0.889858 5
0.642283 0.890555 5
0.641594 0.891248 5
0.640902 0.891939 5
0.640207 0.892625 5
0.639509 0.893309 5
0.638807 0.893988 5
0.638102 0.894665 5
0.637393 0.895338 5
0.636681 0.896008 5
0.635966 0.896674 5
0.635248 0.897336 5
0.634527 0.897995 5
0.633802 0.898651 5
0.633074 0.899303 5
0.632343 0.899951 5
0.631609 0.900596 5
0.630872 0.901237 5
0.630131 0.901875 5
0.629387 0.902509 5
0.628641 0.903139 5
0.627891 0.903766 5
0.627138 0.904389 5
0.626382 0.905008 5
0.625624 0.905624 5
0.624862 0.906236 5
0.624097 0.906844 5
0.623329 0.907448 5
0.622558 0.908049 5
0.621785 0.908646 5
0.621008 0.909239 5
0.620229 0.909828 5
0.619446 0.910414 5
0.618661 0.910995 5
0.617873 0.911573 5
0.617082 0.912147 5
0.616289 0.912717 5
0.615492 0.913284 5
0.614693 0.913846 5
0.613891 0.914404 5
0.613087 0.914959 5
0.612279 0.915509 5
0.611469 0.916056 5
0.610657 0.916599 5
0.609841 0.917137 5
0.609024 0.917672 5
0.608203 0.918203 5
0.60738 0.918729 5
0.606554 0.919252 5
0.605726 0.91977 5
0.604895 0.920285 5
0.604062 0.920795 5
0.603226 0.921302 5
0.602388 0.921804 5
0.601548 0.922302 5
0.600705 0.922796 5
0.599859 0.923286 5
0.599011 0.923772 5
0.598161 0.924254 5
0.597308 0.924731 5
0.596454 0.925205 5
0.595596 0.925674 5
0.594737 0.926139 5
0.593875 0.9266 5
0.593011 0.927056 5
0.592145 0.927509 5
0.591277 0.927957 5
0.590406 0.9284 5
0.589534 0.92884 5
0.588659 0.929275 5
0.587782 0.929706 5
0.586903 0.930133 5
0.586022 0.930556 5
0.585138 0.930974 5
0.584253 0.931387 5
0.583366 0.931797 5
0.582477 0.932202 5
0.581585 0.932603 5
0.580692 0.932999 5
0.579797 0.933391 5
0.5789 0.933779 5
0.578001 0.934162 5
0.577101 0.934541 5
0.576198 0.934916 5
0.575294 0.935286 5
0.574388 0.935651 5
0.57348 0.936013 5
0.57257 0.93637 5
0.571659 0.936722 5
0.570745 0.93707 5
0.569831 0.937413 5
0.568914 0.937752 5
0.567996 0.938087 5
0.567076 0.938417 5
0.566155 0.938742 5
0.565232 0.939063 5
0.564307 0.939379 5
0.563381 0.939691 5
0.562454 0.939999 5
0.561525 0.940302 5
0.560594 0.9406 5
0.559662 0.940894 5
0.558729 0.941183 5
0.557794 0.941468 5
0.556858 0.941748 5
0.55592 0.942023 5
0.554982 0.942294 5
0.554041 0.94256 5
0.5531 0.942822 5
0.552157 0.943079 5
0.551213 0.943332 5
0.550268 0.94358 5
0.549322 0.943823 5
0.548374 0.944062 5
0.547425 0.944296 5
0.546475 0.944525 5
0.545525 0.94475 5
0.544572 0.94497 5
0.543619 0.945185 5
0.542665 0.945396 5
0.54171 0.945602 5
0.540754 0.945804 5
0.539797 0.946001 5
0.538839 0.946193 5
0.53788 0.94638 5
0.53692 0.946563 5
0.535959 0.946741 5
0.534997 0.946914 5
0.534035 0.947083 5
0.533071 0.947247 5
0.532107 0.947406 5
0.531142 0.947561 5
0.530177 0.94771 5
0.52921 0.947855 5
0.528243 0.947996 5
0.527276 0.948131 5
0.526307 0.948262 5
0.525338 0.948388 5
0.524369 0.94851 5
0.523399 0.948627 5
0.522428 0.948739 5
0.521457 0.948846 5
0.520485 0.948948 5
0.519513 0.949046 5
0.51854 0.949139 5
0.517567 0.949227 5
0.516593 0.94931 5
0.515619 0.949389 5
0.514645 0.949463 5
0.51367 0.949532 5
0.512695 0.949597 5
0.51172 0.949656 5
0.510744 0.949711 5
0.509768 0.949761 5
0.508792 0.949807 5
0.507816 0.949847 5
0.506839 0.949883 5
0.505862 0.949914 5
0.504886 0.94994 5
0.503909 0.949962 5
0.502932 0.949979 5
0.501955 0.94999 5
0.500977 0.949998 5
0.5 0.95 5
0.499023 0.949998 5
0.498046 0.94999 5
0.497069 0.949979 5
0.496092 0.949962 5
0.495115 0.94994 5
0.494138 0.949914 5
0.493161 0.949883 5
0.492185 0.949847 5
0.491209 0.949807 5
0.490232 0.949761 5
0.489257 0.949711 5
0.488281 0.949656 5
0.487306 0.949597 5
0.486331 0.949532 5
0.485356 0.949463 5
0.484382 0.949389 5
0.483408 0.949311 5
0.482434 0.949227 5
0.481461 0.949139 5
0.480488 0.949046 5
0.479516 0.948948 5
0.478544 0.948846 5
0.477573 0.948739 5
0.476602 0.948627 5
0.475632 0.94851 5
0.474662 0.948389 5
0.473693 0.948262 5
0.472725 0.948131 5
0.471757 0.947996 5
0.47079 0.947855 5
0.469824 0.94771 5
0.468858 0.947561 5
0.467893 0.947406 5
0.466929 0.947247 5
0.465966 0.947083 5
0.465003 0.946914 5
0.464042 0.946741 5
0.463081 0.946563 5
0.462121 0.94638 5
0.461162 0.946193 5
0.460204 0.946001 5
0.459247 0.945804 5
0.458291 0.945602 5
0.457335 0.945396 5
0.456381 0.945186 5
0.455428 0.94497 5
0.454476 0.94475 5
0.453525 0.944525 5
0.452575 0.944296 5
0.451626 0.944062 5
0.450679 0.943823 5
0.449732 0.94358 5
0.448787 0.943332 5
0.447843 0.943079 5
0.446901 0.942822 5
0.445959 0.942561 5
0.445019 0.942294 5
0.44408 0.942023 5
0.443143 0.941748 5
0.442206 0.941468 5
0.441272 0.941183 5
0.440338 0.940894 5
0.439406 0.9406 5
0.438476 0.940302 5
0.437547 0.939999 5
0.436619 0.939692 5
0.435693 0.93938 5
0.434769 0.939063 5
0.433846 0.938742 5
0.432924 0.938417 5
0.432005 0.938087 5
0.431086 0.937752 5
0.43017 0.937413 5
0.429255 0.93707 5
0.428342 0.936722 5
0.42743 0.93637 5
0.426521 0.936013 5
0.425613 0.935652 5
0.424707 0.935286 5
0.423802 0.934916 5
0.4229 0.934541 5
0.421999 0.934163 5
0.4211 0.933779 5
0.420203 0.933392 5
0.419308 0.933 5
0.418415 0.932603 5
0.417524 0.932202 5
0.416635 0.931797 5
0.415747 0.931388 5
0.414862 0.930974 5
0.413979 0.930556 5
0.413098 0.930133 5
0.412219 0.929707 5
0.411342 0.929276 5
0.410467 0.92884 5
0.409594 0.928401 5
0.408724 0.927957 5
0.407855 0.927509 5
0.406989 0.927056 5
0.406125 0.9266 5
0.405263 0.926139 5
0.404404 0.925674 5
0.403547 0.925205 5
0.402692 0.924732 5
0.401839 0.924254 5
0.400989 0.923772 5
0.400141 0.923287 5
0.399296 0.922797 5
0.398453 0.922303 5
0.397612 0.921804 5
0.396774 0.921302 5
0.395938 0.920796 5
0.395105 0.920285 5
0.394274 0.919771 5
0.393446 0.919252 5
0.392621 0.91873 5
0.391797 0.918203 5
0.390977 0.917672 5
0.390159 0.917138 5
0.389344 0.916599 5
0.388531 0.916056 5
0.387721 0.91551 5
0.386914 0.914959 5
0.386109 0.914405 5
0.385307 0.913846 5
0.384508 0.913284 5
0.383712 0.912718 5
0.382918 0.912148 5
0.382127 0.911574 5
0.381339 0.910996 5
0.380554 0.910414 5
0.379772 0.909829 5
0.378992 0.909239 5
0.378216 0.908646 5
0.377442 0.908049 5
0.376671 0.907449 5
0.375904 0.906844 5
0.375139 0.906236 5
0.374377 0.905624 5
0.373618 0.905008 5
0.372862 0.904389 5
0.372109 0.903766 5
0.37136 0.903139 5
0.370613 0.902509 5
0.369869 0.901875 5
0.369129 0.901237 5
0.368392 0.900596 5
0.367657 0.899951 5
0.366926 0.899303 5
0.366198 0.898651 5
0.365474 0.897996 5
0.364752 0.897336 5
0.364034 0.896674 5
0.363319 0.896008 5
0.362607 0.895338 5
0.361899 0.894665 5
0.361194 0.893989 5
0.360492 0.893309 5
0.359793 0.892626 5
0.359098 0.891939 5
0.358406 0.891249 5
0.357718 0.890555 5
0.357033 0.889858 5
0.356351 0.889158 5
0.355673 0.888455 5
0.354998 0.887748 5
0.354327 0.887038 5
0.353659 0.886325 5
0.352995 0.885608 5
0.352334 0.884888 5
0.351677 0.884165 5
0.351023 0.883439 5
0.350373 0.882709 5
0.349726 0.881977 5
0.349083 0.881241 5
0.348444 0.880502 5
0.347808 0.87976 5
0.347176 0.879015 5
0.346547 0.878267 5
0.345923 0.877515 5
0.345301 0.876761 5
0.344684 0.876004 5
0.34407 0.875243 5
0.34346 0.87448 5
0.342854 0.873714 5
0.342251 0.872944 5
0.341652 0.872172 5
0.341057 0.871397 5
0.340466 0.870619 5
0.339879 0.869838 5
0.339295 0.869054 5
0.338715 0.868268 5
0.338139 0.867478 5
0.337567 0.866686 5
0.336999 0.865891 5
0.336435 0.865093 5
0.335875 0.864293 5
0.335318 0.86349 5
0.334766 0.862684 5
0.334217 0.861875 5
0.333672 0.861064 5
0.333132 0.86025 5
0.332595 0.859433 5
0.332062 0.858614 5
0.331534 0.857792 5
0.331009 0.856968 5
0.330488 0.856141 5
0.329972 0.855311 5
0.329459 0.854479 5
0.328951 0.853645 5
0.328447 0.852808 5
0.327946 0.851968 5
0.32745 0.851127 5
0.326958 0.850282 5
0.32647 0.849436 5
0.325987 0.848587 5
0.325507 0.847735 5
0.325032 0.846882 5
0.32456 0.846026 5
0.324093 0.845167 5
0.32363 0.844307 5
0.323172 0.843444 5
0.322717 0.842579 5
0.322267 0.841711 5
0.321821 0.840842 5
0.321379 0.83997 5
0.320942 0.839097 5
0.320509 0.838221 5
0.32008 0.837343 5
0.319655 0.836463 5
0.319235 0.83558 5
0.318819 0.834696 5
0.318407 0.83381 5
0.318 0.832922 5
0.317597 0.832032 5
0.317198 0.831139 5
0.316804 0.830245 5
0.316414 0.829349 5
0.316029 0.828451 5
0.315648 0.827552 5
0.315271 0.82665 5
0.314899 0.825746 5
0.314531 0.824841 5
0.314167 0.823934 5
0.313808 0.823025 5
0.313454 0.822115 5
0.313104 0.821202 5
0.312758 0.820288 5
0.312417 0.819373 5
0.31208 0.818455 5
0.311748 0.817537 5
0.31142 0.816616 5
0.311097 0.815694 5
0.310778 0.81477 5
0.310464 0.813845 5
0.310154 0.812918 5
0.309849 0.81199 5
0.309549 0.81106 5
0.309253 0.810129 5
0.308961 0.809196 5
0.308674 0.808262 5
0.308392 0.807326 5
0.308114 0.80639 5
0.307841 0.805451 5
0.307572 0.804512 5
0.307308 0.803571 5
0.307049 0.802629 5
0.306794 0.801686 5
0.306544 0.800741 5
0.306298 0.799795 5
0.306057 0.798848 5
0.305821 0.7979 5
0.305589 0.796951 5
0.305362 0.796 5
0.30514 0.795049 5
0.304922 0.794096 5
0.304709 0.793143 5
0.3045 0.792188 5
0.304296 0.791232 5
0.304097 0.790276 5
0.303903 0.789318 5
0.303713 0.788359 5
0.303528 0.7874 5
0.303348 0.78644 5
0.303172 0.785478 5
0.303001 0.784516 5
0.302835 0.783553 5
0.302673 0.78259 5
0.302516 0.781625 5
0.302364 0.78066 5
0.302217 0.779694 5
0.302074 0.778727 5
0.301936 0.77776 5
0.301803 0.776792 5
0.301674 0.775823 5
0.30155 0.774854 5
0.301431 0.773884 5
0.301317 0.772914 5
0.301207 0.771943 5
0.301102 0.770971 5
0.301002 0.769999 5
0.300907 0.769026 5
0.300816 0.768054 5
0.300731 0.76708 5
0.30065 0.766106 5
0.300573 0.765132 5
0.300502 0.764158 5
0.300435 0.763183 5
0.300373 0.762208 5
0.300316 0.761232 5
0.300263 0.760256 5
0.300215 0.75928 5
0.300172 0.758304 5
0.300134 0.757328 5
0.300101 0.756351 5
0.300072 0.755374 5
0.300048 0.754397 5
0.300029 0.75342 5
0.300015 0.752443 5
0.300005 0.751466 5
0.300001 0.750489 5
0.300001 0.749512 5
0.300005 0.748535 5
0.300015 0.747558 5
0.300029 0.746581 5
0.300048 0.745604 5
0.300072 0.744627 5
0.300101 0.74365 5
0.300134 0.742673 5
0.300172 0.741697 5
0.300215 0.740721 5
0.300263 0.739745 5
0.300316 0.738769 5
0.300373 0.737794 5
0.300435 0.736818 5
0.300502 0.735843 5
0.300573 0.734869 5
0.30065 0.733895 5
0.300731 0.732921 5
0.300816 0.731948 5
0.300907 0.730975 5
0.301002 0.730002 5
0.301102 0.72903 5
0.301207 0.728059 5
0.301317 0.727088 5
0.301431 0.726117 5
0.30155 0.725147 5
0.301674 0.724178 5
0.301802 0.723209 5
0.301936 0.722241 5
0.302074 0.721274 5
0.302216 0.720307 5
0.302364 0.719341 5
0.302516 0.718376 5
0.302673 0.717411 5
0.302834 0.716448 5
0.303001 0.715485 5
0.303172 0.714523 5
0.303347 0.713561 5
0.303528 0.712601 5
0.303713 0.711642 5
0.303903 0.710683 5
0.304097 0.709725 5
0.304296 0.708769 5
0.3045 0.707813 5
0.304708 0.706858 5
0.304922 0.705905 5
0.305139 0.704952 5
0.305362 0.704001 5
0.305589 0.70305 5
0.30582 0.702101 5
0.306057 0.701153 5
0.306298 0.700206 5
0.306543 0.69926 5
0.306794 0.698315 5
0.307048 0.697372 5
0.307308 0.69643 5
0.307572 0.695489 5
0.307841 0.69455 5
0.308114 0.693611 5
0.308392 0.692675 5
0.308674 0.691739 5
0.308961 0.690805 5
0.309252 0.689872 5
0.309548 0.688941 5
0.309849 0.688011 5
0.310154 0.687083 5
0.310464 0.686156 5
0.310778 0.685231 5
0.311097 0.684307 5
0.31142 0.683385 5
0.311748 0.682464 5
0.31208 0.681546 5
0.312417 0.680628 5
0.312758 0.679713 5
0.313103 0.678799 5
0.313453 0.677886 5
0.313808 0.676976 5
0.314167 0.676067 5
0.31453 0.67516 5
0.314898 0.674254 5
0.315271 0.673351 5
0.315647 0.672449 5
0.316028 0.67155 5
0.316414 0.670652 5
0.316804 0.669756 5
0.317198 0.668862 5
0.317597 0.667969 5
0.318 0.667079 5
0.318407 0.666191 5
0.318819 0.665305 5
0.319235 0.664421 5
0.319655 0.663538 5
0.320079 0.662658 5
0.320508 0.66178 5
0.320941 0.660904 5
0.321379 0.660031 5
0.321821 0.659159 5
0.322267 0.658289 5
0.322717 0.657422 5
0.323171 0.656557 5
0.32363 0.655694 5
0.324093 0.654834 5
0.32456 0.653975 5
0.325031 0.653119 5
0.325506 0.652266 5
0.325986 0.651414 5
0.32647 0.650565 5
0.326958 0.649719 5
0.32745 0.648874 5
0.327946 0.648032 5
0.328446 0.647193 5
0.32895 0.646356 5
0.329459 0.645522 5
0.329971 0.64469 5
0.330488 0.64386 5
0.331009 0.643033 5
0.331533 0.642209 5
0.332062 0.641387 5
0.332594 0.640568 5
0.333131 0.639751 5
0.333672 0.638937 5
0.334216 0.638126 5
0.334765 0.637317 5
0.335318 0.636511 5
0.335874 0.635708 5
0.336434 0.634908 5
0.336999 0.63411 5
0.337567 0.633315 5
0.338139 0.632523 5
0.338715 0.631733 5
0.339294 0.630947 5
0.339878 0.630163 5
0.340465 0.629382 5
0.341057 0.628604 5
0.341652 0.627829 5
0.342251 0.627057 5
0.342853 0.626287 5
0.343459 0.625521 5
0.344069 0.624758 5
0.344683 0.623997 5
0.345301 0.62324 5
0.345922 0.622486 5
0.346547 0.621734 5
0.347175 0.620986 5
0.347807 0.620241 5
0.348443 0.619499 5
0.349083 0.61876 5
0.349726 0.618024 5
0.350372 0.617292 5
0.351022 0.616562 5
0.351676 0.615836 5
0.352333 0.615113 5
0.352994 0.614393 5
0.353658 0.613676 5
0.354326 0.612963 5
0.354998 0.612253 5
0.355672 0.611546 5
0.35635 0.610842 5
0.357032 0.610142 5
0.357717 0.609445 5
0.358406 0.608752 5
0.359097 0.608062 5
0.359793 0.607375 5
0.360491 0.606692 5
0.361193 0.606012 5
0.361898 0.605335 5
0.362606 0.604662 5
0.363318 0.603993 5
0.364033 0.603327 5
0.364751 0.602664 5
0.365473 0.602005 5
0.366198 0.60135 5
0.366925 0.600698 5
0.367657 0.600049 5
0.368391 0.599405 5
0.369128 0.598763 5
0.369869 0.598126 5
0.370612 0.597492 5
0.371359 0.596861 5
0.372109 0.596235 5
0.372861 0.595612 5
0.373617 0.594992 5
0.374376 0.594377 5
0.375138 0.593765 5
0.375903 0.593157 5
0.37667 0.592552 5
0.377441 0.591951 5
0.378215 0.591355 5
0.378991 0.590761 5
0.379771 0.590172 5
0.380553 0.589587 5
0.381338 0.589005 5
0.382126 0.588427 5
0.382917 0.587853 5
0.383711 0.587283 5
0.384507 0.586717 5
0.385306 0.586154 5
0.386108 0.585596 5
0.386913 0.585042 5
0.38772 0.584491 5
0.38853 0.583944 5
0.389343 0.583402 5
0.390158 0.582863 5
0.390976 0.582328 5
0.391797 0.581798 5
0.39262 0.581271 5
0.393445 0.580748 5
0.394273 0.58023 5
0.395104 0.579715 5
0.395937 0.579205 5
0.396773 0.578698 5
0.397611 0.578196 5
0.398452 0.577698 5
0.399295 0.577204 5
0.40014 0.576714 5
0.400988 0.576228 5
0.401838 0.575746 5
0.402691 0.575269 5
0.403546 0.574796 5
0.404403 0.574326 5
0.405263 0.573861 5
0.406124 0.573401 5
0.406988 0.572944 5
0.407854 0.572492 5
0.408723 0.572044 5
0.409593 0.5716 5
0.410466 0.57116 5
0.411341 0.570725 5
0.412218 0.570294 5
0.413097 0.569867 5
0.413978 0.569445 5
0.414861 0.569027 5
0.415746 0.568613 5
0.416634 0.568203 5
0.417523 0.567798 5
0.418414 0.567397 5
0.419307 0.567001 5
0.420202 0.566609 5
0.421099 0.566221 5
0.421998 0.565838 5
0.422899 0.565459 5
0.423801 0.565084 5
0.424706 0.564714 5
0.425612 0.564349 5
0.42652 0.563987 5
0.427429 0.563631 5
0.428341 0.563278 5
0.429254 0.56293 5
0.430169 0.562587 5
0.431085 0.562248 5
0.432004 0.561914 5
0.432923 0.561584 5
0.433845 0.561258 5
0.434768 0.560937 5
0.435692 0.560621 5
0.436618 0.560309 5
0.437546 0.560001 5
0.438475 0.559699 5
0.439405 0.5594 5
0.440337 0.559106 5
0.441271 0.558817 5
0.442205 0.558533 5
0.443142 0.558252 5
0.444079 0.557977 5
0.445018 0.557706 5
0.445958 0.55744 5
0.4469 0.557178 5
0.447842 0.556921 5
0.448786 0.556668 5
0.449731 0.55642 5
0.450678 0.556177 5
0.451625 0.555938 5
0.452574 0.555704 5
0.453524 0.555475 5
0.454475 0.55525 5
0.455427 0.55503 5
0.45638 0.554815 5
0.457334 0.554604 5
0.458289 0.554398 5
0.459246 0.554196 5
0.460203 0.554 5
0.461161 0.553807 5
0.46212 0.55362 5
0.46308 0.553437 5
0.464041 0.553259 5
0.465002 0.553086 5
0.465965 0.552917 5
0.466928 0.552753 5
0.467892 0.552594 5
0.468857 0.55244 5
0.469823 0.55229 5
0.470789 0.552145 5
0.471756 0.552004 5
0.472724 0.551869 5
0.473692 0.551738 5
0.474661 0.551612 5
0.475631 0.55149 5
0.476601 0.551374 5
0.477572 0.551262 5
0.478543 0.551154 5
0.479515 0.551052 5
0.480487 0.550954 5
0.48146 0.550861 5
0.482433 0.550773 5
0.483406 0.55069 5
0.48438 0.550611 5
0.485355 0.550537 5
0.48633 0.550468 5
0.487305 0.550403 5
0.48828 0.550344 5
0.489256 0.550289 5
0.490231 0.550239 5
0.491208 0.550193 5
0.492184 0.550153 5
0.49316 0.550117 5
0.494137 0.550086 5
0.495114 0.55006 5
0.496091 0.550038 5
0.497068 0.550021 5
0.498045 0.55001 5
0.499022 0.550002 5
0.499999 0.55 5
0.500976 0.550002 5
0.501954 0.55001 5
0.502931 0.550021 5
0.503908 0.550038 5
0.504885 0.55006 5
0.505861 0.550086 5
0.506838 0.550117 5
0.507815 0.550153 5
0.508791 0.550193 5
0.509767 0.550239 5
0.510743 0.550289 5
0.511718 0.550344 5
0.512694 0.550403 5
0.513669 0.550468 5
0.514644 0.550537 5
0.515618 0.550611 5
0.516592 0.550689 5
0.517566 0.550773 5
0.518539 0.550861 5
0.519511 0.550954 5
0.520484 0.551052 5
0.521455 0.551154 5
0.522427 0.551261 5
0.523397 0.551373 5
0.524368 0.55149 5
0.525337 0.551611 5
0.526306 0.551738 5
0.527275 0.551868 5
0.528242 0.552004 5
0.529209 0.552144 5
0.530176 0.55229 5
0.531141 0.552439 5
0.532106 0.552594 5
0.53307 0.552753 5
0.534034 0.552917 5
0.534996 0.553086 5
0.535958 0.553259 5
0.536919 0.553437 5
0.537879 0.55362 5
0.538838 0.553807 5
0.539796 0.553999 5
0.540753 0.554196 5
0.541709 0.554397 5
0.542664 0.554604 5
0.543618 0.554814 5
0.544571 0.55503 5
0.545523 0.55525 5
0.546474 0.555475 5
0.547424 0.555704 5
0.548373 0.555938 5
0.549321 0.556177 5
0.550267 0.55642 5
0.551212 0.556668 5
0.552156 0.55692 5
0.553099 0.557178 5
0.55404 0.557439 5
0.554981 0.557706 5
0.555919 0.557977 5
0.556857 0.558252 5
0.557793 0.558532 5
0.558728 0.558817 5
0.559661 0.559106 5
0.560593 0.5594 5
0.561524 0.559698 5
0.562453 0.560001 5
0.56338 0.560308 5
0.564306 0.56062 5
0.565231 0.560937 5
0.566154 0.561258 5
0.567075 0.561583 5
0.567995 0.561913 5
0.568913 0.562248 5
0.56983 0.562586 5
0.570744 0.56293 5
0.571658 0.563278 5
0.572569 0.56363 5
0.573479 0.563987 5
0.574387 0.564348 5
0.575293 0.564714 5
0.576197 0.565084 5
0.5771 0.565458 5
0.578 0.565837 5
0.578899 0.566221 5
0.579796 0.566608 5
0.580691 0.567 5
0.581585 0.567397 5
0.582476 0.567797 5
0.583365 0.568203 5
0.584252 0.568612 5
0.585137 0.569026 5
0.586021 0.569444 5
0.586902 0.569866 5
0.587781 0.570293 5
0.588658 0.570724 5
0.589533 0.57116 5
0.590405 0.571599 5
0.591276 0.572043 5
0.592144 0.572491 5
0.59301 0.572943 5
0.593874 0.5734 5
0.594736 0.573861 5
0.595596 0.574326 5
0.596453 0.574795 5
0.597308 0.575268 5
0.59816 0.575746 5
0.59901 0.576227 5
0.599858 0.576713 5
0.600704 0.577203 5
0.601547 0.577697 5
0.602387 0.578195 5
0.603225 0.578698 5
0.604061 0.579204 5
0.604894 0.579714 5
0.605725 0.580229 5
0.606553 0.580748 5
0.607379 0.58127 5
0.608202 0.581797 5
0.609023 0.582328 5
0.609841 0.582862 5
0.610656 0.583401 5
0.611469 0.583943 5
0.612279 0.58449 5
0.613086 0.585041 5
0.61389 0.585595 5
0.614692 0.586154 5
0.615491 0.586716 5
0.616288 0.587282 5
0.617081 0.587852 5
0.617872 0.588426 5
0.61866 0.589004 5
0.619446 0.589586 5
0.620228 0.590171 5
0.621007 0.59076 5
0.621784 0.591354 5
0.622558 0.59195 5
0.623328 0.592551 5
0.624096 0.593156 5
0.624861 0.593764 5
0.625623 0.594376 5
0.626382 0.594991 5
0.627137 0.595611 5
0.62789 0.596234 5
0.62864 0.59686 5
0.629387 0.597491 5
0.63013 0.598125 5
0.630871 0.598762 5
0.631608 0.599403 5
0.632342 0.600048 5
0.633073 0.600697 5
0.633801 0.601349 5
0.634526 0.602004 5
0.635247 0.602663 5
0.635966 0.603326 5
0.636681 0.603992 5
0.637392 0.604661 5
0.638101 0.605334 5
0.638806 0.606011 5
0.639508 0.606691 5
0.640206 0.607374 5
0.640902 0.608061 5
0.641593 0.608751 5
0.642282 0.609444 5
0.642967 0.610141 5
0.643648 0.610841 5
0.644327 0.611545 5
0.645001 0.612252 5
0.645673 0.612962 5
0.64634 0.613675 5
0.647005 0.614392 5
0.647666 0.615112 5
0.648323 0.615835 5
0.648977 0.616561 5
0.649627 0.61729 5
0.650273 0.618023 5
0.650916 0.618759 5
0.651556 0.619498 5
0.652192 0.62024 5
0.652824 0.620985 5
0.653452 0.621733 5
0.654077 0.622484 5
0.654698 0.623239 5
0.655316 0.623996 5
0.65593 0.624756 5
0.65654 0.62552 5
0.657146 0.626286 5
0.657749 0.627055 5
0.658347 0.627827 5
0.658942 0.628603 5
0.659534 0.629381 5
0.660121 0.630161 5
0.660705 0.630945 5
0.661284 0.631732 5
0.66186 0.632521 5
0.662432 0.633313 5
0.663 0.634108 5
0.663565 0.634906 5
0.664125 0.635707 5
0.664682 0.63651 5
0.665234 0.637316 5
0.665783 0.638125 5
0.666327 0.638936 5
0.666868 0.63975 5
0.667405 0.640567 5
0.667937 0.641386 5
0.668466 0.642208 5
0.668991 0.643032 5
0.669511 0.643859 5
0.670028 0.644688 5
0.67054 0.64552 5
0.671049 0.646355 5
0.671553 0.647192 5
0.672053 0.648031 5
0.672549 0.648873 5
0.673042 0.649717 5
0.673529 0.650564 5
0.674013 0.651413 5
0.674493 0.652264 5
0.674968 0.653118 5
0.675439 0.653974 5
0.675907 0.654832 5
0.676369 0.655693 5
0.676828 0.656556 5
0.677283 0.657421 5
0.677733 0.658288 5
0.678179 0.659157 5
0.67862 0.660029 5
0.679058 0.660903 5
0.679491 0.661779 5
0.67992 0.662657 5
0.680344 0.663537 5
0.680765 0.664419 5
0.681181 0.665303 5
0.681592 0.66619 5
0.682 0.667078 5
0.682403 0.667968 5
0.682801 0.66886 5
0.683196 0.669754 5
0.683585 0.67065 5
0.683971 0.671548 5
0.684352 0.672448 5
0.684729 0.67335 5
0.685101 0.674253 5
0.685469 0.675158 5
0.685832 0.676065 5
0.686191 0.676974 5
0.686546 0.677885 5
0.686896 0.678797 5
0.687242 0.679711 5
0.687583 0.680627 5
0.68792 0.681544 5
0.688252 0.682463 5
0.68858 0.683384 5
0.688903 0.684306 5
0.689221 0.685229 5
0.689536 0.686155 5
0.689845 0.687082 5
0.690151 0.68801 5
0.690451 0.68894 5
0.690747 0.689871 5
0.691039 0.690803 5
0.691326 0.691738 5
0.691608 0.692673 5
0.691886 0.69361 5
0.692159 0.694548 5
0.692428 0.695488 5
0.692692 0.696428 5
0.692951 0.697371 5
0.693206 0.698314 5
0.693456 0.699258 5
0.693702 0.700204 5
0.693943 0.701151 5
0.694179 0.702099 5
0.694411 0.703049 5
0.694638 0.703999 5
0.69486 0.704951 5
0.695078 0.705903 5
0.695291 0.706857 5
0.6955 0.707812 5
0.695703 0.708767 5
0.695903 0.709724 5
0.696097 0.710681 5
0.696287 0.71164 5
0.696472 0.7126 5
0.696652 0.71356 5
0.696828 0.714521 5
0.696999 0.715483 5
0.697165 0.716446 5
0.697327 0.71741 5
0.697484 0.718374 5
0.697636 0.71934 5
0.697783 0.720306 5
0.697926 0.721272 5
0.698064 0.72224 5
0.698197 0.723208 5
0.698326 0.724176 5
0.69845 0.725146 5
0.698569 0.726116 5
0.698683 0.727086 5
0.698793 0.728057 5
0.698897 0.729028 5
0.698998 0.730001 5
0.699093 0.730973 5
0.699183 0.731946 5
0.699269 0.732919 5
0.69935 0.733893 5
0.699427 0.734867 5
0.699498 0.735842 5
0.699565 0.736817 5
0.699627 0.737792 5
0.699684 0.738767 5
0.699737 0.739743 5
0.699785 0.740719 5
0.699828 0.741695 5
0.699866 0.742672 5
0.699899 0.743648 5
0.699928 0.744625 5
0.699952 0.745602 5
0.699971 0.746579 5
0.699985 0.747556 5
0.699995 0.748533 5
0.699999 0.74951 5
0 0 5

