0.613507 0.617422 2.04183
0.609549 0.621292 2.04652
0.605549 0.625115 2.05591
0.601508 0.62889 2.07
0.597429 0.632616 2.08881
0.593312 0.636291 2.11235
0.589159 0.639914 2.14062
0.584973 0.643483 2.17366
0.580753 0.646998 2.21148
0.576503 0.650456 2.25409
0.572224 0.653856 2.30153
0.567917 0.657197 2.3538
0.563583 0.660479 2.41092
0.559226 0.663698 2.47292
0.554846 0.666855 2.53979
0.550444 0.669948 2.61154
0.546024 0.672976 2.68819
0.541585 0.675938 2.76971
0.537131 0.678832 2.85611
0.532663 0.681658 2.94736
0.528182 0.684414 3.04343
0.52369 0.6871 3.14429
0.51919 0.689714 3.24988
0.514681 0.692255 3.36016
0.510168 0.694722 3.47506
0.50565 0.697115 3.59448
0.50113 0.699433 3.71835
0.49661 0.701673 3.84655
0.492091 0.703837 3.97898
0.487575 0.705923 4.11549
0.483064 0.70793 4.25596
0.478559 0.709857 4.40021
0.474063 0.711703 4.54809
0.469576 0.713469 4.69941
0.465101 0.715153 4.85398
0.46064 0.716754 5.0116
0.456194 0.718272 5.17203
0.451764 0.719707 5.33505
0.447353 0.721057 5.50042
0.442962 0.722323 5.66789
0.438593 0.723504 5.83718
0.434247 0.724599 6.00803
0.429927 0.725608 6.18014
0.425633 0.72653 6.35324
0.421368 0.727366 6.52701
0.417133 0.728114 6.70114
0.41293 0.728776 6.87533
0.40876 0.729349 7.04925
0.404625 0.729835 7.22258
0.400527 0.730233 7.39499
0.396467 0.730542 7.56614
0.392446 0.730763 7.7357
0.388467 0.730896 7.90333
0.38453 0.73094 8.06871
0.380638 0.730896 8.23148
0.376791 0.730763 8.39133
0.372992 0.730542 8.54792
0.369241 0.730233 8.70092
0.36554 0.729835 8.85001
0.361891 0.729349 8.99487
0.358295 0.728776 9.13519
0.354753 0.728115 9.27068
0.351266 0.727366 9.40103
0.347837 0.72653 9.52597
0.344466 0.725608 9.64521
0.341155 0.724599 9.7585
0.337904 0.723504 9.86558
0.334715 0.722323 9.96621
0.33159 0.721057 10.0602
0.32853 0.719707 10.1473
0.325535 0.718272 10.2273
0.322606 0.716754 10.3
0.319746 0.715153 10.3653
0.316955 0.713469 10.4231
0.314234 0.711703 10.4731
0.311584 0.709857 10.5153
0.309007 0.70793 10.5496
0.306502 0.705923 10.5759
0.304072 0.703837 10.5942
0.301717 0.701674 10.6043
0.299437 0.699433 10.6063
0.297235 0.697115 10.6003
0.29511 0.694722 10.5861
0.293064 0.692255 10.5638
0.291097 0.689714 10.5335
0.28921 0.6871 10.4952
0.287404 0.684414 10.449
0.285679 0.681658 10.3951
0.284037 0.678833 10.3336
0.282477 0.675938 10.2646
0.281 0.672977 10.1882
0.279607 0.669949 10.1046
0.278299 0.666856 10.0141
0.277076 0.663699 9.91673
0.275938 0.660479 9.81284
0.274886 0.657198 9.70263
0.27392 0.653856 9.58633
0.273041 0.650456 9.46421
0.272249 0.646998 9.33653
0.271544 0.643484 9.20358
0.270927 0.639914 9.06564
0.270397 0.636291 8.923
0.269955 0.632616 8.77599
0.269602 0.62889 8.62491
0.269336 0.625115 8.47007
0.269159 0.621292 8.31182
0.269071 0.617422 8.15046
0.269071 0.613508 7.98635
0.269159 0.609549 7.8198
0.269336 0.605549 7.65116
0.269602 0.601509 7.48076
0.269955 0.597429 7.30894
0.270397 0.593312 7.13604
0.270926 0.58916 6.96237
0.271544 0.584973 6.78827
0.272249 0.580754 6.61407
0.273041 0.576504 6.44008
0.27392 0.572224 6.26661
0.274886 0.567917 6.09397
0.275938 0.563584 5.92245
0.277076 0.559226 5.75234
0.278299 0.554846 5.58393
0.279607 0.550445 5.41748
0.281 0.546024 5.25325
0.282476 0.541586 5.0915
0.284036 0.537132 4.93244
0.285679 0.532663 4.77633
0.287404 0.528182 4.62336
0.28921 0.523691 4.47373
0.291097 0.51919 4.32764
0.293064 0.514682 4.18526
0.29511 0.510168 4.04675
0.297235 0.50565 3.91226
0.299437 0.501131 3.78193
0.301716 0.49661 3.65588
0.304072 0.492091 3.53422
0.306502 0.487575 3.41705
0.309006 0.483064 3.30446
0.311584 0.47856 3.19651
0.314234 0.474063 3.09328
0.316955 0.469577 2.99481
0.319746 0.465102 2.90114
0.322606 0.46064 2.81232
0.325534 0.456194 2.72835
0.328529 0.451764 2.64927
0.33159 0.447353 2.57506
0.334715 0.442962 2.50575
0.337903 0.438593 2.44132
0.341154 0.434247 2.38176
0.344465 0.429927 2.32706
0.347836 0.425634 2.27721
0.351266 0.421368 2.23219
0.354752 0.417134 2.19198
0.358294 0.41293 2.15655
0.36189 0.40876 2.1259
0.365539 0.404626 2.09999
0.36924 0.400527 2.07882
0.372991 0.396467 2.06237
0.37679 0.392446 2.05063
0.380637 0.388467 2.04359
0.384529 0.38453 2.04124
0.388466 0.380638 2.04359
0.392445 0.376791 2.05063
0.396466 0.372992 2.06237
0.400526 0.369241 2.07882
0.404624 0.36554 2.09998
0.408759 0.361891 2.12589
0.412929 0.358295 2.15654
0.417132 0.354753 2.19197
0.421367 0.351267 2.23218
0.425632 0.347837 2.2772
0.429926 0.344466 2.32705
0.434246 0.341155 2.38175
0.438592 0.337904 2.4413
0.442961 0.334716 2.50573
0.447352 0.33159 2.57504
0.451763 0.32853 2.64924
0.456193 0.325535 2.72833
0.460639 0.322607 2.81229
0.465101 0.319747 2.90112
0.469575 0.316955 2.99478
0.474062 0.314234 3.09325
0.478558 0.311585 3.19648
0.483063 0.309007 3.30443
0.487574 0.306503 3.41702
0.49209 0.304072 3.53419
0.496609 0.301717 3.65585
0.501129 0.299438 3.7819
0.505649 0.297235 3.91223
0.510167 0.29511 4.04671
0.514681 0.293064 4.18522
0.519189 0.291097 4.3276
0.523689 0.28921 4.47369
0.528181 0.287404 4.62331
0.532662 0.285679 4.77629
0.53713 0.284037 4.9324
0.541585 0.282477 5.09145
0.546023 0.281 5.25321
0.550443 0.279608 5.41744
0.554845 0.278299 5.58389
0.559225 0.277076 5.7523
0.563583 0.275938 5.9224
0.567916 0.274886 6.09392
0.572223 0.27392 6.26656
0.576502 0.273041 6.44003
0.580753 0.272249 6.61402
0.584972 0.271544 6.78823
0.589159 0.270927 6.96232
0.593311 0.270397 7.13599
0.597428 0.269955 7.3089
0.601508 0.269602 7.48072
0.605548 0.269336 7.65112
0.609548 0.269159 7.81976
0.613506 0.269071 7.9863
0.617421 0.269071 8.15042
0.621291 0.269159 8.31177
0.625114 0.269336 8.47003
0.628889 0.269602 8.62487
0.632615 0.269955 8.77595
0.63629 0.270397 8.92296
0.639913 0.270926 9.0656
0.643483 0.271544 9.20354
0.646997 0.272249 9.3365
0.650455 0.273041 9.46418
0.653855 0.27392 9.5863
0.657197 0.274886 9.7026
0.660478 0.275938 9.81281
0.663698 0.277076 9.9167
0.666855 0.278299 10.014
0.669948 0.279607 10.1046
0.672976 0.281 10.1881
0.675938 0.282476 10.2645
0.678832 0.284036 10.3336
0.681658 0.285679 10.3951
0.684414 0.287403 10.449
0.687099 0.28921 10.4952
0.689713 0.291097 10.5334
0.692254 0.293063 10.5638
0.694722 0.29511 10.586
0.697115 0.297234 10.6003
0.699432 0.299437 10.6063
0.701673 0.301716 10.6043
0.703837 0.304071 10.5942
0.705922 0.306502 10.5759
0.707929 0.309006 10.5496
0.709856 0.311584 10.5153
0.711703 0.314233 10.4731
0.713468 0.316954 10.4231
0.715152 0.319746 10.3653
0.716754 0.322606 10.3
0.718272 0.325534 10.2273
0.719707 0.328529 10.1473
0.721057 0.331589 10.0602
0.722323 0.334715 9.96624
0.723503 0.337903 9.8656
0.724599 0.341154 9.75853
0.725607 0.344465 9.64524
0.72653 0.347836 9.526
0.727366 0.351265 9.40107
0.728114 0.354752 9.27071
0.728776 0.358294 9.13523
0.729349 0.36189 8.99491
0.729835 0.365539 8.85005
0.730233 0.36924 8.70096
0.730542 0.372991 8.54796
0.730763 0.37679 8.39137
0.730896 0.380637 8.23153
0.73094 0.384529 8.06875
0.730896 0.388466 7.90338
0.730763 0.392445 7.73574
0.730542 0.396466 7.56618
0.730233 0.400526 7.39503
0.729835 0.404624 7.22263
0.729349 0.408759 7.0493
0.728776 0.412929 6.87538
0.728115 0.417132 6.70119
0.727366 0.421367 6.52705
0.72653 0.425632 6.35328
0.725608 0.429926 6.18019
0.724599 0.434246 6.00807
0.723504 0.438592 5.83722
0.722323 0.442961 5.66793
0.721058 0.447352 5.50047
0.719707 0.451763 5.3351
0.718273 0.456192 5.17207
0.716754 0.460639 5.01164
0.715153 0.4651 4.85403
0.713469 0.469575 4.69946
0.711704 0.474062 4.54813
0.709857 0.478558 4.40025
0.70793 0.483063 4.25599
0.705923 0.487574 4.11553
0.703838 0.49209 3.97901
0.701674 0.496609 3.84659
0.699433 0.501129 3.71838
0.697116 0.505649 3.59451
0.694723 0.510166 3.47509
0.692255 0.51468 3.36019
0.689714 0.519188 3.24991
0.6871 0.523689 3.14432
0.684415 0.528181 3.04346
0.681659 0.532662 2.94738
0.678833 0.53713 2.85613
0.675939 0.541584 2.76974
0.672977 0.546022 2.68821
0.669949 0.550443 2.61156
0.666856 0.554844 2.53981
0.663699 0.559225 2.47293
0.66048 0.563582 2.41094
0.657198 0.567915 2.35381
0.653857 0.572223 2.30154
0.650457 0.576502 2.25411
0.646999 0.580752 2.21149
0.643484 0.584972 2.17367
0.639915 0.589158 2.14063
0.636292 0.593311 2.11235
0.632617 0.597428 2.08882
0.628891 0.601507 2.07001
0.625116 0.605548 2.05591
0.621293 0.609548 2.04652
0.617423 0.613506 2.04183
0 0 2.04124

