0.614981 0.615958 2.04128
0.614001 0.616933 2.04157
0.613019 0.617904 2.04216
0.612033 0.618873 2.04303
0.611045 0.619839 2.0442
0.610055 0.620802 2.04566
0.609061 0.621762 2.04742
0.608065 0.62272 2.04947
0.607067 0.623674 2.05181
0.606066 0.624625 2.05444
0.605062 0.625574 2.05736
0.604056 0.626519 2.06058
0.603048 0.627462 2.0641
0.602037 0.628401 2.0679
0.601023 0.629337 2.072
0.600007 0.630271 2.07639
0.598989 0.631201 2.08108
0.597969 0.632128 2.08606
0.596946 0.633052 2.09134
0.59592 0.633972 2.09691
0.594893 0.63489 2.10277
0.593863 0.635804 2.10893
0.592831 0.636715 2.11539
0.591797 0.637623 2.12214
0.59076 0.638527 2.12919
0.589722 0.639428 2.13653
0.588681 0.640326 2.14417
0.587638 0.641221 2.15211
0.586593 0.642112 2.16034
0.585546 0.642999 2.16887
0.584497 0.643884 2.1777
0.583446 0.644765 2.18683
0.582393 0.645642 2.19625
0.581338 0.646516 2.20597
0.580281 0.647386 2.216
0.579222 0.648253 2.22632
0.578161 0.649117 2.23694
0.577098 0.649976 2.24786
0.576034 0.650833 2.25908
0.574967 0.651685 2.2706
0.573899 0.652534 2.28242
0.572829 0.65338 2.29454
0.571758 0.654221 2.30696
0.570684 0.655059 2.31969
0.569609 0.655894 2.33271
0.568533 0.656724 2.34604
0.567454 0.657551 2.35967
0.566375 0.658374 2.37361
0.565293 0.659194 2.38784
0.56421 0.660009 2.40238
0.563125 0.660821 2.41722
0.562039 0.661629 2.43237
0.560952 0.662433 2.44782
0.559863 0.663233 2.46357
0.558772 0.664029 2.47963
0.55768 0.664821 2.49599
0.556587 0.66561 2.51266
0.555492 0.666394 2.52963
0.554396 0.667175 2.5469
0.553299 0.667951 2.56448
0.552201 0.668723 2.58236
0.551101 0.669492 2.60055
0.55 0.670256 2.61904
0.548898 0.671017 2.63784
0.547794 0.671773 2.65694
0.54669 0.672525 2.67634
0.545584 0.673273 2.69605
0.544478 0.674017 2.71607
0.54337 0.674757 2.73638
0.542261 0.675492 2.75701
0.541151 0.676223 2.77793
0.540041 0.676951 2.79916
0.538929 0.677674 2.82069
0.537816 0.678392 2.84253
0.536703 0.679107 2.86466
0.535588 0.679817 2.8871
0.534473 0.680523 2.90984
0.533357 0.681224 2.93289
0.53224 0.681921 2.95623
0.531122 0.682614 2.97987
0.530004 0.683303 3.00382
0.528885 0.683987 3.02806
0.527765 0.684667 3.0526
0.526645 0.685342 3.07744
0.525523 0.686013 3.10258
0.524402 0.68668 3.12801
0.523279 0.687342 3.15374
0.522157 0.687999 3.17976
0.521033 0.688652 3.20608
0.519909 0.689301 3.23269
0.518785 0.689945 3.2596
0.51766 0.690584 3.28679
0.516535 0.691219 3.31428
0.515409 0.69185 3.34206
0.514283 0.692476 3.37012
0.513157 0.693097 3.39847
0.51203 0.693713 3.42711
0.510903 0.694325 3.45603
0.509776 0.694933 3.48523
0.508649 0.695535 3.51472
0.507521 0.696133 3.54449
0.506393 0.696727 3.57453
0.505265 0.697315 3.60486
0.504137 0.697899 3.63546
0.503009 0.698479 3.66633
0.501881 0.699053 3.69748
0.500752 0.699623 3.7289
0.499624 0.700188 3.76059
0.498496 0.700748 3.79255
0.497367 0.701303 3.82477
0.496239 0.701854 3.85726
0.495111 0.7024 3.89001
0.493983 0.702941 3.92302
0.492855 0.703477 3.95629
0.491727 0.704008 3.98981
0.4906 0.704534 4.02359
0.489473 0.705056 4.05763
0.488346 0.705572 4.09191
0.487219 0.706084 4.12644
0.486092 0.706591 4.16121
0.484966 0.707093 4.19623
0.483841 0.70759 4.23149
0.482715 0.708081 4.26698
0.48159 0.708568 4.30272
0.480466 0.70905 4.33868
0.479342 0.709527 4.37488
0.478218 0.709999 4.4113
0.477095 0.710466 4.44795
0.475973 0.710928 4.48482
0.474851 0.711385 4.52191
0.473729 0.711837 4.55921
0.472609 0.712284 4.59673
0.471489 0.712726 4.63446
0.470369 0.713162 4.6724
0.469251 0.713594 4.71055
0.468133 0.71402 4.74889
0.467015 0.714442 4.78743
0.465899 0.714858 4.82617
0.464784 0.715269 4.8651
0.463669 0.715675 4.90422
0.462555 0.716076 4.94352
0.461442 0.716472 4.98301
0.46033 0.716862 5.02267
0.459219 0.717248 5.06251
0.458109 0.717628 5.10252
0.457 0.718003 5.1427
0.455892 0.718372 5.18304
0.454785 0.718737 5.22354
0.453679 0.719096 5.2642
0.452574 0.71945 5.30501
0.45147 0.719799 5.34598
0.450368 0.720143 5.38708
0.449266 0.720481 5.42833
0.448166 0.720814 5.46972
0.447067 0.721142 5.51123
0.445969 0.721465 5.55288
0.444873 0.721782 5.59466
0.443778 0.722094 5.63655
0.442684 0.7224 5.67856
0.441592 0.722702 5.72069
0.440501 0.722998 5.76292
0.439411 0.723289 5.80526
0.438323 0.723574 5.8477
0.437237 0.723854 5.89023
0.436152 0.724129 5.93286
0.435068 0.724398 5.97557
0.433986 0.724662 6.01837
0.432906 0.724921 6.06124
0.431827 0.725174 6.10418
0.430749 0.725422 6.1472
0.429674 0.725664 6.19028
0.4286 0.725901 6.23342
0.427528 0.726133 6.27662
0.426457 0.726359 6.31986
0.425389 0.72658 6.36315
0.424322 0.726796 6.40648
0.423257 0.727006 6.44985
0.422193 0.727211 6.49325
0.421132 0.72741 6.53668
0.420072 0.727604 6.58013
0.419015 0.727792 6.62359
0.417959 0.727975 6.66707
0.416905 0.728152 6.71056
0.415853 0.728325 6.75404
0.414804 0.728491 6.79753
0.413756 0.728652 6.84101
0.41271 0.728808 6.88447
0.411667 0.728958 6.92792
0.410625 0.729103 6.97134
0.409586 0.729242 7.01474
0.408549 0.729376 7.0581
0.407514 0.729504 7.10142
0.406481 0.729627 7.14471
0.40545 0.729745 7.18794
0.404422 0.729857 7.23112
0.403396 0.729963 7.27424
0.402372 0.730064 7.3173
0.401351 0.730159 7.36029
0.400332 0.730249 7.4032
0.399315 0.730334 7.44604
0.398301 0.730413 7.48879
0.397289 0.730486 7.53145
0.39628 0.730554 7.57402
0.395273 0.730617 7.61649
0.394268 0.730674 7.65885
0.393267 0.730725 7.7011
0.392267 0.730771 7.74324
0.391271 0.730811 7.78525
0.390276 0.730846 7.82714
0.389285 0.730876 7.8689
0.388296 0.7309 7.91052
0.38731 0.730918 7.952
0.386326 0.730931 7.99333
0.385345 0.730938 8.03451
0.384367 0.73094 8.07553
0.383392 0.730936 8.11639
0.382419 0.730927 8.15709
0.38145 0.730912 8.1976
0.380483 0.730892 8.23794
0.379519 0.730867 8.2781
0.378558 0.730835 8.31807
0.377599 0.730799 8.35785
0.376644 0.730756 8.39742
0.375692 0.730709 8.43679
0.374742 0.730655 8.47596
0.373796 0.730596 8.51491
0.372852 0.730532 8.55364
0.371912 0.730462 8.59214
0.370974 0.730387 8.63042
0.37004 0.730306 8.66846
0.369109 0.73022 8.70626
0.368181 0.730128 8.74382
0.367256 0.730031 8.78113
0.366334 0.729928 8.81818
0.365416 0.72982 8.85498
0.364501 0.729706 8.89151
0.363588 0.729587 8.92777
0.36268 0.729462 8.96376
0.361774 0.729332 8.99947
0.360872 0.729197 9.0349
0.359973 0.729055 9.07003
0.359077 0.728909 9.10488
0.358185 0.728757 9.13943
0.357296 0.728599 9.17367
0.356411 0.728436 9.20761
0.355529 0.728268 9.24124
0.35465 0.728094 9.27455
0.353775 0.727915 9.30755
0.352904 0.72773 9.34021
0.352035 0.72754 9.37255
0.351171 0.727344 9.40455
0.35031 0.727143 9.43622
0.349453 0.726936 9.46754
0.348599 0.726725 9.49852
0.347748 0.726507 9.52915
0.346902 0.726285 9.55942
0.346059 0.726056 9.58933
0.34522 0.725823 9.61888
0.344384 0.725584 9.64806
0.343552 0.72534 9.67686
0.342724 0.72509 9.7053
0.3419 0.724835 9.73335
0.341079 0.724575 9.76102
0.340262 0.724309 9.78831
0.339449 0.724038 9.8152
0.33864 0.723761 9.8417
0.337835 0.723479 9.8678
0.337034 0.723192 9.89349
0.336236 0.7229 9.91878
0.335442 0.722602 9.94367
0.334653 0.722299 9.96814
0.333867 0.72199 9.99219
0.333085 0.721677 10.0158
0.332307 0.721358 10.039
0.331534 0.721033 10.0618
0.330764 0.720704 10.0842
0.329998 0.720369 10.1061
0.329237 0.720029 10.1276
0.328479 0.719684 10.1486
0.327725 0.719333 10.1693
0.326976 0.718977 10.1894
0.326231 0.718616 10.2091
0.32549 0.71825 10.2284
0.324753 0.717878 10.2472
0.32402 0.717502 10.2656
0.323291 0.71712 10.2835
0.322567 0.716733 10.3009
0.321847 0.716341 10.3179
0.321131 0.715943 10.3344
0.32042 0.715541 10.3505
0.319712 0.715133 10.3661
0.319009 0.71472 10.3812
0.318311 0.714302 10.3958
0.317616 0.713879 10.4099
0.316926 0.713451 10.4236
0.316241 0.713018 10.4368
0.315559 0.712579 10.4495
0.314883 0.712136 10.4618
0.31421 0.711687 10.4735
0.313542 0.711234 10.4848
0.312879 0.710775 10.4955
0.31222 0.710311 10.5058
0.311565 0.709843 10.5156
0.310915 0.709369 10.5249
0.310269 0.70889 10.5337
0.309628 0.708407 10.542
0.308992 0.707918 10.5498
0.30836 0.707425 10.5571
0.307733 0.706926 10.5639
0.30711 0.706423 10.5702
0.306492 0.705914 10.576
0.305878 0.705401 10.5813
0.305269 0.704883 10.5861
0.304665 0.70436 10.5904
0.304066 0.703832 10.5942
0.303471 0.703299 10.5975
0.30288 0.702761 10.6003
0.302295 0.702218 10.6026
0.301714 0.701671 10.6043
0.301138 0.701119 10.6056
0.300567 0.700562 10.6063
0.3 0.7 10.6066
0.299438 0.699434 10.6063
0.298881 0.698862 10.6056
0.298329 0.698286 10.6043
0.297782 0.697705 10.6026
0.297239 0.69712 10.6003
0.296702 0.69653 10.5975
0.296169 0.695935 10.5942
0.295641 0.695335 10.5904
0.295118 0.694731 10.5861
0.294599 0.694122 10.5813
0.294086 0.693509 10.576
0.293578 0.69289 10.5702
0.293074 0.692268 10.5639
0.292576 0.69164 10.5571
0.292082 0.691008 10.5498
0.291593 0.690372 10.542
0.29111 0.689731 10.5337
0.290631 0.689085 10.5249
0.290157 0.688435 10.5156
0.289689 0.687781 10.5058
0.289225 0.687122 10.4955
0.288767 0.686458 10.4848
0.288313 0.68579 10.4735
0.287865 0.685118 10.4618
0.287421 0.684441 10.4495
0.286983 0.68376 10.4368
0.286549 0.683074 10.4236
0.286121 0.682384 10.4099
0.285698 0.68169 10.3958
0.28528 0.680991 10.3812
0.284867 0.680288 10.3661
0.28446 0.679581 10.3505
0.284057 0.678869 10.3344
0.28366 0.678153 10.3179
0.283267 0.677433 10.3009
0.28288 0.676709 10.2835
0.282499 0.67598 10.2656
0.282122 0.675248 10.2472
0.28175 0.674511 10.2284
0.281384 0.67377 10.2092
0.281023 0.673024 10.1894
0.280667 0.672275 10.1693
0.280317 0.671521 10.1487
0.279971 0.670764 10.1276
0.279631 0.670002 10.1061
0.279296 0.669236 10.0842
0.278967 0.668467 10.0618
0.278642 0.667693 10.0391
0.278323 0.666915 10.0158
0.27801 0.666133 9.99221
0.277701 0.665348 9.96815
0.277398 0.664558 9.94368
0.2771 0.663764 9.9188
0.276808 0.662967 9.89351
0.276521 0.662165 9.86781
0.276239 0.66136 9.84171
0.275962 0.660551 9.81521
0.275691 0.659738 9.78832
0.275426 0.658921 9.76104
0.275165 0.658101 9.73337
0.27491 0.657276 9.70531
0.27466 0.656448 9.67688
0.274416 0.655616 9.64807
0.274177 0.654781 9.61889
0.273944 0.653942 9.58934
0.273716 0.653099 9.55943
0.273493 0.652252 9.52916
0.273276 0.651402 9.49854
0.273064 0.650548 9.46756
0.272857 0.649691 9.43624
0.272656 0.64883 9.40457
0.27246 0.647965 9.37257
0.27227 0.647097 9.34023
0.272085 0.646225 9.30756
0.271906 0.64535 9.27457
0.271732 0.644472 9.24126
0.271564 0.64359 9.20763
0.271401 0.642704 9.17369
0.271243 0.641815 9.13945
0.271091 0.640923 9.1049
0.270945 0.640028 9.07005
0.270804 0.639129 9.03491
0.270668 0.638226 8.99949
0.270538 0.637321 8.96378
0.270413 0.636412 8.92779
0.270294 0.6355 8.89153
0.27018 0.634585 8.855
0.270072 0.633666 8.8182
0.269969 0.632744 8.78115
0.269872 0.63182 8.74384
0.26978 0.630891 8.70628
0.269694 0.62996 8.66848
0.269613 0.629026 8.63044
0.269538 0.628089 8.59216
0.269468 0.627148 8.55366
0.269404 0.626205 8.51493
0.269345 0.625258 8.47598
0.269291 0.624309 8.43682
0.269244 0.623357 8.39744
0.269201 0.622401 8.35787
0.269165 0.621443 8.31809
0.269133 0.620482 8.27812
0.269108 0.619518 8.23797
0.269088 0.618551 8.19763
0.269073 0.617581 8.15711
0.269064 0.616609 8.11642
0.26906 0.615633 8.07556
0.269062 0.614655 8.03453
0.269069 0.613674 7.99335
0.269082 0.612691 7.95202
0.2691 0.611705 7.91054
0.269124 0.610716 7.86892
0.269154 0.609724 7.82716
0.269189 0.60873 7.78528
0.269229 0.607733 7.74326
0.269275 0.606734 7.70112
0.269326 0.605732 7.65887
0.269383 0.604728 7.61651
0.269446 0.603721 7.57404
0.269514 0.602711 7.53148
0.269587 0.6017 7.48881
0.269666 0.600685 7.44606
0.269751 0.599669 7.40323
0.26984 0.59865 7.36031
0.269936 0.597628 7.31732
0.270037 0.596605 7.27426
0.270143 0.595579 7.23114
0.270255 0.59455 7.18796
0.270373 0.59352 7.14473
0.270495 0.592487 7.10145
0.270624 0.591452 7.05812
0.270758 0.590415 7.01476
0.270897 0.589375 6.97136
0.271042 0.588334 6.92794
0.271192 0.58729 6.88449
0.271348 0.586245 6.84103
0.271509 0.585197 6.79755
0.271675 0.584147 6.75407
0.271847 0.583095 6.71058
0.272025 0.582042 6.6671
0.272208 0.580986 6.62362
0.272396 0.579928 6.58015
0.27259 0.578869 6.5367
0.272789 0.577807 6.49328
0.272994 0.576744 6.44988
0.273204 0.575679 6.40651
0.27342 0.574612 6.36318
0.273641 0.573543 6.31988
0.273867 0.572473 6.27664
0.274099 0.571401 6.23344
0.274336 0.570327 6.1903
0.274578 0.569251 6.14722
0.274826 0.568174 6.10421
0.275079 0.567095 6.06126
0.275338 0.566015 6.01839
0.275602 0.564933 5.97559
0.275871 0.563849 5.93288
0.276146 0.562764 5.89026
0.276426 0.561677 5.84772
0.276711 0.560589 5.80528
0.277002 0.5595 5.76294
0.277298 0.558409 5.72071
0.277599 0.557316 5.67859
0.277906 0.556223 5.63657
0.278218 0.555128 5.59468
0.278535 0.554031 5.55291
0.278858 0.552934 5.51126
0.279186 0.551835 5.46974
0.279519 0.550734 5.42835
0.279857 0.549633 5.3871
0.280201 0.548531 5.346
0.280549 0.547427 5.30504
0.280904 0.546322 5.26422
0.281263 0.545216 5.22357
0.281627 0.544109 5.18306
0.281997 0.543001 5.14272
0.282372 0.541892 5.10254
0.282752 0.540782 5.06253
0.283138 0.539671 5.02269
0.283528 0.538559 4.98303
0.283924 0.537446 4.94354
0.284325 0.536332 4.90424
0.284731 0.535217 4.86512
0.285142 0.534101 4.82619
0.285558 0.532985 4.78745
0.285979 0.531868 4.74891
0.286406 0.53075 4.71057
0.286837 0.529631 4.67242
0.287274 0.528512 4.63448
0.287716 0.527392 4.59675
0.288163 0.526271 4.55923
0.288615 0.52515 4.52193
0.289071 0.524028 4.48484
0.289533 0.522906 4.44797
0.29 0.521783 4.41132
0.290472 0.520659 4.3749
0.290949 0.519535 4.3387
0.291431 0.51841 4.30274
0.291918 0.517285 4.267
0.29241 0.51616 4.23151
0.292907 0.515034 4.19625
0.293409 0.513908 4.16123
0.293916 0.512782 4.12646
0.294427 0.511655 4.09193
0.294944 0.510528 4.05765
0.295465 0.509401 4.02361
0.295992 0.508273 3.98983
0.296523 0.507145 3.95631
0.297059 0.506018 3.92304
0.2976 0.50489 3.89003
0.298146 0.503761 3.85728
0.298696 0.502633 3.82479
0.299252 0.501505 3.79257
0.299812 0.500377 3.76061
0.300377 0.499248 3.72892
0.300947 0.49812 3.6975
0.301521 0.496992 3.66635
0.3021 0.495864 3.63547
0.302684 0.494735 3.60487
0.303273 0.493607 3.57455
0.303866 0.49248 3.5445
0.304464 0.491352 3.51473
0.305067 0.490225 3.48525
0.305674 0.489097 3.45604
0.306286 0.48797 3.42712
0.306903 0.486844 3.39848
0.307524 0.485717 3.37013
0.30815 0.484591 3.34207
0.30878 0.483466 3.31429
0.309415 0.482341 3.28681
0.310055 0.481216 3.25961
0.310699 0.480091 3.23271
0.311347 0.478967 3.2061
0.312001 0.477844 3.17978
0.312658 0.476721 3.15375
0.31332 0.475599 3.12802
0.313987 0.474477 3.10259
0.314657 0.473356 3.07745
0.315333 0.472236 3.05261
0.316013 0.471116 3.02807
0.316697 0.469997 3.00383
0.317385 0.468878 2.97989
0.318078 0.467761 2.95624
0.318775 0.466644 2.9329
0.319477 0.465528 2.90986
0.320183 0.464412 2.88712
0.320893 0.463298 2.86468
0.321607 0.462184 2.84254
0.322326 0.461072 2.8207
0.323049 0.45996 2.79917
0.323776 0.458849 2.77794
0.324507 0.457739 2.75702
0.325243 0.456631 2.7364
0.325983 0.455523 2.71608
0.326727 0.454416 2.69606
0.327475 0.453311 2.67635
0.328227 0.452206 2.65695
0.328983 0.451103 2.63785
0.329743 0.450001 2.61905
0.330508 0.4489 2.60056
0.331276 0.4478 2.58237
0.332049 0.446701 2.56449
0.332825 0.445604 2.54691
0.333605 0.444508 2.52964
0.33439 0.443414 2.51267
0.335178 0.44232 2.496
0.335971 0.441229 2.47964
0.336767 0.440138 2.46358
0.337567 0.439049 2.44783
0.338371 0.437961 2.43238
0.339179 0.436875 2.41723
0.33999 0.435791 2.40239
0.340806 0.434708 2.38785
0.341625 0.433626 2.37362
0.342448 0.432546 2.35968
0.343275 0.431468 2.34605
0.344106 0.430391 2.33272
0.34494 0.429316 2.3197
0.345778 0.428243 2.30697
0.34662 0.427171 2.29455
0.347465 0.426101 2.28242
0.348314 0.425033 2.2706
0.349167 0.423967 2.25908
0.350023 0.422902 2.24786
0.350883 0.42184 2.23694
0.351746 0.420779 2.22632
0.352613 0.41972 2.216
0.353484 0.418663 2.20598
0.354358 0.417608 2.19626
0.355235 0.416555 2.18683
0.356116 0.415504 2.17771
0.357 0.414455 2.16888
0.357888 0.413407 2.16035
0.358779 0.412363 2.15211
0.359673 0.41132 2.14418
0.360571 0.410279 2.13654
0.361472 0.40924 2.12919
0.362377 0.408204 2.12215
0.363284 0.40717 2.11539
0.364195 0.406137 2.10894
0.36511 0.405108 2.10278
0.366027 0.40408 2.09691
0.366948 0.403055 2.09134
0.367872 0.402032 2.08607
0.368799 0.401011 2.08108
0.369729 0.399993 2.0764
0.370662 0.398977 2.072
0.371598 0.397964 2.0679
0.372538 0.396953 2.0641
0.37348 0.395944 2.06059
0.374426 0.394938 2.05737
0.375374 0.393935 2.05444
0.376325 0.392934 2.05181
0.37728 0.391935 2.04947
0.378237 0.390939 2.04742
0.379197 0.389946 2.04566
0.38016 0.388955 2.0442
0.381126 0.387967 2.04303
0.382095 0.386982 2.04216
0.383067 0.385999 2.04157
0.384041 0.385019 2.04128
0.385018 0.384042 2.04128
0.385998 0.383068 2.04157
0.386981 0.382096 2.04215
0.387966 0.381127 2.04303
0.388954 0.380161 2.0442
0.389945 0.379198 2.04566
0.390938 0.378238 2.04742
0.391934 0.377281 2.04946
0.392932 0.376326 2.0518
0.393934 0.375375 2.05444
0.394937 0.374427 2.05736
0.395943 0.373481 2.06058
0.396952 0.372539 2.06409
0.397963 0.371599 2.0679
0.398976 0.370663 2.072
0.399992 0.36973 2.07639
0.40101 0.3688 2.08108
0.402031 0.367873 2.08606
0.403054 0.366949 2.09134
0.404079 0.366028 2.09691
0.405107 0.365111 2.10277
0.406136 0.364196 2.10893
0.407168 0.363285 2.11539
0.408203 0.362378 2.12214
0.409239 0.361473 2.12918
0.410278 0.360572 2.13653
0.411318 0.359674 2.14417
0.412361 0.35878 2.1521
0.413406 0.357889 2.16034
0.414453 0.357001 2.16887
0.415502 0.356117 2.1777
0.416554 0.355236 2.18682
0.417607 0.354358 2.19625
0.418662 0.353485 2.20597
0.419719 0.352614 2.21599
0.420778 0.351747 2.22631
0.421838 0.350884 2.23693
0.422901 0.350024 2.24785
0.423966 0.349168 2.25907
0.425032 0.348315 2.27059
0.4261 0.347466 2.28241
0.42717 0.346621 2.29453
0.428242 0.345779 2.30696
0.429315 0.344941 2.31968
0.43039 0.344107 2.33271
0.431467 0.343276 2.34604
0.432545 0.342449 2.35967
0.433625 0.341626 2.3736
0.434706 0.340807 2.38784
0.435789 0.339991 2.40237
0.436874 0.33918 2.41722
0.43796 0.338372 2.43236
0.439048 0.337568 2.44781
0.440137 0.336768 2.46356
0.441227 0.335971 2.47962
0.442319 0.335179 2.49598
0.443412 0.334391 2.51265
0.444507 0.333606 2.52962
0.445603 0.332826 2.54689
0.4467 0.332049 2.56447
0.447799 0.331277 2.58235
0.448898 0.330509 2.60054
0.449999 0.329744 2.61903
0.451102 0.328984 2.63783
0.452205 0.328228 2.65693
0.453309 0.327475 2.67633
0.454415 0.326727 2.69604
0.455522 0.325984 2.71606
0.456629 0.325244 2.73637
0.457738 0.324508 2.75699
0.458848 0.323777 2.77792
0.459959 0.32305 2.79915
0.46107 0.322327 2.82068
0.462183 0.321608 2.84251
0.463297 0.320894 2.86465
0.464411 0.320184 2.88709
0.465526 0.319478 2.90983
0.466642 0.318776 2.93287
0.467759 0.318079 2.95622
0.468877 0.317386 2.97986
0.469995 0.316697 3.0038
0.471115 0.316013 3.02805
0.472234 0.315334 3.05259
0.473355 0.314658 3.07743
0.474476 0.313987 3.10256
0.475598 0.313321 3.128
0.47672 0.312659 3.15373
0.477843 0.312001 3.17975
0.478966 0.311348 3.20607
0.48009 0.3107 3.23268
0.481214 0.310056 3.25958
0.482339 0.309416 3.28678
0.483465 0.308781 3.31426
0.48459 0.308151 3.34204
0.485716 0.307525 3.3701
0.486843 0.306904 3.39845
0.487969 0.306287 3.42709
0.489096 0.305675 3.45601
0.490223 0.305068 3.48522
0.491351 0.304465 3.5147
0.492478 0.303867 3.54447
0.493606 0.303274 3.57452
0.494734 0.302685 3.60484
0.495862 0.302101 3.63544
0.49699 0.301522 3.66632
0.498119 0.300947 3.69746
0.499247 0.300378 3.72888
0.500375 0.299813 3.76057
0.501504 0.299252 3.79253
0.502632 0.298697 3.82475
0.50376 0.298146 3.85724
0.504888 0.297601 3.88999
0.506016 0.29706 3.923
0.507144 0.296524 3.95627
0.508272 0.295992 3.9898
0.509399 0.295466 4.02358
0.510527 0.294944 4.05761
0.511654 0.294428 4.09189
0.512781 0.293916 4.12642
0.513907 0.293409 4.16119
0.515033 0.292908 4.19621
0.516159 0.292411 4.23147
0.517284 0.291919 4.26697
0.518409 0.291432 4.3027
0.519534 0.29095 4.33866
0.520658 0.290473 4.37486
0.521781 0.290001 4.41128
0.522904 0.289534 4.44793
0.524027 0.289072 4.4848
0.525149 0.288615 4.52189
0.52627 0.288163 4.55919
0.527391 0.287716 4.59671
0.528511 0.287275 4.63444
0.52963 0.286838 4.67238
0.530749 0.286406 4.71052
0.531867 0.28598 4.74887
0.532984 0.285558 4.78741
0.5341 0.285142 4.82615
0.535216 0.284731 4.86508
0.536331 0.284325 4.9042
0.537444 0.283924 4.9435
0.538557 0.283529 4.98299
0.539669 0.283138 5.02265
0.54078 0.282753 5.06249
0.541891 0.282373 5.1025
0.543 0.281998 5.14268
0.544108 0.281628 5.18302
0.545215 0.281263 5.22352
0.546321 0.280904 5.26418
0.547426 0.28055 5.30499
0.548529 0.280201 5.34595
0.549632 0.279857 5.38706
0.550733 0.279519 5.42831
0.551833 0.279186 5.46969
0.552932 0.278858 5.51121
0.55403 0.278536 5.55286
0.555126 0.278218 5.59463
0.556221 0.277906 5.63653
0.557315 0.2776 5.67854
0.558407 0.277298 5.72067
0.559498 0.277002 5.7629
0.560588 0.276712 5.80524
0.561676 0.276426 5.84768
0.562763 0.276146 5.89021
0.563848 0.275872 5.93283
0.564931 0.275602 5.97555
0.566013 0.275338 6.01834
0.567094 0.27508 6.06121
0.568173 0.274826 6.10416
0.56925 0.274578 6.14718
0.570326 0.274336 6.19026
0.571399 0.274099 6.2334
0.572472 0.273867 6.27659
0.573542 0.273641 6.31984
0.574611 0.27342 6.36313
0.575678 0.273204 6.40646
0.576743 0.272994 6.44983
0.577806 0.27279 6.49323
0.578868 0.27259 6.53666
0.579927 0.272397 6.58011
0.580985 0.272208 6.62357
0.582041 0.272025 6.66705
0.583094 0.271848 6.71053
0.584146 0.271676 6.75402
0.585196 0.271509 6.79751
0.586244 0.271348 6.84098
0.587289 0.271192 6.88445
0.588333 0.271042 6.92789
0.589374 0.270897 6.97132
0.590414 0.270758 7.01471
0.591451 0.270624 7.05808
0.592486 0.270496 7.1014
0.593519 0.270373 7.14468
0.594549 0.270255 7.18792
0.595577 0.270143 7.2311
0.596603 0.270037 7.27422
0.597627 0.269936 7.31728
0.598649 0.269841 7.36027
0.599668 0.269751 7.40318
0.600684 0.269666 7.44602
0.601699 0.269587 7.48877
0.60271 0.269514 7.53143
0.60372 0.269446 7.574
0.604727 0.269383 7.61647
0.605731 0.269326 7.65883
0.606733 0.269275 7.70108
0.607732 0.269229 7.74322
0.608729 0.269189 7.78523
0.609723 0.269154 7.82712
0.610715 0.269124 7.86888
0.611704 0.2691 7.9105
0.61269 0.269082 7.95198
0.613673 0.269069 7.99331
0.614654 0.269062 8.03449
0.615632 0.26906 8.07551
0.616607 0.269064 8.11637
0.61758 0.269073 8.15706
0.61855 0.269088 8.19758
0.619517 0.269108 8.23792
0.620481 0.269133 8.27808
0.621442 0.269165 8.31805
0.6224 0.269201 8.35782
0.623356 0.269244 8.3974
0.624308 0.269291 8.43677
0.625257 0.269345 8.47594
0.626204 0.269403 8.51488
0.627147 0.269468 8.55361
0.628088 0.269538 8.59212
0.629025 0.269613 8.6304
0.629959 0.269694 8.66844
0.63089 0.26978 8.70624
0.631819 0.269872 8.7438
0.632743 0.269969 8.78111
0.633665 0.270072 8.81816
0.634584 0.27018 8.85496
0.635499 0.270294 8.89149
0.636411 0.270413 8.92775
0.63732 0.270538 8.96374
0.638225 0.270668 8.99945
0.639128 0.270803 9.03488
0.640027 0.270945 9.07001
0.640922 0.271091 9.10486
0.641814 0.271243 9.13941
0.642703 0.271401 9.17366
0.643589 0.271564 9.2076
0.644471 0.271732 9.24122
0.645349 0.271906 9.27454
0.646224 0.272085 9.30753
0.647096 0.27227 9.3402
0.647964 0.27246 9.37253
0.648829 0.272656 9.40454
0.64969 0.272857 9.4362
0.650547 0.273063 9.46753
0.651401 0.273275 9.4985
0.652251 0.273493 9.52913
0.653098 0.273715 9.5594
0.653941 0.273943 9.58931
0.65478 0.274177 9.61886
0.655615 0.274416 9.64804
0.656447 0.27466 9.67685
0.657275 0.27491 9.70528
0.6581 0.275165 9.73334
0.65892 0.275425 9.76101
0.659737 0.275691 9.78829
0.66055 0.275962 9.81518
0.661359 0.276239 9.84168
0.662165 0.27652 9.86778
0.662966 0.276808 9.89348
0.663763 0.2771 9.91877
0.664557 0.277398 9.94365
0.665347 0.277701 9.96812
0.666133 0.278009 9.99218
0.666914 0.278323 10.0158
0.667692 0.278642 10.039
0.668466 0.278966 10.0618
0.669236 0.279296 10.0842
0.670001 0.279631 10.1061
0.670763 0.279971 10.1276
0.671521 0.280316 10.1486
0.672274 0.280667 10.1692
0.673024 0.281023 10.1894
0.673769 0.281384 10.2091
0.67451 0.28175 10.2284
0.675247 0.282121 10.2472
0.67598 0.282498 10.2656
0.676708 0.28288 10.2835
0.677433 0.283267 10.3009
0.678153 0.283659 10.3179
0.678868 0.284057 10.3344
0.67958 0.284459 10.3505
0.680287 0.284867 10.366
0.68099 0.28528 10.3811
0.681689 0.285698 10.3958
0.682383 0.286121 10.4099
0.683073 0.286549 10.4236
0.683759 0.286982 10.4368
0.68444 0.287421 10.4495
0.685117 0.287864 10.4618
0.685789 0.288313 10.4735
0.686457 0.288766 10.4848
0.687121 0.289225 10.4955
0.68778 0.289688 10.5058
0.688435 0.290157 10.5156
0.689085 0.290631 10.5249
0.68973 0.291109 10.5337
0.690371 0.291593 10.542
0.691008 0.292082 10.5498
0.69164 0.292575 10.5571
0.692267 0.293074 10.5639
0.69289 0.293577 10.5702
0.693508 0.294086 10.576
0.694121 0.294599 10.5813
0.69473 0.295117 10.5861
0.695335 0.29564 10.5904
0.695934 0.296168 10.5942
0.696529 0.296701 10.5975
0.697119 0.297239 10.6003
0.697705 0.297781 10.6025
0.698286 0.298329 10.6043
0.698862 0.298881 10.6056
0.699433 0.299438 10.6063
0.7 0.3 10.6066
0.700561 0.300566 10.6063
0.701118 0.301137 10.6056
0.701671 0.301713 10.6043
0.702218 0.302294 10.6026
0.70276 0.30288 10.6003
0.703298 0.30347 10.5975
0.703831 0.304065 10.5942
0.704359 0.304664 10.5904
0.704882 0.305269 10.5861
0.7054 0.305878 10.5813
0.705914 0.306491 10.576
0.706422 0.307109 10.5702
0.706926 0.307732 10.5639
0.707424 0.308359 10.5571
0.707918 0.308991 10.5498
0.708406 0.309628 10.542
0.70889 0.310269 10.5337
0.709369 0.310914 10.5249
0.709842 0.311564 10.5156
0.710311 0.312219 10.5058
0.710775 0.312878 10.4955
0.711233 0.313542 10.4848
0.711687 0.314209 10.4735
0.712135 0.314882 10.4618
0.712579 0.315559 10.4495
0.713017 0.31624 10.4368
0.71345 0.316926 10.4236
0.713879 0.317615 10.41
0.714302 0.31831 10.3958
0.71472 0.319008 10.3812
0.715132 0.319711 10.3661
0.71554 0.320419 10.3505
0.715943 0.32113 10.3344
0.71634 0.321846 10.3179
0.716732 0.322566 10.301
0.717119 0.323291 10.2835
0.717501 0.324019 10.2656
0.717878 0.324752 10.2472
0.718249 0.325489 10.2284
0.718616 0.32623 10.2092
0.718977 0.326975 10.1894
0.719333 0.327725 10.1693
0.719683 0.328478 10.1487
0.720029 0.329236 10.1276
0.720369 0.329997 10.1061
0.720704 0.330763 10.0842
0.721033 0.331533 10.0618
0.721357 0.332307 10.0391
0.721676 0.333084 10.0159
0.72199 0.333866 9.99222
0.722299 0.334652 9.96816
0.722602 0.335442 9.94369
0.7229 0.336235 9.91881
0.723192 0.337033 9.89352
0.723479 0.337834 9.86782
0.723761 0.338639 9.84172
0.724037 0.339449 9.81523
0.724309 0.340262 9.78834
0.724574 0.341078 9.76105
0.724835 0.341899 9.73338
0.72509 0.342723 9.70533
0.725339 0.343551 9.6769
0.725584 0.344383 9.64809
0.725823 0.345219 9.61891
0.726056 0.346058 9.58936
0.726284 0.346901 9.55945
0.726507 0.347748 9.52918
0.726724 0.348598 9.49855
0.726936 0.349452 9.46758
0.727143 0.350309 9.43625
0.727344 0.35117 9.40459
0.727539 0.352035 9.37259
0.72773 0.352903 9.34025
0.727914 0.353774 9.30758
0.728094 0.354649 9.27459
0.728268 0.355528 9.24128
0.728436 0.35641 9.20765
0.728599 0.357295 9.17371
0.728757 0.358184 9.13947
0.728909 0.359076 9.10492
0.729055 0.359972 9.07007
0.729196 0.360871 9.03493
0.729332 0.361773 8.99951
0.729462 0.362679 8.9638
0.729587 0.363587 8.92781
0.729706 0.3645 8.89155
0.72982 0.365415 8.85502
0.729928 0.366333 8.81822
0.730031 0.367255 8.78117
0.730128 0.36818 8.74386
0.73022 0.369108 8.7063
0.730306 0.370039 8.6685
0.730387 0.370973 8.63046
0.730462 0.371911 8.59218
0.730532 0.372851 8.55368
0.730596 0.373795 8.51495
0.730655 0.374741 8.476
0.730708 0.375691 8.43684
0.730756 0.376643 8.39746
0.730799 0.377598 8.35789
0.730835 0.378557 8.31811
0.730867 0.379518 8.27815
0.730892 0.380482 8.23799
0.730912 0.381449 8.19765
0.730927 0.382418 8.15713
0.730936 0.383391 8.11644
0.73094 0.384366 8.07558
0.730938 0.385344 8.03456
0.730931 0.386325 7.99338
0.730918 0.387309 7.95204
0.7309 0.388295 7.91057
0.730876 0.389284 7.86894
0.730846 0.390275 7.82719
0.730811 0.391269 7.7853
0.730771 0.392266 7.74328
0.730725 0.393266 7.70115
0.730674 0.394267 7.6589
0.730617 0.395272 7.61653
0.730554 0.396279 7.57407
0.730486 0.397288 7.5315
0.730413 0.3983 7.48884
0.730334 0.399314 7.44609
0.73025 0.400331 7.40325
0.73016 0.40135 7.36034
0.730064 0.402371 7.31735
0.729963 0.403395 7.27429
0.729857 0.404421 7.23117
0.729745 0.405449 7.18799
0.729627 0.40648 7.14475
0.729505 0.407513 7.10147
0.729376 0.408548 7.05815
0.729242 0.409585 7.01478
0.729103 0.410624 6.97139
0.728958 0.411666 6.92796
0.728808 0.412709 6.88452
0.728652 0.413755 6.84105
0.728491 0.414802 6.79758
0.728325 0.415852 6.75409
0.728153 0.416904 6.7106
0.727975 0.417958 6.66712
0.727792 0.419013 6.62364
0.727604 0.420071 6.58018
0.72741 0.421131 6.53673
0.727211 0.422192 6.4933
0.727006 0.423255 6.4499
0.726796 0.424321 6.40653
0.72658 0.425387 6.3632
0.72636 0.426456 6.31991
0.726133 0.427527 6.27666
0.725902 0.428599 6.23347
0.725664 0.429673 6.19033
0.725422 0.430748 6.14725
0.725174 0.431826 6.10423
0.724921 0.432904 6.06128
0.724662 0.433985 6.01841
0.724398 0.435067 5.97562
0.724129 0.43615 5.9329
0.723854 0.437236 5.89028
0.723574 0.438322 5.84774
0.723289 0.43941 5.80531
0.722998 0.4405 5.76297
0.722702 0.441591 5.72073
0.722401 0.442683 5.67861
0.722094 0.443777 5.6366
0.721782 0.444872 5.5947
0.721465 0.445968 5.55293
0.721142 0.447066 5.51128
0.720815 0.448165 5.46976
0.720482 0.449265 5.42838
0.720143 0.450366 5.38713
0.7198 0.451469 5.34602
0.719451 0.452573 5.30506
0.719097 0.453677 5.26425
0.718737 0.454783 5.22359
0.718373 0.45589 5.18308
0.718003 0.456998 5.14274
0.717628 0.458108 5.10256
0.717248 0.459218 5.06255
0.716863 0.460329 5.02272
0.716472 0.461441 4.98305
0.716076 0.462554 4.94357
0.715676 0.463668 4.90426
0.71527 0.464782 4.86514
0.714858 0.465898 4.82621
0.714442 0.467014 4.78747
0.714021 0.468131 4.74893
0.713594 0.469249 4.71059
0.713163 0.470368 4.67244
0.712726 0.471487 4.63451
0.712284 0.472607 4.59677
0.711838 0.473728 4.55925
0.711386 0.474849 4.52195
0.710929 0.475971 4.48486
0.710467 0.477094 4.44799
0.71 0.478217 4.41134
0.709528 0.47934 4.37492
0.709051 0.480464 4.33872
0.708569 0.481589 4.30276
0.708082 0.482714 4.26702
0.70759 0.483839 4.23153
0.707093 0.484965 4.19627
0.706591 0.486091 4.16125
0.706085 0.487218 4.12648
0.705573 0.488344 4.09195
0.705056 0.489471 4.05766
0.704535 0.490599 4.02363
0.704009 0.491726 3.98985
0.703477 0.492854 3.95633
0.702941 0.493982 3.92306
0.7024 0.49511 3.89005
0.701855 0.496238 3.85729
0.701304 0.497366 3.82481
0.700749 0.498494 3.79258
0.700188 0.499623 3.76062
0.699623 0.500751 3.72893
0.699054 0.501879 3.69751
0.698479 0.503008 3.66637
0.6979 0.504136 3.63549
0.697316 0.505264 3.60489
0.696727 0.506392 3.57456
0.696134 0.50752 3.54452
0.695536 0.508647 3.51475
0.694933 0.509775 3.48526
0.694326 0.510902 3.45606
0.693714 0.512029 3.42714
0.693097 0.513156 3.3985
0.692476 0.514282 3.37015
0.69185 0.515408 3.34209
0.69122 0.516534 3.31431
0.690585 0.517659 3.28682
0.689946 0.518784 3.25963
0.689301 0.519908 3.23272
0.688653 0.521032 3.20611
0.688 0.522155 3.17979
0.687342 0.523278 3.15377
0.68668 0.5244 3.12804
0.686014 0.525522 3.1026
0.685343 0.526643 3.07747
0.684668 0.527764 3.05263
0.683988 0.528884 3.02809
0.683304 0.530003 3.00384
0.682615 0.531121 2.9799
0.681922 0.532239 2.95626
0.681225 0.533356 2.93291
0.680523 0.534472 2.90987
0.679818 0.535587 2.88713
0.679107 0.536702 2.86469
0.678393 0.537815 2.84255
0.677674 0.538928 2.82072
0.676951 0.540039 2.79918
0.676224 0.54115 2.77795
0.675493 0.54226 2.75703
0.674757 0.543369 2.73641
0.674018 0.544477 2.71609
0.673274 0.545583 2.69607
0.672526 0.546689 2.67636
0.671774 0.547793 2.65696
0.671017 0.548897 2.63786
0.670257 0.549999 2.61906
0.669493 0.5511 2.60057
0.668724 0.552199 2.58238
0.667952 0.553298 2.5645
0.667175 0.554395 2.54692
0.666395 0.555491 2.52964
0.665611 0.556586 2.51267
0.664822 0.557679 2.49601
0.66403 0.558771 2.47965
0.663234 0.559861 2.46359
0.662434 0.56095 2.44784
0.66163 0.562038 2.43239
0.660822 0.563124 2.41724
0.66001 0.564209 2.4024
0.659194 0.565292 2.38786
0.658375 0.566373 2.37362
0.657552 0.567453 2.35969
0.656725 0.568532 2.34606
0.655895 0.569608 2.33273
0.65506 0.570683 2.3197
0.654222 0.571757 2.30698
0.653381 0.572828 2.29455
0.652535 0.573898 2.28243
0.651686 0.574966 2.27061
0.650834 0.576033 2.25909
0.649977 0.577097 2.24787
0.649118 0.57816 2.23695
0.648254 0.579221 2.22633
0.647387 0.58028 2.21601
0.646517 0.581337 2.20598
0.645643 0.582392 2.19626
0.644766 0.583445 2.18684
0.643885 0.584496 2.17771
0.643 0.585545 2.16888
0.642113 0.586592 2.16035
0.641222 0.587637 2.15212
0.640327 0.58868 2.14418
0.639429 0.589721 2.13654
0.638528 0.590759 2.1292
0.637624 0.591796 2.12215
0.636716 0.59283 2.1154
0.635805 0.593862 2.10894
0.634891 0.594892 2.10278
0.633973 0.595919 2.09692
0.633053 0.596945 2.09134
0.632129 0.597968 2.08607
0.631202 0.598988 2.08109
0.630272 0.600006 2.0764
0.629338 0.601022 2.07201
0.628402 0.602036 2.06791
0.627463 0.603047 2.0641
0.62652 0.604055 2.06059
0.625575 0.605061 2.05737
0.624626 0.606065 2.05444
0.623675 0.607066 2.05181
0.622721 0.608064 2.04947
0.621763 0.60906 2.04742
0.620803 0.610054 2.04567
0.61984 0.611044 2.0442
0.618874 0.612032 2.04303
0.617905 0.613018 2.04216
0.616934 0.614 2.04157
0.615959 0.61498 2.04128
0 0 2.04124

