0.524094 0.761719 
0.524414 0.762260 

0.525379 0.763672 
0.524414 0.762115 

0.525462 0.763672 
0.526818 0.765625 

0.521618 0.757812 
0.522765 0.759766 

0.522844 0.759766 
0.524069 0.761719 

0.645085 0.613281 
0.647461 0.614197 

0.649761 0.615234 
0.647461 0.614280 

0.649759 0.615234 
0.650391 0.615510 

0.702241 0.734375 
0.701634 0.736328 

0.701637 0.736328 
0.700988 0.738281 

0.693586 0.656250 
0.694336 0.657793 

0.694625 0.658203 
0.694336 0.657559 

0.695591 0.660156 
0.694627 0.658203 

0.557803 0.792969 
0.559570 0.793863 

0.561743 0.794922 
0.559570 0.793927 

0.561745 0.794922 
0.562500 0.795272 

0.692342 0.654297 
0.691406 0.652573 

0.693530 0.656250 
0.692396 0.654297 

0.700961 0.738281 
0.700320 0.740234 

0.699572 0.742188 
0.700195 0.740386 

0.700306 0.740234 
0.700195 0.740614 

0.551165 0.789062 
0.550781 0.788809 

0.533234 0.773438 
0.533203 0.773402 

0.528264 0.767578 
0.527344 0.766224 

0.528340 0.767578 
0.529816 0.769531 

0.650391 0.615576 
0.653320 0.616900 

0.653767 0.617188 
0.653320 0.616967 

0.662314 0.789062 
0.662109 0.789190 

0.508016 0.689453 
0.508363 0.687500 

0.507709 0.691406 
0.508016 0.689453 

0.537710 0.632812 
0.539062 0.631445 

0.529833 0.769531 
0.530273 0.770114 

0.531421 0.771484 
0.530273 0.769977 

0.531504 0.771484 
0.533123 0.773438 

0.568052 0.613281 
0.568359 0.613162 

0.698343 0.666016 
0.697536 0.664062 

0.699186 0.667969 
0.698362 0.666016 

0.506764 0.701172 
0.506836 0.699489 

0.506867 0.699219 
0.506836 0.699968 

0.506690 0.703125 
0.506757 0.701172 

0.533250 0.773438 
0.534962 0.775391 

0.535014 0.775391 
0.536133 0.776617 

0.536937 0.777344 
0.536133 0.776480 

0.696602 0.662109 
0.695626 0.660156 

0.696652 0.662109 
0.697266 0.663614 

0.551153 0.789062 
0.553711 0.790653 

0.554277 0.791016 
0.553711 0.790679 

0.554285 0.791016 
0.556641 0.792330 

0.509933 0.730469 
0.509766 0.729592 

0.697526 0.664062 
0.697266 0.663361 

0.577148 0.610058 
0.574219 0.610967 

0.579554 0.609375 
0.577148 0.610008 

0.509002 0.726562 
0.509448 0.728516 

0.509477 0.728516 
0.509766 0.729947 

0.702591 0.677734 
0.701989 0.675781 

0.703122 0.679688 
0.702624 0.677734 

0.699958 0.669922 
0.699216 0.667969 

0.699977 0.669922 
0.700195 0.670680 

0.700645 0.671875 
0.700195 0.670397 

0.557770 0.792969 
0.556641 0.792374 

0.536958 0.777344 
0.538862 0.779297 

0.538901 0.779297 
0.539062 0.779450 

0.545739 0.785156 
0.544922 0.784502 

0.673535 0.630859 
0.671528 0.628906 

0.673544 0.630859 
0.673828 0.631137 

0.507131 0.714844 
0.507340 0.716797 

0.507340 0.716797 
0.507591 0.718750 

0.667814 0.785156 
0.665291 0.787109 

0.662333 0.789062 
0.665039 0.787266 

0.665257 0.787109 
0.665039 0.787264 

0.675563 0.632812 
0.673828 0.631023 

0.517297 0.750000 
0.518257 0.751953 

0.518284 0.751953 
0.518555 0.752573 

0.519266 0.753906 
0.518555 0.752393 

0.507440 0.693359 
0.507709 0.691406 

0.507210 0.695312 
0.507440 0.693359 

0.685858 0.644531 
0.685547 0.644079 

0.653766 0.617188 
0.656250 0.618389 

0.507017 0.697266 
0.507210 0.695312 

0.506868 0.699219 
0.507012 0.697266 

0.533146 0.773438 
0.533203 0.773502 

0.701341 0.673828 
0.700676 0.671875 

0.701990 0.675781 
0.701349 0.673828 

0.645095 0.613281 
0.644531 0.613062 

0.528962 0.642578 
0.530273 0.640814 

0.530536 0.640625 
0.530273 0.640975 

0.527464 0.644531 
0.528881 0.642578 

0.573222 0.611328 
0.574219 0.611017 

0.571289 0.612040 
0.568359 0.613098 

0.573310 0.611328 
0.571289 0.611973 

0.609375 0.605506 
0.612305 0.605642 

0.612305 0.605644 
0.615234 0.605881 

0.621094 0.804340 
0.624023 0.803856 

0.624023 0.803855 
0.626953 0.803285 

0.703629 0.681641 
0.703173 0.679688 

0.704126 0.683594 
0.703659 0.681641 

0.667797 0.785156 
0.667969 0.785017 

0.702831 0.732422 
0.703125 0.731083 

0.702805 0.732422 
0.702247 0.734375 

0.559337 0.617188 
0.559570 0.617069 

0.562500 0.615667 
0.559570 0.617009 

0.594727 0.804665 
0.591797 0.804290 

0.594827 0.804688 
0.594727 0.804680 

0.545720 0.785156 
0.547852 0.786791 

0.548338 0.787109 
0.547852 0.786756 

0.548323 0.787109 
0.550781 0.788813 

0.541003 0.781250 
0.539062 0.779363 

0.541025 0.781250 
0.541992 0.782119 

0.543297 0.783203 
0.541992 0.782042 

0.543300 0.783203 
0.544922 0.784558 

0.706529 0.701172 
0.706417 0.699219 

0.706599 0.703125 
0.706529 0.701172 

0.506824 0.710938 
0.506836 0.711215 

0.506955 0.712891 
0.506836 0.710961 

0.506961 0.712891 
0.507132 0.714844 

0.506661 0.705078 
0.506689 0.703125 

0.506661 0.705078 
0.506675 0.707031 

0.703158 0.679688 
0.703125 0.679522 

0.526840 0.765625 
0.527344 0.766383 

0.661038 0.621094 
0.662109 0.621742 

0.706627 0.705078 
0.706599 0.703125 

0.706626 0.705078 
0.706611 0.707031 

0.510138 0.679688 
0.509766 0.681376 

0.521622 0.757812 
0.521484 0.757535 

0.539782 0.630859 
0.541852 0.628906 

0.539773 0.630859 
0.539062 0.631553 

0.687239 0.646484 
0.685870 0.644531 

0.687325 0.646484 
0.688477 0.648275 

0.688671 0.648438 
0.688477 0.648118 

0.705951 0.716797 
0.706055 0.715580 

0.706145 0.714844 
0.706055 0.715998 

0.705943 0.716797 
0.705698 0.718750 

0.684297 0.642578 
0.682807 0.640625 

0.684382 0.642578 
0.685547 0.644232 

0.705267 0.689453 
0.704925 0.687500 

0.705572 0.691406 
0.705267 0.689453 

0.588867 0.803774 
0.585938 0.803194 

0.591797 0.804272 
0.588867 0.803775 

0.676340 0.777344 
0.674454 0.779297 

0.674431 0.779297 
0.673828 0.779886 

0.706611 0.707031 
0.706553 0.708984 

0.706551 0.708984 
0.706455 0.710938 

0.705839 0.693359 
0.705572 0.691406 

0.705850 0.693359 
0.706055 0.695310 

0.706075 0.695312 
0.706055 0.695048 

0.544226 0.626953 
0.544922 0.626391 

0.541904 0.628906 
0.541992 0.628830 

0.544198 0.626953 
0.541992 0.628893 

0.672355 0.781250 
0.673828 0.779785 

0.527458 0.644531 
0.527344 0.644703 

0.532171 0.638672 
0.533203 0.637415 

0.530545 0.640625 
0.532119 0.638672 

0.506676 0.707031 
0.506731 0.708984 

0.506738 0.708984 
0.506819 0.710938 

0.506837 0.710938 
0.506836 0.710917 

0.647122 0.796875 
0.644531 0.797872 

0.535726 0.634766 
0.536133 0.634339 

0.537662 0.632812 
0.536133 0.634449 

0.533944 0.636719 
0.535698 0.634766 

0.691204 0.652344 
0.691406 0.652739 

0.659028 0.791016 
0.659180 0.790930 

0.659180 0.790905 
0.662109 0.789218 

0.659058 0.791016 
0.656250 0.792479 

0.704547 0.685547 
0.704126 0.683594 

0.704925 0.687500 
0.704545 0.685547 

0.666821 0.625000 
0.667969 0.625920 

0.642070 0.798828 
0.644531 0.797954 

0.638672 0.800041 
0.641602 0.799059 

0.642091 0.798828 
0.641602 0.799001 

0.664123 0.623047 
0.662109 0.621748 

0.664106 0.623047 
0.665039 0.623694 

0.666843 0.625000 
0.665039 0.623669 

0.636351 0.800781 
0.638672 0.800104 

0.691701 0.757812 
0.691406 0.758371 

0.565430 0.796574 
0.562500 0.795336 

0.566033 0.796875 
0.565430 0.796636 

0.632812 0.801839 
0.635742 0.801027 

0.636444 0.800781 
0.635742 0.800978 

0.597656 0.804968 
0.594727 0.804701 

0.522041 0.652344 
0.521484 0.653411 

0.626953 0.607666 
0.629883 0.608314 

0.629883 0.608338 
0.632812 0.609066 

0.549438 0.623047 
0.550781 0.622137 

0.546732 0.625000 
0.547852 0.624169 

0.549433 0.623047 
0.547852 0.624183 

0.693968 0.753906 
0.692881 0.755859 

0.692814 0.755859 
0.691700 0.757812 

0.706053 0.695312 
0.706055 0.695338 

0.706251 0.697266 
0.706082 0.695312 

0.706417 0.699219 
0.706263 0.697266 

0.508215 0.722656 
0.508585 0.724609 

0.508584 0.724609 
0.508996 0.726562 

0.571117 0.798828 
0.568359 0.797847 

0.571112 0.798828 
0.571289 0.798891 

0.574219 0.799924 
0.571289 0.798955 

0.706456 0.710938 
0.706322 0.712891 

0.706317 0.712891 
0.706155 0.714844 

0.509941 0.730469 
0.510443 0.732422 

0.510458 0.732422 
0.511032 0.734375 

0.669269 0.626953 
0.667969 0.625870 

0.669273 0.626953 
0.670898 0.628438 

0.671507 0.628906 
0.670898 0.628356 

0.519314 0.753906 
0.520420 0.755859 

0.520481 0.755859 
0.521484 0.757724 

0.621094 0.606608 
0.624023 0.607080 

0.625913 0.607422 
0.624023 0.607118 

0.625619 0.607422 
0.626953 0.607639 

0.516266 0.748047 
0.515625 0.746428 

0.516299 0.748047 
0.517251 0.750000 

0.689910 0.650391 
0.688674 0.648438 

0.691185 0.652344 
0.689992 0.650391 

0.633895 0.609375 
0.632812 0.609109 

0.513746 0.742188 
0.514559 0.744141 

0.514602 0.744141 
0.515410 0.746094 

0.523367 0.650391 
0.524414 0.648656 

0.524642 0.648438 
0.524414 0.648831 

0.522074 0.652344 
0.523294 0.650391 

0.657549 0.619141 
0.656250 0.618454 

0.657580 0.619141 
0.659180 0.620002 

0.661023 0.621094 
0.659180 0.620035 

0.563351 0.615234 
0.565430 0.614372 

0.568063 0.613281 
0.565430 0.614295 

0.563353 0.615234 
0.562500 0.615604 

0.552391 0.621094 
0.550781 0.622130 

0.681070 0.638672 
0.679688 0.636996 

0.681152 0.638672 
0.682617 0.640529 

0.682787 0.640625 
0.682617 0.640411 

0.633732 0.609375 
0.635742 0.609893 

0.635742 0.609942 
0.638672 0.610855 

0.579436 0.609375 
0.580078 0.609217 

0.675611 0.632812 
0.676758 0.634049 

0.677545 0.634766 
0.676758 0.633922 

0.679318 0.636719 
0.677576 0.634766 

0.679337 0.636719 
0.679688 0.637130 

0.559354 0.617188 
0.556641 0.618549 

0.618381 0.804688 
0.621094 0.804359 

0.678324 0.775391 
0.679688 0.773795 

0.676356 0.777344 
0.676758 0.776920 

0.678255 0.775391 
0.676758 0.777047 

0.533914 0.636719 
0.533203 0.637571 

0.555680 0.619141 
0.556641 0.618605 

0.552404 0.621094 
0.553711 0.620290 

0.555670 0.619141 
0.553711 0.620257 

0.615234 0.605887 
0.618164 0.606210 

0.618164 0.606210 
0.621094 0.606608 

0.566013 0.796875 
0.568359 0.797768 

0.699526 0.742188 
0.698713 0.744141 

0.698706 0.744141 
0.697870 0.746094 

0.684950 0.767578 
0.685547 0.766695 

0.684909 0.767578 
0.683427 0.769531 

0.629337 0.802734 
0.629883 0.802632 

0.629883 0.802600 
0.632812 0.801876 

0.629554 0.802734 
0.626953 0.803249 

0.515437 0.746094 
0.515625 0.746622 

0.510697 0.677734 
0.511271 0.675781 

0.510164 0.679688 
0.510697 0.677734 

0.511932 0.673828 
0.512562 0.671875 

0.511264 0.675781 
0.511895 0.673828 

0.509666 0.681641 
0.509766 0.681108 

0.509205 0.683594 
0.509647 0.681641 

0.705693 0.718750 
0.705398 0.720703 

0.705399 0.720703 
0.705065 0.722656 

0.512356 0.738281 
0.512695 0.739463 

0.513010 0.740234 
0.512695 0.739137 

0.513022 0.740234 
0.513739 0.742188 

0.526030 0.646484 
0.527344 0.644549 

0.524648 0.648438 
0.525945 0.646484 

0.594727 0.606266 
0.591797 0.606665 

0.597656 0.605961 
0.594727 0.606276 

0.546713 0.625000 
0.544922 0.626435 

0.513291 0.669922 
0.514062 0.667969 

0.512586 0.671875 
0.512695 0.671478 

0.513259 0.669922 
0.512695 0.671675 

0.690511 0.759766 
0.691406 0.758176 

0.690439 0.759766 
0.689176 0.761719 

0.520920 0.654297 
0.521484 0.653205 

0.519767 0.656250 
0.520880 0.654297 

0.606445 0.805448 
0.603516 0.805381 

0.606445 0.805450 
0.609375 0.805417 

0.511027 0.734375 
0.511654 0.736328 

0.511671 0.736328 
0.512325 0.738281 

0.583008 0.608444 
0.580078 0.609169 

0.585938 0.607752 
0.583008 0.608418 

0.508744 0.685547 
0.509179 0.683594 

0.508362 0.687500 
0.508749 0.685547 

0.670131 0.783203 
0.670898 0.782508 

0.672325 0.781250 
0.670898 0.782589 

0.670133 0.783203 
0.667969 0.785091 

0.696010 0.750000 
0.695018 0.751953 

0.693995 0.753906 
0.694336 0.753145 

0.694987 0.751953 
0.694336 0.753372 

0.600586 0.805218 
0.597656 0.804985 

0.603516 0.805378 
0.600586 0.805222 

0.696995 0.748047 
0.697266 0.747316 

0.696973 0.748047 
0.696052 0.750000 

0.507592 0.718750 
0.507883 0.720703 

0.507883 0.720703 
0.508214 0.722656 

0.514953 0.666016 
0.515625 0.664286 

0.514068 0.667969 
0.514900 0.666016 

0.583008 0.802503 
0.580078 0.801761 

0.584052 0.802734 
0.583008 0.802533 

0.583798 0.802734 
0.585938 0.803154 

0.655393 0.792969 
0.656250 0.792533 

0.681795 0.771484 
0.682617 0.770395 

0.683381 0.769531 
0.682617 0.770551 

0.681746 0.771484 
0.680128 0.773438 

0.704264 0.726562 
0.703806 0.728516 

0.703792 0.728516 
0.703332 0.730469 

0.516676 0.662109 
0.517657 0.660156 

0.515789 0.664062 
0.516645 0.662109 

0.647103 0.796875 
0.647461 0.796730 

0.647461 0.796666 
0.650391 0.795428 

0.640022 0.611328 
0.638672 0.610904 

0.639921 0.611328 
0.641602 0.611865 

0.641602 0.611930 
0.644531 0.613000 

0.518701 0.658203 
0.519707 0.656250 

0.517717 0.660156 
0.518555 0.658357 

0.518710 0.658203 
0.518555 0.658571 

0.576898 0.800781 
0.574219 0.799989 

0.697836 0.746094 
0.697266 0.747569 

0.703321 0.730469 
0.703125 0.731435 

0.615234 0.805028 
0.618164 0.804748 

0.618592 0.804688 
0.618164 0.804728 

0.515793 0.664062 
0.515625 0.664544 

0.609375 0.805417 
0.612305 0.805282 

0.612305 0.805279 
0.615234 0.805048 

0.687850 0.763672 
0.688477 0.762636 

0.689140 0.761719 
0.688477 0.762825 

0.687809 0.763672 
0.686440 0.765625 

0.606445 0.605477 
0.603516 0.605546 

0.606445 0.605475 
0.609375 0.605507 

0.705066 0.722656 
0.704689 0.724609 

0.704689 0.724609 
0.704268 0.726562 

0.600586 0.605714 
0.597656 0.605959 

0.603516 0.605548 
0.600586 0.605711 

0.686378 0.765625 
0.685547 0.766856 

0.576851 0.800781 
0.577148 0.800865 

0.580078 0.801722 
0.577148 0.800921 

0.680104 0.773438 
0.679688 0.773919 

0.651361 0.794922 
0.653320 0.794036 

0.655373 0.792969 
0.653320 0.793966 

0.651351 0.794922 
0.650391 0.795361 

0.587422 0.607422 
0.588867 0.607190 

0.591797 0.606677 
0.588867 0.607155 

0.587708 0.607422 
0.585938 0.607723 

