0.662341 0.730469 
0.662109 0.730702 

0.669292 0.722656 
0.667969 0.724385 

0.619750 0.562500 
0.621094 0.562831 

0.639695 0.570312 
0.638672 0.569812 

0.499202 0.623047 
0.499990 0.621094 

0.498489 0.625000 
0.499200 0.623047 

0.496962 0.687500 
0.497586 0.689453 

0.497627 0.689453 
0.498047 0.690941 

0.692565 0.658203 
0.692538 0.656250 

0.692565 0.658203 
0.692550 0.660156 

0.658178 0.734375 
0.656250 0.736172 

0.652623 0.578125 
0.653320 0.578670 

0.655090 0.580078 
0.653320 0.578621 

0.655081 0.580078 
0.656250 0.581107 

0.692468 0.654297 
0.692357 0.652344 

0.692538 0.656250 
0.692469 0.654297 

0.670842 0.720703 
0.670898 0.720622 

0.672318 0.718750 
0.670939 0.720703 

0.670835 0.720703 
0.669381 0.722656 

0.670918 0.720703 
0.670898 0.720729 

0.692095 0.667969 
0.691886 0.669922 

0.691884 0.669922 
0.691639 0.671875 

0.681986 0.703125 
0.680982 0.705078 

0.680941 0.705078 
0.679948 0.707031 

0.493062 0.667969 
0.493271 0.669922 

0.493270 0.669922 
0.493520 0.671875 

0.492761 0.664062 
0.492893 0.666016 

0.492893 0.666016 
0.493063 0.667969 

0.664205 0.728516 
0.665039 0.727545 

0.665998 0.726562 
0.665039 0.727690 

0.664173 0.728516 
0.662372 0.730469 

0.692204 0.650391 
0.692012 0.648438 

0.692357 0.652344 
0.692205 0.650391 

0.691512 0.644531 
0.691406 0.643591 

0.660340 0.732422 
0.662109 0.730589 

0.658196 0.734375 
0.659180 0.733427 

0.660309 0.732422 
0.659180 0.733527 

0.632812 0.567143 
0.635742 0.568356 

0.635736 0.568359 
0.635742 0.568362 

0.635742 0.568431 
0.638672 0.569742 

0.603516 0.559259 
0.606445 0.559638 

0.606445 0.559634 
0.609375 0.560094 

0.631072 0.566406 
0.632812 0.567067 

0.597656 0.558730 
0.600586 0.558946 

0.600586 0.558952 
0.603516 0.559257 

0.691772 0.646484 
0.691523 0.644531 

0.692013 0.648438 
0.691783 0.646484 

0.673748 0.716797 
0.673828 0.716665 

0.673737 0.716797 
0.672411 0.718750 

0.500833 0.619141 
0.500977 0.618718 

0.501638 0.617188 
0.500977 0.618899 

0.500034 0.621094 
0.500808 0.619141 

0.549359 0.568359 
0.550781 0.567747 

0.545225 0.570312 
0.547852 0.569083 

0.549357 0.568359 
0.547852 0.569014 

0.503238 0.703125 
0.503906 0.704642 

0.687307 0.626953 
0.686624 0.625000 

0.687953 0.628906 
0.687308 0.626953 

0.559180 0.564453 
0.559570 0.564326 

0.562500 0.563358 
0.559570 0.564268 

0.559210 0.564453 
0.556641 0.565305 

0.553711 0.566514 
0.550781 0.567681 

0.553820 0.566406 
0.553711 0.566447 

0.692549 0.660156 
0.692492 0.662109 

0.692492 0.662109 
0.692396 0.664062 

0.537194 0.742188 
0.539062 0.743369 

0.632917 0.750000 
0.632812 0.750044 

0.498252 0.691406 
0.498047 0.690622 

0.679949 0.707031 
0.679688 0.707592 

0.562550 0.753906 
0.565430 0.754686 

0.568359 0.755503 
0.565430 0.754733 

0.621094 0.562872 
0.624023 0.563770 

0.626050 0.564453 
0.624023 0.563825 

0.625945 0.564453 
0.626953 0.564769 

0.692396 0.664062 
0.692263 0.666016 

0.692264 0.666016 
0.692094 0.667969 

0.628060 0.751953 
0.629883 0.751323 

0.629883 0.751250 
0.632812 0.750118 

0.628127 0.751953 
0.626953 0.752354 

0.651092 0.740234 
0.653320 0.738520 

0.653668 0.738281 
0.653320 0.738554 

0.651065 0.740234 
0.650391 0.740707 

0.675075 0.714844 
0.673831 0.716797 

0.535461 0.576172 
0.536133 0.575713 

0.538411 0.574219 
0.536133 0.575701 

0.535432 0.576172 
0.533203 0.577799 

0.493520 0.671875 
0.493811 0.673828 

0.493812 0.673828 
0.494141 0.675781 

0.506786 0.607422 
0.506836 0.607324 

0.506844 0.607422 
0.507939 0.605469 

0.505722 0.609375 
0.506766 0.607422 

0.506850 0.607422 
0.506836 0.607451 

0.691215 0.642578 
0.690878 0.640625 

0.691232 0.642578 
0.691406 0.643962 

0.543828 0.746094 
0.544922 0.746664 

0.511939 0.599609 
0.512695 0.598447 

0.513329 0.597656 
0.512695 0.598626 

0.510560 0.601562 
0.511894 0.599609 

0.626953 0.564824 
0.629883 0.565884 

0.631108 0.566406 
0.629883 0.565943 

0.514870 0.595703 
0.515625 0.594670 

0.513372 0.597656 
0.514825 0.595703 

0.498260 0.691406 
0.498914 0.693359 

0.498922 0.693359 
0.499674 0.695312 

0.527004 0.734375 
0.527344 0.734676 

0.499693 0.695312 
0.500490 0.697266 

0.500531 0.697266 
0.500977 0.698513 

0.501326 0.699219 
0.500977 0.698221 

0.622504 0.753906 
0.621094 0.754292 

0.538425 0.574219 
0.539062 0.573820 

0.604637 0.757812 
0.603516 0.757919 

0.668690 0.593750 
0.667969 0.592816 

0.691621 0.671875 
0.691406 0.673640 

0.495847 0.683594 
0.496375 0.685547 

0.496372 0.685547 
0.496953 0.687500 

0.507510 0.710938 
0.508716 0.712891 

0.508782 0.712891 
0.509766 0.714561 

0.504189 0.705078 
0.503906 0.704398 

0.504186 0.705078 
0.505195 0.707031 

0.565409 0.562500 
0.562500 0.563303 

0.510037 0.714844 
0.511318 0.716797 

0.511403 0.716797 
0.512695 0.718735 

0.512805 0.718750 
0.512695 0.718580 

0.687991 0.628906 
0.688477 0.630718 

0.688555 0.630859 
0.688477 0.630501 

0.689063 0.632812 
0.688567 0.630859 

0.676423 0.712891 
0.676758 0.712265 

0.677590 0.710938 
0.676758 0.712443 

0.676399 0.712891 
0.675158 0.714844 

0.515831 0.722656 
0.517373 0.724609 

0.517434 0.724609 
0.518555 0.725997 

0.519149 0.726562 
0.518555 0.725841 

0.553813 0.566406 
0.556641 0.565383 

0.509255 0.603516 
0.509766 0.602628 

0.508013 0.605469 
0.509225 0.603516 

0.527944 0.582031 
0.527344 0.582569 

0.580461 0.757812 
0.583008 0.758045 

0.585938 0.758309 
0.583008 0.758064 

0.678869 0.708984 
0.679688 0.707370 

0.678811 0.708984 
0.677643 0.710938 

0.686937 0.691406 
0.686237 0.693359 

0.686196 0.693359 
0.685547 0.695278 

0.510501 0.601562 
0.509766 0.602808 

0.556877 0.751953 
0.556641 0.751874 

0.556839 0.751953 
0.559570 0.752851 

0.562500 0.753827 
0.559570 0.752919 

0.494939 0.679688 
0.495117 0.680717 

0.495355 0.681641 
0.495117 0.680341 

0.495371 0.681641 
0.495841 0.683594 

0.495580 0.634766 
0.496083 0.632812 

0.495104 0.636719 
0.495117 0.636640 

0.495135 0.636719 
0.495555 0.634766 

0.492692 0.654297 
0.492800 0.652344 

0.492625 0.656250 
0.492693 0.654297 

0.492950 0.650391 
0.493140 0.648438 

0.492800 0.652344 
0.492949 0.650391 

0.505256 0.707031 
0.506342 0.708984 

0.506374 0.708984 
0.506836 0.709908 

0.507466 0.710938 
0.506836 0.709713 

0.492611 0.660156 
0.492666 0.662109 

0.492666 0.662109 
0.492760 0.664062 

0.569963 0.755859 
0.568359 0.755534 

0.569709 0.755859 
0.571289 0.756170 

0.574219 0.756798 
0.571289 0.756210 

0.685465 0.695312 
0.684715 0.697266 

0.684673 0.697266 
0.683812 0.699219 

0.515824 0.722656 
0.515625 0.722386 

0.529254 0.736328 
0.527344 0.734602 

0.529277 0.736328 
0.530273 0.737154 

0.531718 0.738281 
0.530273 0.737104 

0.679493 0.609375 
0.679688 0.609806 

0.615267 0.755859 
0.618164 0.755185 

0.618164 0.755147 
0.621094 0.754336 

0.615336 0.755859 
0.615234 0.755880 

0.597656 0.758444 
0.600586 0.758232 

0.600586 0.758217 
0.603516 0.757941 

0.673209 0.599609 
0.671817 0.597656 

0.673245 0.599609 
0.673828 0.600553 

0.580794 0.757812 
0.580078 0.757751 

0.547731 0.748047 
0.544922 0.746730 

0.547716 0.748047 
0.547852 0.748112 

0.550781 0.749439 
0.547852 0.748175 

0.562631 0.753906 
0.562500 0.753872 

0.577148 0.559887 
0.574219 0.560370 

0.580078 0.559452 
0.577148 0.559868 

0.577148 0.757318 
0.574219 0.756804 

0.580078 0.757732 
0.577148 0.757329 

0.667685 0.724609 
0.667969 0.724244 

0.667672 0.724609 
0.666051 0.726562 

0.622354 0.753906 
0.624023 0.753438 

0.624023 0.753385 
0.626953 0.752407 

0.516423 0.593750 
0.515625 0.594834 

0.648147 0.742188 
0.650391 0.740706 

0.532738 0.578125 
0.533203 0.577778 

0.604321 0.757812 
0.606445 0.757580 

0.606445 0.757560 
0.609375 0.757099 

0.646887 0.574219 
0.644531 0.572870 

0.655964 0.736328 
0.656250 0.736078 

0.655970 0.736328 
0.653699 0.738281 

0.493942 0.642578 
0.494288 0.640625 

0.493637 0.644531 
0.493943 0.642578 

0.644839 0.744141 
0.647461 0.742637 

0.648135 0.742188 
0.647461 0.742609 

0.644844 0.744141 
0.644531 0.744318 

0.521771 0.587891 
0.523620 0.585938 

0.521764 0.587891 
0.521484 0.588190 

0.552024 0.750000 
0.550781 0.749506 

0.685478 0.695312 
0.685547 0.695077 

0.641313 0.746094 
0.641602 0.745945 

0.641602 0.745893 
0.644531 0.744367 

0.689264 0.683594 
0.688764 0.685547 

0.688221 0.687500 
0.688477 0.686385 

0.688747 0.685547 
0.688477 0.686750 

0.510031 0.714844 
0.509766 0.714375 

0.573334 0.560547 
0.574219 0.560404 

0.571289 0.560987 
0.568359 0.561676 

0.573571 0.560547 
0.571289 0.560958 

0.492597 0.658203 
0.492625 0.656250 

0.492597 0.658203 
0.492611 0.660156 

0.503601 0.613281 
0.503906 0.612558 

0.591797 0.758573 
0.594727 0.758560 

0.594727 0.758560 
0.597656 0.758446 

0.652649 0.578125 
0.650391 0.576469 

0.646877 0.574219 
0.647461 0.574574 

0.649945 0.576172 
0.647461 0.574575 

0.649919 0.576172 
0.650391 0.576496 

0.683792 0.699219 
0.682945 0.701172 

0.682034 0.703125 
0.682617 0.701730 

0.682934 0.701172 
0.682617 0.701987 

0.611962 0.560547 
0.609375 0.560128 

0.611706 0.560547 
0.612305 0.560637 

0.612305 0.560663 
0.615234 0.561277 

0.531716 0.738281 
0.533203 0.739417 

0.540308 0.744141 
0.539062 0.743394 

0.540336 0.744141 
0.541992 0.745090 

0.543802 0.746094 
0.541992 0.745138 

0.525741 0.583984 
0.527344 0.582480 

0.523642 0.585938 
0.524414 0.585172 

0.525704 0.583984 
0.524414 0.585271 

0.501332 0.699219 
0.502198 0.701172 

0.502229 0.701172 
0.503186 0.703125 

0.685184 0.621094 
0.685547 0.622223 

0.588867 0.758484 
0.585938 0.758313 

0.591797 0.758571 
0.588867 0.758487 

0.541690 0.572266 
0.541992 0.572093 

0.544922 0.570525 
0.541992 0.572040 

0.541696 0.572266 
0.539062 0.573780 

0.545220 0.570312 
0.544922 0.570463 

0.494138 0.675781 
0.494512 0.677734 

0.494527 0.677734 
0.494922 0.679688 

0.498462 0.625000 
0.498047 0.626447 

0.609375 0.757095 
0.612305 0.756543 

0.612305 0.756518 
0.615234 0.755930 

0.690217 0.679688 
0.689760 0.681641 

0.689760 0.681641 
0.689272 0.683594 

0.684323 0.619141 
0.683459 0.617188 

0.685153 0.621094 
0.684345 0.619141 

0.530230 0.580078 
0.530273 0.580043 

0.530283 0.580078 
0.532705 0.578125 

0.527945 0.582031 
0.530178 0.580078 

0.530276 0.580078 
0.530273 0.580080 

0.685903 0.623047 
0.685547 0.621910 

0.686611 0.625000 
0.685921 0.623047 

0.522853 0.730469 
0.521484 0.728984 

0.534355 0.740234 
0.533203 0.739386 

0.534338 0.740234 
0.536133 0.741487 

0.537191 0.742188 
0.536133 0.741482 

0.674562 0.601562 
0.673828 0.600374 

0.670248 0.595703 
0.668732 0.593750 

0.670289 0.595703 
0.670898 0.596580 

0.671753 0.597656 
0.670898 0.596423 

0.591797 0.558603 
0.594727 0.558615 

0.594727 0.558615 
0.597656 0.558729 

0.497842 0.626953 
0.498047 0.626170 

0.497220 0.628906 
0.497818 0.626953 

0.639716 0.570312 
0.641602 0.571232 

0.643458 0.572266 
0.641602 0.571291 

0.643489 0.572266 
0.644531 0.572836 

0.588867 0.558693 
0.585938 0.558872 

0.591797 0.558605 
0.588867 0.558691 

0.667007 0.591797 
0.665352 0.589844 

0.667059 0.591797 
0.667969 0.592969 

0.637334 0.748047 
0.638672 0.747434 

0.632922 0.750000 
0.635742 0.748830 

0.637318 0.748047 
0.635742 0.748756 

0.678317 0.607422 
0.677168 0.605469 

0.679477 0.609375 
0.678391 0.607422 

0.689602 0.634766 
0.689090 0.632812 

0.690074 0.636719 
0.689604 0.634766 

0.663420 0.587891 
0.662109 0.586476 

0.663489 0.587891 
0.665039 0.589640 

0.665328 0.589844 
0.665039 0.589524 

0.551996 0.750000 
0.553711 0.750668 

0.556641 0.751817 
0.553711 0.750737 

0.680515 0.611328 
0.679688 0.609614 

0.681580 0.613281 
0.680556 0.611328 

0.641329 0.746094 
0.638672 0.747368 

0.522909 0.730469 
0.524414 0.732020 

0.524938 0.732422 
0.524414 0.731906 

0.524941 0.732422 
0.526968 0.734375 

0.502636 0.615234 
0.503572 0.613281 

0.501671 0.617188 
0.502595 0.615234 

0.496611 0.630859 
0.497195 0.628906 

0.496084 0.632812 
0.496620 0.630859 

0.519893 0.589844 
0.521484 0.588052 

0.688200 0.687500 
0.687605 0.689453 

0.687592 0.689453 
0.686934 0.691406 

0.519175 0.726562 
0.520910 0.728516 

0.520940 0.728516 
0.521484 0.729097 

0.657377 0.582031 
0.659180 0.583773 

0.659514 0.583984 
0.659180 0.583670 

0.661467 0.585938 
0.659540 0.583984 

0.518083 0.591797 
0.518555 0.591235 

0.519820 0.589844 
0.518555 0.591360 

0.516471 0.593750 
0.518057 0.591797 

0.675896 0.603516 
0.674608 0.601562 

0.675960 0.603516 
0.676758 0.604924 

0.677161 0.605469 
0.676758 0.604723 

0.504588 0.611328 
0.505659 0.609375 

0.504549 0.611328 
0.503906 0.612758 

0.494705 0.638672 
0.495088 0.636719 

0.495130 0.636719 
0.495117 0.636802 

0.494285 0.640625 
0.494676 0.638672 

0.615234 0.561300 
0.618164 0.562025 

0.619948 0.562500 
0.618164 0.562066 

0.493370 0.646484 
0.493637 0.644531 

0.493140 0.648438 
0.493370 0.646484 

0.690496 0.638672 
0.690073 0.636719 

0.690874 0.640625 
0.690493 0.638672 

0.583008 0.559133 
0.580078 0.559461 

0.585938 0.558876 
0.583008 0.559133 

0.657365 0.582031 
0.656250 0.581032 

0.565384 0.562500 
0.565430 0.562488 

0.568359 0.561710 
0.565430 0.562431 

0.661477 0.585938 
0.662109 0.586598 

0.512811 0.718750 
0.514199 0.720703 

0.514282 0.720703 
0.515625 0.722542 

0.691344 0.673828 
0.691406 0.673247 

0.691340 0.673828 
0.691028 0.675781 

0.691016 0.675781 
0.690638 0.677734 

0.690638 0.677734 
0.690219 0.679688 

0.682537 0.615234 
0.681631 0.613281 

0.682551 0.615234 
0.682617 0.615417 

0.683427 0.617188 
0.682619 0.615234 

