0.494294 0.623047 
0.494855 0.621094 

0.493730 0.625000 
0.494274 0.623047 

0.644523 0.566406 
0.644531 0.566411 

0.497393 0.687500 
0.498047 0.689319 

0.637405 0.562500 
0.638672 0.563124 

0.491968 0.632812 
0.492188 0.631414 

0.536094 0.566406 
0.536133 0.566382 

0.539062 0.564622 
0.536133 0.566343 

0.603516 0.551738 
0.606445 0.552181 

0.606445 0.552207 
0.609375 0.552686 

0.492193 0.669922 
0.492188 0.669877 

0.492196 0.669922 
0.492556 0.671875 

0.536073 0.566406 
0.533203 0.568295 

0.525585 0.574219 
0.527344 0.572686 

0.648701 0.732422 
0.650391 0.731148 

0.645780 0.734375 
0.647461 0.733278 

0.648699 0.732422 
0.647461 0.733281 

0.672759 0.707031 
0.671449 0.708984 

0.670064 0.710938 
0.670898 0.709648 

0.671424 0.708984 
0.670898 0.709816 

0.491175 0.664062 
0.491465 0.666016 

0.491464 0.666016 
0.491798 0.667969 

0.495475 0.619141 
0.496125 0.617188 

0.494878 0.621094 
0.495117 0.620120 

0.495453 0.619141 
0.495117 0.620438 

0.533122 0.568359 
0.533203 0.568303 

0.530431 0.570312 
0.533094 0.568359 

0.655813 0.726562 
0.653703 0.728516 

0.651321 0.730469 
0.653320 0.728752 

0.653674 0.728516 
0.653320 0.728817 

0.597656 0.551086 
0.600586 0.551375 

0.600586 0.551379 
0.603516 0.551743 

0.657966 0.724609 
0.659180 0.723357 

0.659975 0.722656 
0.659180 0.723472 

0.657924 0.724609 
0.656250 0.726260 

0.504032 0.701172 
0.503906 0.700903 

0.504024 0.701172 
0.505114 0.703125 

0.669997 0.710938 
0.668568 0.712891 

0.668535 0.712891 
0.667969 0.713687 

0.523369 0.576172 
0.524414 0.575201 

0.525586 0.574219 
0.524414 0.575295 

0.523346 0.576172 
0.521484 0.578035 

0.687260 0.626953 
0.686748 0.625000 

0.687732 0.628906 
0.687262 0.626953 

0.667025 0.714844 
0.667969 0.713530 

0.491024 0.638672 
0.491291 0.636719 

0.490795 0.640625 
0.491024 0.638672 

0.539279 0.564453 
0.541992 0.563021 

0.542917 0.562500 
0.541992 0.562967 

0.539286 0.564453 
0.539062 0.564581 

0.663628 0.718750 
0.662109 0.720516 

0.498170 0.689453 
0.498047 0.689064 

0.498169 0.689453 
0.498947 0.691406 

0.661824 0.720703 
0.662109 0.720385 

0.661807 0.720703 
0.660002 0.722656 

0.626953 0.743673 
0.629883 0.742548 

0.630602 0.742188 
0.629883 0.742484 

0.560226 0.746094 
0.562500 0.746705 

0.490605 0.642578 
0.490795 0.640625 

0.490456 0.644531 
0.490605 0.642578 

0.553711 0.743789 
0.550781 0.742684 

0.554604 0.744141 
0.553711 0.743843 

0.554524 0.744141 
0.556641 0.744837 

0.492576 0.671875 
0.493018 0.673828 

0.493017 0.673828 
0.493500 0.675781 

0.490348 0.646484 
0.490456 0.644531 

0.490281 0.648438 
0.490348 0.646484 

0.491603 0.634766 
0.491945 0.632812 

0.491290 0.636719 
0.491598 0.634766 

0.675258 0.703125 
0.674093 0.705078 

0.674093 0.705078 
0.673828 0.705551 

0.689862 0.642578 
0.689670 0.640625 

0.690014 0.644531 
0.689862 0.642578 

0.597656 0.750461 
0.600586 0.750190 

0.602338 0.750000 
0.600586 0.750165 

0.633248 0.560547 
0.632812 0.560351 

0.633251 0.560547 
0.635742 0.561642 

0.637376 0.562500 
0.635742 0.561715 

0.641151 0.564453 
0.638672 0.563179 

0.641143 0.564453 
0.641602 0.564704 

0.641602 0.564741 
0.644531 0.566388 

0.521296 0.578125 
0.521484 0.577941 

0.498968 0.691406 
0.499875 0.693359 

0.499928 0.693359 
0.500818 0.695312 

0.651303 0.730469 
0.650391 0.731180 

0.547055 0.560547 
0.547852 0.560194 

0.550781 0.558937 
0.547852 0.560129 

0.547051 0.560547 
0.544922 0.561479 

0.635031 0.740234 
0.635742 0.739905 

0.635742 0.739841 
0.638672 0.738448 

0.635024 0.740234 
0.632812 0.741205 

0.571289 0.748868 
0.568359 0.748276 

0.574219 0.749413 
0.571289 0.748883 

0.559570 0.745840 
0.556641 0.744899 

0.560373 0.746094 
0.559570 0.745880 

0.666961 0.714844 
0.665416 0.716797 

0.663704 0.718750 
0.665039 0.717104 

0.665396 0.716797 
0.665039 0.717234 

0.500844 0.695312 
0.500977 0.695642 

0.501781 0.697266 
0.500977 0.695494 

0.501826 0.697266 
0.502884 0.699219 

0.672840 0.707031 
0.673828 0.705375 

0.655811 0.726562 
0.656250 0.726152 

0.685627 0.621094 
0.685547 0.620757 

0.670840 0.591797 
0.669493 0.589844 

0.670922 0.591797 
0.670898 0.591761 

0.670850 0.591797 
0.670898 0.591874 

0.672208 0.593750 
0.670934 0.591797 

0.676487 0.701172 
0.676758 0.700598 

0.677538 0.699219 
0.676758 0.700794 

0.676463 0.701172 
0.675333 0.703125 

0.549701 0.742188 
0.550781 0.742623 

0.667969 0.587891 
0.667969 0.587890 

0.669399 0.589844 
0.667995 0.587891 

0.495886 0.683594 
0.496584 0.685547 

0.496583 0.685547 
0.497341 0.687500 

0.510400 0.710938 
0.509766 0.709944 

0.505186 0.703125 
0.506371 0.705078 

0.506400 0.705078 
0.506836 0.705854 

0.507620 0.707031 
0.506836 0.705685 

0.513471 0.714844 
0.515027 0.716797 

0.515057 0.716797 
0.515625 0.717492 

0.688157 0.630859 
0.687732 0.628906 

0.688179 0.630859 
0.688477 0.632629 

0.688536 0.632812 
0.688477 0.632369 

0.520531 0.722656 
0.521484 0.723630 

0.583008 0.750451 
0.580078 0.750197 

0.585938 0.750644 
0.583008 0.750457 

0.603516 0.749829 
0.606445 0.749393 

0.606445 0.749385 
0.609375 0.748849 

0.628773 0.558594 
0.629883 0.559012 

0.629883 0.559077 
0.632812 0.560284 

0.542946 0.562500 
0.544922 0.561549 

0.534872 0.734375 
0.536133 0.735184 

0.537997 0.736328 
0.536133 0.735206 

0.538011 0.736328 
0.539062 0.736942 

0.556649 0.556641 
0.559570 0.555742 

0.562500 0.554834 
0.559570 0.555683 

0.556685 0.556641 
0.556641 0.556654 

0.578134 0.750000 
0.580078 0.750179 

0.506927 0.595703 
0.508149 0.593750 

0.505695 0.597656 
0.506836 0.595709 

0.506928 0.595703 
0.506836 0.595871 

0.690125 0.646484 
0.690014 0.644531 

0.690194 0.648438 
0.690125 0.646484 

0.529382 0.730469 
0.530273 0.731151 

0.532001 0.732422 
0.530273 0.731129 

0.532013 0.732422 
0.533203 0.733258 

0.522564 0.724609 
0.521484 0.723512 

0.522587 0.724609 
0.524414 0.726379 

0.524740 0.726562 
0.524414 0.726266 

0.494659 0.679688 
0.495117 0.681373 

0.495253 0.681641 
0.495117 0.681077 

0.495261 0.681641 
0.495870 0.683594 

0.541489 0.738281 
0.541992 0.738548 

0.544922 0.740011 
0.541992 0.738605 

0.577148 0.749846 
0.574219 0.749417 

0.578498 0.750000 
0.577148 0.749870 

0.490717 0.660156 
0.490926 0.662109 

0.490925 0.662109 
0.491175 0.664062 

0.490254 0.650391 
0.490281 0.648438 

0.490253 0.650391 
0.490267 0.652344 

0.507685 0.707031 
0.508999 0.708984 

0.509039 0.708984 
0.509766 0.710128 

0.562823 0.554688 
0.565430 0.554054 

0.568359 0.553302 
0.565430 0.554011 

0.690206 0.652344 
0.690149 0.654297 

0.690148 0.654297 
0.690053 0.656250 

0.516832 0.718750 
0.518549 0.720703 

0.518672 0.720703 
0.518555 0.720577 

0.518686 0.720703 
0.520503 0.722656 

0.527933 0.572266 
0.530273 0.570381 

0.530440 0.570312 
0.530273 0.570438 

0.527939 0.572266 
0.527344 0.572759 

0.630597 0.742188 
0.632812 0.741286 

0.504454 0.599609 
0.505619 0.597656 

0.504426 0.599609 
0.503906 0.600668 

0.625758 0.744141 
0.626953 0.743734 

0.621094 0.745768 
0.624023 0.744807 

0.625839 0.744141 
0.624023 0.744749 

0.679621 0.695312 
0.678687 0.697266 

0.678634 0.697266 
0.677580 0.699219 

0.591797 0.550792 
0.594727 0.550885 

0.594727 0.550886 
0.597656 0.551082 

0.529351 0.730469 
0.527344 0.728796 

0.491823 0.667969 
0.492153 0.669922 

0.492167 0.669922 
0.492188 0.670068 

0.571045 0.552734 
0.571289 0.552695 

0.574219 0.552176 
0.571289 0.552658 

0.571180 0.552734 
0.568359 0.553277 

0.638874 0.738281 
0.638672 0.738387 

0.650257 0.570312 
0.650391 0.570415 

0.628818 0.558594 
0.626953 0.557905 

0.588867 0.550802 
0.585938 0.550907 

0.591797 0.550792 
0.588867 0.550800 

0.502262 0.603516 
0.503325 0.601562 

0.501235 0.605469 
0.502208 0.603516 

0.615234 0.747497 
0.618164 0.746695 

0.620216 0.746094 
0.618164 0.746650 

0.688311 0.669922 
0.688477 0.668819 

0.688661 0.667969 
0.688477 0.669227 

0.688297 0.669922 
0.687889 0.671875 

0.534862 0.734375 
0.533203 0.733258 

0.681475 0.691406 
0.680575 0.693359 

0.680544 0.693359 
0.679704 0.695312 

0.690222 0.650391 
0.690194 0.648438 

0.690221 0.650391 
0.690206 0.652344 

0.519410 0.580078 
0.521260 0.578125 

0.517524 0.582031 
0.518555 0.580859 

0.519383 0.580078 
0.518555 0.581006 

0.500317 0.607422 
0.500977 0.605876 

0.501239 0.605469 
0.500977 0.606127 

0.499336 0.609375 
0.500265 0.607422 

0.497685 0.613281 
0.498047 0.612210 

0.591797 0.750759 
0.594727 0.750665 

0.594727 0.750664 
0.597656 0.750470 

0.510443 0.710938 
0.511868 0.712891 

0.511917 0.712891 
0.512695 0.713987 

0.513428 0.714844 
0.512695 0.713820 

0.498463 0.611328 
0.499312 0.609375 

0.498450 0.611328 
0.498047 0.612504 

0.654996 0.574219 
0.656250 0.575412 

0.515814 0.583984 
0.517477 0.582031 

0.515805 0.583984 
0.515625 0.584204 

0.689752 0.660156 
0.689543 0.662109 

0.689544 0.662109 
0.689295 0.664062 

0.617652 0.554688 
0.615234 0.554099 

0.502945 0.699219 
0.503906 0.701098 

0.644531 0.566414 
0.647461 0.568273 

0.647572 0.568359 
0.647461 0.568284 

0.650277 0.570312 
0.647600 0.568359 

0.690053 0.656250 
0.689921 0.658203 

0.689921 0.658203 
0.689751 0.660156 

0.493496 0.675781 
0.494029 0.677734 

0.494031 0.677734 
0.494615 0.679688 

0.684599 0.683594 
0.683886 0.685547 

0.683880 0.685547 
0.683140 0.687500 

0.588867 0.750749 
0.585938 0.750647 

0.591797 0.750758 
0.588867 0.750751 

0.685844 0.679688 
0.685547 0.680906 

0.657147 0.576172 
0.656250 0.575317 

0.659093 0.578125 
0.657167 0.576172 

0.659184 0.578125 
0.659180 0.578120 

0.684974 0.619141 
0.684285 0.617188 

0.685016 0.619141 
0.685547 0.620972 

0.686171 0.623047 
0.685639 0.621094 

0.686746 0.625000 
0.686196 0.623047 

0.524737 0.726562 
0.526906 0.728516 

0.526936 0.728516 
0.527344 0.728853 

0.601980 0.750000 
0.603516 0.749847 

0.490267 0.652344 
0.490322 0.654297 

0.490322 0.654297 
0.490416 0.656250 

0.645769 0.734375 
0.644531 0.735140 

0.676013 0.599609 
0.674827 0.597656 

0.676064 0.599609 
0.676758 0.600981 

0.677148 0.601562 
0.676758 0.600749 

0.652707 0.572266 
0.650391 0.570354 

0.652697 0.572266 
0.653320 0.572800 

0.654981 0.574219 
0.653320 0.572726 

0.673548 0.595703 
0.672294 0.593750 

0.673568 0.595703 
0.673828 0.596178 

0.509551 0.591797 
0.509766 0.591466 

0.508233 0.593750 
0.509530 0.591797 

0.493233 0.626953 
0.493737 0.625000 

0.492758 0.628906 
0.493230 0.626953 

0.685279 0.681641 
0.685547 0.680557 

0.685258 0.681641 
0.684614 0.683594 

0.583008 0.551109 
0.580078 0.551379 

0.585938 0.550909 
0.583008 0.551104 

0.680190 0.607422 
0.679688 0.606194 

0.681106 0.609375 
0.680214 0.607422 

0.577148 0.551714 
0.574219 0.552149 

0.580078 0.551375 
0.577148 0.551719 

0.551503 0.558594 
0.553711 0.557794 

0.556641 0.556711 
0.553711 0.557720 

0.512484 0.587891 
0.512695 0.587607 

0.514050 0.585938 
0.512695 0.587741 

0.511038 0.589844 
0.512468 0.587891 

0.679281 0.605469 
0.679688 0.606459 

0.490416 0.656250 
0.490548 0.658203 

0.490548 0.658203 
0.490718 0.660156 

0.623747 0.556641 
0.621094 0.555818 

0.623681 0.556641 
0.624023 0.556747 

0.624023 0.556800 
0.626953 0.557837 

0.688855 0.634766 
0.688548 0.632812 

0.689175 0.636719 
0.688873 0.634766 

0.667888 0.587891 
0.666398 0.585938 

0.667894 0.587891 
0.667969 0.587995 

0.510951 0.589844 
0.509766 0.591600 

0.565430 0.747546 
0.562500 0.746754 

0.567614 0.748047 
0.565430 0.747580 

0.567409 0.748047 
0.568359 0.748235 

0.642496 0.736328 
0.644531 0.735164 

0.638862 0.738281 
0.641602 0.736877 

0.642484 0.736328 
0.641602 0.736824 

0.689295 0.664062 
0.689003 0.666016 

0.688995 0.666016 
0.688676 0.667969 

0.682000 0.611328 
0.681126 0.609375 

0.682044 0.611328 
0.682617 0.612907 

0.682824 0.613281 
0.682617 0.612642 

0.492336 0.630859 
0.492745 0.628906 

0.492328 0.630859 
0.492188 0.631793 

0.674766 0.597656 
0.673828 0.596014 

0.514133 0.585938 
0.515625 0.584058 

0.541500 0.738281 
0.539062 0.736991 

0.662955 0.582031 
0.662109 0.581072 

0.612899 0.748047 
0.615234 0.747535 

0.609375 0.748835 
0.612305 0.748244 

0.613078 0.748047 
0.612305 0.748201 

0.516756 0.718750 
0.515625 0.717363 

0.503364 0.601562 
0.503906 0.600452 

0.664652 0.583984 
0.662991 0.582031 

0.664671 0.583984 
0.665039 0.584447 

0.666312 0.585938 
0.665039 0.584309 

0.496887 0.615234 
0.497653 0.613281 

0.496126 0.617188 
0.496861 0.615234 

0.678188 0.603516 
0.677152 0.601562 

0.679251 0.605469 
0.678241 0.603516 

0.609437 0.552734 
0.609375 0.552724 

0.609375 0.552741 
0.612305 0.553318 

0.612305 0.553345 
0.615234 0.554059 

0.620061 0.746094 
0.621094 0.745813 

0.689439 0.638672 
0.689174 0.636719 

0.689670 0.640625 
0.689440 0.638672 

0.545259 0.740234 
0.544922 0.740077 

0.545264 0.740234 
0.547852 0.741362 

0.549717 0.742188 
0.547852 0.741439 

0.659113 0.578125 
0.659180 0.578192 

0.661062 0.580078 
0.659231 0.578125 

0.661108 0.580078 
0.662109 0.581213 

0.682358 0.689453 
0.682617 0.688662 

0.683106 0.687500 
0.682617 0.688933 

0.682334 0.689453 
0.681507 0.691406 

0.679634 0.695312 
0.679688 0.695170 

0.687877 0.671875 
0.687419 0.673828 

0.687420 0.673828 
0.686932 0.675781 

0.562976 0.554688 
0.562500 0.554798 

0.551544 0.558594 
0.550781 0.558878 

0.686933 0.675781 
0.686411 0.677734 

0.686401 0.677734 
0.685863 0.679688 

0.683542 0.615234 
0.682834 0.613281 

0.684284 0.617188 
0.683563 0.615234 

0.617479 0.554688 
0.618164 0.554850 

0.618164 0.554887 
0.621094 0.555758 

