0.486626 0.593750 
0.486328 0.595003 

0.639295 0.541016 
0.638672 0.540597 

0.639317 0.541016 
0.641602 0.542676 

0.642022 0.542969 
0.641602 0.542653 

0.654780 0.554688 
0.656250 0.556442 

0.611972 0.718750 
0.612305 0.718662 

0.612305 0.718617 
0.615234 0.717685 

0.617643 0.716797 
0.618164 0.716620 

0.618164 0.716563 
0.621094 0.715454 

0.617700 0.716797 
0.615234 0.717619 

0.626953 0.712777 
0.629883 0.711398 

0.630648 0.710938 
0.629883 0.711332 

0.644434 0.544922 
0.642052 0.542969 

0.644430 0.544922 
0.644531 0.545006 

0.629212 0.535156 
0.626953 0.534095 

0.670030 0.576172 
0.668949 0.574219 

0.670088 0.576172 
0.670898 0.577899 

0.671084 0.578125 
0.670898 0.577683 

0.646718 0.546875 
0.647461 0.547559 

0.648886 0.548828 
0.647461 0.547468 

0.648923 0.548828 
0.650391 0.550314 

0.673339 0.664062 
0.673828 0.662730 

0.492610 0.667969 
0.493589 0.669922 

0.493644 0.669922 
0.494674 0.671875 

0.482511 0.632812 
0.482718 0.634766 

0.482716 0.634766 
0.482968 0.636719 

0.492601 0.667969 
0.492188 0.666930 

0.510447 0.693359 
0.509766 0.692590 

0.510469 0.693359 
0.512297 0.695312 

0.622452 0.714844 
0.621094 0.715389 

0.512328 0.695312 
0.512695 0.695679 

0.514344 0.697266 
0.512695 0.695580 

0.514378 0.697266 
0.515625 0.698461 

0.505277 0.687500 
0.506805 0.689453 

0.506915 0.689453 
0.506836 0.689354 

0.506830 0.689453 
0.506836 0.689461 

0.506927 0.689453 
0.508557 0.691406 

0.490784 0.664062 
0.491674 0.666016 

0.491714 0.666016 
0.492188 0.667198 

0.571289 0.524087 
0.568359 0.524446 

0.574219 0.523809 
0.571289 0.524092 

0.649696 0.697266 
0.650391 0.696570 

0.649687 0.697266 
0.647684 0.699219 

0.484364 0.644531 
0.484806 0.646484 

0.484802 0.646484 
0.485287 0.648438 

0.626850 0.712891 
0.626953 0.712842 

0.622433 0.714844 
0.624023 0.714202 

0.626866 0.712891 
0.624023 0.714127 

0.621094 0.531483 
0.624023 0.532676 

0.625072 0.533203 
0.624023 0.532742 

0.625076 0.533203 
0.626953 0.534023 

0.636246 0.539062 
0.638672 0.540587 

0.482063 0.625000 
0.482117 0.626953 

0.482117 0.626953 
0.482211 0.628906 

0.543337 0.531250 
0.544922 0.530664 

0.597656 0.524750 
0.600586 0.525231 

0.601345 0.525391 
0.600586 0.525268 

0.601126 0.525391 
0.603516 0.525829 

0.546429 0.716797 
0.544922 0.716286 

0.546346 0.716797 
0.547852 0.717300 

0.550781 0.718319 
0.547852 0.717356 

0.652836 0.552734 
0.650988 0.550781 

0.652854 0.552734 
0.653320 0.553244 

0.654705 0.554688 
0.653320 0.553115 

0.482979 0.636719 
0.483257 0.638672 

0.483269 0.638672 
0.483398 0.639705 

0.483578 0.640625 
0.483398 0.639298 

0.498685 0.568359 
0.499964 0.566406 

0.498646 0.568359 
0.498047 0.569441 

0.501379 0.564453 
0.502761 0.562500 

0.500029 0.566406 
0.500977 0.564897 

0.501362 0.564453 
0.500977 0.565077 

0.676413 0.656250 
0.675712 0.658203 

0.675694 0.658203 
0.674930 0.660156 

0.681852 0.628906 
0.681720 0.630859 

0.681720 0.630859 
0.681552 0.632812 

0.674913 0.660156 
0.674155 0.662109 

0.674140 0.662109 
0.673828 0.663015 

0.658757 0.687500 
0.657206 0.689453 

0.657151 0.689453 
0.656250 0.690577 

0.667164 0.675781 
0.667969 0.674264 

0.494704 0.671875 
0.495117 0.672756 

0.495738 0.673828 
0.495117 0.672554 

0.495779 0.673828 
0.496932 0.675781 

0.629214 0.535156 
0.629883 0.535489 

0.629883 0.535544 
0.632812 0.537035 

0.668903 0.574219 
0.667969 0.572410 

0.508616 0.691406 
0.509766 0.692736 

0.673841 0.583984 
0.673828 0.583948 

0.674577 0.585938 
0.673857 0.583984 

0.667105 0.675781 
0.665887 0.677734 

0.664606 0.679688 
0.665039 0.678926 

0.665834 0.677734 
0.665039 0.679109 

0.524964 0.541016 
0.527344 0.539432 

0.522259 0.542969 
0.524414 0.541389 

0.524976 0.541016 
0.524414 0.541409 

0.515181 0.548828 
0.515625 0.548421 

0.513184 0.550781 
0.515151 0.548828 

0.678742 0.648438 
0.678218 0.650391 

0.678219 0.650391 
0.677657 0.652344 

0.603516 0.525858 
0.606445 0.526554 

0.606445 0.526589 
0.609375 0.527311 

0.507596 0.556641 
0.509272 0.554688 

0.505911 0.558594 
0.506836 0.557404 

0.507560 0.556641 
0.506836 0.557563 

0.677644 0.652344 
0.677067 0.654297 

0.676439 0.656250 
0.676758 0.655079 

0.677052 0.654297 
0.676758 0.655418 

0.552191 0.718750 
0.550781 0.718364 

0.645432 0.701172 
0.647461 0.699304 

0.647648 0.699219 
0.647461 0.699386 

0.645416 0.701172 
0.644531 0.701922 

0.509300 0.554688 
0.509766 0.554172 

0.554616 0.527344 
0.556641 0.526854 

0.502248 0.683594 
0.503652 0.685547 

0.503668 0.685547 
0.503906 0.685877 

0.632852 0.537109 
0.632812 0.537088 

0.632839 0.537109 
0.635742 0.538724 

0.636240 0.539062 
0.635742 0.538761 

0.609375 0.527377 
0.612305 0.528207 

0.612305 0.528264 
0.615234 0.529182 

0.664117 0.566406 
0.665039 0.567936 

0.665385 0.568359 
0.665039 0.567757 

0.666589 0.570312 
0.665390 0.568359 

0.643021 0.703125 
0.644531 0.701860 

0.511210 0.552734 
0.512695 0.551151 

0.513179 0.550781 
0.512695 0.551275 

0.511149 0.552734 
0.509766 0.554290 

0.675371 0.587891 
0.674612 0.585938 

0.676101 0.589844 
0.675370 0.587891 

0.516539 0.699219 
0.515625 0.698364 

0.646713 0.546875 
0.644535 0.544922 

0.548455 0.529297 
0.550781 0.528584 

0.547852 0.529560 
0.544922 0.530601 

0.548550 0.529297 
0.547852 0.529511 

0.670484 0.669922 
0.670898 0.668948 

0.671423 0.667969 
0.670898 0.669204 

0.670453 0.669922 
0.669411 0.671875 

0.533210 0.710938 
0.536133 0.712369 

0.537117 0.712891 
0.536133 0.712432 

0.537133 0.712891 
0.539062 0.713755 

0.650964 0.550781 
0.650391 0.550211 

0.682003 0.625000 
0.681947 0.626953 

0.681947 0.626953 
0.681852 0.628906 

0.541992 0.531840 
0.539062 0.533050 

0.543384 0.531250 
0.541992 0.531772 

0.651715 0.695312 
0.650391 0.696683 

0.494087 0.576172 
0.495072 0.574219 

0.495156 0.574219 
0.495117 0.574306 

0.493003 0.578125 
0.494028 0.576172 

0.541529 0.714844 
0.541992 0.715037 

0.544922 0.716223 
0.541992 0.715100 

0.570255 0.722656 
0.568359 0.722457 

0.485286 0.648438 
0.485823 0.650391 

0.485865 0.650391 
0.486328 0.652200 

0.562613 0.525391 
0.565430 0.524931 

0.568359 0.524443 
0.565430 0.524896 

0.562839 0.525391 
0.562500 0.525441 

0.565430 0.721978 
0.562500 0.721431 

0.568359 0.722430 
0.565430 0.721977 

0.498201 0.677734 
0.498047 0.677445 

0.498200 0.677734 
0.499410 0.679688 

0.680473 0.640625 
0.680102 0.642578 

0.680078 0.642578 
0.679714 0.644531 

0.585938 0.523514 
0.588867 0.523689 

0.588867 0.523692 
0.591797 0.523962 

0.504342 0.560547 
0.505858 0.558594 

0.504322 0.560547 
0.503906 0.561140 

0.612076 0.718750 
0.609375 0.719486 

0.497460 0.570312 
0.498047 0.569241 

0.489141 0.660156 
0.489258 0.660538 

0.489880 0.662109 
0.489258 0.660352 

0.489911 0.662109 
0.490760 0.664062 

0.553711 0.527644 
0.550781 0.528525 

0.554812 0.527344 
0.553711 0.527609 

0.673785 0.583984 
0.672982 0.582031 

0.673796 0.583984 
0.673828 0.584088 

0.486420 0.652344 
0.486328 0.651927 

0.522277 0.542969 
0.521484 0.543575 

0.597656 0.722145 
0.600586 0.721627 

0.600586 0.721619 
0.603516 0.721029 

0.490236 0.583984 
0.491117 0.582031 

0.489454 0.585938 
0.490219 0.583984 

0.583008 0.523441 
0.580078 0.523468 

0.583008 0.523440 
0.585938 0.523514 

0.577148 0.523594 
0.574219 0.523804 

0.580078 0.523469 
0.577148 0.523592 

0.679673 0.644531 
0.679688 0.644432 

0.483591 0.640625 
0.483952 0.642578 

0.483957 0.642578 
0.484364 0.644531 

0.482211 0.628906 
0.482342 0.630859 

0.482342 0.630859 
0.482511 0.632812 

0.604724 0.720703 
0.606445 0.720348 

0.606445 0.720314 
0.609375 0.719532 

0.604970 0.720703 
0.603516 0.720990 

0.679702 0.644531 
0.679688 0.644623 

0.615371 0.529297 
0.615234 0.529251 

0.615373 0.529297 
0.618164 0.530251 

0.620674 0.531250 
0.618164 0.530329 

0.591797 0.523968 
0.594727 0.524316 

0.594727 0.524312 
0.597656 0.524736 

0.559570 0.526088 
0.556641 0.526808 

0.562500 0.525467 
0.559570 0.526067 

0.673300 0.664062 
0.672401 0.666016 

0.672373 0.666016 
0.671446 0.667969 

0.658184 0.558594 
0.659180 0.559942 

0.659735 0.560547 
0.659180 0.559789 

0.661223 0.562500 
0.659767 0.560547 

0.661815 0.683594 
0.662109 0.683135 

0.519740 0.544922 
0.521484 0.543526 

0.517390 0.546875 
0.518555 0.545871 

0.519757 0.544922 
0.518555 0.545938 

0.482400 0.615234 
0.482588 0.613281 

0.482251 0.617188 
0.482399 0.615234 

0.487245 0.591797 
0.487920 0.589844 

0.486645 0.593750 
0.487243 0.591797 

0.655457 0.691406 
0.656250 0.690426 

0.527910 0.539062 
0.527344 0.539423 

0.533224 0.710938 
0.533203 0.710926 

0.569916 0.722656 
0.571289 0.722784 

0.574219 0.723063 
0.571289 0.722802 

0.676144 0.589844 
0.676758 0.591793 

0.676805 0.591797 
0.676758 0.591611 

0.677385 0.593750 
0.676819 0.591797 

0.671981 0.580078 
0.671089 0.578125 

0.672932 0.582031 
0.672008 0.580078 

0.681096 0.636719 
0.680805 0.638672 

0.680804 0.638672 
0.680473 0.640625 

0.534781 0.535156 
0.533203 0.535952 

0.669354 0.671875 
0.668293 0.673828 

0.668293 0.673828 
0.667969 0.674480 

0.656520 0.556641 
0.656250 0.556322 

0.658118 0.558594 
0.656541 0.556641 

0.679667 0.644531 
0.679257 0.646484 

0.679231 0.646484 
0.678740 0.648438 

0.517369 0.546875 
0.515625 0.548505 

0.496257 0.572266 
0.497423 0.570312 

0.495095 0.574219 
0.495117 0.574172 

0.495148 0.574219 
0.496191 0.572266 

0.492962 0.578125 
0.492188 0.579893 

0.681552 0.632812 
0.681344 0.634766 

0.681345 0.634766 
0.681096 0.636719 

0.523819 0.705078 
0.521484 0.703301 

0.523855 0.705078 
0.524414 0.705473 

0.526700 0.707031 
0.524414 0.705473 

0.682019 0.623047 
0.681992 0.621094 

0.682019 0.623047 
0.682004 0.625000 

0.583008 0.723423 
0.580078 0.723397 

0.583008 0.723424 
0.585938 0.723350 

0.664582 0.679688 
0.663273 0.681641 

0.663189 0.681641 
0.662109 0.683286 

0.497000 0.675781 
0.498047 0.677624 

0.594209 0.722656 
0.591797 0.722884 

0.526719 0.707031 
0.527344 0.707437 

0.521209 0.703125 
0.521484 0.703336 

0.484116 0.603516 
0.484545 0.601562 

0.483733 0.605469 
0.484116 0.603516 

0.681923 0.619141 
0.681812 0.617188 

0.681992 0.621094 
0.681923 0.619141 

0.661287 0.562500 
0.662109 0.563745 

0.502832 0.562500 
0.503906 0.560970 

0.488710 0.587891 
0.489258 0.586278 

0.489453 0.585938 
0.489258 0.586568 

0.487926 0.589844 
0.488661 0.587891 

0.486427 0.652344 
0.486996 0.654297 

0.487020 0.654297 
0.487676 0.656250 

0.499493 0.679688 
0.500766 0.681641 

0.500787 0.681641 
0.500977 0.681940 

0.502161 0.683594 
0.500977 0.681807 

0.679065 0.599609 
0.678550 0.597656 

0.679534 0.601562 
0.679082 0.599609 

0.667803 0.572266 
0.666670 0.570312 

0.667818 0.572266 
0.667969 0.572580 

0.680673 0.607422 
0.680332 0.605469 

0.680978 0.609375 
0.680674 0.607422 

0.486091 0.595703 
0.486328 0.594665 

0.485543 0.597656 
0.486069 0.595703 

0.559348 0.720703 
0.556641 0.720091 

0.559233 0.720703 
0.559570 0.720771 

0.562500 0.721406 
0.559570 0.720815 

0.541540 0.714844 
0.539062 0.713829 

0.487669 0.656250 
0.488379 0.658203 

0.488419 0.658203 
0.489116 0.660156 

0.482144 0.619141 
0.482251 0.617188 

0.482077 0.621094 
0.482144 0.619141 

0.492056 0.580078 
0.492188 0.579740 

0.491168 0.582031 
0.492032 0.580078 

0.505193 0.687500 
0.503906 0.685741 

0.485014 0.599609 
0.485526 0.597656 

0.484548 0.601562 
0.485017 0.599609 

0.552030 0.718750 
0.553711 0.719204 

0.556641 0.720055 
0.553711 0.719251 

0.662675 0.564453 
0.662109 0.563581 

0.664040 0.566406 
0.662704 0.564453 

0.482816 0.611328 
0.483084 0.609375 

0.482588 0.613281 
0.482816 0.611328 

0.577148 0.723273 
0.574219 0.723071 

0.580078 0.723395 
0.577148 0.723276 

0.661801 0.683594 
0.660384 0.685547 

0.658778 0.687500 
0.659180 0.686945 

0.660296 0.685547 
0.659180 0.687088 

0.681242 0.611328 
0.680977 0.609375 

0.681470 0.613281 
0.681242 0.611328 

0.585938 0.723349 
0.588867 0.723176 

0.588867 0.723170 
0.591797 0.722910 

0.538867 0.533203 
0.539062 0.533114 

0.534809 0.535156 
0.536133 0.534499 

0.538879 0.533203 
0.536133 0.534431 

0.678002 0.595703 
0.677415 0.593750 

0.678551 0.597656 
0.678002 0.595703 

0.516541 0.699219 
0.518555 0.701034 

0.518830 0.701172 
0.518555 0.700940 

0.518827 0.701172 
0.521176 0.703125 

0.634273 0.708984 
0.635742 0.708137 

0.637509 0.707031 
0.635742 0.708115 

0.634243 0.708984 
0.632812 0.709782 

0.640406 0.705078 
0.641602 0.704195 

0.643030 0.703125 
0.641602 0.704228 

0.640425 0.705078 
0.638672 0.706285 

0.529852 0.708984 
0.527344 0.707466 

0.529853 0.708984 
0.530273 0.709234 

0.533203 0.710868 
0.530273 0.709283 

0.593873 0.722656 
0.594727 0.722580 

0.594727 0.722565 
0.597656 0.722157 

0.482050 0.623047 
0.482077 0.621094 

0.482049 0.623047 
0.482063 0.625000 

0.637513 0.707031 
0.638672 0.706278 

0.655420 0.691406 
0.653706 0.693359 

0.651775 0.695312 
0.653320 0.693630 

0.653682 0.693359 
0.653320 0.693745 

0.679546 0.601562 
0.679688 0.602424 

0.620651 0.531250 
0.621094 0.531419 

0.630661 0.710938 
0.632812 0.709835 

0.531170 0.537109 
0.533203 0.536004 

0.527908 0.539062 
0.530273 0.537641 

0.531142 0.537109 
0.530273 0.537607 

0.483386 0.607422 
0.483398 0.607312 

0.483411 0.607422 
0.483718 0.605469 

0.483105 0.609375 
0.483374 0.607422 

0.483410 0.607422 
0.483398 0.607531 

0.679940 0.603516 
0.679688 0.602045 

0.680327 0.605469 
0.679959 0.603516 

0.681661 0.615234 
0.681471 0.613281 

0.681812 0.617188 
0.681661 0.615234 

