0.669418 0.568359 
0.668996 0.566406 

0.669795 0.570312 
0.669416 0.568359 

0.535888 0.681641 
0.533203 0.680675 

0.535882 0.681641 
0.536133 0.681731 

0.539062 0.682774 
0.536133 0.681794 

0.645902 0.521484 
0.644531 0.519841 

0.645983 0.521484 
0.647461 0.523338 

0.647634 0.523438 
0.647461 0.523221 

0.649812 0.650391 
0.650391 0.649542 

0.649774 0.650391 
0.648281 0.652344 

0.530863 0.679688 
0.533203 0.680595 

0.670703 0.576172 
0.670439 0.574219 

0.670715 0.576172 
0.670898 0.577993 

0.670931 0.578125 
0.670898 0.577696 

0.658477 0.539062 
0.659180 0.540520 

0.659509 0.541016 
0.659180 0.540283 

0.660484 0.542969 
0.659513 0.541016 

0.482087 0.632812 
0.483054 0.634766 

0.483082 0.634766 
0.483398 0.635488 

0.484062 0.636719 
0.483398 0.635294 

0.601333 0.683594 
0.603516 0.682960 

0.607015 0.681641 
0.609375 0.680798 

0.603516 0.682898 
0.606445 0.681910 

0.607042 0.681641 
0.606445 0.681853 

0.667714 0.615234 
0.667969 0.614048 

0.667693 0.615234 
0.667136 0.617188 

0.618556 0.500000 
0.621094 0.501259 

0.474947 0.562500 
0.474609 0.564066 

0.628659 0.505859 
0.626953 0.504732 

0.628647 0.505859 
0.629883 0.506729 

0.631382 0.507812 
0.629883 0.506707 

0.597656 0.684692 
0.600586 0.683879 

0.601442 0.683594 
0.600586 0.683832 

0.615234 0.498386 
0.618164 0.499735 

0.618561 0.500000 
0.618164 0.499800 

0.644150 0.519531 
0.644531 0.519974 

0.651252 0.648438 
0.650391 0.649701 

0.585938 0.687178 
0.588867 0.686698 

0.588867 0.686696 
0.591797 0.686127 

0.472833 0.572266 
0.473176 0.570312 

0.472530 0.574219 
0.472833 0.572266 

0.474479 0.564453 
0.474609 0.563767 

0.474013 0.566406 
0.474459 0.564453 

0.472415 0.601562 
0.472704 0.603516 

0.472704 0.603516 
0.473033 0.605469 

0.473033 0.605469 
0.473400 0.607422 

0.473399 0.607422 
0.473805 0.609375 

0.668499 0.564453 
0.668042 0.562500 

0.668995 0.566406 
0.668527 0.564453 

0.649158 0.525391 
0.647655 0.523438 

0.649242 0.525391 
0.650391 0.527011 

0.559570 0.489052 
0.556641 0.489447 

0.562500 0.488751 
0.559570 0.489062 

0.484106 0.636719 
0.485210 0.638672 

0.485274 0.638672 
0.486328 0.640612 

0.486423 0.640625 
0.486328 0.640434 

0.522806 0.675781 
0.524414 0.676613 

0.526674 0.677734 
0.524414 0.676677 

0.526668 0.677734 
0.527344 0.678055 

0.530273 0.679380 
0.527344 0.678117 

0.530877 0.679688 
0.530273 0.679443 

0.646632 0.654297 
0.647461 0.653210 

0.648234 0.652344 
0.647461 0.653365 

0.646584 0.654297 
0.644951 0.656250 

0.480236 0.628906 
0.480469 0.629553 

0.640385 0.515625 
0.641602 0.516918 

0.642339 0.517578 
0.641602 0.516801 

0.644130 0.519531 
0.642367 0.517578 

0.537967 0.494141 
0.539062 0.493795 

0.536133 0.494826 
0.533203 0.495897 

0.538057 0.494141 
0.536133 0.494759 

0.547852 0.491215 
0.544922 0.491944 

0.550781 0.490528 
0.547852 0.491190 

0.486418 0.640625 
0.487563 0.642578 

0.487641 0.642578 
0.488875 0.644531 

0.610003 0.496094 
0.612305 0.496990 

0.614619 0.498047 
0.612305 0.497072 

0.614617 0.498047 
0.615234 0.498321 

0.479752 0.548828 
0.480469 0.547003 

0.478866 0.550781 
0.479699 0.548828 

0.488900 0.644531 
0.489258 0.645130 

0.490192 0.646484 
0.489258 0.644982 

0.490274 0.646484 
0.491641 0.648438 

0.670135 0.572266 
0.669794 0.570312 

0.670438 0.574219 
0.670135 0.572266 

0.516212 0.671875 
0.518555 0.673345 

0.519319 0.673828 
0.518555 0.673369 

0.519336 0.673828 
0.521484 0.675049 

0.652121 0.529297 
0.650741 0.527344 

0.652205 0.529297 
0.653320 0.531031 

0.653553 0.531250 
0.653320 0.530870 

0.480597 0.546875 
0.480469 0.547245 

0.661495 0.544922 
0.660522 0.542969 

0.661541 0.544922 
0.662109 0.546332 

0.552071 0.490234 
0.553711 0.489970 

0.556641 0.489457 
0.553711 0.489934 

0.552364 0.490234 
0.550781 0.490499 

0.594349 0.685547 
0.594727 0.685477 

0.594727 0.685445 
0.597656 0.684729 

0.594546 0.685547 
0.591797 0.686093 

0.522772 0.675781 
0.521484 0.675092 

0.656090 0.535156 
0.656250 0.535468 

0.472265 0.576172 
0.472530 0.574219 

0.472038 0.578125 
0.472264 0.576172 

0.473808 0.609375 
0.474252 0.611328 

0.474285 0.611328 
0.474609 0.612910 

0.662409 0.546875 
0.662109 0.546071 

0.532866 0.496094 
0.533203 0.495960 

0.658858 0.636719 
0.657777 0.638672 

0.657709 0.638672 
0.656590 0.640625 

0.622255 0.501953 
0.621094 0.501320 

0.622284 0.501953 
0.624023 0.502920 

0.625620 0.503906 
0.624023 0.502956 

0.498796 0.519531 
0.498047 0.520420 

0.671458 0.589844 
0.671402 0.591797 

0.671401 0.591797 
0.671306 0.593750 

0.490843 0.529297 
0.492181 0.527344 

0.489457 0.531250 
0.490758 0.529297 

0.598895 0.492188 
0.597656 0.491883 

0.671473 0.587891 
0.671446 0.585938 

0.671473 0.587891 
0.671458 0.589844 

0.625639 0.503906 
0.626953 0.504727 

0.664410 0.625000 
0.663600 0.626953 

0.663594 0.626953 
0.662757 0.628906 

0.473555 0.568359 
0.473989 0.566406 

0.473175 0.570312 
0.473560 0.568359 

0.497033 0.521484 
0.498047 0.520264 

0.495395 0.523438 
0.496984 0.521484 

0.547852 0.685352 
0.544922 0.684616 

0.548719 0.685547 
0.547852 0.685381 

0.548475 0.685547 
0.550781 0.686002 

0.528254 0.498047 
0.530273 0.497189 

0.532878 0.496094 
0.530273 0.497113 

0.528250 0.498047 
0.527344 0.498448 

0.669143 0.609375 
0.668691 0.611328 

0.668681 0.611328 
0.668219 0.613281 

0.644928 0.656250 
0.644531 0.656701 

0.662721 0.628906 
0.662109 0.630476 

0.610014 0.496094 
0.609375 0.495843 

0.634764 0.666016 
0.635742 0.665154 

0.637033 0.664062 
0.635742 0.665230 

0.634769 0.666016 
0.632812 0.667667 

0.544122 0.492188 
0.544922 0.491990 

0.498110 0.656250 
0.498047 0.656177 

0.631369 0.507812 
0.632812 0.508958 

0.498124 0.656250 
0.499854 0.658203 

0.499900 0.658203 
0.500977 0.659368 

0.501843 0.660156 
0.500977 0.659233 

0.493797 0.525391 
0.495117 0.523631 

0.495387 0.523438 
0.495117 0.523792 

0.492290 0.527344 
0.493716 0.525391 

0.654800 0.533203 
0.653556 0.531250 

0.656073 0.535156 
0.654884 0.533203 

0.500623 0.517578 
0.500977 0.517213 

0.502580 0.515625 
0.500977 0.517320 

0.498825 0.519531 
0.500594 0.517578 

0.475831 0.617188 
0.476459 0.619141 

0.476473 0.619141 
0.477131 0.621094 

0.661881 0.630859 
0.662109 0.630235 

0.661859 0.630859 
0.660945 0.632812 

0.502622 0.515625 
0.503906 0.514349 

0.494680 0.652344 
0.495117 0.652916 

0.496283 0.654297 
0.495117 0.652780 

0.496366 0.654297 
0.497996 0.656250 

0.668206 0.613281 
0.667969 0.614427 

0.493100 0.650391 
0.492188 0.649058 

0.493175 0.650391 
0.494662 0.652344 

0.671377 0.583984 
0.671267 0.582031 

0.671446 0.585938 
0.671377 0.583984 

0.491662 0.648438 
0.492188 0.649220 

0.660903 0.632812 
0.659908 0.634766 

0.658882 0.636719 
0.659180 0.636049 

0.659874 0.634766 
0.659180 0.636268 

0.474739 0.613281 
0.474609 0.612582 

0.478547 0.625000 
0.479355 0.626953 

0.479395 0.626953 
0.480209 0.628906 

0.481063 0.630859 
0.480469 0.629340 

0.481093 0.630859 
0.482041 0.632812 

0.670809 0.599609 
0.670898 0.598516 

0.671000 0.597656 
0.670898 0.598947 

0.670802 0.599609 
0.670562 0.601562 

0.486844 0.535156 
0.486328 0.536148 

0.585938 0.489393 
0.588867 0.489862 

0.590939 0.490234 
0.588867 0.489900 

0.590648 0.490234 
0.591797 0.490418 

0.504727 0.513672 
0.506820 0.511719 

0.506937 0.511719 
0.506836 0.511807 

0.504718 0.513672 
0.503906 0.514455 

0.503923 0.662109 
0.505960 0.664062 

0.501865 0.660156 
0.503788 0.662109 

0.503831 0.662109 
0.503906 0.662179 

0.640337 0.515625 
0.638672 0.513942 

0.471661 0.593750 
0.471680 0.594179 

0.471787 0.595703 
0.471680 0.593893 

0.471794 0.595703 
0.471961 0.597656 

0.478091 0.552734 
0.478860 0.550781 

0.477389 0.554688 
0.477539 0.554150 

0.478059 0.552734 
0.477539 0.554374 

0.667124 0.617188 
0.666512 0.619141 

0.666515 0.619141 
0.665865 0.621094 

0.650728 0.527344 
0.650391 0.526858 

0.670556 0.601562 
0.670265 0.603516 

0.670266 0.603516 
0.669936 0.605469 

0.520703 0.501953 
0.521484 0.501510 

0.517451 0.503906 
0.518555 0.503221 

0.520699 0.501953 
0.518555 0.503189 

0.571289 0.688270 
0.568359 0.688207 

0.571289 0.688271 
0.574219 0.688237 

0.471851 0.580078 
0.472038 0.578125 

0.471707 0.582031 
0.471846 0.580078 

0.655403 0.642578 
0.656250 0.641066 

0.655336 0.642578 
0.654067 0.644531 

0.671106 0.580078 
0.670938 0.578125 

0.671267 0.582031 
0.671117 0.580078 

0.485720 0.537109 
0.486328 0.535941 

0.484558 0.539062 
0.485677 0.537109 

0.565430 0.688049 
0.562500 0.687820 

0.568359 0.688204 
0.565430 0.688053 

0.498021 0.656250 
0.498047 0.656278 

0.665841 0.621094 
0.665197 0.623047 

0.664456 0.625000 
0.665039 0.623292 

0.665185 0.623047 
0.665039 0.623542 

0.541617 0.683594 
0.539062 0.682838 

0.668028 0.562500 
0.667969 0.562201 

0.598721 0.492188 
0.600586 0.492666 

0.600586 0.492714 
0.603516 0.493630 

0.656588 0.640625 
0.656250 0.641266 

0.638271 0.513672 
0.636204 0.511719 

0.638272 0.513672 
0.638672 0.514055 

0.611995 0.679688 
0.612305 0.679560 

0.612305 0.679496 
0.615234 0.678243 

0.510753 0.667969 
0.509766 0.667184 

0.583373 0.687500 
0.585938 0.687198 

0.471604 0.583984 
0.471680 0.582202 

0.471706 0.582031 
0.471680 0.582675 

0.471530 0.585938 
0.471596 0.583984 

0.524307 0.500000 
0.524414 0.499945 

0.527344 0.498512 
0.524414 0.499883 

0.471501 0.587891 
0.471529 0.585938 

0.471502 0.587891 
0.471515 0.589844 

0.571289 0.488283 
0.568359 0.488346 

0.571289 0.488282 
0.574219 0.488315 

0.565430 0.488508 
0.562500 0.488748 

0.568359 0.488348 
0.565430 0.488505 

0.671307 0.593750 
0.671176 0.595703 

0.671172 0.595703 
0.671011 0.597656 

0.637053 0.664062 
0.638672 0.662492 

0.509224 0.509766 
0.509766 0.509333 

0.506944 0.511719 
0.509196 0.509766 

0.652730 0.646484 
0.653320 0.645512 

0.654025 0.644531 
0.653320 0.645697 

0.652693 0.646484 
0.651318 0.648438 

0.481469 0.544922 
0.482448 0.542969 

0.480592 0.546875 
0.481439 0.544922 

0.483500 0.541016 
0.484500 0.539062 

0.482509 0.542969 
0.483398 0.541078 

0.483510 0.541016 
0.483398 0.541281 

0.488167 0.533203 
0.489258 0.531413 

0.489452 0.531250 
0.489258 0.531584 

0.486872 0.535156 
0.488092 0.533203 

0.541992 0.492830 
0.539062 0.493744 

0.544258 0.492188 
0.541992 0.492781 

0.643125 0.658203 
0.644531 0.656581 

0.641132 0.660156 
0.641602 0.659665 

0.643057 0.658203 
0.641602 0.659792 

0.477167 0.621094 
0.477539 0.622373 

0.477821 0.623047 
0.477539 0.622050 

0.477831 0.623047 
0.478539 0.625000 

0.474746 0.613281 
0.475242 0.615234 

0.475259 0.615234 
0.475835 0.617188 

0.623688 0.673828 
0.624023 0.673634 

0.626922 0.671875 
0.624023 0.673613 

0.623709 0.673828 
0.621094 0.675242 

0.471515 0.589844 
0.471569 0.591797 

0.471576 0.591797 
0.471656 0.593750 

0.580078 0.687856 
0.583008 0.687577 

0.583616 0.687500 
0.583008 0.687558 

0.574219 0.688237 
0.577148 0.688104 

0.577148 0.688101 
0.580078 0.687874 

0.667474 0.560547 
0.666880 0.558594 

0.667508 0.560547 
0.667969 0.562406 

0.663235 0.548828 
0.662422 0.546875 

0.664079 0.550781 
0.663254 0.548828 

0.559556 0.687500 
0.556641 0.687135 

0.559399 0.687500 
0.559570 0.687516 

0.562500 0.687804 
0.559570 0.687536 

0.633868 0.509766 
0.632812 0.508908 

0.633876 0.509766 
0.635742 0.511418 

0.636178 0.511719 
0.635742 0.511339 

0.574219 0.488315 
0.577148 0.488449 

0.577148 0.488450 
0.580078 0.488682 

0.553711 0.686620 
0.550781 0.686042 

0.556641 0.687114 
0.553711 0.686620 

0.471960 0.597656 
0.472166 0.599609 

0.472166 0.599609 
0.472414 0.601562 

0.475501 0.560547 
0.476074 0.558594 

0.474972 0.562500 
0.475500 0.560547 

0.541554 0.683594 
0.541992 0.683717 

0.544922 0.684577 
0.541992 0.683770 

0.476729 0.556641 
0.477365 0.554688 

0.476066 0.558594 
0.476695 0.556641 

0.657236 0.537109 
0.656250 0.535308 

0.658423 0.539062 
0.657291 0.537109 

0.517438 0.503906 
0.515625 0.505078 

0.591797 0.490444 
0.594727 0.491086 

0.594727 0.491110 
0.597656 0.491841 

0.524324 0.500000 
0.521484 0.501456 

0.492283 0.527344 
0.492188 0.527486 

0.666239 0.556641 
0.665570 0.554688 

0.666882 0.558594 
0.666245 0.556641 

0.626887 0.671875 
0.626953 0.671832 

0.632357 0.667969 
0.632812 0.667606 

0.510731 0.667969 
0.512695 0.669460 

0.513379 0.669922 
0.512695 0.669427 

0.513365 0.669922 
0.515625 0.671485 

0.620149 0.675781 
0.621094 0.675289 

0.612015 0.679688 
0.609375 0.680716 

0.514487 0.505859 
0.515625 0.505088 

0.511759 0.507812 
0.512695 0.507122 

0.514474 0.505859 
0.512695 0.507134 

0.516218 0.671875 
0.515625 0.671482 

0.664847 0.552734 
0.664111 0.550781 

0.664863 0.552734 
0.665039 0.553350 

0.665534 0.554688 
0.665039 0.553088 

0.669937 0.605469 
0.669563 0.607422 

0.669562 0.607422 
0.669146 0.609375 

0.604981 0.494141 
0.603516 0.493679 

0.604878 0.494141 
0.606445 0.494642 

0.606445 0.494705 
0.609375 0.495782 

0.505983 0.664062 
0.506836 0.664819 

0.508271 0.666016 
0.506836 0.664750 

0.508283 0.666016 
0.509766 0.667235 

0.641121 0.660156 
0.639202 0.662109 

0.639179 0.662109 
0.638672 0.662592 

0.616192 0.677734 
0.618164 0.676825 

0.620122 0.675781 
0.618164 0.676758 

0.616180 0.677734 
0.615234 0.678175 

0.629762 0.669922 
0.629883 0.669836 

0.632372 0.667969 
0.629883 0.669876 

0.629787 0.669922 
0.626953 0.671844 

0.511732 0.507812 
0.509766 0.509379 

0.580078 0.488688 
0.583008 0.489005 

0.583008 0.489005 
0.585938 0.489395 

