0.525700 0.761719 
0.527095 0.763672 

0.527112 0.763672 
0.527344 0.763995 

0.522957 0.757812 
0.524223 0.759766 

0.524244 0.759766 
0.524414 0.760035 

0.525613 0.761719 
0.524414 0.759904 

0.696749 0.742188 
0.697266 0.740793 

0.699827 0.734375 
0.699121 0.736328 

0.699106 0.736328 
0.698341 0.738281 

0.695387 0.658203 
0.694499 0.656250 

0.696337 0.660156 
0.695414 0.658203 

0.693435 0.654297 
0.692354 0.652344 

0.693493 0.654297 
0.694336 0.656081 

0.694493 0.656250 
0.694336 0.655875 

0.656375 0.615234 
0.656250 0.615166 

0.656362 0.615234 
0.659180 0.616760 

0.659835 0.617188 
0.659180 0.616799 

0.698323 0.738281 
0.697567 0.740234 

0.697554 0.740234 
0.697266 0.741074 

0.528628 0.765625 
0.527344 0.763860 

0.703084 0.722656 
0.702665 0.724609 

0.702640 0.724609 
0.702147 0.726562 

0.553159 0.787109 
0.550781 0.785678 

0.553162 0.787109 
0.553711 0.787432 

0.556641 0.789047 
0.553711 0.787483 

0.533853 0.771484 
0.533203 0.770746 

0.533875 0.771484 
0.535693 0.773438 

0.528712 0.765625 
0.530232 0.767578 

0.530341 0.767578 
0.530273 0.767493 

0.530256 0.767578 
0.530273 0.767599 

0.530353 0.767578 
0.531973 0.769531 

0.652688 0.613281 
0.653320 0.613591 

0.653320 0.613649 
0.656250 0.615112 

0.692308 0.652344 
0.691406 0.650590 

0.506266 0.689453 
0.506537 0.687500 

0.506036 0.691406 
0.506267 0.689453 

0.534613 0.630859 
0.536133 0.629227 

0.536569 0.628906 
0.536133 0.629353 

0.534549 0.630859 
0.533203 0.632385 

0.532035 0.769531 
0.533203 0.770892 

0.565430 0.609966 
0.562500 0.611162 

0.566843 0.609375 
0.565430 0.609899 

0.698777 0.666016 
0.698019 0.664062 

0.699503 0.667969 
0.698775 0.666016 

0.690569 0.753906 
0.691406 0.752336 

0.609375 0.601642 
0.612305 0.601819 

0.612305 0.601823 
0.615234 0.602096 

0.505489 0.701172 
0.505517 0.699219 

0.505489 0.701172 
0.505503 0.703125 

0.703091 0.722656 
0.703125 0.722431 

0.535723 0.773438 
0.536133 0.773851 

0.537726 0.775391 
0.536133 0.773749 

0.537763 0.775391 
0.539062 0.776650 

0.562271 0.611328 
0.562500 0.611225 

0.558157 0.613281 
0.559570 0.612591 

0.562283 0.611328 
0.559570 0.612523 

0.697194 0.662109 
0.696386 0.660156 

0.697206 0.662109 
0.697266 0.662296 

0.635304 0.796875 
0.635742 0.796759 

0.635742 0.796715 
0.638672 0.795781 

0.509881 0.730469 
0.509766 0.729947 

0.697982 0.664062 
0.697267 0.662109 

0.516068 0.746094 
0.515625 0.744988 

0.657833 0.787109 
0.659180 0.786351 

0.661135 0.785156 
0.659180 0.786328 

0.657801 0.787109 
0.656250 0.787953 

0.508753 0.726562 
0.509289 0.728516 

0.509330 0.728516 
0.509766 0.730240 

0.702486 0.677734 
0.701968 0.675781 

0.702955 0.679688 
0.702501 0.677734 

0.700166 0.669922 
0.699544 0.667969 

0.700211 0.669922 
0.700195 0.669861 

0.700178 0.669922 
0.700195 0.669995 

0.700788 0.671875 
0.700226 0.669922 

0.559570 0.790528 
0.556641 0.789113 

0.560496 0.791016 
0.559570 0.790590 

0.560508 0.791016 
0.562500 0.791892 

0.547125 0.783203 
0.544922 0.781517 

0.547160 0.783203 
0.547852 0.783693 

0.550001 0.785156 
0.547852 0.783693 

0.652689 0.613281 
0.650391 0.612217 

0.506431 0.714844 
0.506708 0.716797 

0.506721 0.716797 
0.506836 0.717727 

0.507031 0.718750 
0.506836 0.717339 

0.690507 0.753906 
0.689290 0.755859 

0.688016 0.757812 
0.688477 0.757001 

0.689241 0.755859 
0.688477 0.757188 

0.676305 0.630859 
0.674473 0.628906 

0.676325 0.630859 
0.676758 0.631335 

0.678163 0.632812 
0.676758 0.631206 

0.518172 0.750000 
0.518555 0.750818 

0.519206 0.751953 
0.518555 0.750622 

0.519250 0.751953 
0.520404 0.753906 

0.505844 0.693359 
0.506036 0.691406 

0.505693 0.695312 
0.505844 0.693359 

0.686090 0.642578 
0.685547 0.641736 

0.687448 0.644531 
0.686117 0.642578 

0.617186 0.800781 
0.618164 0.800692 

0.618164 0.800676 
0.621094 0.800263 

0.505584 0.697266 
0.505693 0.695312 

0.505517 0.699219 
0.505585 0.697266 

0.701413 0.673828 
0.700821 0.671875 

0.701969 0.675781 
0.701414 0.673828 

0.644531 0.609626 
0.647461 0.610811 

0.648499 0.611328 
0.647461 0.610876 

0.648501 0.611328 
0.650391 0.612144 

0.674448 0.628906 
0.673828 0.628280 

0.703362 0.681641 
0.703125 0.680245 

0.703747 0.683594 
0.703379 0.681641 

0.664050 0.783203 
0.665039 0.782475 

0.666658 0.781250 
0.665039 0.782509 

0.664074 0.783203 
0.662109 0.784542 

0.701054 0.730469 
0.700483 0.732422 

0.699856 0.734375 
0.700195 0.733140 

0.700469 0.732422 
0.700195 0.733476 

0.558129 0.613281 
0.556641 0.614023 

0.593506 0.800781 
0.594727 0.800894 

0.597656 0.801174 
0.594727 0.800912 

0.550019 0.785156 
0.550781 0.785649 

0.539907 0.777344 
0.541992 0.779241 

0.542172 0.779297 
0.541992 0.779144 

0.542173 0.779297 
0.544501 0.781250 

0.544533 0.781250 
0.544922 0.781551 

0.705455 0.701172 
0.705428 0.699219 

0.705455 0.701172 
0.705439 0.703125 

0.505958 0.710938 
0.506168 0.712891 

0.506166 0.712891 
0.506419 0.714844 

0.505503 0.703125 
0.505558 0.705078 

0.505559 0.705078 
0.505654 0.707031 

0.539902 0.777344 
0.539062 0.776553 

0.705438 0.703125 
0.705381 0.705078 

0.705381 0.705078 
0.705284 0.707031 

0.702149 0.726562 
0.701626 0.728516 

0.701627 0.728516 
0.701067 0.730469 

0.621094 0.602897 
0.624023 0.603378 

0.624656 0.603516 
0.624023 0.603413 

0.624455 0.603516 
0.626953 0.603979 

0.521664 0.755859 
0.521484 0.755520 

0.521665 0.755859 
0.522875 0.757812 

0.687527 0.644531 
0.688477 0.646105 

0.688796 0.646484 
0.688477 0.645927 

0.689993 0.648438 
0.688799 0.646484 

0.621094 0.800252 
0.624023 0.799732 

0.624023 0.799724 
0.626953 0.799134 

0.704521 0.714844 
0.704227 0.716797 

0.704226 0.716797 
0.703892 0.718750 

0.666646 0.781250 
0.667969 0.780128 

0.684708 0.640625 
0.685547 0.641900 

0.704666 0.689453 
0.704399 0.687500 

0.704897 0.691406 
0.704666 0.689453 

0.705284 0.707031 
0.705151 0.708984 

0.705151 0.708984 
0.704980 0.710938 

0.609375 0.801469 
0.612305 0.801294 

0.612305 0.801287 
0.615234 0.801025 

0.526283 0.640625 
0.527344 0.639105 

0.554479 0.615234 
0.556641 0.614075 

0.551202 0.617188 
0.553711 0.615693 

0.554455 0.615234 
0.553711 0.615658 

0.705091 0.693359 
0.704898 0.691406 

0.705245 0.695312 
0.705092 0.693359 

0.540724 0.625000 
0.539062 0.626564 

0.669010 0.779297 
0.670898 0.777518 

0.671189 0.777344 
0.670898 0.777610 

0.668999 0.779297 
0.667969 0.780189 

0.548264 0.619141 
0.550781 0.617468 

0.545575 0.621094 
0.547852 0.619417 

0.548279 0.619141 
0.547852 0.619439 

0.527784 0.638672 
0.529292 0.636719 

0.527764 0.638672 
0.527344 0.639276 

0.505654 0.707031 
0.505787 0.708984 

0.505787 0.708984 
0.505958 0.710938 

0.661135 0.785156 
0.662109 0.784534 

0.704095 0.685547 
0.703752 0.683594 

0.704400 0.687500 
0.704096 0.685547 

0.665694 0.621094 
0.667969 0.622988 

0.635420 0.796875 
0.632812 0.797584 

0.564967 0.792969 
0.565430 0.793159 

0.568359 0.794334 
0.565430 0.793222 

0.632745 0.605469 
0.632812 0.605484 

0.673196 0.775391 
0.673828 0.774750 

0.673189 0.775391 
0.671217 0.777344 

0.626953 0.604008 
0.629883 0.604706 

0.629883 0.604742 
0.632812 0.605461 

0.545591 0.621094 
0.544922 0.621608 

0.662936 0.619141 
0.662109 0.618592 

0.662953 0.619141 
0.665039 0.620644 

0.665663 0.621094 
0.665039 0.620624 

0.593831 0.800781 
0.591797 0.800563 

0.543079 0.623047 
0.544922 0.621558 

0.540747 0.625000 
0.541992 0.623917 

0.543096 0.623047 
0.541992 0.623985 

0.705358 0.697266 
0.705246 0.695312 

0.705428 0.699219 
0.705358 0.697266 

0.507825 0.722656 
0.508270 0.724609 

0.508266 0.724609 
0.508753 0.726562 

0.704981 0.710938 
0.704771 0.712891 

0.704772 0.712891 
0.704521 0.714844 

0.509889 0.730469 
0.510461 0.732422 

0.510482 0.732422 
0.511138 0.734375 

0.538549 0.626953 
0.539062 0.626477 

0.536573 0.628906 
0.538523 0.626953 

0.670268 0.625000 
0.670898 0.625592 

0.672391 0.626953 
0.670898 0.625493 

0.672433 0.626953 
0.673828 0.628386 

0.520470 0.753906 
0.521484 0.755704 

0.588867 0.800082 
0.585938 0.799533 

0.591797 0.800537 
0.588867 0.800080 

0.524836 0.642578 
0.526213 0.640625 

0.523491 0.644531 
0.524414 0.643052 

0.524816 0.642578 
0.524414 0.643233 

0.582885 0.798828 
0.580078 0.798189 

0.582790 0.798828 
0.583008 0.798872 

0.585938 0.799506 
0.583008 0.798917 

0.532714 0.632812 
0.533203 0.632266 

0.508474 0.677734 
0.508988 0.675781 

0.508007 0.679688 
0.508477 0.677734 

0.516080 0.746094 
0.517063 0.748047 

0.517117 0.748047 
0.518144 0.750000 

0.691210 0.650391 
0.690073 0.648438 

0.691227 0.650391 
0.691406 0.650764 

0.632812 0.605527 
0.635742 0.606361 

0.635742 0.606416 
0.638672 0.607330 

0.650297 0.791016 
0.650391 0.790972 

0.645836 0.792969 
0.647461 0.792319 

0.650314 0.791016 
0.647461 0.792244 

0.514256 0.742188 
0.515144 0.744141 

0.515180 0.744141 
0.515625 0.745256 

0.659842 0.617188 
0.662109 0.618581 

0.681619 0.636719 
0.682617 0.638079 

0.683161 0.638672 
0.682617 0.637924 

0.684641 0.640625 
0.683192 0.638672 

0.577148 0.605795 
0.574219 0.606675 

0.578352 0.605469 
0.577148 0.605759 

0.515522 0.658203 
0.515625 0.657937 

0.514639 0.660156 
0.515498 0.658203 

0.678238 0.632812 
0.679688 0.634557 

0.606445 0.801542 
0.603516 0.801514 

0.606445 0.801543 
0.609375 0.801470 

0.617531 0.800781 
0.615234 0.800999 

0.600586 0.801386 
0.597656 0.801182 

0.603516 0.801512 
0.600586 0.801390 

0.675193 0.773438 
0.673828 0.774870 

0.551209 0.617188 
0.550781 0.617459 

0.679965 0.634766 
0.679688 0.634435 

0.681553 0.636719 
0.679985 0.634766 

0.615234 0.602102 
0.618164 0.602455 

0.618164 0.602451 
0.621094 0.602880 

0.594727 0.602227 
0.591797 0.602590 

0.597656 0.601949 
0.594727 0.602234 

0.513704 0.662109 
0.514587 0.660156 

0.512918 0.664062 
0.513687 0.662109 

0.678872 0.769531 
0.677170 0.771484 

0.675256 0.773438 
0.676758 0.771786 

0.677145 0.771484 
0.676758 0.771902 

0.569919 0.794922 
0.568359 0.794398 

0.569834 0.794922 
0.571289 0.795404 

0.574219 0.796419 
0.571289 0.795459 

0.682189 0.765625 
0.680646 0.767578 

0.680590 0.767578 
0.679688 0.768713 

0.628064 0.798828 
0.629883 0.798450 

0.629883 0.798415 
0.632812 0.797630 

0.628304 0.798828 
0.626953 0.799095 

0.531019 0.634766 
0.532685 0.632812 

0.529346 0.636719 
0.530273 0.635517 

0.530983 0.634766 
0.530273 0.635676 

0.510087 0.671875 
0.509766 0.673209 

0.702968 0.679688 
0.703125 0.680631 

0.507575 0.681641 
0.508004 0.679688 

0.507191 0.683594 
0.507576 0.681641 

0.703892 0.718750 
0.703519 0.720703 

0.703494 0.720703 
0.703134 0.722656 

0.519727 0.650391 
0.520891 0.648438 

0.518614 0.652344 
0.519661 0.650391 

0.512604 0.738281 
0.512695 0.738582 

0.513348 0.740234 
0.512695 0.738410 

0.513378 0.740234 
0.514231 0.742188 

0.522151 0.646484 
0.523428 0.644531 

0.522109 0.646484 
0.521484 0.647611 

0.668093 0.623047 
0.667969 0.622943 

0.670269 0.625000 
0.668136 0.623047 

0.654152 0.789062 
0.656250 0.788008 

0.509553 0.673828 
0.509766 0.672887 

0.509007 0.675781 
0.509531 0.673828 

0.510711 0.669922 
0.511388 0.667969 

0.510108 0.671875 
0.510711 0.669922 

0.687990 0.757812 
0.686682 0.759766 

0.686600 0.759766 
0.685547 0.761380 

0.517560 0.654297 
0.518539 0.652344 

0.518623 0.652344 
0.518555 0.652496 

0.516474 0.656250 
0.517500 0.654297 

0.678910 0.769531 
0.679688 0.768562 

0.511131 0.734375 
0.511842 0.736328 

0.511884 0.736328 
0.512579 0.738281 

0.506863 0.685547 
0.507176 0.683594 

0.506559 0.687500 
0.506827 0.685547 

0.506861 0.685547 
0.506836 0.685778 

0.692759 0.750000 
0.691702 0.751953 

0.691702 0.751953 
0.691406 0.752550 

0.583008 0.604239 
0.580078 0.604960 

0.585938 0.603614 
0.583008 0.604219 

0.693893 0.748047 
0.694336 0.747012 

0.694835 0.746094 
0.694336 0.747272 

0.693859 0.748047 
0.692814 0.750000 

0.507045 0.718750 
0.507409 0.720703 

0.507414 0.720703 
0.507824 0.722656 

0.578152 0.605469 
0.580078 0.605004 

0.586179 0.603516 
0.588867 0.603080 

0.591797 0.602589 
0.588867 0.603044 

0.586422 0.603516 
0.585938 0.603588 

0.512178 0.666016 
0.512695 0.664475 

0.512915 0.664062 
0.512695 0.664772 

0.511396 0.667969 
0.512129 0.666016 

0.650391 0.790906 
0.653320 0.789545 

0.654136 0.789062 
0.653320 0.789477 

0.564977 0.792969 
0.562500 0.791968 

0.606445 0.601570 
0.603516 0.601599 

0.606445 0.601569 
0.609375 0.601642 

0.641004 0.794922 
0.641602 0.794721 

0.641602 0.794665 
0.644531 0.793561 

0.641068 0.794922 
0.638672 0.795716 

0.645857 0.792969 
0.644531 0.793497 

0.685219 0.761719 
0.683807 0.763672 

0.682210 0.765625 
0.682617 0.765059 

0.683719 0.763672 
0.682617 0.765203 

0.644035 0.609375 
0.644531 0.609562 

0.516433 0.656250 
0.515625 0.658082 

0.571957 0.607422 
0.574219 0.606733 

0.571289 0.607705 
0.568359 0.608740 

0.572058 0.607422 
0.571289 0.607657 

0.685234 0.761719 
0.685547 0.761228 

0.575556 0.796875 
0.577148 0.797303 

0.580078 0.798153 
0.577148 0.797350 

0.575718 0.796875 
0.574219 0.796465 

0.696708 0.742188 
0.695805 0.744141 

0.695778 0.744141 
0.694854 0.746094 

0.520926 0.648438 
0.521484 0.647414 

0.638731 0.607422 
0.638672 0.607402 

0.638741 0.607422 
0.641602 0.608400 

0.644062 0.609375 
0.641602 0.608478 

0.600586 0.601730 
0.597656 0.601944 

0.603516 0.601601 
0.600586 0.601727 

0.566792 0.609375 
0.568359 0.608802 

