0.692790 0.710938 
0.692090 0.712891 

0.692049 0.712891 
0.691406 0.714793 

0.636919 0.585938 
0.638672 0.586602 

0.696351 0.658203 
0.695928 0.656250 

0.696729 0.660156 
0.696348 0.658203 

0.695457 0.654297 
0.694944 0.652344 

0.695929 0.656250 
0.695460 0.654297 

0.498811 0.669922 
0.499002 0.667969 

0.498660 0.671875 
0.498810 0.669922 

0.537546 0.757812 
0.539062 0.758973 

0.504328 0.644531 
0.503906 0.645998 

0.632812 0.584361 
0.635742 0.585421 

0.636955 0.585938 
0.635742 0.585479 

0.693842 0.648438 
0.694336 0.650270 

0.694409 0.650391 
0.694336 0.650059 

0.694917 0.652344 
0.694420 0.650391 

0.691755 0.642578 
0.691406 0.641461 

0.692461 0.644531 
0.691772 0.642578 

0.568431 0.773438 
0.571289 0.774211 

0.574219 0.775028 
0.571289 0.774258 

0.697628 0.666016 
0.697379 0.664062 

0.697870 0.667969 
0.697639 0.666016 

0.654052 0.761719 
0.656250 0.760273 

0.499232 0.666016 
0.499500 0.664062 

0.499002 0.667969 
0.499232 0.666016 

0.520731 0.615234 
0.521484 0.614201 

0.519235 0.617188 
0.520686 0.615234 

0.693158 0.646484 
0.692475 0.644531 

0.693804 0.648438 
0.693158 0.646484 

0.525030 0.746094 
0.526762 0.748047 

0.526792 0.748047 
0.527344 0.748637 

0.675150 0.742188 
0.673828 0.743917 

0.501713 0.703125 
0.502242 0.705078 

0.502238 0.705078 
0.502820 0.707031 

0.565057 0.583984 
0.565430 0.583863 

0.568359 0.582896 
0.565430 0.583805 

0.565085 0.583984 
0.562500 0.584841 

0.650727 0.763672 
0.653320 0.762195 

0.654040 0.761719 
0.653320 0.762166 

0.650732 0.763672 
0.650391 0.763865 

0.697071 0.662109 
0.696733 0.660156 

0.697088 0.662109 
0.697266 0.663515 

0.638672 0.586678 
0.641602 0.587888 

0.641593 0.587891 
0.641602 0.587894 

0.641602 0.587963 
0.644531 0.589271 

0.610467 0.777344 
0.609375 0.777447 

0.511125 0.726562 
0.512209 0.728516 

0.512241 0.728516 
0.512695 0.729425 

0.513333 0.730469 
0.512695 0.729231 

0.697368 0.664062 
0.697266 0.663149 

0.680926 0.734375 
0.679688 0.736323 

0.625585 0.582031 
0.626953 0.582368 

0.498924 0.687500 
0.499133 0.689453 

0.499133 0.689453 
0.499383 0.691406 

0.698424 0.677734 
0.698397 0.675781 

0.698424 0.677734 
0.698408 0.679688 

0.698062 0.669922 
0.697869 0.667969 

0.698215 0.671875 
0.698062 0.669922 

0.685345 0.628906 
0.685547 0.629353 

0.673545 0.744141 
0.673828 0.743775 

0.673532 0.744141 
0.671913 0.746094 

0.505561 0.714844 
0.506357 0.716797 

0.506398 0.716797 
0.506836 0.718027 

0.507192 0.718750 
0.506836 0.717734 

0.528701 0.750000 
0.527344 0.748525 

0.621104 0.775391 
0.624023 0.774709 

0.624023 0.774671 
0.626953 0.773861 

0.621168 0.775391 
0.621094 0.775406 

0.691319 0.714844 
0.690567 0.716797 

0.690525 0.716797 
0.689664 0.718750 

0.691036 0.640625 
0.691406 0.641774 

0.546134 0.763672 
0.544922 0.762946 

0.546162 0.763672 
0.547852 0.764638 

0.549635 0.765625 
0.547852 0.764685 

0.502828 0.707031 
0.503452 0.708984 

0.503493 0.708984 
0.503906 0.710456 

0.698327 0.673828 
0.698216 0.671875 

0.698397 0.675781 
0.698327 0.673828 

0.603516 0.578263 
0.606445 0.578479 

0.606445 0.578485 
0.609375 0.578791 

0.676105 0.615234 
0.674591 0.613281 

0.676146 0.615234 
0.676758 0.616116 

0.677608 0.617188 
0.676758 0.615959 

0.628339 0.773438 
0.626953 0.773816 

0.499383 0.691406 
0.499674 0.693359 

0.499675 0.693359 
0.500005 0.695312 

0.518674 0.738281 
0.520060 0.740234 

0.520143 0.740234 
0.521484 0.742073 

0.583008 0.776844 
0.580078 0.776330 

0.585938 0.777259 
0.583008 0.776855 

0.521682 0.742188 
0.521484 0.741917 

0.517803 0.619141 
0.518555 0.617984 

0.519192 0.617188 
0.518555 0.618163 

0.516426 0.621094 
0.517759 0.619141 

0.679601 0.736328 
0.679688 0.736187 

0.679590 0.736328 
0.678265 0.738281 

0.522281 0.613281 
0.521484 0.614366 

0.679062 0.619141 
0.677671 0.617188 

0.679099 0.619141 
0.679688 0.620094 

0.500002 0.695312 
0.500377 0.697266 

0.500392 0.697266 
0.500787 0.699219 

0.685801 0.726562 
0.685547 0.727109 

0.498622 0.683594 
0.498755 0.685547 

0.498755 0.685547 
0.498925 0.687500 

0.647186 0.765625 
0.647461 0.765484 

0.647461 0.765431 
0.650391 0.763914 

0.509468 0.632812 
0.509766 0.632107 

0.504125 0.710938 
0.504779 0.712891 

0.504787 0.712891 
0.505541 0.714844 

0.686366 0.630859 
0.685547 0.629160 

0.687431 0.632812 
0.686407 0.630859 

0.505069 0.642578 
0.505857 0.640625 

0.504356 0.644531 
0.505067 0.642578 

0.540182 0.759766 
0.539062 0.758941 

0.540164 0.759766 
0.541992 0.761042 

0.543016 0.761719 
0.541992 0.761036 

0.628190 0.773438 
0.629883 0.772963 

0.629883 0.772909 
0.632812 0.771931 

0.515903 0.734375 
0.517183 0.736328 

0.517268 0.736328 
0.518555 0.738262 

0.518668 0.738281 
0.518555 0.738106 

0.672869 0.611328 
0.671216 0.609375 

0.672920 0.611328 
0.673828 0.612500 

0.551057 0.589844 
0.550781 0.589982 

0.684168 0.626953 
0.683020 0.625000 

0.685328 0.628906 
0.684241 0.626953 

0.691332 0.714844 
0.691406 0.714589 

0.586694 0.777344 
0.585938 0.777278 

0.695115 0.703125 
0.694616 0.705078 

0.694074 0.707031 
0.694336 0.705892 

0.694600 0.705078 
0.694336 0.706259 

0.687837 0.722656 
0.686833 0.724609 

0.686792 0.724609 
0.685801 0.726562 

0.516366 0.621094 
0.515625 0.622349 

0.536063 0.599609 
0.536133 0.599553 

0.538534 0.597656 
0.536133 0.599597 

0.533784 0.601562 
0.536013 0.599609 

0.501445 0.654297 
0.501949 0.652344 

0.500968 0.656250 
0.500977 0.656200 

0.500998 0.656250 
0.501420 0.654297 

0.571289 0.582032 
0.568359 0.582841 

0.500570 0.658203 
0.500952 0.656250 

0.500994 0.656250 
0.500977 0.656360 

0.500150 0.660156 
0.500541 0.658203 

0.498457 0.677734 
0.498485 0.675781 

0.498457 0.677734 
0.498471 0.679688 

0.621094 0.580838 
0.624023 0.581563 

0.625783 0.582031 
0.624023 0.581604 

0.504117 0.710938 
0.503906 0.710135 

0.594727 0.778013 
0.591797 0.777841 

0.597656 0.778100 
0.594727 0.778016 

0.502477 0.650391 
0.503061 0.648438 

0.501949 0.652344 
0.502485 0.650391 

0.527621 0.607422 
0.529467 0.605469 

0.527614 0.607422 
0.527344 0.607712 

0.498552 0.673828 
0.498661 0.671875 

0.498485 0.675781 
0.498553 0.673828 

0.674548 0.613281 
0.673828 0.612347 

0.670071 0.748047 
0.670898 0.747082 

0.671860 0.746094 
0.670898 0.747227 

0.670039 0.748047 
0.668242 0.750000 

0.533783 0.601562 
0.533203 0.602083 

0.583008 0.579424 
0.580078 0.579907 

0.585938 0.578988 
0.583008 0.579404 

0.586357 0.777344 
0.588867 0.777573 

0.591797 0.777837 
0.588867 0.777592 

0.689643 0.718750 
0.688797 0.720703 

0.687886 0.722656 
0.688477 0.721246 

0.688787 0.720703 
0.688477 0.721502 

0.508504 0.634766 
0.509439 0.632812 

0.507538 0.636719 
0.508462 0.634766 

0.543018 0.761719 
0.544922 0.762921 

0.594727 0.578227 
0.591797 0.578406 

0.597656 0.578137 
0.594727 0.578225 

0.523939 0.611328 
0.524414 0.610761 

0.525673 0.609375 
0.524414 0.610887 

0.522329 0.613281 
0.523913 0.611328 

0.521690 0.742188 
0.523230 0.744141 

0.523291 0.744141 
0.524414 0.745533 

0.525004 0.746094 
0.524414 0.745377 

0.531584 0.603516 
0.533203 0.601992 

0.529489 0.605469 
0.530273 0.604688 

0.531548 0.603516 
0.530273 0.604789 

0.575850 0.775391 
0.574219 0.775060 

0.575597 0.775391 
0.577148 0.775695 

0.580078 0.776324 
0.577148 0.775736 

0.633902 0.771484 
0.635742 0.770849 

0.635742 0.770776 
0.638672 0.769645 

0.633969 0.771484 
0.632812 0.771879 

0.509105 0.722656 
0.509766 0.724158 

0.513377 0.730469 
0.514583 0.732422 

0.514649 0.732422 
0.515625 0.734082 

0.682275 0.732422 
0.682617 0.731782 

0.683442 0.730469 
0.682617 0.731962 

0.682250 0.732422 
0.681009 0.734375 

0.571269 0.582031 
0.571289 0.582026 

0.574219 0.581248 
0.571289 0.581968 

0.588867 0.578668 
0.585938 0.578996 

0.591797 0.578410 
0.588867 0.578668 

0.684721 0.728516 
0.685547 0.726888 

0.684662 0.728516 
0.683494 0.730469 

0.499806 0.662109 
0.500152 0.660156 

0.499500 0.664062 
0.499806 0.662109 

0.638768 0.769531 
0.638672 0.769572 

0.676698 0.740234 
0.676758 0.740148 

0.678172 0.738281 
0.676795 0.740234 

0.676691 0.740234 
0.675238 0.742188 

0.676773 0.740234 
0.676758 0.740256 

0.626953 0.582410 
0.629883 0.583308 

0.631891 0.583984 
0.629883 0.583362 

0.631785 0.583984 
0.632812 0.584306 

0.547519 0.591797 
0.547852 0.591608 

0.550781 0.590045 
0.547852 0.591555 

0.547525 0.591797 
0.544922 0.593291 

0.535090 0.755859 
0.533203 0.754151 

0.535113 0.755859 
0.536133 0.756707 

0.537550 0.757812 
0.536133 0.756656 

0.615234 0.776622 
0.618164 0.776069 

0.618164 0.776044 
0.621094 0.775456 

0.597656 0.578136 
0.600586 0.578147 

0.600586 0.578147 
0.603516 0.578262 

0.500804 0.699219 
0.500977 0.700219 

0.501220 0.701172 
0.500977 0.699848 

0.501236 0.701172 
0.501708 0.703125 

0.562751 0.771484 
0.562500 0.771401 

0.562711 0.771484 
0.565430 0.772376 

0.568359 0.773352 
0.565430 0.772444 

0.681748 0.623047 
0.680461 0.621094 

0.681812 0.623047 
0.682617 0.624467 

0.683013 0.625000 
0.682617 0.624267 

0.697952 0.687500 
0.697742 0.689453 

0.697741 0.689453 
0.697495 0.691406 

0.559570 0.586047 
0.556641 0.587210 

0.559684 0.585938 
0.559570 0.585980 

0.652788 0.593750 
0.650391 0.592386 

0.515896 0.734375 
0.515625 0.733896 

0.528758 0.750000 
0.530273 0.751565 

0.530783 0.751953 
0.530273 0.751450 

0.530786 0.751953 
0.532809 0.753906 

0.549662 0.765625 
0.550781 0.766207 

0.506699 0.638672 
0.506836 0.638268 

0.507505 0.636719 
0.506836 0.638447 

0.505901 0.640625 
0.506674 0.638672 

0.667348 0.605469 
0.667969 0.606119 

0.697478 0.691406 
0.697266 0.693147 

0.553577 0.767578 
0.550781 0.766273 

0.553562 0.767578 
0.553711 0.767649 

0.556641 0.768972 
0.553711 0.767712 

0.694053 0.707031 
0.693458 0.708984 

0.693445 0.708984 
0.692788 0.710938 

0.680414 0.621094 
0.679688 0.619914 

0.532844 0.753906 
0.533203 0.754225 

0.698408 0.679688 
0.698351 0.681641 

0.698350 0.681641 
0.698254 0.683594 

0.498471 0.679688 
0.498526 0.681641 

0.498526 0.681641 
0.498621 0.683594 

0.697200 0.693359 
0.697266 0.692751 

0.697196 0.693359 
0.696883 0.695312 

0.538567 0.597656 
0.539062 0.597287 

0.658559 0.597656 
0.656250 0.595963 

0.668212 0.750000 
0.667969 0.750245 

0.510055 0.724609 
0.509766 0.723913 

0.510053 0.724609 
0.511063 0.726562 

0.603516 0.777973 
0.606445 0.777761 

0.606445 0.777746 
0.609375 0.777469 

0.661861 0.755859 
0.662109 0.755641 

0.661866 0.755859 
0.659606 0.757812 

0.666215 0.751953 
0.667969 0.750131 

0.664079 0.753906 
0.665039 0.752977 

0.666182 0.751953 
0.665039 0.753078 

0.568515 0.773438 
0.568359 0.773397 

0.688389 0.634766 
0.687482 0.632812 

0.688403 0.634766 
0.688477 0.634966 

0.689278 0.636719 
0.688477 0.634777 

0.544250 0.593750 
0.544922 0.593331 

0.555209 0.587891 
0.556641 0.587276 

0.551061 0.589844 
0.553711 0.588608 

0.555208 0.587891 
0.553711 0.588539 

0.515121 0.623047 
0.515625 0.622170 

0.513880 0.625000 
0.515091 0.623047 

0.696871 0.695312 
0.696492 0.697266 

0.696492 0.697266 
0.696072 0.699219 

0.512653 0.626953 
0.512695 0.626869 

0.512710 0.626953 
0.513806 0.625000 

0.511590 0.628906 
0.512632 0.626953 

0.512717 0.626953 
0.512695 0.626998 

0.507198 0.718750 
0.508066 0.720703 

0.508097 0.720703 
0.509054 0.722656 

0.597656 0.778102 
0.600586 0.778090 

0.600586 0.778090 
0.603516 0.777976 

0.510456 0.630859 
0.511527 0.628906 

0.510416 0.630859 
0.509766 0.632304 

0.557854 0.769531 
0.559570 0.770198 

0.562500 0.771344 
0.559570 0.770266 

0.610154 0.777344 
0.612305 0.777107 

0.612305 0.777087 
0.615234 0.776626 

0.698254 0.683594 
0.698121 0.685547 

0.698121 0.685547 
0.697951 0.687500 

0.652778 0.593750 
0.653320 0.594079 

0.655857 0.595703 
0.653320 0.594080 

0.655830 0.595703 
0.656250 0.595991 

0.658533 0.597656 
0.659180 0.598162 

0.660990 0.599609 
0.659180 0.598112 

0.660981 0.599609 
0.662109 0.600607 

0.503708 0.646484 
0.503906 0.645726 

0.503087 0.648438 
0.503684 0.646484 

0.525747 0.609375 
0.527344 0.607574 

0.663266 0.601562 
0.665039 0.603286 

0.665392 0.603516 
0.665039 0.603182 

0.667338 0.605469 
0.665417 0.603516 

0.609375 0.578793 
0.612305 0.579174 

0.612305 0.579169 
0.615234 0.579630 

0.559677 0.585938 
0.562500 0.584919 

0.645563 0.589844 
0.644531 0.589341 

0.557883 0.769531 
0.556641 0.769039 

0.579227 0.580078 
0.580078 0.579941 

0.577148 0.580524 
0.574219 0.581214 

0.579460 0.580078 
0.577148 0.580496 

0.696070 0.699219 
0.695613 0.701172 

0.695612 0.701172 
0.695124 0.703125 

0.690175 0.638672 
0.689311 0.636719 

0.691005 0.640625 
0.690196 0.638672 

0.617790 0.580078 
0.615234 0.579665 

0.617531 0.580078 
0.618164 0.580174 

0.618164 0.580200 
0.621094 0.580815 

0.657003 0.759766 
0.659180 0.758090 

0.659575 0.757812 
0.659180 0.758124 

0.656977 0.759766 
0.656250 0.760275 

0.647203 0.765625 
0.644531 0.766902 

0.664061 0.753906 
0.662109 0.755736 

0.541287 0.595703 
0.541992 0.595221 

0.544237 0.593750 
0.541992 0.595209 

0.541258 0.595703 
0.539062 0.597307 

0.669287 0.607422 
0.667969 0.605995 

0.669357 0.607422 
0.670898 0.609166 

0.671192 0.609375 
0.670898 0.609049 

0.643195 0.767578 
0.644531 0.766968 

0.638773 0.769531 
0.641602 0.768360 

0.643180 0.767578 
0.641602 0.768286 

0.645583 0.589844 
0.647461 0.590756 

0.649342 0.591797 
0.647461 0.590815 

0.649371 0.591797 
0.650391 0.592352 

0.663252 0.601562 
0.662109 0.600532 

