0.475637 0.568359 
0.476139 0.566406 

0.475164 0.570312 
0.475635 0.568359 

0.669695 0.568359 
0.669185 0.566406 

0.670167 0.570312 
0.669697 0.568359 

0.532126 0.683594 
0.533203 0.684032 

0.542581 0.687500 
0.544922 0.688132 

0.536133 0.685206 
0.533203 0.684093 

0.536986 0.685547 
0.536133 0.685261 

0.536910 0.685547 
0.539062 0.686260 

0.611235 0.500000 
0.612305 0.500406 

0.612305 0.500471 
0.615234 0.501685 

0.645361 0.523438 
0.644531 0.522503 

0.527725 0.681641 
0.527344 0.681461 

0.527732 0.681641 
0.530273 0.682760 

0.532140 0.683594 
0.530273 0.682837 

0.671290 0.576172 
0.670981 0.574219 

0.671608 0.578125 
0.671307 0.576172 

0.658459 0.541016 
0.657274 0.539062 

0.658509 0.541016 
0.659180 0.542346 

0.659591 0.542969 
0.659180 0.542112 

0.481365 0.632812 
0.482272 0.634766 

0.482322 0.634766 
0.483217 0.636719 

0.615677 0.501953 
0.615234 0.501753 

0.615679 0.501953 
0.618164 0.503055 

0.619766 0.503906 
0.618164 0.503128 

0.476694 0.564453 
0.477257 0.562500 

0.476132 0.566406 
0.476676 0.564453 

0.602560 0.687500 
0.603516 0.687241 

0.641498 0.519531 
0.641602 0.519635 

0.643456 0.521484 
0.641616 0.519531 

0.643504 0.521484 
0.644531 0.522642 

0.655205 0.648438 
0.653891 0.650391 

0.652501 0.652344 
0.653320 0.651080 

0.653864 0.650391 
0.653320 0.651247 

0.502984 0.664062 
0.503906 0.664998 

0.608236 0.685547 
0.609375 0.685158 

0.603516 0.687196 
0.606445 0.686235 

0.608314 0.685547 
0.606445 0.686175 

0.474376 0.574219 
0.474609 0.572745 

0.473132 0.601562 
0.473339 0.603516 

0.473338 0.603516 
0.473586 0.605469 

0.473587 0.605469 
0.473876 0.607422 

0.473874 0.607422 
0.474207 0.609375 

0.571289 0.692161 
0.568359 0.692061 

0.574219 0.692168 
0.571289 0.692163 

0.493363 0.531250 
0.492188 0.532987 

0.668614 0.564453 
0.668081 0.562500 

0.669183 0.566406 
0.668637 0.564453 

0.652435 0.652344 
0.651001 0.654297 

0.650967 0.654297 
0.650391 0.655104 

0.647066 0.525391 
0.645396 0.523438 

0.647086 0.525391 
0.647461 0.525859 

0.648736 0.527344 
0.647461 0.525721 

0.483243 0.636719 
0.483398 0.637103 

0.484178 0.638672 
0.483398 0.636949 

0.484223 0.638672 
0.485280 0.640625 

0.523998 0.679688 
0.521484 0.678344 

0.474743 0.572266 
0.475149 0.570312 

0.474735 0.572266 
0.474609 0.573109 

0.619796 0.503906 
0.621094 0.504553 

0.547852 0.688972 
0.544922 0.688181 

0.549958 0.689453 
0.547852 0.689005 

0.549744 0.689453 
0.550781 0.689658 

0.649450 0.656250 
0.650391 0.654947 

0.479793 0.628906 
0.480469 0.630778 

0.639515 0.517578 
0.638672 0.516788 

0.641480 0.519531 
0.639534 0.517578 

0.486431 0.642578 
0.486328 0.642357 

0.486423 0.642578 
0.487511 0.644531 

0.611277 0.500000 
0.609375 0.499294 

0.533912 0.500000 
0.536133 0.499189 

0.539062 0.498102 
0.536133 0.499115 

0.487583 0.644531 
0.488771 0.646484 

0.488801 0.646484 
0.489258 0.647295 

0.490024 0.648438 
0.489258 0.647122 

0.670592 0.572266 
0.670168 0.570312 

0.670614 0.572266 
0.670898 0.573971 

0.670969 0.574219 
0.670898 0.573700 

0.517385 0.675781 
0.515625 0.674595 

0.650400 0.529297 
0.650391 0.529285 

0.651836 0.531250 
0.650425 0.529297 

0.480865 0.552734 
0.481709 0.550781 

0.480854 0.552734 
0.480469 0.553863 

0.482715 0.548828 
0.483398 0.547234 

0.483640 0.546875 
0.483398 0.547481 

0.481733 0.550781 
0.482662 0.548828 

0.660635 0.544922 
0.659597 0.542969 

0.661696 0.546875 
0.660689 0.544922 

0.633582 0.671875 
0.632812 0.672471 

0.545170 0.496094 
0.547852 0.495440 

0.550781 0.494689 
0.547852 0.495397 

0.541992 0.497128 
0.539062 0.498035 

0.544922 0.496221 
0.541992 0.497069 

0.655991 0.537109 
0.654738 0.535156 

0.656011 0.537109 
0.656250 0.537547 

0.474009 0.576172 
0.474351 0.574219 

0.473701 0.578125 
0.474006 0.576172 

0.565430 0.691868 
0.562500 0.691615 

0.568359 0.692058 
0.565430 0.691874 

0.474230 0.609375 
0.474562 0.611328 

0.474576 0.611328 
0.474609 0.611563 

0.662063 0.636719 
0.661135 0.638672 

0.661080 0.638672 
0.660025 0.640625 

0.501859 0.521484 
0.503718 0.519531 

0.499963 0.523438 
0.500977 0.522292 

0.501832 0.521484 
0.500977 0.522438 

0.672645 0.591797 
0.672618 0.589844 

0.672645 0.591797 
0.672630 0.593750 

0.672549 0.587891 
0.672439 0.585938 

0.672618 0.589844 
0.672549 0.587891 

0.571289 0.492204 
0.568359 0.492306 

0.574219 0.492197 
0.571289 0.492203 

0.553711 0.690291 
0.550781 0.689699 

0.556641 0.690834 
0.553711 0.690305 

0.585938 0.493133 
0.588867 0.493573 

0.588867 0.493597 
0.591797 0.494077 

0.637336 0.515625 
0.638672 0.516880 

0.623496 0.505859 
0.621094 0.504604 

0.623492 0.505859 
0.624023 0.506155 

0.626858 0.507812 
0.624023 0.506187 

0.667038 0.625000 
0.666326 0.626953 

0.666322 0.626953 
0.665582 0.628906 

0.565430 0.492504 
0.562500 0.492772 

0.568359 0.492308 
0.565430 0.492499 

0.670746 0.611328 
0.670898 0.610297 

0.671095 0.609375 
0.670898 0.610704 

0.670733 0.611328 
0.670330 0.613281 

0.649387 0.656250 
0.647835 0.658203 

0.646113 0.660156 
0.647461 0.658505 

0.647815 0.658203 
0.647461 0.658634 

0.664799 0.630859 
0.665039 0.630122 

0.665546 0.628906 
0.665039 0.630386 

0.664777 0.630859 
0.663953 0.632812 

0.580078 0.691874 
0.583008 0.691605 

0.584849 0.691406 
0.583008 0.691580 

0.638162 0.667969 
0.638672 0.667496 

0.574219 0.692169 
0.577148 0.692075 

0.577148 0.692074 
0.580078 0.691883 

0.626823 0.507812 
0.626953 0.507893 

0.629858 0.509766 
0.626953 0.507894 

0.629829 0.509766 
0.629883 0.509803 

0.632546 0.511719 
0.629883 0.509774 

0.499194 0.660156 
0.498047 0.658756 

0.517397 0.675781 
0.518555 0.676525 

0.520518 0.677734 
0.518555 0.676548 

0.520529 0.677734 
0.521484 0.678296 

0.496558 0.527344 
0.498047 0.525477 

0.653278 0.533203 
0.651930 0.531250 

0.653361 0.533203 
0.653320 0.533141 

0.653288 0.533203 
0.653320 0.533254 

0.654651 0.535156 
0.653372 0.533203 

0.560442 0.691406 
0.562500 0.691596 

0.646038 0.660156 
0.644531 0.661898 

0.503756 0.519531 
0.503906 0.519386 

0.475898 0.617188 
0.476430 0.619141 

0.476431 0.619141 
0.477017 0.621094 

0.492855 0.652344 
0.494285 0.654297 

0.494334 0.654297 
0.495117 0.655394 

0.495852 0.656250 
0.495117 0.655228 

0.670317 0.613281 
0.669862 0.615234 

0.669864 0.615234 
0.669377 0.617188 

0.492812 0.652344 
0.492188 0.651370 

0.672289 0.583984 
0.672100 0.582031 

0.672439 0.585938 
0.672289 0.583984 

0.490087 0.648438 
0.491404 0.650391 

0.491446 0.650391 
0.492188 0.651551 

0.662076 0.636719 
0.662109 0.636629 

0.474961 0.613281 
0.474609 0.611349 

0.478290 0.625000 
0.478987 0.626953 

0.478985 0.626953 
0.479741 0.628906 

0.669378 0.617188 
0.668856 0.619141 

0.668847 0.619141 
0.668304 0.621094 

0.485341 0.640625 
0.486328 0.642546 

0.480571 0.630859 
0.480469 0.630533 

0.480571 0.630859 
0.481344 0.632812 

0.672479 0.597656 
0.672348 0.599609 

0.672348 0.599609 
0.672180 0.601562 

0.545312 0.496094 
0.544922 0.496185 

0.489329 0.537109 
0.490551 0.535156 

0.488093 0.539062 
0.489242 0.537109 

0.489330 0.537109 
0.489258 0.537241 

0.574219 0.492196 
0.577148 0.492289 

0.577148 0.492290 
0.580078 0.492483 

0.650318 0.529297 
0.648822 0.527344 

0.650324 0.529297 
0.650391 0.529390 

0.638163 0.667969 
0.636022 0.669922 

0.633605 0.671875 
0.635742 0.670066 

0.635988 0.669922 
0.635742 0.670128 

0.508070 0.515625 
0.509766 0.514158 

0.628057 0.675781 
0.626953 0.676473 

0.523986 0.679688 
0.524414 0.679917 

0.527344 0.681395 
0.524414 0.679974 

0.559570 0.493106 
0.556641 0.493539 

0.562500 0.492770 
0.559570 0.493112 

0.640340 0.666016 
0.641602 0.664725 

0.642363 0.664062 
0.641602 0.664835 

0.640300 0.666016 
0.638672 0.667600 

0.597656 0.688922 
0.600586 0.688122 

0.602712 0.687500 
0.600586 0.688077 

0.499270 0.660156 
0.500977 0.662090 

0.501119 0.662109 
0.500977 0.661957 

0.501131 0.662109 
0.502957 0.664062 

0.624828 0.677734 
0.626953 0.676497 

0.621243 0.679688 
0.624023 0.678241 

0.624820 0.677734 
0.624023 0.678189 

0.472687 0.593750 
0.472741 0.595703 

0.472741 0.595703 
0.472834 0.597656 

0.580078 0.492487 
0.583008 0.492773 

0.583008 0.492777 
0.585938 0.493139 

0.480087 0.554688 
0.480469 0.553564 

0.521801 0.505859 
0.524414 0.504464 

0.525406 0.503906 
0.524414 0.504412 

0.521802 0.505859 
0.521484 0.506041 

0.672180 0.601562 
0.671973 0.603516 

0.671974 0.603516 
0.671727 0.605469 

0.473437 0.580078 
0.473702 0.578125 

0.473210 0.582031 
0.473437 0.580078 

0.671871 0.580078 
0.671607 0.578125 

0.672100 0.582031 
0.671872 0.580078 

0.495896 0.656250 
0.497458 0.658203 

0.497488 0.658203 
0.498047 0.658884 

0.667716 0.623047 
0.667969 0.622024 

0.667696 0.623047 
0.667055 0.625000 

0.632528 0.511719 
0.632812 0.511936 

0.668070 0.562500 
0.667969 0.562075 

0.600149 0.496094 
0.597656 0.495485 

0.658931 0.642578 
0.659180 0.642050 

0.659982 0.640625 
0.659180 0.642241 

0.658909 0.642578 
0.657782 0.644531 

0.609375 0.685097 
0.612305 0.683966 

0.613048 0.683594 
0.612305 0.683903 

0.635010 0.513672 
0.632812 0.511881 

0.634999 0.513672 
0.635742 0.514301 

0.637322 0.515625 
0.635742 0.514232 

0.591953 0.494141 
0.591797 0.494115 

0.591838 0.494141 
0.594727 0.494705 

0.594727 0.494732 
0.597656 0.495445 

0.599984 0.496094 
0.600586 0.496236 

0.600586 0.496274 
0.603516 0.497144 

0.668283 0.621094 
0.667969 0.622367 

0.553367 0.494141 
0.553711 0.494085 

0.556641 0.493565 
0.553711 0.494049 

0.553520 0.494141 
0.550781 0.494663 

0.529503 0.501953 
0.530273 0.501607 

0.533203 0.500341 
0.530273 0.501543 

0.529499 0.501953 
0.527344 0.502907 

0.473022 0.583984 
0.473210 0.582031 

0.472875 0.585938 
0.473022 0.583984 

0.472768 0.587891 
0.472875 0.585938 

0.472701 0.589844 
0.472768 0.587891 

0.630971 0.673828 
0.632812 0.672439 

0.628067 0.675781 
0.629883 0.674580 

0.630965 0.673828 
0.629883 0.674584 

0.663918 0.632812 
0.663020 0.634766 

0.662990 0.634766 
0.662146 0.636719 

0.672630 0.593750 
0.672574 0.595703 

0.672573 0.595703 
0.672479 0.597656 

0.621257 0.679688 
0.621094 0.679773 

0.585938 0.691247 
0.588867 0.690813 

0.588867 0.690805 
0.591797 0.690270 

0.655285 0.648438 
0.656250 0.646817 

0.484656 0.544922 
0.485722 0.542969 

0.483634 0.546875 
0.484604 0.544922 

0.505842 0.517578 
0.506836 0.516662 

0.508067 0.515625 
0.506836 0.516750 

0.505819 0.517578 
0.503906 0.519479 

0.485764 0.542969 
0.486328 0.541818 

0.491958 0.533203 
0.492188 0.532852 

0.490635 0.535156 
0.491937 0.533203 

0.595389 0.689453 
0.597656 0.688959 

0.591797 0.690257 
0.594727 0.689665 

0.595578 0.689453 
0.594727 0.689623 

0.477061 0.621094 
0.477539 0.622837 

0.477657 0.623047 
0.477539 0.622554 

0.477665 0.623047 
0.478272 0.625000 

0.474981 0.613281 
0.475420 0.615234 

0.475420 0.615234 
0.475901 0.617188 

0.617444 0.681641 
0.618164 0.681304 

0.618164 0.681240 
0.621094 0.679833 

0.617436 0.681641 
0.615234 0.682616 

0.472674 0.591797 
0.472701 0.589844 

0.472674 0.591797 
0.472687 0.593750 

0.584489 0.691406 
0.585938 0.691264 

0.667423 0.560547 
0.666734 0.558594 

0.667464 0.560547 
0.667969 0.562309 

0.662633 0.548828 
0.662109 0.547555 

0.663553 0.550781 
0.662659 0.548828 

0.559570 0.691266 
0.556641 0.690840 

0.560804 0.691406 
0.559570 0.691289 

0.657707 0.644531 
0.656538 0.646484 

0.656537 0.646484 
0.656250 0.646996 

0.472834 0.597656 
0.472965 0.599609 

0.472965 0.599609 
0.473133 0.601562 

0.477877 0.560547 
0.478525 0.558594 

0.477281 0.562500 
0.477539 0.561457 

0.477858 0.560547 
0.477539 0.561787 

0.541992 0.687266 
0.539062 0.686323 

0.542722 0.687500 
0.541992 0.687306 

0.661724 0.546875 
0.662109 0.547816 

0.479285 0.556641 
0.480053 0.554688 

0.478527 0.558594 
0.479261 0.556641 

0.657212 0.539062 
0.656250 0.537385 

0.510428 0.513672 
0.512695 0.511856 

0.512953 0.511719 
0.512695 0.511913 

0.510437 0.513672 
0.509766 0.514227 

0.498247 0.525391 
0.499919 0.523438 

0.498238 0.525391 
0.498047 0.525623 

0.606225 0.498047 
0.603516 0.497204 

0.606166 0.498047 
0.606445 0.498134 

0.606445 0.498188 
0.609375 0.499226 

0.518558 0.507812 
0.521484 0.506081 

0.525437 0.503906 
0.527344 0.502977 

0.494902 0.529297 
0.495117 0.529010 

0.496476 0.527344 
0.495117 0.529144 

0.493450 0.531250 
0.494886 0.529297 

0.665988 0.556641 
0.665276 0.554688 

0.666731 0.558594 
0.666008 0.556641 

0.486853 0.541016 
0.488016 0.539062 

0.486828 0.541016 
0.486328 0.542034 

0.515632 0.509766 
0.518555 0.507839 

0.518582 0.507812 
0.518555 0.507830 

0.515648 0.509766 
0.515625 0.509782 

0.511855 0.671875 
0.509766 0.670142 

0.533949 0.500000 
0.533203 0.500281 

0.613043 0.683594 
0.615234 0.682696 

0.664445 0.552734 
0.663573 0.550781 

0.664489 0.552734 
0.665039 0.554262 

0.665266 0.554688 
0.665039 0.553988 

0.671726 0.605469 
0.671436 0.607422 

0.671429 0.607422 
0.671110 0.609375 

0.505026 0.666016 
0.503906 0.664884 

0.505051 0.666016 
0.506836 0.667732 

0.507218 0.667969 
0.506836 0.667622 

0.662131 0.636719 
0.662109 0.636773 

0.644223 0.662109 
0.644531 0.661769 

0.644206 0.662109 
0.642389 0.664062 

0.511887 0.671875 
0.512695 0.672491 

0.514518 0.673828 
0.512695 0.672467 

0.514534 0.673828 
0.515625 0.674594 

0.507216 0.667969 
0.509398 0.669922 

0.509432 0.669922 
0.509766 0.670197 

0.512942 0.511719 
0.515616 0.509766 

