0.632812 0.580896 
0.635742 0.581969 

0.695898 0.658203 
0.695556 0.656250 

0.696202 0.660156 
0.695898 0.658203 

0.651572 0.589844 
0.650391 0.589147 

0.695178 0.654297 
0.694759 0.652344 

0.695556 0.656250 
0.695177 0.654297 

0.660732 0.751953 
0.662109 0.750681 

0.658352 0.753906 
0.659180 0.753225 

0.660725 0.751953 
0.659180 0.753282 

0.697156 0.669922 
0.697044 0.667969 

0.697225 0.671875 
0.697156 0.669922 

0.544945 0.759766 
0.544922 0.759752 

0.547852 0.761372 
0.544922 0.759767 

0.548410 0.761719 
0.547852 0.761424 

0.497380 0.669922 
0.497489 0.667969 

0.497313 0.671875 
0.497380 0.669922 

0.635742 0.582040 
0.638672 0.583201 

0.497639 0.666016 
0.497830 0.664062 

0.497488 0.667969 
0.497638 0.666016 

0.694277 0.650391 
0.693803 0.648438 

0.694286 0.650391 
0.694336 0.650684 

0.694732 0.652344 
0.694336 0.650411 

0.616549 0.576172 
0.615234 0.575960 

0.616271 0.576172 
0.618164 0.576499 

0.618164 0.576526 
0.621094 0.577201 

0.691955 0.642578 
0.691406 0.640743 

0.692625 0.644531 
0.691993 0.642578 

0.649596 0.759766 
0.650391 0.759315 

0.645966 0.761719 
0.647461 0.760957 

0.649588 0.759766 
0.647461 0.760911 

0.652887 0.757812 
0.650391 0.759296 

0.549996 0.585938 
0.550781 0.585544 

0.516632 0.615234 
0.518017 0.613281 

0.516551 0.615234 
0.515625 0.616703 

0.693221 0.646484 
0.692627 0.644531 

0.693776 0.648438 
0.693218 0.646484 

0.697236 0.675781 
0.697179 0.677734 

0.697179 0.677734 
0.697083 0.679688 

0.501650 0.703125 
0.502267 0.705078 

0.502261 0.705078 
0.502930 0.707031 

0.640340 0.583984 
0.638672 0.583274 

0.640341 0.583984 
0.641602 0.584532 

0.644521 0.585938 
0.641602 0.584600 

0.686226 0.628906 
0.685547 0.627386 

0.696468 0.662109 
0.696202 0.660156 

0.696698 0.664062 
0.696468 0.662109 

0.627023 0.769531 
0.629883 0.768660 

0.629883 0.768593 
0.632812 0.767615 

0.644498 0.585938 
0.644531 0.585954 

0.512227 0.726562 
0.512695 0.727446 

0.513381 0.728516 
0.512695 0.727261 

0.513433 0.728516 
0.514692 0.730469 

0.498214 0.687500 
0.498500 0.689453 

0.498503 0.689453 
0.498833 0.691406 

0.530453 0.599609 
0.532535 0.597656 

0.528372 0.601562 
0.530273 0.599652 

0.530447 0.599609 
0.530273 0.599772 

0.670648 0.742188 
0.668943 0.744141 

0.668906 0.744141 
0.667969 0.745172 

0.626953 0.578868 
0.629883 0.579788 

0.630619 0.580078 
0.629883 0.579840 

0.630559 0.580078 
0.632812 0.580820 

0.696891 0.666016 
0.696699 0.664062 

0.697044 0.667969 
0.696891 0.666016 

0.621094 0.771224 
0.624023 0.770468 

0.624023 0.770426 
0.626953 0.769618 

0.506085 0.714844 
0.506836 0.716686 

0.506960 0.716797 
0.506836 0.716453 

0.506953 0.716797 
0.507830 0.718750 

0.690963 0.708984 
0.691406 0.707545 

0.690922 0.708984 
0.690159 0.710938 

0.527621 0.746094 
0.529531 0.748047 

0.529552 0.748047 
0.530273 0.748737 

0.531677 0.750000 
0.530273 0.748648 

0.687661 0.716797 
0.688477 0.714858 

0.688545 0.714844 
0.688477 0.715035 

0.687607 0.716797 
0.686651 0.718750 

0.609375 0.575028 
0.612305 0.575439 

0.612305 0.575445 
0.615234 0.575923 

0.497285 0.673828 
0.497313 0.671875 

0.497285 0.673828 
0.497299 0.675781 

0.691317 0.640625 
0.691406 0.640967 

0.678511 0.732422 
0.679688 0.730570 

0.678424 0.732422 
0.677076 0.734375 

0.527613 0.746094 
0.527344 0.745816 

0.548427 0.761719 
0.550781 0.762886 

0.502957 0.707031 
0.503635 0.708984 

0.503660 0.708984 
0.503906 0.709815 

0.552355 0.763672 
0.550781 0.762949 

0.552369 0.763672 
0.553711 0.764283 

0.556641 0.765569 
0.553711 0.764350 

0.676458 0.613281 
0.676758 0.613739 

0.677856 0.615234 
0.676758 0.613589 

0.679266 0.617188 
0.677941 0.615234 

0.498833 0.691406 
0.499202 0.693359 

0.499204 0.693359 
0.499612 0.695312 

0.520496 0.738281 
0.521484 0.739589 

0.585297 0.773438 
0.585938 0.773497 

0.522099 0.740234 
0.521484 0.739430 

0.522132 0.740234 
0.523772 0.742188 

0.675616 0.736328 
0.676758 0.734677 

0.677066 0.734375 
0.676758 0.734833 

0.675532 0.736328 
0.674066 0.738281 

0.679288 0.617188 
0.679688 0.617876 

0.499610 0.695312 
0.500057 0.697266 

0.500056 0.697266 
0.500546 0.699219 

0.621094 0.577231 
0.624023 0.577959 

0.624492 0.578125 
0.624023 0.578007 

0.594727 0.774153 
0.591797 0.774015 

0.597656 0.774203 
0.594727 0.774156 

0.498201 0.687500 
0.498047 0.686042 

0.645934 0.761719 
0.644531 0.762422 

0.619927 0.771484 
0.621094 0.771255 

0.615234 0.772504 
0.618164 0.771922 

0.620184 0.771484 
0.618164 0.771883 

0.697252 0.673828 
0.697225 0.671875 

0.697252 0.673828 
0.697237 0.675781 

0.507291 0.630859 
0.508243 0.628906 

0.506419 0.632812 
0.506836 0.631726 

0.507278 0.630859 
0.506836 0.631999 

0.497761 0.683594 
0.497958 0.685547 

0.497967 0.685547 
0.498047 0.686429 

0.519579 0.611328 
0.521090 0.609375 

0.518038 0.613281 
0.518555 0.612527 

0.519502 0.611328 
0.518555 0.612685 

0.504373 0.710938 
0.505158 0.712891 

0.505169 0.712891 
0.506031 0.714844 

0.687222 0.630859 
0.686260 0.628906 

0.688152 0.632812 
0.687258 0.630859 

0.541862 0.757812 
0.541992 0.757898 

0.544922 0.759722 
0.541992 0.757927 

0.627033 0.769531 
0.626953 0.769554 

0.517497 0.734375 
0.518555 0.735925 

0.518945 0.736328 
0.518555 0.735753 

0.518962 0.736328 
0.520438 0.738281 

0.563770 0.580078 
0.565430 0.579569 

0.568359 0.578615 
0.565430 0.579515 

0.563885 0.580078 
0.562500 0.580509 

0.532558 0.597656 
0.533203 0.597097 

0.673373 0.609375 
0.673828 0.609990 

0.509325 0.626953 
0.509766 0.625983 

0.508291 0.628906 
0.509294 0.626953 

0.685244 0.626953 
0.684197 0.625000 

0.685265 0.626953 
0.685547 0.627612 

0.690148 0.710938 
0.689347 0.712891 

0.689318 0.712891 
0.688557 0.714844 

0.609375 0.773406 
0.612305 0.773023 

0.612305 0.773007 
0.615234 0.772506 

0.588867 0.773781 
0.585938 0.773516 

0.591797 0.774011 
0.588867 0.773794 

0.692873 0.703125 
0.692271 0.705078 

0.692254 0.705078 
0.691645 0.707031 

0.565430 0.768888 
0.562500 0.767917 

0.567501 0.769531 
0.565430 0.768944 

0.499365 0.654297 
0.499793 0.652344 

0.498980 0.656250 
0.499366 0.654297 

0.498635 0.658203 
0.498981 0.656250 

0.498328 0.660156 
0.498634 0.658203 

0.497449 0.679688 
0.497581 0.681641 

0.497580 0.681641 
0.497753 0.683594 

0.684604 0.722656 
0.683491 0.724609 

0.682333 0.726562 
0.682617 0.725998 

0.683443 0.724609 
0.682617 0.726181 

0.684664 0.722656 
0.685547 0.720851 

0.543074 0.589844 
0.544922 0.588721 

0.624403 0.578125 
0.626953 0.578812 

0.504349 0.710938 
0.503906 0.709543 

0.497847 0.664062 
0.498043 0.662109 

0.500290 0.650391 
0.500778 0.648438 

0.499790 0.652344 
0.500268 0.650391 

0.674919 0.611328 
0.673828 0.609848 

0.676445 0.613281 
0.675006 0.611328 

0.609146 0.773438 
0.609375 0.773419 

0.686621 0.718750 
0.685702 0.720703 

0.685698 0.720703 
0.685547 0.721051 

0.505524 0.634766 
0.506383 0.632812 

0.504671 0.636719 
0.505497 0.634766 

0.523805 0.742188 
0.524414 0.742884 

0.525610 0.744141 
0.524414 0.742763 

0.525678 0.744141 
0.527344 0.745947 

0.528344 0.601562 
0.527344 0.602623 

0.502500 0.642578 
0.503183 0.640625 

0.501883 0.644531 
0.502503 0.642578 

0.697083 0.679688 
0.696950 0.681641 

0.696950 0.681641 
0.696780 0.683594 

0.514750 0.730469 
0.515625 0.731903 

0.679840 0.730469 
0.679688 0.730723 

0.570146 0.578125 
0.568359 0.578573 

0.682309 0.726562 
0.681127 0.728516 

0.681049 0.728516 
0.679841 0.730469 

0.498073 0.662109 
0.498317 0.660156 

0.498072 0.662109 
0.498047 0.662420 

0.632812 0.767545 
0.635742 0.766469 

0.637714 0.765625 
0.635742 0.766393 

0.583008 0.773116 
0.580078 0.772640 

0.585543 0.773438 
0.583008 0.773141 

0.674049 0.738281 
0.673828 0.738569 

0.668178 0.603516 
0.667969 0.603298 

0.669951 0.605469 
0.668208 0.603516 

0.637690 0.765625 
0.638672 0.765231 

0.603516 0.773991 
0.606445 0.773744 

0.606445 0.773719 
0.609375 0.773440 

0.536408 0.753906 
0.538963 0.755859 

0.538994 0.755859 
0.539062 0.755908 

0.500583 0.699219 
0.500977 0.700926 

0.501087 0.701172 
0.500977 0.700626 

0.501094 0.701172 
0.501628 0.703125 

0.655770 0.755859 
0.656250 0.755512 

0.652867 0.757812 
0.653320 0.757524 

0.655798 0.755859 
0.653320 0.757535 

0.567374 0.769531 
0.568359 0.769800 

0.681892 0.621094 
0.682617 0.622453 

0.683032 0.623047 
0.682617 0.622233 

0.684133 0.625000 
0.683038 0.623047 

0.521105 0.609375 
0.521484 0.608891 

0.664960 0.748047 
0.665039 0.747969 

0.666961 0.746094 
0.665078 0.748047 

0.664940 0.748047 
0.662958 0.750000 

0.513959 0.619141 
0.515214 0.617188 

0.512662 0.621094 
0.512695 0.621032 

0.512725 0.621094 
0.513879 0.619141 

0.651589 0.589844 
0.653320 0.590908 

0.654658 0.591797 
0.653320 0.590916 

0.654661 0.591797 
0.656250 0.592923 

0.603516 0.574432 
0.606445 0.574687 

0.606445 0.574693 
0.609375 0.575030 

0.497299 0.675781 
0.497354 0.677734 

0.497354 0.677734 
0.497448 0.679688 

0.503232 0.640625 
0.503885 0.638672 

0.696322 0.687500 
0.696030 0.689453 

0.696029 0.689453 
0.695696 0.691406 

0.516048 0.732422 
0.515625 0.731717 

0.516070 0.732422 
0.517425 0.734375 

0.531707 0.750000 
0.533203 0.751345 

0.597656 0.774204 
0.600586 0.774151 

0.600586 0.774150 
0.603516 0.773995 

0.503954 0.638672 
0.504650 0.636719 

0.503949 0.638672 
0.503906 0.638823 

0.691633 0.707031 
0.691406 0.707848 

0.597656 0.574221 
0.600586 0.574274 

0.600586 0.574274 
0.603516 0.574430 

0.680540 0.619141 
0.679688 0.617704 

0.681839 0.621094 
0.680601 0.619141 

0.546349 0.587891 
0.547852 0.587063 

0.549996 0.585938 
0.547852 0.587008 

0.546318 0.587891 
0.544922 0.588688 

0.583008 0.575325 
0.580078 0.575793 

0.585938 0.574942 
0.583008 0.575320 

0.695698 0.691406 
0.695322 0.693359 

0.695322 0.693359 
0.694902 0.695312 

0.594727 0.574273 
0.591797 0.574416 

0.597656 0.574223 
0.594727 0.574271 

0.534900 0.595703 
0.536133 0.594714 

0.537422 0.593750 
0.536133 0.594758 

0.534884 0.595703 
0.533203 0.597165 

0.657395 0.593750 
0.659180 0.595215 

0.659831 0.595703 
0.659180 0.595163 

0.662010 0.597656 
0.659855 0.595703 

0.588867 0.574652 
0.585938 0.574951 

0.591797 0.574419 
0.588867 0.574648 

0.509948 0.722656 
0.510993 0.724609 

0.511059 0.724609 
0.512195 0.726562 

0.658375 0.753906 
0.656250 0.755550 

0.641958 0.763672 
0.644531 0.762493 

0.638672 0.765165 
0.641602 0.763907 

0.641958 0.763672 
0.641602 0.763839 

0.662940 0.750000 
0.662109 0.750766 

0.571289 0.770653 
0.568359 0.769847 

0.574219 0.771395 
0.571289 0.770689 

0.688177 0.632812 
0.688477 0.633651 

0.688986 0.634766 
0.688477 0.633381 

0.689814 0.636719 
0.689019 0.634766 

0.540114 0.591797 
0.541992 0.590536 

0.543061 0.589844 
0.541992 0.590528 

0.540125 0.591797 
0.539062 0.592549 

0.511547 0.623047 
0.512644 0.621094 

0.512728 0.621094 
0.512695 0.621158 

0.510360 0.625000 
0.511476 0.623047 

0.694881 0.695312 
0.694461 0.697266 

0.693993 0.699219 
0.694336 0.697604 

0.694448 0.697266 
0.694336 0.697885 

0.510327 0.625000 
0.509766 0.626201 

0.667000 0.746094 
0.667969 0.745034 

0.507865 0.718750 
0.508874 0.720703 

0.508934 0.720703 
0.509766 0.722441 

0.672448 0.740234 
0.673828 0.738443 

0.670661 0.742188 
0.670898 0.741904 

0.672363 0.740234 
0.670898 0.742041 

0.537403 0.593750 
0.539062 0.592525 

0.541836 0.757812 
0.539062 0.755903 

0.553946 0.583984 
0.556641 0.582875 

0.553711 0.584155 
0.550781 0.585482 

0.553944 0.583984 
0.553711 0.584087 

0.662018 0.597656 
0.662109 0.597739 

0.501320 0.646484 
0.501881 0.644531 

0.500799 0.648438 
0.500977 0.647586 

0.501298 0.646484 
0.500977 0.647903 

0.522823 0.607422 
0.524414 0.605529 

0.524591 0.605469 
0.524414 0.605670 

0.522742 0.607422 
0.521484 0.609025 

0.666243 0.601562 
0.667969 0.603411 

0.577955 0.576172 
0.580078 0.575830 

0.577148 0.576374 
0.574219 0.577011 

0.578244 0.576172 
0.577148 0.576346 

0.558663 0.582031 
0.556641 0.582796 

0.515239 0.617188 
0.515625 0.616552 

0.526385 0.603516 
0.527344 0.602493 

0.524601 0.605469 
0.526352 0.603516 

0.644531 0.586017 
0.647461 0.587467 

0.648135 0.587891 
0.647461 0.587526 

0.648138 0.587891 
0.650391 0.589110 

0.533991 0.751953 
0.533203 0.751271 

0.533982 0.751953 
0.536133 0.753755 

0.536417 0.753906 
0.536133 0.753684 

0.559570 0.766759 
0.556641 0.765640 

0.561718 0.767578 
0.559570 0.766836 

0.561666 0.767578 
0.562500 0.767864 

0.558634 0.582031 
0.559570 0.581676 

0.562500 0.580564 
0.559570 0.581618 

0.657389 0.593750 
0.656250 0.592902 

0.693962 0.699219 
0.693437 0.701172 

0.693435 0.701172 
0.692872 0.703125 

0.690594 0.638672 
0.689819 0.636719 

0.691303 0.640625 
0.690628 0.638672 

0.669995 0.605469 
0.670898 0.606564 

0.671726 0.607422 
0.670898 0.606414 

0.673347 0.609375 
0.671768 0.607422 

0.509955 0.722656 
0.509766 0.722225 

0.574542 0.771484 
0.574219 0.771425 

0.574352 0.771484 
0.577148 0.772040 

0.580078 0.772643 
0.577148 0.772077 

0.696781 0.683594 
0.696572 0.685547 

0.696573 0.685547 
0.696322 0.687500 

0.664142 0.599609 
0.662131 0.597656 

0.664162 0.599609 
0.665039 0.600489 

0.666199 0.601562 
0.665039 0.600378 

0.569959 0.578125 
0.571289 0.577803 

0.574219 0.577032 
0.571289 0.577759 

