0.668485 0.568359 
0.667969 0.567102 

0.669404 0.570312 
0.668510 0.568359 

0.669770 0.652344 
0.668872 0.654297 

0.668841 0.654297 
0.667998 0.656250 

0.591797 0.710774 
0.594727 0.710340 

0.594727 0.710332 
0.597656 0.709796 

0.497822 0.552734 
0.498047 0.552390 

0.496501 0.554688 
0.497801 0.552734 

0.498675 0.671875 
0.498047 0.670895 

0.671839 0.576172 
0.671129 0.574219 

0.672582 0.578125 
0.671860 0.576172 

0.495953 0.667969 
0.497269 0.669922 

0.497311 0.669922 
0.498047 0.671077 

0.480846 0.632812 
0.481286 0.634766 

0.481285 0.634766 
0.481767 0.636719 

0.493451 0.664062 
0.494638 0.666016 

0.494667 0.666016 
0.495117 0.666815 

0.495889 0.667969 
0.495117 0.666643 

0.655309 0.675781 
0.656250 0.674475 

0.605983 0.515625 
0.603516 0.515023 

0.636881 0.693359 
0.638672 0.692008 

0.633971 0.695312 
0.635742 0.694146 

0.636876 0.693359 
0.635742 0.694150 

0.661137 0.667969 
0.662109 0.666336 

0.504102 0.544922 
0.505771 0.542969 

0.504093 0.544922 
0.503906 0.545150 

0.478628 0.607422 
0.478735 0.605469 

0.478561 0.609375 
0.478628 0.607422 

0.535353 0.521484 
0.536133 0.521136 

0.539062 0.519873 
0.536133 0.521071 

0.535350 0.521484 
0.533203 0.522431 

0.667928 0.656250 
0.667969 0.656143 

0.661057 0.667969 
0.659743 0.669922 

0.658355 0.671875 
0.659180 0.670603 

0.659718 0.669922 
0.659180 0.670770 

0.484155 0.644531 
0.484853 0.646484 

0.484851 0.646484 
0.485608 0.648438 

0.644046 0.687500 
0.641915 0.689453 

0.639510 0.691406 
0.641602 0.689628 

0.641883 0.689453 
0.641602 0.689690 

0.507709 0.541016 
0.509565 0.539062 

0.505816 0.542969 
0.506836 0.541815 

0.507682 0.541016 
0.506836 0.541961 

0.670652 0.650391 
0.670898 0.649635 

0.671399 0.648438 
0.670898 0.649902 

0.670629 0.650391 
0.669804 0.652344 

0.478883 0.603516 
0.479071 0.601562 

0.478735 0.605469 
0.478883 0.603516 

0.531273 0.523438 
0.533203 0.522501 

0.523211 0.695312 
0.521484 0.694149 

0.655245 0.675781 
0.653696 0.677734 

0.651977 0.679688 
0.653320 0.678038 

0.653675 0.677734 
0.653320 0.678168 

0.481764 0.636719 
0.482296 0.638672 

0.482298 0.638672 
0.482883 0.640625 

0.499226 0.550781 
0.498047 0.552525 

0.590319 0.710938 
0.591797 0.710792 

0.639488 0.691406 
0.638672 0.692040 

0.500763 0.548828 
0.500977 0.548542 

0.502334 0.546875 
0.500977 0.548676 

0.499313 0.550781 
0.500747 0.548828 

0.480095 0.628906 
0.480426 0.630859 

0.480440 0.630859 
0.480469 0.631065 

0.486731 0.572266 
0.487576 0.570312 

0.486720 0.572266 
0.486328 0.573410 

0.673922 0.582031 
0.673828 0.581636 

0.647370 0.539062 
0.647461 0.539153 

0.649325 0.541016 
0.647488 0.539062 

0.649372 0.541016 
0.650391 0.542165 

0.630717 0.697266 
0.632812 0.696052 

0.627117 0.699219 
0.629883 0.697787 

0.630708 0.697266 
0.629883 0.697734 

0.491630 0.562500 
0.492188 0.561362 

0.651226 0.542969 
0.650391 0.542025 

0.676601 0.630859 
0.676758 0.629804 

0.676950 0.628906 
0.676758 0.630212 

0.676588 0.630859 
0.676183 0.632812 

0.670297 0.572266 
0.669424 0.570312 

0.670341 0.572266 
0.670898 0.573810 

0.671118 0.574219 
0.670898 0.573539 

0.674466 0.583984 
0.673934 0.582031 

0.675037 0.585938 
0.674490 0.583984 

0.643222 0.535156 
0.644531 0.536391 

0.521470 0.529297 
0.521484 0.529287 

0.518772 0.531250 
0.521442 0.529297 

0.678488 0.613281 
0.678432 0.615234 

0.678431 0.615234 
0.678337 0.617188 

0.513056 0.687500 
0.515234 0.689453 

0.515266 0.689453 
0.515625 0.689749 

0.529821 0.699219 
0.530273 0.699460 

0.533203 0.700934 
0.530273 0.699518 

0.527344 0.525595 
0.524414 0.527324 

0.677583 0.625000 
0.677292 0.626953 

0.677285 0.626953 
0.676965 0.628906 

0.667916 0.656250 
0.666985 0.658203 

0.666932 0.658203 
0.665877 0.660156 

0.517719 0.691406 
0.518555 0.692044 

0.520346 0.693359 
0.518555 0.692021 

0.520361 0.693359 
0.521484 0.694148 

0.524414 0.527348 
0.521484 0.529279 

0.678337 0.617188 
0.678205 0.619141 

0.678206 0.619141 
0.678037 0.621094 

0.551055 0.515625 
0.553711 0.514978 

0.556641 0.514226 
0.553711 0.514935 

0.638437 0.531250 
0.638672 0.531429 

0.559570 0.709817 
0.556641 0.709224 

0.562500 0.710360 
0.559570 0.709831 

0.533570 0.701172 
0.533203 0.701000 

0.533576 0.701172 
0.536133 0.702294 

0.537999 0.703125 
0.536133 0.702371 

0.585938 0.711402 
0.588867 0.711133 

0.590678 0.710938 
0.588867 0.711108 

0.517687 0.691406 
0.515625 0.689693 

0.678037 0.621094 
0.677830 0.623047 

0.677831 0.623047 
0.677583 0.625000 

0.527627 0.525391 
0.530273 0.523983 

0.531243 0.523438 
0.530273 0.523930 

0.527630 0.525391 
0.527344 0.525554 

0.485953 0.574219 
0.486328 0.573112 

0.667576 0.566406 
0.667969 0.567364 

0.597781 0.513672 
0.597656 0.513651 

0.597673 0.513672 
0.600586 0.514242 

0.600586 0.514270 
0.603516 0.514983 

0.623306 0.701172 
0.624023 0.700838 

0.624023 0.700774 
0.626953 0.699372 

0.623299 0.701172 
0.621094 0.702146 

0.675550 0.587891 
0.675039 0.585938 

0.676022 0.589844 
0.675552 0.587891 

0.509603 0.539062 
0.509766 0.538905 

0.644044 0.687500 
0.644531 0.687047 

0.656175 0.548828 
0.654681 0.546875 

0.656181 0.548828 
0.656250 0.548925 

0.652928 0.544922 
0.651261 0.542969 

0.652948 0.544922 
0.653320 0.545388 

0.654595 0.546875 
0.653320 0.545250 

0.485152 0.576172 
0.485919 0.574219 

0.484393 0.578125 
0.485127 0.576172 

0.664783 0.662109 
0.665039 0.661566 

0.665834 0.660156 
0.665039 0.661759 

0.664760 0.662109 
0.663632 0.664062 

0.551201 0.515625 
0.550781 0.515723 

0.580078 0.511728 
0.583008 0.511821 

0.583008 0.511822 
0.585938 0.512016 

0.667983 0.656250 
0.667969 0.656286 

0.627130 0.699219 
0.626953 0.699312 

0.485659 0.648438 
0.486328 0.650292 

0.501754 0.675781 
0.503314 0.677734 

0.503344 0.677734 
0.503906 0.678420 

0.617081 0.519531 
0.618164 0.519941 

0.618164 0.520006 
0.621094 0.521218 

0.478695 0.617188 
0.478826 0.619141 

0.478826 0.619141 
0.478995 0.621094 

0.482561 0.583984 
0.483123 0.582031 

0.481998 0.585938 
0.482542 0.583984 

0.491209 0.660156 
0.492188 0.662063 

0.486437 0.650391 
0.486328 0.650043 

0.486437 0.650391 
0.487211 0.652344 

0.492298 0.662109 
0.492188 0.661873 

0.492290 0.662109 
0.493379 0.664062 

0.498717 0.671875 
0.500146 0.673828 

0.500195 0.673828 
0.500977 0.674925 

0.501711 0.675781 
0.500977 0.674759 

0.511684 0.537109 
0.512695 0.536175 

0.513906 0.535156 
0.512695 0.536265 

0.511661 0.537109 
0.509766 0.538998 

0.678504 0.611328 
0.678477 0.609375 

0.678504 0.611328 
0.678489 0.613281 

0.674137 0.640625 
0.673828 0.641880 

0.478534 0.611328 
0.478561 0.609375 

0.478534 0.611328 
0.478547 0.613281 

0.479449 0.625000 
0.479739 0.626953 

0.479737 0.626953 
0.480070 0.628906 

0.482927 0.640625 
0.483398 0.642349 

0.483523 0.642578 
0.483398 0.642061 

0.483530 0.642578 
0.484138 0.644531 

0.672892 0.644531 
0.672179 0.646484 

0.672174 0.646484 
0.671435 0.648438 

0.480469 0.630859 
0.480826 0.632812 

0.645392 0.537109 
0.644531 0.536297 

0.647351 0.539062 
0.645412 0.537109 

0.658289 0.671875 
0.656856 0.673828 

0.656823 0.673828 
0.656250 0.674631 

0.577148 0.511736 
0.574219 0.511839 

0.580078 0.511728 
0.577148 0.511735 

0.541992 0.704734 
0.539062 0.703624 

0.542858 0.705078 
0.541992 0.704788 

0.542781 0.705078 
0.544922 0.705785 

0.615234 0.704622 
0.618164 0.703493 

0.618899 0.703125 
0.618164 0.703430 

0.617124 0.519531 
0.615234 0.518831 

0.480240 0.593750 
0.480469 0.592302 

0.591797 0.512668 
0.594727 0.513108 

0.594727 0.513133 
0.597656 0.513613 

0.646215 0.685547 
0.647461 0.684269 

0.648234 0.683594 
0.647461 0.684381 

0.646175 0.685547 
0.644531 0.687153 

0.603516 0.708447 
0.606445 0.707646 

0.608546 0.707031 
0.606445 0.707602 

0.571289 0.711396 
0.568359 0.711142 

0.574219 0.711587 
0.571289 0.711401 

0.505048 0.679688 
0.503906 0.678292 

0.601225 0.708984 
0.603516 0.708485 

0.597656 0.709783 
0.600586 0.709191 

0.601412 0.708984 
0.600586 0.709149 

0.513908 0.535156 
0.515625 0.533668 

0.676447 0.591797 
0.676023 0.589844 

0.676469 0.591797 
0.676758 0.593524 

0.676825 0.593750 
0.676758 0.593257 

0.673273 0.580078 
0.672584 0.578125 

0.673315 0.580078 
0.673828 0.581864 

0.479299 0.599609 
0.479565 0.597656 

0.479072 0.601562 
0.479299 0.599609 

0.585938 0.512020 
0.588867 0.512307 

0.588867 0.512311 
0.591797 0.512674 

0.651902 0.679688 
0.650391 0.681438 

0.502416 0.546875 
0.503906 0.545004 

0.676171 0.632812 
0.675714 0.634766 

0.675716 0.634766 
0.675229 0.636719 

0.495195 0.556641 
0.496417 0.554688 

0.493960 0.558594 
0.495108 0.556641 

0.495196 0.556641 
0.495117 0.556784 

0.661844 0.556641 
0.660590 0.554688 

0.661863 0.556641 
0.662109 0.557090 

0.675230 0.636719 
0.674708 0.638672 

0.674698 0.638672 
0.674157 0.640625 

0.566339 0.710938 
0.568359 0.711123 

0.559259 0.513672 
0.559570 0.513621 

0.562500 0.513102 
0.559570 0.513585 

0.559406 0.513672 
0.556641 0.514201 

0.510872 0.685547 
0.509766 0.684427 

0.510896 0.685547 
0.512695 0.687282 

0.513059 0.687500 
0.512695 0.687170 

0.492720 0.560547 
0.493884 0.558594 

0.492694 0.560547 
0.492188 0.561579 

0.529832 0.699219 
0.527344 0.697893 

0.621534 0.521484 
0.621094 0.521286 

0.621537 0.521484 
0.624023 0.522584 

0.625637 0.523438 
0.624023 0.522657 

0.565430 0.710793 
0.562500 0.710365 

0.566703 0.710938 
0.565430 0.710816 

0.487233 0.652344 
0.488140 0.654297 

0.488191 0.654297 
0.489084 0.656250 

0.571289 0.512039 
0.568359 0.512308 

0.574219 0.511841 
0.571289 0.512034 

0.505124 0.679688 
0.506836 0.681630 

0.506970 0.681641 
0.506836 0.681497 

0.506983 0.681641 
0.508806 0.683594 

0.677727 0.599609 
0.677462 0.597656 

0.677956 0.601562 
0.677728 0.599609 

0.640908 0.533203 
0.638672 0.531373 

0.640898 0.533203 
0.641602 0.533801 

0.643208 0.535156 
0.641602 0.533731 

0.488582 0.568359 
0.489258 0.566782 

0.489506 0.566406 
0.489258 0.567030 

0.487601 0.570312 
0.488530 0.568359 

0.663557 0.664062 
0.662389 0.666016 

0.662389 0.666016 
0.662109 0.666514 

0.547852 0.516666 
0.544922 0.517571 

0.550781 0.515758 
0.547852 0.516607 

0.544929 0.517578 
0.544922 0.517580 

0.565430 0.512642 
0.562500 0.513076 

0.568359 0.512305 
0.565430 0.512648 

0.523222 0.695312 
0.524414 0.696078 

0.526345 0.697266 
0.524414 0.696100 

0.526356 0.697266 
0.527344 0.697844 

0.605815 0.515625 
0.606445 0.515774 

0.606445 0.515812 
0.609375 0.516682 

0.516263 0.533203 
0.518555 0.531365 

0.518782 0.531250 
0.518555 0.531422 

0.516271 0.533203 
0.515625 0.533737 

0.478994 0.621094 
0.479201 0.623047 

0.479201 0.623047 
0.479449 0.625000 

0.678408 0.607422 
0.678297 0.605469 

0.678477 0.609375 
0.678408 0.607422 

0.489110 0.656250 
0.489258 0.656616 

0.490046 0.658203 
0.489258 0.656464 

0.490091 0.658203 
0.491148 0.660156 

0.632722 0.527344 
0.632812 0.527399 

0.478547 0.613281 
0.478601 0.615234 

0.478601 0.615234 
0.478695 0.617188 

0.508833 0.683594 
0.509766 0.684542 

0.537984 0.703125 
0.539062 0.703562 

0.666486 0.564453 
0.665448 0.562500 

0.667548 0.566406 
0.666539 0.564453 

0.664310 0.560547 
0.663125 0.558594 

0.664361 0.560547 
0.665039 0.561891 

0.665443 0.562500 
0.665039 0.561658 

0.553711 0.708497 
0.550781 0.707705 

0.555843 0.708984 
0.553711 0.708530 

0.555632 0.708984 
0.556641 0.709184 

0.625666 0.523438 
0.626953 0.524076 

0.612065 0.517578 
0.609375 0.516742 

0.612004 0.517578 
0.612305 0.517672 

0.612305 0.517726 
0.615234 0.518763 

0.479874 0.595703 
0.480216 0.593750 

0.479564 0.597656 
0.479870 0.595703 

0.677145 0.595703 
0.676836 0.593750 

0.677464 0.597656 
0.677162 0.595703 

0.656256 0.548828 
0.656250 0.548820 

0.657691 0.550781 
0.656281 0.548828 

0.618895 0.703125 
0.621094 0.702226 

0.580078 0.711699 
0.583008 0.711605 

0.583008 0.711604 
0.585938 0.711412 

0.480607 0.591797 
0.481015 0.589844 

0.480599 0.591797 
0.480469 0.592671 

0.577148 0.711690 
0.574219 0.711590 

0.580078 0.711698 
0.577148 0.711692 

0.490525 0.564453 
0.491590 0.562500 

0.489501 0.566406 
0.490472 0.564453 

0.650091 0.681641 
0.650391 0.681308 

0.650073 0.681641 
0.648260 0.683594 

0.663063 0.558594 
0.662109 0.556928 

0.629382 0.525391 
0.626953 0.524129 

0.629376 0.525391 
0.629883 0.525671 

0.632759 0.527344 
0.629883 0.525705 

0.614076 0.705078 
0.615234 0.704683 

0.609375 0.706720 
0.612305 0.705759 

0.614156 0.705078 
0.612305 0.705700 

0.547852 0.706791 
0.544922 0.705849 

0.548606 0.707031 
0.547852 0.706831 

0.678146 0.603516 
0.677957 0.601562 

0.678297 0.605469 
0.678146 0.603516 

0.608394 0.707031 
0.609375 0.706765 

0.548463 0.707031 
0.550781 0.707656 

0.673571 0.642578 
0.673828 0.641535 

0.673550 0.642578 
0.672908 0.644531 

0.632812 0.527400 
0.635742 0.529279 

0.635752 0.529297 
0.635742 0.529290 

0.635739 0.529297 
0.635742 0.529299 

0.638456 0.531250 
0.635781 0.529297 

0.633961 0.695312 
0.632812 0.696029 

0.659132 0.552734 
0.657785 0.550781 

0.659215 0.552734 
0.659180 0.552681 

0.659142 0.552734 
0.659180 0.552794 

0.660504 0.554688 
0.659226 0.552734 

0.539775 0.519531 
0.541992 0.518724 

0.544922 0.517638 
0.541992 0.518650 

0.481502 0.587891 
0.482005 0.585938 

0.481029 0.589844 
0.481500 0.587891 

0.539814 0.519531 
0.539062 0.519813 

0.483743 0.580078 
0.484391 0.578125 

0.483147 0.582031 
0.483398 0.581011 

0.483723 0.580078 
0.483398 0.581337 

