0.682138 0.738281 
0.680830 0.740234 

0.680747 0.740234 
0.679688 0.741857 

0.695201 0.710938 
0.694629 0.712891 

0.694002 0.714844 
0.694336 0.713625 

0.694615 0.712891 
0.694336 0.713962 

0.638189 0.589844 
0.638672 0.590026 

0.632891 0.587891 
0.632812 0.587864 

0.632899 0.587891 
0.635742 0.588863 

0.638215 0.589844 
0.635742 0.588941 

0.696631 0.658203 
0.696113 0.656250 

0.697100 0.660156 
0.696646 0.658203 

0.695561 0.654297 
0.694970 0.652344 

0.696114 0.656250 
0.695561 0.654297 

0.500403 0.669922 
0.500674 0.667969 

0.500174 0.671875 
0.500404 0.669922 

0.534065 0.757812 
0.536133 0.759690 

0.536337 0.759766 
0.536133 0.759593 

0.536337 0.759766 
0.538670 0.761719 

0.676331 0.746094 
0.674786 0.748047 

0.674731 0.748047 
0.673828 0.749179 

0.611700 0.781250 
0.609375 0.781470 

0.506311 0.646484 
0.506836 0.644926 

0.507050 0.644531 
0.506836 0.645220 

0.505528 0.648438 
0.506262 0.646484 

0.694315 0.650391 
0.693694 0.648438 

0.694359 0.650391 
0.694336 0.650298 

0.694326 0.650391 
0.694336 0.650432 

0.694937 0.652344 
0.694374 0.650391 

0.692131 0.644531 
0.691415 0.642578 

0.569836 0.777344 
0.568359 0.776940 

0.577000 0.779297 
0.574219 0.778665 

0.576900 0.779297 
0.577148 0.779347 

0.580078 0.779981 
0.577148 0.779392 

0.538702 0.761719 
0.539062 0.761997 

0.698240 0.666016 
0.697897 0.664062 

0.698545 0.667969 
0.698241 0.666016 

0.638672 0.590090 
0.641602 0.591277 

0.642643 0.591797 
0.641602 0.591342 

0.642645 0.591797 
0.644531 0.592613 

0.500975 0.666016 
0.500977 0.666003 

0.501000 0.666016 
0.501311 0.664062 

0.500696 0.667969 
0.500964 0.666016 

0.500998 0.666016 
0.500977 0.666217 

0.539763 0.601562 
0.539062 0.602101 

0.564046 0.775391 
0.562500 0.774870 

0.563962 0.775391 
0.565430 0.775878 

0.568359 0.776894 
0.565430 0.775933 

0.692926 0.646484 
0.692167 0.644531 

0.693653 0.648438 
0.692924 0.646484 

0.594727 0.781858 
0.591797 0.781655 

0.597656 0.781983 
0.594727 0.781861 

0.626953 0.585990 
0.629883 0.586822 

0.629883 0.586878 
0.632812 0.587793 

0.522853 0.746094 
0.524375 0.748047 

0.524485 0.748047 
0.524414 0.747958 

0.524399 0.748047 
0.524414 0.748065 

0.524497 0.748047 
0.526119 0.750000 

0.679365 0.742188 
0.677951 0.744141 

0.676352 0.746094 
0.676758 0.745530 

0.677863 0.744141 
0.676758 0.745674 

0.501960 0.703125 
0.502404 0.705078 

0.502400 0.705078 
0.502886 0.707031 

0.655229 0.765625 
0.656250 0.764970 

0.697113 0.660156 
0.697266 0.661079 

0.611357 0.781250 
0.612305 0.781164 

0.612305 0.781148 
0.615234 0.780736 

0.510213 0.726562 
0.511194 0.728516 

0.511249 0.728516 
0.512276 0.730469 

0.697506 0.662109 
0.697266 0.660695 

0.697892 0.664062 
0.697524 0.662109 

0.684656 0.734375 
0.683439 0.736328 

0.682163 0.738281 
0.682617 0.737482 

0.683389 0.736328 
0.682617 0.737669 

0.519837 0.742188 
0.521234 0.744141 

0.521251 0.744141 
0.521484 0.744466 

0.621094 0.584470 
0.624023 0.585168 

0.624023 0.585204 
0.626953 0.585923 

0.499793 0.687500 
0.499926 0.689453 

0.499926 0.689453 
0.500097 0.691406 

0.699499 0.677734 
0.699387 0.675781 

0.699569 0.679688 
0.699499 0.677734 

0.698810 0.669922 
0.698543 0.667969 

0.699040 0.671875 
0.698810 0.669922 

0.685358 0.630859 
0.684222 0.628906 

0.685375 0.630859 
0.685547 0.631218 

0.505266 0.714844 
0.505976 0.716797 

0.506018 0.716797 
0.506713 0.718750 

0.587609 0.781250 
0.588867 0.781366 

0.591797 0.781646 
0.588867 0.781385 

0.569675 0.777344 
0.571289 0.777778 

0.574219 0.778628 
0.571289 0.777825 

0.692470 0.718750 
0.691714 0.720703 

0.691700 0.720703 
0.691406 0.721559 

0.691342 0.642578 
0.690535 0.640625 

0.691354 0.642578 
0.691406 0.642744 

0.603516 0.781939 
0.606445 0.781764 

0.606445 0.781757 
0.609375 0.781496 

0.502886 0.707031 
0.503423 0.708984 

0.503464 0.708984 
0.503906 0.710730 

0.699234 0.673828 
0.699041 0.671875 

0.699387 0.675781 
0.699234 0.673828 

0.674104 0.615234 
0.673828 0.614907 

0.675694 0.617188 
0.674124 0.615234 

0.629470 0.777344 
0.629883 0.777234 

0.629883 0.777190 
0.632812 0.776257 

0.500096 0.691406 
0.500305 0.693359 

0.500303 0.693359 
0.500556 0.695312 

0.517091 0.738281 
0.518359 0.740234 

0.518380 0.740234 
0.518555 0.740511 

0.519750 0.742188 
0.518555 0.740380 

0.552292 0.593750 
0.550781 0.594505 

0.520421 0.621094 
0.521484 0.619571 

0.525163 0.615234 
0.526832 0.613281 

0.523487 0.617188 
0.524414 0.615988 

0.525127 0.615234 
0.524414 0.616148 

0.675760 0.617188 
0.676758 0.618544 

0.677304 0.619141 
0.676758 0.618390 

0.678787 0.621094 
0.677336 0.619141 

0.500568 0.695312 
0.500845 0.697266 

0.500858 0.697266 
0.500977 0.698222 

0.501167 0.699219 
0.500977 0.697829 

0.688041 0.728516 
0.688477 0.727496 

0.688982 0.726562 
0.688477 0.727755 

0.688008 0.728516 
0.686964 0.730469 

0.600586 0.782012 
0.597656 0.781985 

0.600586 0.782013 
0.603516 0.781940 

0.499643 0.683594 
0.499698 0.685547 

0.499698 0.685547 
0.499793 0.687500 

0.678853 0.621094 
0.679688 0.622361 

0.504024 0.710938 
0.504595 0.712891 

0.504616 0.712891 
0.505273 0.714844 

0.583008 0.780556 
0.580078 0.780008 

0.585938 0.781010 
0.583008 0.780555 

0.686457 0.632812 
0.685547 0.631045 

0.693973 0.714844 
0.693269 0.716797 

0.693253 0.716797 
0.692488 0.718750 

0.507837 0.642578 
0.508719 0.640625 

0.507052 0.644531 
0.507820 0.642578 

0.515799 0.736328 
0.515625 0.736001 

0.515798 0.736328 
0.517008 0.738281 

0.566081 0.587891 
0.568359 0.587196 

0.565430 0.588169 
0.562500 0.589205 

0.566181 0.587891 
0.565430 0.588120 

0.670438 0.611328 
0.668602 0.609375 

0.670458 0.611328 
0.670898 0.611812 

0.672299 0.613281 
0.670898 0.611683 

0.504844 0.650391 
0.505521 0.648438 

0.504242 0.652344 
0.504844 0.650391 

0.556420 0.591797 
0.556641 0.591697 

0.552320 0.593750 
0.553711 0.593068 

0.556432 0.591797 
0.553711 0.593000 

0.681674 0.625000 
0.682617 0.626563 

0.682943 0.626953 
0.682617 0.626384 

0.684142 0.628906 
0.682947 0.626953 

0.622229 0.779297 
0.624023 0.778924 

0.624023 0.778890 
0.626953 0.778106 

0.622471 0.779297 
0.621094 0.779569 

0.698664 0.695312 
0.698372 0.697266 

0.698371 0.697266 
0.698037 0.699219 

0.697230 0.703125 
0.696813 0.705078 

0.696788 0.705078 
0.696295 0.707031 

0.690856 0.722656 
0.689954 0.724609 

0.689927 0.724609 
0.689002 0.726562 

0.518972 0.623047 
0.520350 0.621094 

0.517625 0.625000 
0.518555 0.623513 

0.518953 0.623047 
0.518555 0.623694 

0.503688 0.654297 
0.503906 0.653332 

0.503141 0.656250 
0.503666 0.654297 

0.542439 0.599609 
0.544922 0.597959 

0.539746 0.601562 
0.541992 0.599910 

0.542453 0.599609 
0.541992 0.599932 

0.572268 0.585938 
0.574219 0.585467 

0.502609 0.658203 
0.503122 0.656250 

0.502142 0.660156 
0.502613 0.658203 

0.499724 0.677734 
0.499833 0.675781 

0.499657 0.679688 
0.499724 0.677734 

0.571289 0.586257 
0.568359 0.587138 

0.572468 0.585938 
0.571289 0.586222 

0.698038 0.699219 
0.697665 0.701172 

0.697640 0.701172 
0.697279 0.703125 

0.528762 0.611328 
0.530273 0.609708 

0.530722 0.609375 
0.530273 0.609834 

0.528699 0.611328 
0.527344 0.612861 

0.615234 0.780726 
0.618164 0.780206 

0.618164 0.780198 
0.621094 0.779608 

0.672374 0.613281 
0.673828 0.615028 

0.504016 0.710938 
0.503906 0.710442 

0.532707 0.607422 
0.533203 0.606963 

0.530725 0.609375 
0.532679 0.607422 

0.626913 0.585938 
0.626953 0.585947 

0.499983 0.673828 
0.500174 0.671875 

0.499833 0.675781 
0.499983 0.673828 

0.629583 0.777344 
0.626953 0.778059 

0.673047 0.750000 
0.673828 0.749028 

0.537244 0.603516 
0.539062 0.602050 

0.534908 0.605469 
0.536133 0.604405 

0.537262 0.603516 
0.536133 0.604473 

0.587937 0.781250 
0.585938 0.781036 

0.690896 0.722656 
0.691406 0.721277 

0.541300 0.763672 
0.539062 0.761962 

0.541334 0.763672 
0.541992 0.764138 

0.544176 0.765625 
0.541992 0.764138 

0.594727 0.582196 
0.591797 0.582409 

0.597656 0.582068 
0.594727 0.582193 

0.526860 0.613281 
0.527344 0.612742 

0.522769 0.746094 
0.521484 0.744330 

0.588867 0.582692 
0.585938 0.583054 

0.591797 0.582414 
0.588867 0.582699 

0.544194 0.765625 
0.544922 0.766096 

0.508388 0.722656 
0.509276 0.724609 

0.509314 0.724609 
0.509766 0.725741 

0.512305 0.730469 
0.512695 0.731303 

0.513339 0.732422 
0.512695 0.731105 

0.513383 0.732422 
0.514536 0.734375 

0.684718 0.734375 
0.685547 0.732818 

0.516285 0.626953 
0.517562 0.625000 

0.516243 0.626953 
0.515625 0.628069 

0.501710 0.662109 
0.502139 0.660156 

0.501327 0.664062 
0.501711 0.662109 

0.511692 0.634766 
0.512672 0.632812 

0.512756 0.632812 
0.512695 0.632949 

0.510606 0.636719 
0.511632 0.634766 

0.646821 0.593750 
0.647461 0.594065 

0.647461 0.594123 
0.650391 0.595592 

0.644436 0.771484 
0.644531 0.771440 

0.639986 0.773438 
0.641602 0.772790 

0.644452 0.771484 
0.641602 0.772714 

0.679379 0.742188 
0.679688 0.741705 

0.686908 0.730469 
0.685850 0.732422 

0.685850 0.732422 
0.685547 0.733032 

0.669324 0.753906 
0.667969 0.755323 

0.534061 0.757812 
0.533203 0.757006 

0.504221 0.652344 
0.503906 0.653658 

0.615234 0.583360 
0.618164 0.583841 

0.618829 0.583984 
0.618164 0.583877 

0.618624 0.583984 
0.621094 0.584441 

0.603516 0.582110 
0.606445 0.582287 

0.606445 0.582290 
0.609375 0.582563 

0.545385 0.597656 
0.544922 0.597950 

0.600586 0.582038 
0.597656 0.582066 

0.600586 0.582037 
0.603516 0.582110 

0.534885 0.605469 
0.533203 0.607049 

0.580287 0.583984 
0.583008 0.583542 

0.585938 0.583052 
0.583008 0.583507 

0.580525 0.583984 
0.580078 0.584051 

0.559570 0.590434 
0.556641 0.591634 

0.560978 0.589844 
0.559570 0.590367 

0.501182 0.699219 
0.501545 0.701172 

0.501550 0.701172 
0.501959 0.703125 

0.680236 0.623047 
0.679688 0.622197 

0.681596 0.625000 
0.680264 0.623047 

0.699426 0.687500 
0.699293 0.689453 

0.699293 0.689453 
0.699123 0.691406 

0.560928 0.589844 
0.562500 0.589267 

0.528001 0.751953 
0.527344 0.751207 

0.528023 0.751953 
0.529844 0.753906 

0.547333 0.767578 
0.544922 0.766125 

0.547335 0.767578 
0.547852 0.767883 

0.550781 0.769503 
0.547852 0.767933 

0.509656 0.638672 
0.509766 0.638388 

0.508772 0.640625 
0.509632 0.638672 

0.664380 0.605469 
0.665039 0.606084 

0.666515 0.607422 
0.665039 0.605987 

0.666556 0.607422 
0.667969 0.608868 

0.699124 0.691406 
0.698914 0.693359 

0.698915 0.693359 
0.698665 0.695312 

0.510565 0.636719 
0.509766 0.638535 

0.696297 0.707031 
0.695774 0.708984 

0.695775 0.708984 
0.695215 0.710938 

0.653942 0.597656 
0.656250 0.599083 

0.529874 0.753906 
0.530273 0.754308 

0.531880 0.755859 
0.530273 0.754206 

0.531916 0.755859 
0.533203 0.757103 

0.699596 0.681641 
0.699569 0.679688 

0.699596 0.681641 
0.699580 0.683594 

0.499629 0.681641 
0.499657 0.679688 

0.499629 0.681641 
0.499643 0.683594 

0.673009 0.750000 
0.671304 0.751953 

0.669386 0.753906 
0.670898 0.752248 

0.671280 0.751953 
0.670898 0.752363 

0.510202 0.726562 
0.509766 0.725473 

0.658138 0.763672 
0.659180 0.762904 

0.660751 0.761719 
0.659180 0.762939 

0.658161 0.763672 
0.656250 0.764978 

0.559107 0.773438 
0.559570 0.773628 

0.562500 0.774807 
0.559570 0.773692 

0.521923 0.619141 
0.523434 0.617188 

0.521903 0.619141 
0.521484 0.619742 

0.514603 0.734375 
0.515625 0.736184 

0.687584 0.634766 
0.686503 0.632812 

0.687642 0.634766 
0.688477 0.636535 

0.688641 0.636719 
0.688477 0.636327 

0.663115 0.759766 
0.665039 0.757964 

0.665303 0.757812 
0.665039 0.758054 

0.663103 0.759766 
0.662109 0.760622 

0.697267 0.703125 
0.697266 0.703131 

0.515060 0.628906 
0.515625 0.627871 

0.506738 0.718750 
0.506836 0.719071 

0.507481 0.720703 
0.506836 0.718896 

0.507512 0.720703 
0.508363 0.722656 

0.526180 0.750000 
0.527344 0.751353 

0.513860 0.630859 
0.515024 0.628906 

0.512695 0.632812 
0.512695 0.632812 

0.512747 0.632812 
0.513794 0.630859 

0.640006 0.773438 
0.638672 0.773970 

0.559118 0.773438 
0.556641 0.772433 

0.644531 0.771374 
0.647461 0.770008 

0.648265 0.769531 
0.647461 0.769941 

0.609375 0.582569 
0.612305 0.582920 

0.612305 0.582916 
0.615234 0.583344 

0.699580 0.683594 
0.699523 0.685547 

0.699522 0.685547 
0.699426 0.687500 

0.651942 0.767578 
0.653320 0.766798 

0.655229 0.765625 
0.653320 0.766776 

0.651911 0.767578 
0.650391 0.768411 

0.650494 0.595703 
0.650391 0.595647 

0.650481 0.595703 
0.653320 0.597251 

0.653936 0.597656 
0.653320 0.597289 

0.659783 0.601562 
0.662109 0.603492 

0.657025 0.599609 
0.656250 0.599093 

0.657044 0.599609 
0.659180 0.601152 

0.659752 0.601562 
0.659180 0.601132 

0.635164 0.775391 
0.635742 0.775196 

0.635742 0.775139 
0.638672 0.774034 

0.635225 0.775391 
0.632812 0.776191 

0.662190 0.603516 
0.662109 0.603448 

0.664380 0.605469 
0.662235 0.603516 

0.553711 0.770989 
0.550781 0.769568 

0.554651 0.771484 
0.553711 0.771051 

0.554664 0.771484 
0.556641 0.772358 

0.577148 0.584702 
0.574219 0.585422 

0.580078 0.584078 
0.577148 0.584681 

0.548652 0.595703 
0.550781 0.594557 

0.545379 0.597656 
0.547852 0.596180 

0.548627 0.595703 
0.547852 0.596145 

0.697236 0.703125 
0.697266 0.702930 

0.689535 0.638672 
0.688646 0.636719 

0.690486 0.640625 
0.689562 0.638672 

0.660739 0.761719 
0.662109 0.760560 

0.648280 0.769531 
0.650391 0.768465 

0.667321 0.755859 
0.667969 0.755205 

0.667314 0.755859 
0.665334 0.757812 

0.668577 0.609375 
0.667969 0.608763 

0.646821 0.593750 
0.644531 0.592686 

