3 -1
4.5 -1
4.5 0
3 0
3 -1

3 0
4.5 0
4.5 1
3 1
3 0

3 1
4.5 1
4.5 2
3 2
3 1

3 2
4.5 2
4.5 3
3 3
3 2

0 0
0.375 0
0.375 0.25
0 0.25
0 0

0.375 0
0.75 0
0.75 0.25
0.375 0.25
0.375 0

0 0.25
0.375 0.25
0.375 0.5
0 0.5
0 0.25

0.375 0.25
0.75 0.25
0.75 0.5
0.375 0.5
0.375 0.25

-1.5 -1
-0.75 -1
-0.75 -0.5
-1.5 -0.5
-1.5 -1

-0.75 -1
0 -1
0 -0.5
-0.75 -0.5
-0.75 -1

-1.5 -0.5
-0.75 -0.5
-0.75 0
-1.5 0
-1.5 -0.5

-1.5 2
-0.75 2
-0.75 2.5
-1.5 2.5
-1.5 2

-1.5 2.5
-0.75 2.5
-0.75 3
-1.5 3
-1.5 2.5

-0.75 2.5
0 2.5
0 3
-0.75 3
-0.75 2.5

0.75 0.5
1.125 0.5
1.125 0.75
0.75 0.75
0.75 0.5

1.125 0.5
1.5 0.5
1.5 0.75
1.125 0.75
1.125 0.5

0.75 0.75
1.125 0.75
1.125 1
0.75 1
0.75 0.75

1.125 0.75
1.5 0.75
1.5 1
1.125 1
1.125 0.75

1.5 -1
2.25 -1
2.25 -0.5
1.5 -0.5
1.5 -1

2.25 -1
3 -1
3 -0.5
2.25 -0.5
2.25 -1

2.25 -0.5
3 -0.5
3 0
2.25 0
2.25 -0.5

0 -1
0.75 -1
0.75 -0.5
0 -0.5
0 -1

0.75 -1
1.5 -1
1.5 -0.5
0.75 -0.5
0.75 -1

0 -0.5
0.375 -0.5
0.375 -0.25
0 -0.25
0 -0.5

0.375 -0.5
0.75 -0.5
0.75 -0.25
0.375 -0.25
0.375 -0.5

0 -0.25
0.375 -0.25
0.375 0
0 0
0 -0.25

0.375 -0.25
0.75 -0.25
0.75 0
0.375 0
0.375 -0.25

2.25 2
3 2
3 2.5
2.25 2.5
2.25 2

1.5 2.5
2.25 2.5
2.25 3
1.5 3
1.5 2.5

2.25 2.5
3 2.5
3 3
2.25 3
2.25 2.5

-1.5 0
-0.75 0
-0.75 0.5
-1.5 0.5
-1.5 0

-1.5 0.5
-0.75 0.5
-0.75 1
-1.5 1
-1.5 0.5

-0.75 0
-0.375 0
-0.375 0.25
-0.75 0.25
-0.75 0

-0.375 0
0 0
0 0.25
-0.375 0.25
-0.375 0

-0.75 0.25
-0.375 0.25
-0.375 0.5
-0.75 0.5
-0.75 0.25

-0.375 0.25
0 0.25
0 0.5
-0.375 0.5
-0.375 0.25

-0.75 -0.5
-0.375 -0.5
-0.375 -0.25
-0.75 -0.25
-0.75 -0.5

-0.375 -0.5
0 -0.5
0 -0.25
-0.375 -0.25
-0.375 -0.5

-0.75 -0.25
-0.375 -0.25
-0.375 0
-0.75 0
-0.75 -0.25

-0.375 -0.25
0 -0.25
0 0
-0.375 0
-0.375 -0.25

-0.75 2
-0.375 2
-0.375 2.25
-0.75 2.25
-0.75 2

-0.375 2
0 2
0 2.25
-0.375 2.25
-0.375 2

-0.75 2.25
-0.375 2.25
-0.375 2.5
-0.75 2.5
-0.75 2.25

-0.375 2.25
0 2.25
0 2.5
-0.375 2.5
-0.375 2.25

1.5 -0.5
1.875 -0.5
1.875 -0.25
1.5 -0.25
1.5 -0.5

1.875 -0.5
2.25 -0.5
2.25 -0.25
1.875 -0.25
1.875 -0.5

1.5 -0.25
1.875 -0.25
1.875 0
1.5 0
1.5 -0.25

1.875 -0.25
2.25 -0.25
2.25 0
1.875 0
1.875 -0.25

-0.75 0.5
-0.375 0.5
-0.375 0.75
-0.75 0.75
-0.75 0.5

-0.375 0.5
0 0.5
0 0.75
-0.375 0.75
-0.375 0.5

-0.75 0.75
-0.375 0.75
-0.375 1
-0.75 1
-0.75 0.75

-0.375 0.75
0 0.75
0 1
-0.375 1
-0.375 0.75

1.5 2
1.875 2
1.875 2.25
1.5 2.25
1.5 2

1.875 2
2.25 2
2.25 2.25
1.875 2.25
1.875 2

1.5 2.25
1.875 2.25
1.875 2.5
1.5 2.5
1.5 2.25

1.875 2.25
2.25 2.25
2.25 2.5
1.875 2.5
1.875 2.25

-0.75 1
-0.375 1
-0.375 1.25
-0.75 1.25
-0.75 1

-0.375 1
0 1
0 1.25
-0.375 1.25
-0.375 1

-0.75 1.25
-0.375 1.25
-0.375 1.5
-0.75 1.5
-0.75 1.25

-0.375 1.25
0 1.25
0 1.5
-0.375 1.5
-0.375 1.25

0 1.5
0.375 1.5
0.375 1.75
0 1.75
0 1.5

0.375 1.5
0.75 1.5
0.75 1.75
0.375 1.75
0.375 1.5

0 1.75
0.375 1.75
0.375 2
0 2
0 1.75

0.375 1.75
0.75 1.75
0.75 2
0.375 2
0.375 1.75

1.5 1
1.875 1
1.875 1.25
1.5 1.25
1.5 1

1.875 1
2.25 1
2.25 1.25
1.875 1.25
1.875 1

1.5 1.25
1.875 1.25
1.875 1.5
1.5 1.5
1.5 1.25

1.875 1.25
2.25 1.25
2.25 1.5
1.875 1.5
1.875 1.25

0.75 -0.5
1.125 -0.5
1.125 -0.25
0.75 -0.25
0.75 -0.5

1.125 -0.5
1.5 -0.5
1.5 -0.25
1.125 -0.25
1.125 -0.5

0.75 -0.25
1.125 -0.25
1.125 0
0.75 0
0.75 -0.25

1.125 -0.25
1.5 -0.25
1.5 0
1.125 0
1.125 -0.25

0.75 1.5
1.125 1.5
1.125 1.75
0.75 1.75
0.75 1.5

1.125 1.5
1.5 1.5
1.5 1.75
1.125 1.75
1.125 1.5

0.75 1.75
1.125 1.75
1.125 2
0.75 2
0.75 1.75

1.125 1.75
1.5 1.75
1.5 2
1.125 2
1.125 1.75

0.75 2
1.125 2
1.125 2.25
0.75 2.25
0.75 2

1.125 2
1.5 2
1.5 2.25
1.125 2.25
1.125 2

0.75 2.25
1.125 2.25
1.125 2.5
0.75 2.5
0.75 2.25

1.125 2.25
1.5 2.25
1.5 2.5
1.125 2.5
1.125 2.25

1.5 1.5
1.875 1.5
1.875 1.75
1.5 1.75
1.5 1.5

1.875 1.5
2.25 1.5
2.25 1.75
1.875 1.75
1.875 1.5

1.5 1.75
1.875 1.75
1.875 2
1.5 2
1.5 1.75

1.875 1.75
2.25 1.75
2.25 2
1.875 2
1.875 1.75

0 0.5
0.375 0.5
0.375 0.75
0 0.75
0 0.5

0.375 0.5
0.75 0.5
0.75 0.75
0.375 0.75
0.375 0.5

0 0.75
0.375 0.75
0.375 1
0 1
0 0.75

0.375 0.75
0.75 0.75
0.75 1
0.375 1
0.375 0.75

0 2
0.375 2
0.375 2.25
0 2.25
0 2

0.375 2
0.75 2
0.75 2.25
0.375 2.25
0.375 2

0 2.25
0.375 2.25
0.375 2.5
0 2.5
0 2.25

0.375 2.25
0.75 2.25
0.75 2.5
0.375 2.5
0.375 2.25

-0.75 1.5
-0.375 1.5
-0.375 1.75
-0.75 1.75
-0.75 1.5

-0.375 1.5
0 1.5
0 1.75
-0.375 1.75
-0.375 1.5

-0.75 1.75
-0.375 1.75
-0.375 2
-0.75 2
-0.75 1.75

-0.375 1.75
0 1.75
0 2
-0.375 2
-0.375 1.75

0 2.5
0.75 2.5
0.75 3
0 3
0 2.5

0.75 2.5
1.5 2.5
1.5 3
0.75 3
0.75 2.5

2.25 0
3 0
3 0.5
2.25 0.5
2.25 0

2.25 0.5
3 0.5
3 1
2.25 1
2.25 0.5

1.5 0
1.875 0
1.875 0.25
1.5 0.25
1.5 0

1.875 0
2.25 0
2.25 0.25
1.875 0.25
1.875 0

1.5 0.25
1.875 0.25
1.875 0.5
1.5 0.5
1.5 0.25

1.875 0.25
2.25 0.25
2.25 0.5
1.875 0.5
1.875 0.25

0.75 0
1.125 0
1.125 0.25
0.75 0.25
0.75 0

1.125 0
1.5 0
1.5 0.25
1.125 0.25
1.125 0

0.75 0.25
1.125 0.25
1.125 0.5
0.75 0.5
0.75 0.25

1.125 0.25
1.5 0.25
1.5 0.5
1.125 0.5
1.125 0.25

-1.5 1
-0.75 1
-0.75 1.5
-1.5 1.5
-1.5 1

-1.5 1.5
-0.75 1.5
-0.75 2
-1.5 2
-1.5 1.5

0 1
0.375 1
0.375 1.25
0 1.25
0 1

0.375 1
0.75 1
0.75 1.25
0.375 1.25
0.375 1

0 1.25
0.375 1.25
0.375 1.5
0 1.5
0 1.25

0.375 1.25
0.75 1.25
0.75 1.5
0.375 1.5
0.375 1.25

1.5 0.5
1.875 0.5
1.875 0.75
1.5 0.75
1.5 0.5

1.875 0.5
2.25 0.5
2.25 0.75
1.875 0.75
1.875 0.5

1.5 0.75
1.875 0.75
1.875 1
1.5 1
1.5 0.75

1.875 0.75
2.25 0.75
2.25 1
1.875 1
1.875 0.75

0.75 1
1.125 1
1.125 1.25
0.75 1.25
0.75 1

1.125 1
1.5 1
1.5 1.25
1.125 1.25
1.125 1

0.75 1.25
1.125 1.25
1.125 1.5
0.75 1.5
0.75 1.25

1.125 1.25
1.5 1.25
1.5 1.5
1.125 1.5
1.125 1.25

2.25 1
3 1
3 1.5
2.25 1.5
2.25 1

2.25 1.5
3 1.5
3 2
2.25 2
2.25 1.5

