0.669086 0.568359 
0.668274 0.566406 

0.669930 0.570312 
0.669105 0.568359 

0.667733 0.650391 
0.667969 0.649749 

0.667712 0.650391 
0.666796 0.652344 

0.604727 0.511719 
0.603516 0.511421 

0.494034 0.552734 
0.495117 0.550953 

0.495317 0.550781 
0.495117 0.551125 

0.492739 0.554688 
0.493959 0.552734 

0.498961 0.669922 
0.498047 0.668586 

0.499036 0.669922 
0.500521 0.671875 

0.672090 0.576172 
0.671421 0.574219 

0.672733 0.578125 
0.672096 0.576172 

0.655668 0.669922 
0.656250 0.669068 

0.655630 0.669922 
0.654138 0.671875 

0.497525 0.667969 
0.498047 0.668747 

0.480612 0.632812 
0.481108 0.634766 

0.481126 0.634766 
0.481701 0.636719 

0.494766 0.664062 
0.495117 0.664652 

0.496057 0.666016 
0.495117 0.664504 

0.496139 0.666016 
0.497504 0.667969 

0.652493 0.673828 
0.653320 0.672741 

0.654092 0.671875 
0.653320 0.672897 

0.652445 0.673828 
0.650815 0.675781 

0.604555 0.511719 
0.606445 0.512204 

0.606445 0.512252 
0.609375 0.513167 

0.658583 0.666016 
0.659180 0.665032 

0.659878 0.664062 
0.659180 0.665218 

0.658546 0.666016 
0.657171 0.667969 

0.520313 0.525391 
0.521484 0.524597 

0.517589 0.527344 
0.518555 0.526631 

0.520301 0.525391 
0.518555 0.526643 

0.508470 0.535156 
0.509766 0.533865 

0.597656 0.509981 
0.600586 0.510624 

0.600586 0.510648 
0.603516 0.511379 

0.477361 0.607422 
0.477389 0.605469 

0.477361 0.607422 
0.477375 0.609375 

0.491587 0.556641 
0.492188 0.555485 

0.490426 0.558594 
0.491544 0.556641 

0.666754 0.652344 
0.665760 0.654297 

0.664734 0.656250 
0.665039 0.655565 

0.665726 0.654297 
0.665039 0.655785 

0.657106 0.667969 
0.656250 0.669227 

0.484413 0.644531 
0.485222 0.646484 

0.485263 0.646484 
0.486076 0.648438 

0.504649 0.539062 
0.503906 0.539945 

0.648992 0.677734 
0.650391 0.676117 

0.647003 0.679688 
0.647461 0.679209 

0.648924 0.677734 
0.647461 0.679335 

0.534103 0.517578 
0.536133 0.516720 

0.538742 0.515625 
0.536133 0.516643 

0.534100 0.517578 
0.533203 0.517974 

0.668573 0.648438 
0.667969 0.649992 

0.477464 0.603516 
0.477539 0.601749 

0.477566 0.601562 
0.477539 0.602223 

0.477390 0.605469 
0.477456 0.603516 

0.668262 0.566406 
0.667969 0.565619 

0.530163 0.519531 
0.527344 0.520971 

0.522036 0.691406 
0.524414 0.692896 

0.525145 0.693359 
0.524414 0.692921 

0.525161 0.693359 
0.527344 0.694596 

0.650791 0.675781 
0.650391 0.676238 

0.522043 0.691406 
0.521484 0.691036 

0.481697 0.636719 
0.482325 0.638672 

0.482340 0.638672 
0.482997 0.640625 

0.585938 0.707384 
0.588867 0.707105 

0.589445 0.707031 
0.588867 0.707086 

0.498145 0.546875 
0.498047 0.547022 

0.479673 0.628906 
0.480118 0.630859 

0.480150 0.630859 
0.480469 0.632417 

0.530146 0.519531 
0.530273 0.519465 

0.533203 0.518038 
0.530273 0.519404 

0.543842 0.513672 
0.544922 0.513332 

0.541992 0.514362 
0.539062 0.515431 

0.543932 0.513672 
0.541992 0.514295 

0.550008 0.511719 
0.550781 0.511528 

0.638262 0.687500 
0.638672 0.687172 

0.496708 0.548828 
0.498043 0.546875 

0.495322 0.550781 
0.496622 0.548828 

0.591797 0.508929 
0.594727 0.509398 

0.596769 0.509766 
0.594727 0.509436 

0.596478 0.509766 
0.597656 0.509954 

0.673883 0.582031 
0.673828 0.581756 

0.650015 0.539062 
0.650391 0.539499 

0.489367 0.560547 
0.490368 0.558594 

0.488377 0.562500 
0.489258 0.560624 

0.489377 0.560547 
0.489258 0.560829 

0.642936 0.683594 
0.644531 0.682040 

0.651764 0.541016 
0.650391 0.539366 

0.651845 0.541016 
0.653320 0.542869 

0.653493 0.542969 
0.653320 0.542752 

0.674996 0.628906 
0.674543 0.630859 

0.674532 0.630859 
0.674071 0.632812 

0.538731 0.515625 
0.539062 0.515494 

0.670699 0.572266 
0.669962 0.570312 

0.670716 0.572266 
0.670898 0.572905 

0.671386 0.574219 
0.670898 0.572639 

0.674354 0.583984 
0.673897 0.582031 

0.674851 0.585938 
0.674383 0.583984 

0.656583 0.546875 
0.656250 0.546395 

0.591797 0.706705 
0.594727 0.706224 

0.594727 0.706223 
0.597656 0.705654 

0.517563 0.527344 
0.515625 0.528889 

0.677165 0.613281 
0.677034 0.615234 

0.677030 0.615234 
0.676868 0.617188 

0.589207 0.707031 
0.591797 0.706725 

0.523264 0.523438 
0.521484 0.524587 

0.661255 0.662109 
0.662109 0.660584 

0.661186 0.662109 
0.659919 0.664062 

0.675792 0.625000 
0.675418 0.626953 

0.675417 0.626953 
0.674999 0.628906 

0.664710 0.656250 
0.663628 0.658203 

0.663560 0.658203 
0.662441 0.660156 

0.676666 0.619141 
0.676758 0.618026 

0.676858 0.617188 
0.676758 0.618456 

0.676659 0.619141 
0.676418 0.621094 

0.536721 0.699219 
0.539062 0.700124 

0.516564 0.687500 
0.518555 0.689014 

0.519206 0.689453 
0.518555 0.688981 

0.519192 0.689453 
0.521484 0.691039 

0.676412 0.621094 
0.676121 0.623047 

0.676122 0.623047 
0.675791 0.625000 

0.483957 0.572266 
0.484727 0.570312 

0.483255 0.574219 
0.483398 0.573703 

0.483925 0.572266 
0.483398 0.573923 

0.675272 0.587891 
0.674851 0.585938 

0.675650 0.589844 
0.675271 0.587891 

0.506474 0.537109 
0.506836 0.536734 

0.508427 0.535156 
0.506836 0.536841 

0.504678 0.539062 
0.506445 0.537109 

0.640657 0.685547 
0.641602 0.684711 

0.642915 0.683594 
0.641602 0.684788 

0.640661 0.685547 
0.638672 0.687236 

0.655015 0.544922 
0.653514 0.542969 

0.655099 0.544922 
0.656250 0.546548 

0.553711 0.510753 
0.550781 0.511482 

0.556641 0.510066 
0.553711 0.510728 

0.565430 0.707029 
0.562500 0.706661 

0.482596 0.576172 
0.483230 0.574219 

0.481932 0.578125 
0.482562 0.576172 

0.502889 0.541016 
0.503906 0.539789 

0.501253 0.542969 
0.502840 0.541016 

0.662440 0.660156 
0.662109 0.660783 

0.486103 0.648438 
0.486328 0.649065 

0.503875 0.675781 
0.503906 0.675816 

0.646209 0.535156 
0.644531 0.533455 

0.477822 0.617188 
0.478029 0.619141 

0.478028 0.619141 
0.478276 0.621094 

0.480813 0.582031 
0.480469 0.583619 

0.632792 0.691406 
0.632812 0.691393 

0.486931 0.650391 
0.486328 0.648855 

0.486961 0.650391 
0.487909 0.652344 

0.492285 0.660156 
0.493430 0.662109 

0.493508 0.662109 
0.494741 0.664062 

0.500539 0.671875 
0.500977 0.672449 

0.502139 0.673828 
0.500977 0.672313 

0.502222 0.673828 
0.503850 0.675781 

0.626025 0.695312 
0.626953 0.694831 

0.677317 0.609375 
0.677261 0.611328 

0.677259 0.611328 
0.677164 0.613281 

0.477375 0.609375 
0.477429 0.611328 

0.477436 0.611328 
0.477517 0.613281 

0.478897 0.625000 
0.479264 0.626953 

0.479263 0.626953 
0.479670 0.628906 

0.483032 0.640625 
0.483398 0.641887 

0.483686 0.642578 
0.483398 0.641564 

0.483697 0.642578 
0.484406 0.644531 

0.547852 0.512369 
0.544922 0.513282 

0.550142 0.511719 
0.547852 0.512319 

0.670263 0.644531 
0.669452 0.646484 

0.669446 0.646484 
0.668609 0.648438 

0.480605 0.632812 
0.480469 0.632084 

0.559570 0.706146 
0.556641 0.705567 

0.562500 0.706640 
0.559570 0.706146 

0.646257 0.535156 
0.647461 0.536439 

0.648208 0.537109 
0.647461 0.536321 

0.649995 0.539062 
0.648236 0.537109 

0.485618 0.568359 
0.486328 0.566550 

0.484733 0.570312 
0.485566 0.568359 

0.541759 0.701172 
0.539062 0.700204 

0.541753 0.701172 
0.541992 0.701258 

0.544922 0.702299 
0.541992 0.701321 

0.635674 0.689453 
0.635742 0.689404 

0.638277 0.687500 
0.635742 0.689446 

0.635699 0.689453 
0.632812 0.691405 

0.615849 0.515625 
0.618164 0.516524 

0.620477 0.517578 
0.618164 0.516606 

0.620475 0.517578 
0.621094 0.517852 

0.478697 0.591797 
0.479040 0.589844 

0.478393 0.593750 
0.478697 0.591797 

0.480344 0.583984 
0.480469 0.583325 

0.479879 0.585938 
0.480324 0.583984 

0.503978 0.675781 
0.505705 0.677734 

0.505752 0.677734 
0.506836 0.678910 

0.507692 0.679688 
0.506836 0.678774 

0.510570 0.533203 
0.512659 0.531250 

0.512774 0.531250 
0.512695 0.531319 

0.510560 0.533203 
0.509766 0.533971 

0.675990 0.591797 
0.675649 0.589844 

0.676293 0.593750 
0.675990 0.591797 

0.673327 0.580078 
0.672732 0.578125 

0.673361 0.580078 
0.673828 0.581956 

0.477712 0.599609 
0.477900 0.597656 

0.477567 0.601562 
0.477707 0.599609 

0.492290 0.660156 
0.492188 0.659951 

0.499658 0.544922 
0.500977 0.543162 

0.501245 0.542969 
0.500977 0.543323 

0.498152 0.546875 
0.499577 0.544922 

0.674058 0.632812 
0.673828 0.633930 

0.492710 0.554688 
0.492188 0.555692 

0.661942 0.554688 
0.662109 0.555013 

0.612857 0.701172 
0.615234 0.700324 

0.609375 0.702422 
0.612305 0.701434 

0.612884 0.701172 
0.612305 0.701378 

0.547498 0.703125 
0.544922 0.702363 

0.639767 0.529297 
0.638672 0.528403 

0.639774 0.529297 
0.641602 0.530924 

0.642066 0.531250 
0.641602 0.530843 

0.511823 0.683594 
0.512695 0.684369 

0.514108 0.685547 
0.512695 0.684299 

0.514119 0.685547 
0.515625 0.686789 

0.515058 0.529297 
0.515625 0.528843 

0.512782 0.531250 
0.515030 0.529297 

0.673566 0.634766 
0.673828 0.633552 

0.673545 0.634766 
0.672987 0.636719 

0.528640 0.695312 
0.530273 0.696155 

0.532519 0.697266 
0.530273 0.696218 

0.532515 0.697266 
0.533203 0.697591 

0.526532 0.521484 
0.527344 0.521026 

0.523276 0.523438 
0.524414 0.522732 

0.526528 0.521484 
0.524414 0.522700 

0.624426 0.519531 
0.626953 0.520780 

0.571289 0.707577 
0.568359 0.707347 

0.574219 0.707733 
0.571289 0.707581 

0.565298 0.707031 
0.565430 0.707044 

0.568359 0.707331 
0.565430 0.707063 

0.622055 0.697266 
0.624023 0.696361 

0.625998 0.695312 
0.624023 0.696294 

0.622042 0.697266 
0.621094 0.697706 

0.621094 0.517918 
0.624023 0.519262 

0.624430 0.519531 
0.624023 0.519327 

0.487955 0.652344 
0.488921 0.654297 

0.488949 0.654297 
0.489258 0.655002 

0.489930 0.656250 
0.489258 0.654810 

0.507713 0.679688 
0.509634 0.681641 

0.509676 0.681641 
0.509766 0.681724 

0.676964 0.599609 
0.676796 0.597656 

0.677126 0.601562 
0.676975 0.599609 

0.580078 0.707768 
0.583008 0.707634 

0.583008 0.707631 
0.585938 0.707403 

0.577148 0.707799 
0.574219 0.707736 

0.577148 0.707801 
0.580078 0.707767 

0.644148 0.533203 
0.642091 0.531250 

0.644151 0.533203 
0.644531 0.533569 

0.486463 0.566406 
0.486328 0.566795 

0.553711 0.704877 
0.550781 0.704140 

0.554607 0.705078 
0.553711 0.704907 

0.554362 0.705078 
0.556641 0.705527 

0.536133 0.698912 
0.533203 0.697654 

0.536736 0.699219 
0.536133 0.698975 

0.503964 0.675781 
0.503906 0.675715 

0.478277 0.621094 
0.478567 0.623047 

0.478568 0.623047 
0.478897 0.625000 

0.677332 0.607422 
0.677305 0.605469 

0.677332 0.607422 
0.677317 0.609375 

0.489974 0.656250 
0.491078 0.658203 

0.491142 0.658203 
0.492188 0.660130 

0.477522 0.613281 
0.477539 0.613685 

0.477648 0.615234 
0.477539 0.613404 

0.477655 0.615234 
0.477823 0.617188 

0.580078 0.507847 
0.583008 0.507981 

0.583008 0.507982 
0.585938 0.508215 

0.509768 0.681641 
0.511800 0.683594 

0.667346 0.564453 
0.666372 0.562500 

0.667393 0.564453 
0.667969 0.565879 

0.577148 0.507815 
0.574219 0.507880 

0.577148 0.507814 
0.580078 0.507847 

0.607168 0.703125 
0.609375 0.702484 

0.664328 0.558594 
0.665039 0.560066 

0.665362 0.560547 
0.665039 0.559829 

0.666335 0.562500 
0.665365 0.560547 

0.615860 0.515625 
0.615234 0.515379 

0.478128 0.595703 
0.478394 0.593750 

0.477900 0.597656 
0.478127 0.595703 

0.585938 0.508221 
0.588867 0.508539 

0.588867 0.508539 
0.591797 0.508931 

0.617846 0.699219 
0.618164 0.699089 

0.618164 0.699024 
0.621094 0.697774 

0.634569 0.525391 
0.632812 0.524234 

0.634556 0.525391 
0.635742 0.526224 

0.637290 0.527344 
0.635742 0.526201 

0.528606 0.695312 
0.527344 0.694639 

0.676559 0.595703 
0.676294 0.593750 

0.676571 0.595703 
0.676758 0.597546 

0.676789 0.597656 
0.676758 0.597255 

0.600181 0.705078 
0.600586 0.705003 

0.600586 0.704971 
0.603516 0.704254 

0.600381 0.705078 
0.597656 0.705619 

0.565430 0.508588 
0.562500 0.508983 

0.568359 0.508286 
0.565430 0.508598 

0.657974 0.548828 
0.656596 0.546875 

0.658058 0.548828 
0.659180 0.550572 

0.659406 0.550781 
0.659180 0.550411 

0.617867 0.699219 
0.615234 0.700242 

0.487337 0.564453 
0.488316 0.562500 

0.486458 0.566406 
0.487307 0.564453 

0.646991 0.679688 
0.645078 0.681641 

0.645055 0.681641 
0.644531 0.682141 

0.663087 0.556641 
0.662109 0.554852 

0.664274 0.558594 
0.663142 0.556641 

0.516585 0.687500 
0.515625 0.686736 

0.629578 0.693359 
0.629883 0.693184 

0.629883 0.693162 
0.632812 0.691416 

0.629601 0.693359 
0.626953 0.694782 

0.631538 0.523438 
0.632812 0.524229 

0.479420 0.587891 
0.479854 0.585938 

0.479040 0.589844 
0.479425 0.587891 

0.547437 0.703125 
0.547852 0.703242 

0.550781 0.704101 
0.547852 0.703295 

0.557962 0.509766 
0.559570 0.509507 

0.562500 0.508993 
0.559570 0.509471 

0.558254 0.509766 
0.556641 0.510036 

0.628138 0.521484 
0.626953 0.520841 

0.628168 0.521484 
0.629883 0.522434 

0.631519 0.523438 
0.629883 0.522469 

0.677236 0.603516 
0.677126 0.601562 

0.677305 0.605469 
0.677236 0.603516 

0.603516 0.704216 
0.606445 0.703404 

0.607274 0.703125 
0.606445 0.703356 

0.610821 0.513672 
0.609375 0.513217 

0.610718 0.513672 
0.612305 0.514180 

0.612305 0.514243 
0.615234 0.515319 

0.671694 0.640625 
0.671051 0.642578 

0.670309 0.644531 
0.670898 0.642808 

0.671038 0.642578 
0.670898 0.643055 

0.637276 0.527344 
0.638672 0.528453 

0.672977 0.636719 
0.672366 0.638672 

0.672369 0.638672 
0.671719 0.640625 

0.660652 0.552734 
0.659409 0.550781 

0.661925 0.554688 
0.660735 0.552734 

0.571289 0.508042 
0.568359 0.508283 

0.574219 0.507881 
0.571289 0.508039 

0.481367 0.580078 
0.481940 0.578125 

0.480837 0.582031 
0.481366 0.580078 

