0.629588 0.576172 
0.626953 0.575355 

0.629520 0.576172 
0.629883 0.576284 

0.629883 0.576338 
0.632812 0.577374 

0.631599 0.763672 
0.632812 0.763260 

0.626953 0.765292 
0.629883 0.764331 

0.631681 0.763672 
0.629883 0.764273 

0.647036 0.583984 
0.644531 0.582705 

0.647026 0.583984 
0.647461 0.584222 

0.647461 0.584259 
0.650391 0.585895 

0.497687 0.687500 
0.498016 0.689453 

0.498030 0.689453 
0.498047 0.689570 

0.690452 0.703125 
0.689739 0.705078 

0.689732 0.705078 
0.688993 0.707031 

0.634619 0.578125 
0.635742 0.578547 

0.635742 0.578613 
0.638672 0.579817 

0.571289 0.767070 
0.568359 0.766279 

0.573499 0.767578 
0.571289 0.767104 

0.573298 0.767578 
0.574219 0.767760 

0.695295 0.658203 
0.695029 0.656250 

0.695526 0.660156 
0.695296 0.658203 

0.650417 0.585938 
0.653320 0.587769 

0.653482 0.587891 
0.653320 0.587781 

0.656189 0.589844 
0.653511 0.587891 

0.694710 0.654297 
0.694404 0.652344 

0.695031 0.656250 
0.694728 0.654297 

0.661696 0.746094 
0.662109 0.745705 

0.657211 0.750000 
0.656250 0.750751 

0.650406 0.585938 
0.650391 0.585928 

0.696080 0.669922 
0.696053 0.667969 

0.696080 0.669922 
0.696065 0.671875 

0.685486 0.714844 
0.685547 0.714684 

0.547323 0.757812 
0.547852 0.758092 

0.550781 0.759549 
0.547852 0.758149 

0.639104 0.580078 
0.638672 0.579884 

0.639107 0.580078 
0.641602 0.581171 

0.643245 0.582031 
0.641602 0.581245 

0.621094 0.767022 
0.624023 0.766220 

0.626051 0.765625 
0.624023 0.766175 

0.496113 0.669922 
0.496141 0.667969 

0.496113 0.669922 
0.496127 0.671875 

0.496208 0.666016 
0.496316 0.664062 

0.496141 0.667969 
0.496209 0.666016 

0.694012 0.650391 
0.693587 0.648438 

0.694033 0.650391 
0.694336 0.652181 

0.694392 0.652344 
0.694336 0.651925 

0.609375 0.769357 
0.612305 0.768919 

0.612305 0.768912 
0.615234 0.768376 

0.692023 0.642578 
0.691491 0.640625 

0.692600 0.644531 
0.692050 0.642578 

0.644745 0.757812 
0.644531 0.757923 

0.545106 0.583984 
0.547852 0.582540 

0.548754 0.582031 
0.547852 0.582485 

0.545115 0.583984 
0.544922 0.584094 

0.693116 0.646484 
0.692602 0.644531 

0.693587 0.648438 
0.693117 0.646484 

0.615263 0.572266 
0.615234 0.572261 

0.615234 0.572277 
0.618164 0.572856 

0.618164 0.572883 
0.621094 0.573597 

0.695911 0.675781 
0.695778 0.677734 

0.695779 0.677734 
0.695609 0.679688 

0.501751 0.703125 
0.502450 0.705078 

0.502449 0.705078 
0.503207 0.707031 

0.643274 0.582031 
0.644531 0.582648 

0.686043 0.626953 
0.685547 0.625741 

0.686957 0.628906 
0.686066 0.626953 

0.695719 0.662109 
0.695527 0.660156 

0.695872 0.664062 
0.695719 0.662109 

0.678692 0.726562 
0.679688 0.724894 

0.513551 0.726562 
0.514863 0.728516 

0.514904 0.728516 
0.515625 0.729653 

0.498056 0.689453 
0.498047 0.689380 

0.498059 0.689453 
0.498422 0.691406 

0.685473 0.714844 
0.684538 0.716797 

0.684485 0.716797 
0.683431 0.718750 

0.541919 0.585938 
0.541992 0.585892 

0.544922 0.584136 
0.541992 0.585853 

0.548782 0.582031 
0.550781 0.581073 

0.695984 0.666016 
0.695872 0.664062 

0.696053 0.667969 
0.695984 0.666016 

0.667690 0.740234 
0.667969 0.739923 

0.667673 0.740234 
0.665872 0.742188 

0.506710 0.714844 
0.506836 0.715155 

0.507649 0.716797 
0.506836 0.715010 

0.507694 0.716797 
0.508752 0.718750 

0.688211 0.708984 
0.688477 0.708175 

0.688959 0.707031 
0.688477 0.708449 

0.688187 0.708984 
0.687359 0.710938 

0.530578 0.746094 
0.532743 0.748047 

0.532772 0.748047 
0.533203 0.748405 

0.496127 0.671875 
0.496182 0.673828 

0.496182 0.673828 
0.496277 0.675781 

0.623487 0.574219 
0.621094 0.573637 

0.594727 0.770279 
0.591797 0.770176 

0.597656 0.770288 
0.594727 0.770281 

0.675851 0.730469 
0.674423 0.732422 

0.674391 0.732422 
0.673828 0.733215 

0.535183 0.750000 
0.533203 0.748347 

0.528410 0.744141 
0.527344 0.743055 

0.528432 0.744141 
0.530273 0.745928 

0.530580 0.746094 
0.530273 0.745814 

0.588867 0.769979 
0.585938 0.769725 

0.591797 0.770173 
0.588867 0.769985 

0.559570 0.763317 
0.556641 0.762213 

0.560477 0.763672 
0.559570 0.763371 

0.560396 0.763672 
0.562500 0.764362 

0.503259 0.707031 
0.503906 0.708833 

0.555559 0.761719 
0.556641 0.762153 

0.679400 0.615234 
0.678146 0.613281 

0.679421 0.615234 
0.679688 0.615722 

0.498441 0.691406 
0.498884 0.693359 

0.498883 0.693359 
0.499366 0.695312 

0.522686 0.738281 
0.524401 0.740234 

0.524523 0.740234 
0.524414 0.740116 

0.524537 0.740234 
0.526351 0.742188 

0.522610 0.738281 
0.521484 0.736898 

0.640892 0.759766 
0.641602 0.759439 

0.641602 0.759374 
0.644531 0.757986 

0.640886 0.759766 
0.638672 0.760735 

0.499363 0.695312 
0.499895 0.697266 

0.499898 0.697266 
0.500482 0.699219 

0.623312 0.574219 
0.624023 0.574388 

0.624023 0.574425 
0.626953 0.575296 

0.696064 0.671875 
0.696008 0.673828 

0.696007 0.673828 
0.695911 0.675781 

0.504330 0.630859 
0.505179 0.628906 

0.504316 0.630859 
0.503906 0.632051 

0.497038 0.683594 
0.497329 0.685547 

0.497327 0.685547 
0.497661 0.687500 

0.516814 0.609375 
0.515625 0.611138 

0.504835 0.710938 
0.505743 0.712891 

0.505796 0.712891 
0.506686 0.714844 

0.687851 0.630859 
0.686977 0.628906 

0.687896 0.630859 
0.688477 0.632456 

0.688676 0.632812 
0.688477 0.632194 

0.551103 0.759766 
0.550781 0.759616 

0.551108 0.759766 
0.553711 0.760896 

0.555577 0.761719 
0.553711 0.760973 

0.577148 0.768393 
0.574219 0.767801 

0.580078 0.768939 
0.577148 0.768408 

0.519330 0.734375 
0.520884 0.736328 

0.520914 0.736328 
0.521484 0.737028 

0.529213 0.595703 
0.530273 0.594715 

0.531426 0.593750 
0.530273 0.594809 

0.529188 0.595703 
0.527344 0.597553 

0.506184 0.626953 
0.506836 0.625423 

0.507106 0.625000 
0.506836 0.625675 

0.505204 0.628906 
0.506133 0.626953 

0.685133 0.625000 
0.685547 0.626006 

0.687326 0.710938 
0.686427 0.712891 

0.686396 0.712891 
0.685556 0.714844 

0.566108 0.765625 
0.568359 0.766230 

0.609375 0.571273 
0.612305 0.571717 

0.612305 0.571744 
0.615234 0.572222 

0.603516 0.570619 
0.606445 0.570908 

0.606445 0.570912 
0.609375 0.571278 

0.496579 0.679688 
0.496788 0.681641 

0.496788 0.681641 
0.497037 0.683594 

0.618735 0.767578 
0.621094 0.767060 

0.615234 0.768361 
0.618164 0.767770 

0.618911 0.767578 
0.618164 0.767728 

0.681109 0.722656 
0.679945 0.724609 

0.679945 0.724609 
0.679688 0.725069 

0.691133 0.701172 
0.691406 0.700069 

0.691112 0.701172 
0.690468 0.703125 

0.682339 0.720703 
0.682617 0.720114 

0.683389 0.718750 
0.682617 0.720312 

0.682315 0.720703 
0.681184 0.722656 

0.497467 0.654297 
0.497809 0.652344 

0.497153 0.656250 
0.497462 0.654297 

0.568707 0.574219 
0.571289 0.573592 

0.574219 0.572840 
0.571289 0.573549 

0.678611 0.726562 
0.677301 0.728516 

0.675919 0.730469 
0.676758 0.729171 

0.677278 0.728516 
0.676758 0.729339 

0.497832 0.652344 
0.498047 0.650969 

0.541899 0.585938 
0.539062 0.587803 

0.672883 0.734375 
0.673828 0.733058 

0.504036 0.708984 
0.503906 0.708575 

0.504035 0.708984 
0.504815 0.710938 

0.496466 0.662109 
0.496657 0.660156 

0.496316 0.664062 
0.496466 0.662109 

0.498201 0.650391 
0.498611 0.648438 

0.498193 0.650391 
0.498047 0.651353 

0.527143 0.597656 
0.527344 0.597459 

0.525260 0.599609 
0.527107 0.597656 

0.523377 0.601562 
0.524414 0.600382 

0.525234 0.599609 
0.524414 0.600529 

0.676694 0.611328 
0.675348 0.609375 

0.676776 0.611328 
0.676758 0.611301 

0.676704 0.611328 
0.676758 0.611414 

0.678060 0.613281 
0.676788 0.611328 

0.634665 0.578125 
0.632812 0.577442 

0.557367 0.578125 
0.559570 0.577329 

0.562500 0.576247 
0.559570 0.577256 

0.607811 0.769531 
0.609375 0.769375 

0.603516 0.769990 
0.606445 0.769719 

0.608168 0.769531 
0.606445 0.769694 

0.668819 0.601562 
0.667969 0.600595 

0.597656 0.770289 
0.600586 0.770195 

0.600586 0.770193 
0.603516 0.770000 

0.526380 0.742188 
0.527344 0.743174 

0.500160 0.642578 
0.500721 0.640625 

0.499595 0.644531 
0.500140 0.642578 

0.695609 0.679688 
0.695400 0.681641 

0.695401 0.681641 
0.695151 0.683594 

0.552905 0.580078 
0.553711 0.579722 

0.556641 0.578469 
0.553711 0.579658 

0.552902 0.580078 
0.550781 0.581003 

0.503551 0.632812 
0.503906 0.631760 

0.562525 0.576172 
0.565430 0.575280 

0.568359 0.574371 
0.565430 0.575221 

0.562563 0.576172 
0.562500 0.576191 

0.584031 0.769531 
0.585938 0.769706 

0.515415 0.611328 
0.515625 0.611004 

0.514098 0.613281 
0.515394 0.611328 

0.670513 0.603516 
0.668855 0.601562 

0.670532 0.603516 
0.670898 0.603977 

0.672170 0.605469 
0.670898 0.603839 

0.691479 0.640625 
0.691406 0.640319 

0.632812 0.763199 
0.635742 0.762075 

0.636453 0.761719 
0.635742 0.762012 

0.648386 0.755859 
0.650391 0.754719 

0.644733 0.757812 
0.647461 0.756422 

0.648373 0.755859 
0.647461 0.756369 

0.496887 0.658203 
0.497154 0.656250 

0.496657 0.660156 
0.496887 0.658203 

0.547333 0.757812 
0.544922 0.756539 

0.654612 0.751953 
0.656250 0.750719 

0.651686 0.753906 
0.653320 0.752844 

0.654611 0.751953 
0.653320 0.752847 

0.500525 0.699219 
0.500977 0.700886 

0.501118 0.701172 
0.500977 0.700586 

0.501126 0.701172 
0.501735 0.703125 

0.651674 0.753906 
0.650391 0.754695 

0.684039 0.623047 
0.683004 0.621094 

0.685103 0.625000 
0.684092 0.623047 

0.518345 0.607422 
0.518555 0.607140 

0.519908 0.605469 
0.518555 0.607274 

0.516901 0.609375 
0.518329 0.607422 

0.510321 0.619141 
0.511487 0.617188 

0.510293 0.619141 
0.509766 0.620213 

0.656168 0.589844 
0.656250 0.589907 

0.496277 0.675781 
0.496410 0.677734 

0.496410 0.677734 
0.496580 0.679688 

0.501341 0.638672 
0.501993 0.636719 

0.500744 0.640625 
0.500977 0.639675 

0.501319 0.638672 
0.500977 0.639989 

0.694166 0.689453 
0.694336 0.688326 

0.694517 0.687500 
0.694336 0.688734 

0.694152 0.689453 
0.693743 0.691406 

0.516306 0.730469 
0.517729 0.732422 

0.517778 0.732422 
0.518555 0.733517 

0.519286 0.734375 
0.518555 0.733351 

0.681864 0.619141 
0.680678 0.617188 

0.681916 0.619141 
0.682617 0.620527 

0.683000 0.621094 
0.682617 0.620295 

0.583008 0.769373 
0.580078 0.768943 

0.584395 0.769531 
0.583008 0.769397 

0.502755 0.634766 
0.503519 0.632812 

0.501993 0.636719 
0.502728 0.634766 

0.519991 0.605469 
0.521484 0.603586 

0.693731 0.691406 
0.693271 0.693359 

0.693273 0.693359 
0.692784 0.695312 

0.660884 0.593750 
0.662109 0.594922 

0.661697 0.746094 
0.659597 0.748047 

0.657226 0.750000 
0.659180 0.748316 

0.659570 0.748047 
0.659180 0.748381 

0.511054 0.722656 
0.512238 0.724609 

0.512266 0.724609 
0.512695 0.725374 

0.513485 0.726562 
0.512695 0.725206 

0.565430 0.765365 
0.562500 0.764425 

0.566256 0.765625 
0.565430 0.765406 

0.597656 0.570324 
0.600586 0.570417 

0.600586 0.570418 
0.603516 0.570615 

0.583008 0.571250 
0.580078 0.571686 

0.585938 0.570910 
0.583008 0.571255 

0.540687 0.753906 
0.539062 0.752813 

0.675254 0.609375 
0.673851 0.607422 

0.594727 0.570334 
0.591797 0.570440 

0.597656 0.570324 
0.594727 0.570333 

0.689393 0.634766 
0.688686 0.632812 

0.690135 0.636719 
0.689414 0.634766 

0.576939 0.572266 
0.577148 0.572231 

0.580078 0.571713 
0.577148 0.572195 

0.577067 0.572266 
0.574219 0.572815 

0.692785 0.695312 
0.692263 0.697266 

0.692253 0.697266 
0.691716 0.699219 

0.663841 0.744141 
0.665039 0.742901 

0.665845 0.742188 
0.665039 0.743017 

0.663798 0.744141 
0.662109 0.745814 

0.508813 0.718750 
0.509766 0.720615 

0.636448 0.761719 
0.638672 0.760816 

0.669491 0.738281 
0.667969 0.740054 

0.516263 0.730469 
0.515625 0.729469 

0.533768 0.591797 
0.536133 0.589889 

0.536269 0.589844 
0.536133 0.589946 

0.533774 0.591797 
0.533203 0.592271 

0.508130 0.623047 
0.509193 0.621094 

0.507102 0.625000 
0.508076 0.623047 

0.540696 0.753906 
0.541992 0.754736 

0.543824 0.755859 
0.541992 0.754759 

0.543838 0.755859 
0.544922 0.756490 

0.499098 0.646484 
0.499602 0.644531 

0.498623 0.648438 
0.499095 0.646484 

0.663025 0.595703 
0.662109 0.594826 

0.664963 0.597656 
0.663045 0.595703 

0.665057 0.597656 
0.665039 0.597639 

0.509230 0.621094 
0.509766 0.619997 

0.672819 0.734375 
0.671276 0.736328 

0.669567 0.738281 
0.670898 0.736636 

0.671256 0.736328 
0.670898 0.736767 

0.512793 0.615234 
0.514015 0.613281 

0.511562 0.617188 
0.512695 0.615251 

0.512793 0.615234 
0.512695 0.615414 

0.521669 0.603516 
0.523330 0.601562 

0.521660 0.603516 
0.521484 0.603732 

0.535212 0.750000 
0.536133 0.750706 

0.537828 0.751953 
0.536133 0.750684 

0.537839 0.751953 
0.539062 0.752813 

0.557408 0.578125 
0.556641 0.578410 

0.658608 0.591797 
0.656250 0.589844 

0.658598 0.591797 
0.659180 0.592298 

0.660868 0.593750 
0.659180 0.592222 

0.625896 0.765625 
0.626953 0.765338 

0.691698 0.699219 
0.691406 0.700419 

0.690825 0.638672 
0.690135 0.636719 

0.690866 0.638672 
0.691406 0.640527 

0.588867 0.570643 
0.585938 0.570914 

0.591797 0.570443 
0.588867 0.570639 

0.673745 0.607422 
0.672257 0.605469 

0.673751 0.607422 
0.673828 0.607530 

0.509898 0.720703 
0.509766 0.720419 

0.509891 0.720703 
0.510982 0.722656 

0.695151 0.683594 
0.694858 0.685547 

0.694850 0.685547 
0.694531 0.687500 

0.664984 0.597656 
0.665039 0.597711 

0.666930 0.599609 
0.665103 0.597656 

0.666976 0.599609 
0.667969 0.600738 

0.531424 0.593750 
0.533203 0.592195 

0.568862 0.574219 
0.568359 0.574336 

0.680617 0.617188 
0.679688 0.615557 

0.538948 0.587891 
0.539062 0.587812 

0.536260 0.589844 
0.538919 0.587891 

