0.565245 0.779297 
0.562500 0.778319 

0.565240 0.779297 
0.565430 0.779364 

0.568359 0.780398 
0.565430 0.779428 

0.684660 0.740234 
0.685547 0.738657 

0.684589 0.740234 
0.683325 0.742188 

0.696978 0.712891 
0.697266 0.711577 

0.696953 0.712891 
0.696395 0.714844 

0.697303 0.660156 
0.697266 0.659970 

0.634182 0.591797 
0.632812 0.591367 

0.634080 0.591797 
0.635742 0.592328 

0.635742 0.592393 
0.638672 0.593464 

0.696738 0.658203 
0.696137 0.656250 

0.696771 0.658203 
0.697266 0.660150 

0.639238 0.593750 
0.641602 0.594662 

0.643905 0.595703 
0.641602 0.594745 

0.643903 0.595703 
0.644531 0.595978 

0.615234 0.784813 
0.618164 0.784330 

0.618164 0.784329 
0.621094 0.783759 

0.695491 0.654297 
0.694825 0.652344 

0.696138 0.656250 
0.695498 0.654297 

0.670471 0.757812 
0.668579 0.759766 

0.668556 0.759766 
0.667969 0.760337 

0.502152 0.669922 
0.502498 0.667969 

0.501845 0.671875 
0.502152 0.669922 

0.656408 0.769531 
0.656250 0.769631 

0.535162 0.761719 
0.533203 0.759818 

0.679093 0.748047 
0.679688 0.747169 

0.679053 0.748047 
0.677569 0.750000 

0.612546 0.785156 
0.615234 0.784833 

0.509086 0.646484 
0.509766 0.644739 

0.508201 0.648438 
0.509033 0.646484 

0.685848 0.738281 
0.685547 0.738853 

0.694107 0.650391 
0.693365 0.648438 

0.694125 0.650391 
0.694336 0.651125 

0.694793 0.652344 
0.694336 0.650845 

0.691673 0.644531 
0.691406 0.643813 

0.688117 0.734375 
0.687030 0.736328 

0.686963 0.736328 
0.685848 0.738281 

0.535184 0.761719 
0.536133 0.762569 

0.537459 0.763672 
0.536133 0.762494 

0.537463 0.763672 
0.539062 0.765004 

0.698692 0.666016 
0.698270 0.664062 

0.699070 0.667969 
0.698690 0.666016 

0.609375 0.785499 
0.612305 0.785219 

0.612763 0.785156 
0.612305 0.785200 

0.639248 0.593750 
0.638672 0.593525 

0.502879 0.666016 
0.503315 0.664062 

0.502498 0.667969 
0.502884 0.666016 

0.543614 0.603516 
0.544922 0.602629 

0.540904 0.605469 
0.541992 0.604662 

0.543607 0.603516 
0.541992 0.604675 

0.693673 0.722656 
0.692861 0.724609 

0.692854 0.724609 
0.692018 0.726562 

0.692491 0.646484 
0.691684 0.644531 

0.693335 0.648438 
0.692511 0.646484 

0.510808 0.642578 
0.511789 0.640625 

0.509923 0.644531 
0.510778 0.642578 

0.667658 0.611328 
0.665640 0.609375 

0.667665 0.611328 
0.667969 0.611623 

0.628061 0.589844 
0.626953 0.589572 

0.522403 0.748047 
0.521484 0.746696 

0.522479 0.748047 
0.523957 0.750000 

0.502351 0.703125 
0.502721 0.705078 

0.502719 0.705078 
0.503131 0.707031 

0.697468 0.710938 
0.697266 0.711935 

0.540884 0.605469 
0.539062 0.606927 

0.510399 0.728516 
0.509766 0.726913 

0.510432 0.728516 
0.511383 0.730469 

0.697774 0.662109 
0.697318 0.660156 

0.698271 0.664062 
0.697803 0.662109 

0.661906 0.765625 
0.659378 0.767578 

0.656428 0.769531 
0.659180 0.767697 

0.659344 0.767578 
0.659180 0.767695 

0.518228 0.742188 
0.518555 0.742738 

0.519515 0.744141 
0.518555 0.742593 

0.519597 0.744141 
0.520955 0.746094 

0.500815 0.687500 
0.500870 0.689453 

0.500877 0.689453 
0.500958 0.691406 

0.509570 0.726562 
0.509766 0.727110 

0.700393 0.677734 
0.700225 0.675781 

0.700558 0.679688 
0.700406 0.677734 

0.699411 0.669922 
0.699069 0.667969 

0.699716 0.671875 
0.699411 0.669922 

0.684058 0.630859 
0.682821 0.628906 

0.685333 0.632812 
0.684141 0.630859 

0.531109 0.757812 
0.533016 0.759766 

0.533056 0.759766 
0.533203 0.759905 

0.505161 0.714844 
0.505788 0.716797 

0.505805 0.716797 
0.506459 0.718750 

0.588867 0.785138 
0.585938 0.784764 

0.588923 0.785156 
0.588867 0.785152 

0.571018 0.781250 
0.568359 0.780463 

0.680524 0.746094 
0.679688 0.747330 

0.695107 0.718750 
0.694466 0.720703 

0.693719 0.722656 
0.694336 0.720871 

0.694453 0.720703 
0.694336 0.721103 

0.546565 0.601562 
0.544922 0.602621 

0.594727 0.785690 
0.591797 0.785458 

0.597656 0.785849 
0.594727 0.785693 

0.690751 0.642578 
0.689776 0.640625 

0.690800 0.642578 
0.691406 0.644068 

0.609375 0.586354 
0.612305 0.586676 

0.612305 0.586676 
0.615234 0.587073 

0.503136 0.707031 
0.503582 0.708984 

0.503612 0.708984 
0.503906 0.710441 

0.699983 0.673828 
0.699716 0.671875 

0.699995 0.673828 
0.700195 0.675758 

0.700218 0.675781 
0.700195 0.675490 

0.567346 0.591797 
0.568359 0.591480 

0.565430 0.592504 
0.562500 0.593565 

0.567434 0.591797 
0.565430 0.592437 

0.500964 0.691406 
0.500977 0.691709 

0.501093 0.693359 
0.500977 0.691449 

0.501100 0.693359 
0.501270 0.695312 

0.615234 0.587072 
0.618164 0.587544 

0.620086 0.587891 
0.618164 0.587581 

0.619791 0.587891 
0.621094 0.588102 

0.515751 0.738281 
0.516898 0.740234 

0.516977 0.740234 
0.518203 0.742188 

0.553499 0.597656 
0.553711 0.597548 

0.556641 0.596141 
0.553711 0.597488 

0.591797 0.785440 
0.588867 0.785173 

0.627896 0.589844 
0.629883 0.590355 

0.629883 0.590404 
0.632812 0.591318 

0.675209 0.619141 
0.673828 0.617469 

0.675291 0.619141 
0.676758 0.620997 

0.676928 0.621094 
0.676758 0.620879 

0.501269 0.695312 
0.501478 0.697266 

0.501478 0.697266 
0.501728 0.699219 

0.691143 0.728516 
0.691406 0.727802 

0.691121 0.728516 
0.690201 0.730469 

0.516175 0.632812 
0.515625 0.633868 

0.523101 0.623047 
0.524414 0.621283 

0.524678 0.621094 
0.524414 0.621444 

0.521602 0.625000 
0.523020 0.623047 

0.500801 0.685547 
0.500829 0.683594 

0.500801 0.685547 
0.500815 0.687500 

0.691983 0.726562 
0.691406 0.728054 

0.678440 0.623047 
0.676948 0.621094 

0.678525 0.623047 
0.679688 0.624695 

0.504075 0.710938 
0.504576 0.712891 

0.504591 0.712891 
0.505166 0.714844 

0.696388 0.714844 
0.695780 0.716797 

0.695783 0.716797 
0.695135 0.718750 

0.515756 0.738281 
0.515625 0.738018 

0.669692 0.613281 
0.667969 0.611510 

0.507424 0.650391 
0.508195 0.648438 

0.506720 0.652344 
0.506836 0.651922 

0.507392 0.650391 
0.506836 0.652123 

0.681386 0.626953 
0.680015 0.625000 

0.681472 0.626953 
0.682617 0.628735 

0.682818 0.628906 
0.682617 0.628577 

0.700094 0.697266 
0.700195 0.696068 

0.700288 0.695312 
0.700195 0.696490 

0.700087 0.697266 
0.699842 0.699219 

0.527292 0.753906 
0.527344 0.753965 

0.603516 0.785887 
0.606445 0.785752 

0.606445 0.785749 
0.609375 0.785518 

0.504273 0.660156 
0.503906 0.661826 

0.501156 0.677734 
0.501347 0.675781 

0.501008 0.679688 
0.501151 0.677734 

0.573551 0.589844 
0.574219 0.589679 

0.699837 0.699219 
0.699543 0.701172 

0.699543 0.701172 
0.699210 0.703125 

0.531861 0.613281 
0.533203 0.611929 

0.545330 0.769531 
0.547852 0.771102 

0.548450 0.771484 
0.547852 0.771128 

0.548460 0.771484 
0.550781 0.772783 

0.698411 0.707031 
0.697953 0.708984 

0.697940 0.708984 
0.697479 0.710938 

0.669741 0.613281 
0.670898 0.614526 

0.671678 0.615234 
0.670898 0.614401 

0.673454 0.617188 
0.671708 0.615234 

0.655138 0.601562 
0.656250 0.602239 

0.504067 0.710938 
0.503906 0.710091 

0.621094 0.588129 
0.624023 0.588776 

0.624023 0.588800 
0.626953 0.589529 

0.501578 0.673828 
0.501846 0.671875 

0.501348 0.675781 
0.501578 0.673828 

0.630513 0.781250 
0.632812 0.780580 

0.673473 0.617188 
0.673828 0.617603 

0.509927 0.644531 
0.509766 0.644994 

0.600586 0.785918 
0.597656 0.785852 

0.600586 0.785920 
0.603516 0.785887 

0.571289 0.590521 
0.568359 0.591429 

0.573672 0.589844 
0.571289 0.590470 

0.517500 0.630859 
0.518555 0.629116 

0.518777 0.628906 
0.518555 0.629290 

0.516207 0.632812 
0.517427 0.630859 

0.539909 0.765625 
0.539062 0.764948 

0.533939 0.611328 
0.536013 0.609375 

0.533930 0.611328 
0.533203 0.612036 

0.557501 0.595703 
0.559570 0.594841 

0.562199 0.593750 
0.559570 0.594764 

0.557502 0.595703 
0.556641 0.596078 

0.539889 0.765625 
0.541992 0.767235 

0.542513 0.767578 
0.541992 0.767200 

0.542498 0.767578 
0.544922 0.769258 

0.507879 0.722656 
0.508692 0.724609 

0.508734 0.724609 
0.509543 0.726562 

0.511428 0.730469 
0.512389 0.732422 

0.512417 0.732422 
0.512695 0.733059 

0.513399 0.734375 
0.512695 0.732877 

0.681997 0.744141 
0.682617 0.743115 

0.683288 0.742188 
0.682617 0.743303 

0.681957 0.744141 
0.680586 0.746094 

0.528061 0.617188 
0.527344 0.618046 

0.520166 0.626953 
0.521484 0.625013 

0.518782 0.628906 
0.520080 0.626953 

0.503802 0.662109 
0.503906 0.661553 

0.503340 0.664062 
0.503783 0.662109 

0.515053 0.634766 
0.515625 0.633661 

0.513898 0.636719 
0.515013 0.634766 

0.644531 0.596044 
0.647461 0.597372 

0.647901 0.597656 
0.647461 0.597438 

0.551971 0.773438 
0.553711 0.774321 

0.555899 0.775391 
0.553711 0.774386 

0.555899 0.775391 
0.556641 0.775736 

0.529875 0.615234 
0.530273 0.614818 

0.531815 0.613281 
0.530273 0.614927 

0.528090 0.617188 
0.529847 0.615234 

0.690159 0.730469 
0.689166 0.732422 

0.688143 0.734375 
0.688477 0.733629 

0.689135 0.732422 
0.688477 0.733855 

0.520977 0.746094 
0.521484 0.746856 

0.672458 0.755859 
0.673828 0.754260 

0.670487 0.757812 
0.670898 0.757378 

0.672389 0.755859 
0.670898 0.757505 

0.506065 0.654297 
0.506695 0.652344 

0.505397 0.656250 
0.506028 0.654297 

0.603516 0.585974 
0.606445 0.586110 

0.606445 0.586112 
0.609375 0.586348 

0.549850 0.599609 
0.550781 0.599088 

0.546579 0.601562 
0.547852 0.600778 

0.549841 0.599609 
0.547852 0.600746 

0.538393 0.607422 
0.539062 0.606882 

0.536065 0.609375 
0.536133 0.609317 

0.536138 0.609375 
0.538365 0.607422 

0.577148 0.782977 
0.574219 0.782237 

0.578162 0.783203 
0.577148 0.783008 

0.577910 0.783203 
0.580078 0.783629 

0.685352 0.632812 
0.685547 0.633193 

0.562188 0.593750 
0.562500 0.593628 

0.501729 0.699219 
0.502020 0.701172 

0.502020 0.701172 
0.502351 0.703125 

0.680003 0.625000 
0.679688 0.624542 

0.700752 0.687500 
0.700694 0.689453 

0.700693 0.689453 
0.700597 0.691406 

0.560155 0.777344 
0.562500 0.778239 

0.645501 0.775391 
0.647461 0.774501 

0.649499 0.773438 
0.647461 0.774432 

0.645490 0.775391 
0.644531 0.775830 

0.527380 0.753906 
0.527344 0.753865 

0.545341 0.769531 
0.544922 0.769254 

0.623506 0.783203 
0.624023 0.783107 

0.624023 0.783075 
0.626953 0.782352 

0.623720 0.783203 
0.621094 0.783724 

0.663369 0.607422 
0.662109 0.606377 

0.663372 0.607422 
0.665039 0.608937 

0.665619 0.609375 
0.665039 0.608854 

0.700597 0.691406 
0.700464 0.693359 

0.700459 0.693359 
0.700297 0.695312 

0.674242 0.753906 
0.673828 0.754384 

0.512834 0.638672 
0.513839 0.636719 

0.511849 0.640625 
0.512695 0.638811 

0.512843 0.638672 
0.512695 0.639023 

0.651667 0.599609 
0.650391 0.598931 

0.651698 0.599609 
0.653320 0.600488 

0.655122 0.601562 
0.653320 0.600522 

0.527395 0.753906 
0.529110 0.755859 

0.529161 0.755859 
0.530273 0.757076 

0.531088 0.757812 
0.530273 0.756939 

0.700670 0.681641 
0.700559 0.679688 

0.700740 0.683594 
0.700670 0.681641 

0.675935 0.751953 
0.676758 0.750864 

0.677523 0.750000 
0.676758 0.751020 

0.675886 0.751953 
0.674266 0.753906 

0.583008 0.784248 
0.580078 0.783669 

0.585938 0.784746 
0.583008 0.784250 

0.500904 0.681641 
0.500977 0.679940 

0.501007 0.679688 
0.500977 0.680418 

0.500830 0.683594 
0.500897 0.681641 

0.600586 0.585944 
0.597656 0.586013 

0.600586 0.585943 
0.603516 0.585975 

0.664235 0.763672 
0.665039 0.762947 

0.666442 0.761719 
0.665039 0.763026 

0.664237 0.763672 
0.662109 0.765519 

0.661889 0.765625 
0.662109 0.765447 

0.559570 0.777042 
0.556641 0.775799 

0.560173 0.777344 
0.559570 0.777104 

0.521595 0.625000 
0.521484 0.625167 

0.526314 0.619141 
0.527344 0.617889 

0.524686 0.621094 
0.526263 0.619141 

0.513446 0.734375 
0.514551 0.736328 

0.514614 0.736328 
0.515625 0.738205 

0.636227 0.779297 
0.638672 0.778428 

0.632812 0.780517 
0.635742 0.779534 

0.636249 0.779297 
0.635742 0.779477 

0.686491 0.634766 
0.685547 0.633028 

0.687679 0.636719 
0.686545 0.634766 

0.577148 0.588906 
0.574219 0.589632 

0.580078 0.588215 
0.577148 0.588880 

0.666471 0.761719 
0.667969 0.760236 

0.699211 0.703125 
0.698835 0.705078 

0.698834 0.705078 
0.698414 0.707031 

0.553516 0.597656 
0.550781 0.599033 

0.506491 0.718750 
0.506836 0.719947 

0.507145 0.720703 
0.506836 0.719622 

0.507157 0.720703 
0.507872 0.722656 

0.504831 0.658203 
0.505405 0.656250 

0.504299 0.660156 
0.504831 0.658203 

0.647900 0.597656 
0.650391 0.598867 

0.523974 0.750000 
0.524414 0.750581 

0.525565 0.751953 
0.524414 0.750444 

0.525647 0.751953 
0.527268 0.753906 

0.641252 0.777344 
0.641602 0.777202 

0.641602 0.777137 
0.644531 0.775898 

0.649521 0.773438 
0.650391 0.772993 

0.700768 0.685547 
0.700741 0.683594 

0.700767 0.685547 
0.700752 0.687500 

0.658211 0.603516 
0.656250 0.602245 

0.658195 0.603516 
0.659180 0.604200 

0.660932 0.605469 
0.659180 0.604176 

0.660912 0.605469 
0.662109 0.606427 

0.551937 0.773438 
0.550781 0.772828 

0.570969 0.781250 
0.571289 0.781340 

0.574219 0.782197 
0.571289 0.781395 

0.687734 0.636719 
0.688477 0.638247 

0.688772 0.638672 
0.688477 0.638013 

0.689739 0.640625 
0.688774 0.638672 

0.581529 0.587891 
0.583008 0.587653 

0.585938 0.587140 
0.583008 0.587618 

0.581817 0.587891 
0.580078 0.588185 

0.594727 0.586180 
0.591797 0.586424 

0.597656 0.586015 
0.594727 0.586177 

0.588867 0.586730 
0.585938 0.587128 

0.591797 0.586426 
0.588867 0.586740 

0.626953 0.782314 
0.629883 0.781502 

0.630609 0.781250 
0.629883 0.781453 

0.641271 0.777344 
0.638672 0.778346 

0.653137 0.771484 
0.653320 0.771381 

0.653320 0.771357 
0.656250 0.769658 

0.653167 0.771484 
0.650391 0.772940 

