0.491020 0.595703 
0.491786 0.593750 

0.490259 0.597656 
0.490994 0.595703 

0.535655 0.718750 
0.536133 0.719004 

0.539062 0.720472 
0.536133 0.719062 

0.486472 0.611328 
0.486880 0.609375 

0.486464 0.611328 
0.486328 0.612232 

0.649109 0.554688 
0.650391 0.555902 

0.651270 0.556641 
0.650391 0.555807 

0.653222 0.558594 
0.651290 0.556641 

0.639865 0.714844 
0.638672 0.715584 

0.668914 0.578125 
0.667969 0.576471 

0.636607 0.716797 
0.638672 0.715608 

0.632990 0.718750 
0.635742 0.717332 

0.636596 0.716797 
0.635742 0.717279 

0.492303 0.669922 
0.492188 0.669554 

0.492303 0.669922 
0.493079 0.671875 

0.484407 0.632812 
0.484461 0.634766 

0.484462 0.634766 
0.484555 0.636719 

0.642791 0.712891 
0.644531 0.711578 

0.639875 0.714844 
0.641602 0.713712 

0.642788 0.712891 
0.641602 0.713715 

0.510902 0.699219 
0.509766 0.697828 

0.504538 0.691406 
0.503906 0.690419 

0.622971 0.539062 
0.621094 0.538368 

0.490020 0.664062 
0.490718 0.666016 

0.490717 0.666016 
0.491474 0.667969 

0.679775 0.601562 
0.679688 0.601196 

0.646807 0.552734 
0.644531 0.550864 

0.646797 0.552734 
0.647461 0.553301 

0.649094 0.554688 
0.647461 0.553229 

0.530247 0.546875 
0.527344 0.548787 

0.554345 0.726562 
0.556641 0.727181 

0.597656 0.730302 
0.600586 0.729866 

0.600586 0.729858 
0.603516 0.729323 

0.629168 0.720703 
0.629883 0.720372 

0.629883 0.720308 
0.632812 0.718910 

0.629162 0.720703 
0.626953 0.721676 

0.485312 0.644531 
0.485602 0.646484 

0.485601 0.646484 
0.485934 0.648438 

0.607062 0.728516 
0.609375 0.728010 

0.603516 0.729309 
0.606445 0.728717 

0.607245 0.728516 
0.606445 0.728675 

0.508275 0.566406 
0.509766 0.564531 

0.484488 0.626953 
0.484596 0.625000 

0.484421 0.628906 
0.484488 0.626953 

0.494450 0.587891 
0.495117 0.586329 

0.495373 0.585938 
0.495117 0.586578 

0.493469 0.589844 
0.494397 0.587891 

0.509958 0.564453 
0.511624 0.562500 

0.509949 0.564453 
0.509766 0.564677 

0.543842 0.722656 
0.544922 0.723093 

0.510978 0.699219 
0.512695 0.701170 

0.512821 0.701172 
0.512695 0.701037 

0.512834 0.701172 
0.514654 0.703125 

0.484556 0.636719 
0.484687 0.638672 

0.484687 0.638672 
0.484856 0.640625 

0.539414 0.720703 
0.539062 0.720539 

0.539420 0.720703 
0.541992 0.721828 

0.543858 0.722656 
0.541992 0.721905 

0.622927 0.539062 
0.624023 0.539477 

0.624023 0.539542 
0.626953 0.540751 

0.501819 0.687500 
0.503134 0.689453 

0.503175 0.689453 
0.503906 0.690602 

0.633003 0.718750 
0.632812 0.718849 

0.684363 0.630859 
0.684336 0.628906 

0.684363 0.630859 
0.684347 0.632812 

0.627391 0.541016 
0.626953 0.540818 

0.627394 0.541016 
0.629883 0.542112 

0.631507 0.542969 
0.629883 0.542186 

0.666908 0.687500 
0.665596 0.689453 

0.664210 0.691406 
0.665039 0.690126 

0.665571 0.689453 
0.665039 0.690293 

0.631536 0.542969 
0.632812 0.543600 

0.679425 0.662109 
0.679688 0.661046 

0.679404 0.662109 
0.678761 0.664062 

0.664143 0.691406 
0.662712 0.693359 

0.662679 0.693359 
0.662109 0.694159 

0.624746 0.722656 
0.626953 0.721756 

0.514682 0.703125 
0.515625 0.704086 

0.653242 0.558594 
0.653320 0.558672 

0.655193 0.560547 
0.653360 0.558594 

0.655240 0.560547 
0.656250 0.561689 

0.493100 0.671875 
0.494008 0.673828 

0.494059 0.673828 
0.494951 0.675781 

0.506624 0.568359 
0.506836 0.568075 

0.508192 0.566406 
0.506836 0.568209 

0.505175 0.570312 
0.506607 0.568359 

0.504580 0.691406 
0.506007 0.693359 

0.506056 0.693359 
0.506836 0.694456 

0.507569 0.695312 
0.506836 0.694290 

0.513559 0.560547 
0.515413 0.558594 

0.511670 0.562500 
0.512695 0.561337 

0.513533 0.560547 
0.512695 0.561484 

0.505089 0.570312 
0.503906 0.572063 

0.507613 0.695312 
0.509171 0.697266 

0.509201 0.697266 
0.509766 0.697956 

0.501061 0.576172 
0.502283 0.574219 

0.499828 0.578125 
0.500974 0.576172 

0.501062 0.576172 
0.500977 0.576327 

0.547852 0.724262 
0.544922 0.723154 

0.548731 0.724609 
0.547852 0.724316 

0.548653 0.724609 
0.550781 0.725311 

0.519746 0.554688 
0.521484 0.553177 

0.541204 0.541016 
0.541992 0.540665 

0.544922 0.539405 
0.541992 0.540600 

0.541200 0.541016 
0.539062 0.541955 

0.661167 0.695312 
0.662109 0.694003 

0.499318 0.683594 
0.500504 0.685547 

0.500534 0.685547 
0.500977 0.686335 

0.501754 0.687500 
0.500977 0.686164 

0.553711 0.536204 
0.550781 0.537107 

0.556641 0.535296 
0.553711 0.536145 

0.550807 0.537109 
0.550781 0.537117 

0.635267 0.544922 
0.632812 0.543654 

0.635260 0.544922 
0.635742 0.545188 

0.638661 0.546875 
0.635742 0.545223 

0.673429 0.585938 
0.673828 0.586912 

0.662113 0.568359 
0.662109 0.568355 

0.663545 0.570312 
0.662138 0.568359 

0.655957 0.701172 
0.656250 0.700847 

0.655940 0.701172 
0.654131 0.703125 

0.591797 0.531553 
0.594727 0.531841 

0.594727 0.531845 
0.597656 0.532208 

0.674338 0.587891 
0.673828 0.586648 

0.675255 0.589844 
0.674362 0.587891 

0.556939 0.535156 
0.559570 0.534516 

0.562500 0.533764 
0.559570 0.534473 

0.545639 0.539062 
0.547852 0.538259 

0.550781 0.537174 
0.547852 0.538185 

0.684266 0.626953 
0.684156 0.625000 

0.684335 0.628906 
0.684266 0.626953 

0.614227 0.726562 
0.615234 0.726289 

0.603609 0.533203 
0.603516 0.533188 

0.603516 0.533205 
0.606445 0.533780 

0.606445 0.533807 
0.609375 0.534521 

0.609375 0.727972 
0.612305 0.727171 

0.614381 0.726562 
0.612305 0.727126 

0.485959 0.648438 
0.486289 0.650391 

0.486303 0.650391 
0.486328 0.650567 

0.683894 0.640625 
0.683687 0.642578 

0.683688 0.642578 
0.683439 0.644531 

0.497077 0.679688 
0.498047 0.681581 

0.682456 0.650391 
0.682617 0.649311 

0.682806 0.648438 
0.682617 0.649719 

0.682442 0.650391 
0.682036 0.652344 

0.678745 0.664062 
0.678033 0.666016 

0.678027 0.666016 
0.677288 0.667969 

0.667696 0.576172 
0.666442 0.574219 

0.667716 0.576172 
0.667969 0.576634 

0.488793 0.660156 
0.489258 0.661861 

0.489388 0.662109 
0.489258 0.661569 

0.489396 0.662109 
0.490004 0.664062 

0.672337 0.583984 
0.671300 0.582031 

0.673399 0.585938 
0.672390 0.583984 

0.670635 0.681641 
0.670898 0.681082 

0.671686 0.679688 
0.670898 0.681276 

0.670612 0.681641 
0.669483 0.683594 

0.486330 0.650391 
0.486328 0.650374 

0.486332 0.650391 
0.486691 0.652344 

0.682024 0.652344 
0.681567 0.654297 

0.681568 0.654297 
0.681080 0.656250 

0.515450 0.558594 
0.515625 0.558423 

0.492597 0.591797 
0.493444 0.589844 

0.492585 0.591797 
0.492188 0.592957 

0.676505 0.669922 
0.676758 0.669149 

0.677252 0.667969 
0.676758 0.669417 

0.676482 0.669922 
0.675656 0.671875 

0.621094 0.724148 
0.624023 0.723021 

0.624751 0.722656 
0.624023 0.722957 

0.484856 0.640625 
0.485063 0.642578 

0.485063 0.642578 
0.485312 0.644531 

0.484394 0.630859 
0.484421 0.628906 

0.484393 0.630859 
0.484407 0.632812 

0.649928 0.707031 
0.650391 0.706599 

0.683439 0.644531 
0.683147 0.646484 

0.683140 0.646484 
0.682821 0.648438 

0.585938 0.531260 
0.588867 0.531353 

0.588867 0.531354 
0.591797 0.531549 

0.535666 0.718750 
0.533203 0.717442 

0.491526 0.667969 
0.492188 0.669806 

0.657090 0.562500 
0.656250 0.561548 

0.565152 0.533203 
0.565430 0.533158 

0.568359 0.532639 
0.565430 0.533122 

0.565293 0.533203 
0.562500 0.533739 

0.485738 0.615234 
0.486080 0.613281 

0.485427 0.617188 
0.485734 0.615234 

0.503686 0.572266 
0.503906 0.571928 

0.502367 0.574219 
0.503666 0.572266 

0.565430 0.729342 
0.562500 0.728750 

0.568359 0.729886 
0.565430 0.729357 

0.572237 0.730469 
0.574219 0.730651 

0.529036 0.714844 
0.527344 0.713703 

0.496393 0.583984 
0.497457 0.582031 

0.495368 0.585938 
0.496340 0.583984 

0.491819 0.593750 
0.492188 0.592661 

0.644347 0.550781 
0.644531 0.550922 

0.559570 0.728021 
0.556641 0.727230 

0.561729 0.728516 
0.559570 0.728055 

0.561521 0.728516 
0.562500 0.728709 

0.571289 0.532178 
0.568359 0.532612 

0.574219 0.531840 
0.571289 0.532183 

0.583008 0.531269 
0.580078 0.531373 

0.585938 0.531260 
0.583008 0.531267 

0.681081 0.656250 
0.680559 0.658203 

0.680550 0.658203 
0.680010 0.660156 

0.673768 0.675781 
0.672836 0.677734 

0.672783 0.677734 
0.671728 0.679688 

0.545679 0.539062 
0.544922 0.539345 

0.649929 0.707031 
0.647809 0.708984 

0.645415 0.710938 
0.647461 0.709190 

0.647779 0.708984 
0.647461 0.709253 

0.676148 0.591797 
0.675275 0.589844 

0.676193 0.591797 
0.676758 0.593358 

0.676971 0.593750 
0.676758 0.593090 

0.670161 0.580078 
0.668976 0.578125 

0.670212 0.580078 
0.670898 0.581436 

0.671295 0.582031 
0.670898 0.581204 

0.577148 0.531574 
0.574219 0.531843 

0.580078 0.531375 
0.577148 0.531569 

0.684195 0.636719 
0.684063 0.638672 

0.684063 0.638672 
0.683894 0.640625 

0.673781 0.675781 
0.673828 0.675657 

0.488427 0.603516 
0.488989 0.601562 

0.487864 0.605469 
0.488408 0.603516 

0.611818 0.535156 
0.609375 0.534561 

0.497497 0.582031 
0.498047 0.580907 

0.657765 0.699219 
0.656250 0.700977 

0.684347 0.632812 
0.684291 0.634766 

0.684290 0.634766 
0.684195 0.636719 

0.684004 0.623047 
0.683813 0.621094 

0.684155 0.625000 
0.684004 0.623047 

0.494977 0.675781 
0.495117 0.676129 

0.495914 0.677734 
0.495117 0.675979 

0.495958 0.677734 
0.497016 0.679688 

0.583008 0.731220 
0.580078 0.731119 

0.585938 0.731228 
0.583008 0.731222 

0.523519 0.710938 
0.521484 0.709244 

0.516718 0.705078 
0.515625 0.703969 

0.516742 0.705078 
0.518555 0.706831 

0.518899 0.707031 
0.518555 0.706718 

0.683583 0.619141 
0.683318 0.617188 

0.683813 0.621094 
0.683584 0.619141 

0.652091 0.705078 
0.653320 0.703814 

0.654105 0.703125 
0.653320 0.703926 

0.652049 0.705078 
0.650391 0.706707 

0.527296 0.548828 
0.527344 0.548795 

0.524602 0.550781 
0.527268 0.548828 

0.658790 0.564453 
0.657126 0.562500 

0.658809 0.564453 
0.659180 0.564917 

0.660453 0.566406 
0.659180 0.564780 

0.486711 0.652344 
0.487152 0.654297 

0.487151 0.654297 
0.487634 0.656250 

0.577148 0.730924 
0.574219 0.730670 

0.580078 0.731116 
0.577148 0.730929 

0.498165 0.681641 
0.498047 0.681388 

0.498157 0.681641 
0.499247 0.683594 

0.679124 0.599609 
0.678434 0.597656 

0.679165 0.599609 
0.679688 0.601418 

0.638622 0.546875 
0.638672 0.546905 

0.529047 0.714844 
0.530273 0.715631 

0.532171 0.716797 
0.530273 0.715653 

0.532183 0.716797 
0.533203 0.717393 

0.533453 0.544922 
0.536133 0.543502 

0.537080 0.542969 
0.536133 0.543448 

0.533458 0.544922 
0.533203 0.545067 

0.557088 0.535156 
0.556641 0.535260 

0.664986 0.572266 
0.663639 0.570312 

0.665068 0.572266 
0.665039 0.572221 

0.664996 0.572266 
0.665039 0.572334 

0.666356 0.574219 
0.665080 0.572266 

0.591797 0.730931 
0.594727 0.730662 

0.596508 0.730469 
0.594727 0.730637 

0.681405 0.607422 
0.680893 0.605469 

0.681877 0.609375 
0.681407 0.607422 

0.517527 0.556641 
0.518555 0.555688 

0.519746 0.554688 
0.518555 0.555780 

0.517503 0.556641 
0.515625 0.558516 

0.666989 0.687500 
0.667969 0.685856 

0.487630 0.656250 
0.488162 0.658203 

0.488165 0.658203 
0.488749 0.660156 

0.485162 0.619141 
0.485428 0.617188 

0.484934 0.621094 
0.485162 0.619141 

0.585938 0.731229 
0.588867 0.731135 

0.588867 0.731134 
0.591797 0.730941 

0.571289 0.730320 
0.568359 0.729891 

0.572601 0.730469 
0.571289 0.730343 

0.487368 0.607422 
0.487871 0.605469 

0.486894 0.609375 
0.487365 0.607422 

0.486104 0.613281 
0.486328 0.611858 

0.682302 0.611328 
0.681877 0.609375 

0.682324 0.611328 
0.682617 0.613076 

0.682681 0.613281 
0.682617 0.612813 

0.662031 0.568359 
0.660540 0.566406 

0.662037 0.568359 
0.662109 0.568460 

0.675622 0.671875 
0.674724 0.673828 

0.674693 0.673828 
0.673851 0.675781 

0.617906 0.537109 
0.615234 0.536280 

0.617842 0.537109 
0.618164 0.537209 

0.618164 0.537263 
0.621094 0.538300 

0.619917 0.724609 
0.621094 0.724209 

0.615234 0.726244 
0.618164 0.725282 

0.619998 0.724609 
0.618164 0.725224 

0.677690 0.595703 
0.676981 0.593750 

0.678433 0.597656 
0.677711 0.595703 

0.597656 0.532203 
0.600586 0.532645 

0.600586 0.532670 
0.603516 0.533150 

0.669408 0.683594 
0.668241 0.685547 

0.668241 0.685547 
0.667969 0.686032 

0.530268 0.546875 
0.530273 0.546872 

0.533203 0.545108 
0.530273 0.546834 

0.645396 0.710938 
0.644531 0.711609 

0.518896 0.707031 
0.521070 0.708984 

0.521101 0.708984 
0.521484 0.709301 

0.522098 0.552734 
0.524414 0.550873 

0.524611 0.550781 
0.524414 0.550930 

0.522105 0.552734 
0.521484 0.553248 

0.611647 0.535156 
0.612305 0.535312 

0.612305 0.535350 
0.615234 0.536220 

0.489609 0.599609 
0.490258 0.597656 

0.489013 0.601562 
0.489258 0.600565 

0.489588 0.599609 
0.489258 0.600887 

0.484744 0.623047 
0.484933 0.621094 

0.484596 0.625000 
0.484744 0.623047 

0.679990 0.660156 
0.679688 0.661393 

0.638672 0.546907 
0.641602 0.548776 

0.641662 0.548828 
0.641602 0.548787 

0.644366 0.550781 
0.641690 0.548828 

0.537110 0.542969 
0.539062 0.542025 

0.596149 0.730469 
0.597656 0.730319 

0.498587 0.580078 
0.499752 0.578125 

0.498560 0.580078 
0.498047 0.581123 

0.680319 0.603516 
0.679786 0.601562 

0.680892 0.605469 
0.680343 0.603516 

0.683000 0.615234 
0.682692 0.613281 

0.683320 0.617188 
0.683017 0.615234 

0.523551 0.710938 
0.524414 0.711597 

0.526174 0.712891 
0.524414 0.711575 

0.526187 0.712891 
0.527344 0.713703 

0.661103 0.695312 
0.659556 0.697266 

0.657841 0.699219 
0.659180 0.697571 

0.659536 0.697266 
0.659180 0.697701 

0.553711 0.726315 
0.550781 0.725374 

0.554490 0.726562 
0.553711 0.726355 

0.673835 0.675781 
0.673828 0.675799 

