0.669520 0.568359 
0.668760 0.566406 

0.670250 0.570312 
0.669519 0.568359 

0.664632 0.650391 
0.665039 0.649433 

0.665571 0.648438 
0.665039 0.649687 

0.664602 0.650391 
0.663560 0.652344 

0.603516 0.507840 
0.606445 0.508669 

0.606445 0.508726 
0.609375 0.509645 

0.533016 0.513672 
0.533203 0.513586 

0.528972 0.515625 
0.530273 0.514976 

0.533028 0.513672 
0.530273 0.514908 

0.598889 0.701172 
0.600586 0.700823 

0.600586 0.700789 
0.603516 0.700008 

0.599136 0.701172 
0.597656 0.701464 

0.499418 0.667969 
0.500948 0.669922 

0.501059 0.669922 
0.500977 0.669819 

0.500973 0.669922 
0.500977 0.669926 

0.501070 0.669922 
0.502703 0.671875 

0.486190 0.560547 
0.486328 0.560190 

0.485300 0.562500 
0.486165 0.560547 

0.672149 0.576172 
0.671563 0.574219 

0.672697 0.578125 
0.672149 0.576172 

0.652899 0.667969 
0.651345 0.669922 

0.651291 0.669922 
0.650391 0.671042 

0.480562 0.632812 
0.481130 0.634766 

0.481154 0.634766 
0.481810 0.636719 

0.496385 0.664062 
0.497791 0.666016 

0.497808 0.666016 
0.498047 0.666347 

0.516447 0.523438 
0.515625 0.524067 

0.505360 0.533203 
0.506836 0.531632 

0.507332 0.531250 
0.506836 0.531755 

0.505299 0.533203 
0.503906 0.534766 

0.649557 0.671875 
0.647840 0.673828 

0.645903 0.675781 
0.647461 0.674090 

0.647815 0.673828 
0.647461 0.674205 

0.480226 0.576172 
0.480469 0.575109 

0.479676 0.578125 
0.480203 0.576172 

0.476203 0.605469 
0.476257 0.607422 

0.476257 0.607422 
0.476350 0.609375 

0.661313 0.656250 
0.662109 0.654746 

0.488219 0.556641 
0.489206 0.554688 

0.489290 0.554688 
0.489258 0.554759 

0.487135 0.558594 
0.488160 0.556641 

0.673813 0.625000 
0.673405 0.626953 

0.673379 0.626953 
0.672888 0.628906 

0.499334 0.667969 
0.498047 0.666211 

0.663503 0.652344 
0.662441 0.654297 

0.662440 0.654297 
0.662109 0.654963 

0.484916 0.644531 
0.485806 0.646484 

0.485847 0.646484 
0.486328 0.647683 

0.645845 0.675781 
0.644531 0.677136 

0.564360 0.703125 
0.562500 0.702930 

0.476190 0.603516 
0.476217 0.601562 

0.476190 0.603516 
0.476203 0.605469 

0.667988 0.564453 
0.667969 0.564395 

0.668726 0.566406 
0.668004 0.564453 

0.524025 0.689453 
0.521484 0.687913 

0.524026 0.689453 
0.524414 0.689683 

0.527344 0.691323 
0.524414 0.689732 

0.481804 0.636719 
0.482513 0.638672 

0.482552 0.638672 
0.483251 0.640625 

0.655960 0.664062 
0.656250 0.663612 

0.479419 0.628906 
0.479957 0.630859 

0.479999 0.630859 
0.480469 0.632690 

0.528943 0.515625 
0.527344 0.516435 

0.547852 0.508106 
0.544922 0.508987 

0.548926 0.507812 
0.547852 0.508071 

0.634497 0.685547 
0.635742 0.684626 

0.637124 0.683594 
0.635742 0.684659 

0.634514 0.685547 
0.632812 0.686721 

0.492818 0.548828 
0.494098 0.546875 

0.492780 0.548828 
0.492188 0.549898 

0.487094 0.558594 
0.486328 0.560345 

0.639538 0.681641 
0.641602 0.679752 

0.641763 0.679688 
0.641602 0.679832 

0.639521 0.681641 
0.638672 0.682357 

0.652325 0.539062 
0.653320 0.540409 

0.653878 0.541016 
0.653320 0.540255 

0.655368 0.542969 
0.653911 0.541016 

0.486735 0.648438 
0.486328 0.647416 

0.536133 0.512308 
0.533203 0.513522 

0.537520 0.511719 
0.536133 0.512241 

0.670293 0.570312 
0.670898 0.572238 

0.670954 0.572266 
0.670898 0.572049 

0.671534 0.574219 
0.670967 0.572266 

0.501740 0.537109 
0.503419 0.535156 

0.500052 0.539062 
0.500977 0.537876 

0.501705 0.537109 
0.500977 0.538035 

0.674084 0.583984 
0.673828 0.582495 

0.674473 0.585938 
0.674103 0.583984 

0.656821 0.544922 
0.656250 0.544042 

0.658188 0.546875 
0.656851 0.544922 

0.588046 0.703125 
0.588867 0.703052 

0.588867 0.703037 
0.591797 0.702630 

0.675695 0.613281 
0.675488 0.615234 

0.675488 0.615234 
0.675240 0.617188 

0.588379 0.703125 
0.585938 0.703356 

0.658730 0.660156 
0.657420 0.662109 

0.657337 0.662109 
0.656250 0.663762 

0.673847 0.625000 
0.673828 0.625121 

0.650658 0.537109 
0.650391 0.536794 

0.652259 0.539062 
0.650680 0.537109 

0.675240 0.617188 
0.674950 0.619141 

0.674949 0.619141 
0.674618 0.621094 

0.655947 0.664062 
0.654528 0.666016 

0.652919 0.667969 
0.653320 0.667416 

0.654440 0.666016 
0.653320 0.667560 

0.643821 0.677734 
0.644531 0.677024 

0.643812 0.677734 
0.641802 0.679688 

0.637116 0.683594 
0.638672 0.682294 

0.520894 0.687500 
0.521484 0.687883 

0.674619 0.621094 
0.674248 0.623047 

0.674224 0.623047 
0.673860 0.625000 

0.481379 0.572266 
0.482053 0.570312 

0.480779 0.574219 
0.481376 0.572266 

0.633386 0.521484 
0.632812 0.521098 

0.633409 0.521484 
0.635742 0.523182 

0.636113 0.523438 
0.635742 0.523160 

0.674818 0.587891 
0.674477 0.585938 

0.675122 0.589844 
0.674819 0.587891 

0.503447 0.535156 
0.503906 0.534648 

0.537473 0.511719 
0.539062 0.511129 

0.655432 0.542969 
0.656250 0.544206 

0.571289 0.703744 
0.568359 0.703543 

0.574219 0.703865 
0.571289 0.703747 

0.564018 0.703125 
0.565430 0.703256 

0.568359 0.703536 
0.565430 0.703275 

0.556723 0.505859 
0.559570 0.505394 

0.562500 0.504907 
0.559570 0.505359 

0.556944 0.505859 
0.556641 0.505904 

0.542579 0.509766 
0.544922 0.509046 

0.541992 0.510024 
0.539062 0.511066 

0.542673 0.509766 
0.541992 0.509975 

0.480761 0.574219 
0.480469 0.575452 

0.498481 0.541016 
0.500000 0.539062 

0.498462 0.541016 
0.498047 0.541607 

0.490389 0.552734 
0.491556 0.550781 

0.489229 0.554688 
0.489258 0.554626 

0.489281 0.554688 
0.490324 0.552734 

0.580078 0.703819 
0.583008 0.703646 

0.583008 0.703640 
0.585938 0.703382 

0.649594 0.671875 
0.650391 0.670892 

0.646968 0.533203 
0.645117 0.531250 

0.646985 0.533203 
0.647461 0.533722 

0.648840 0.535156 
0.647461 0.533593 

0.477116 0.617188 
0.477394 0.619141 

0.477406 0.619141 
0.477539 0.620200 

0.477715 0.621094 
0.477539 0.619788 

0.577148 0.703893 
0.574219 0.703867 

0.577148 0.703894 
0.580078 0.703820 

0.571289 0.504060 
0.568359 0.504269 

0.574219 0.503936 
0.571289 0.504058 

0.673690 0.582031 
0.673828 0.582871 

0.628383 0.689453 
0.629883 0.688584 

0.631604 0.687500 
0.629883 0.688561 

0.628354 0.689453 
0.626953 0.690239 

0.486743 0.648438 
0.487720 0.650391 

0.487775 0.650391 
0.488807 0.652344 

0.493627 0.660156 
0.494901 0.662109 

0.494922 0.662109 
0.495117 0.662416 

0.496298 0.664062 
0.495117 0.662283 

0.565430 0.504551 
0.562500 0.504910 

0.568359 0.504274 
0.565430 0.504557 

0.502762 0.671875 
0.503906 0.673197 

0.519138 0.521484 
0.521484 0.519922 

0.516429 0.523438 
0.518555 0.521881 

0.519150 0.521484 
0.518555 0.521900 

0.621094 0.693244 
0.624023 0.691860 

0.624775 0.691406 
0.624023 0.691795 

0.591797 0.702619 
0.594727 0.702101 

0.594727 0.702092 
0.597656 0.701503 

0.675994 0.609375 
0.675863 0.611328 

0.675863 0.611328 
0.675694 0.613281 

0.553464 0.701172 
0.550781 0.700567 

0.553344 0.701172 
0.553711 0.701245 

0.556641 0.701880 
0.553711 0.701289 

0.476350 0.609375 
0.476481 0.611328 

0.476481 0.611328 
0.476649 0.613281 

0.478499 0.625000 
0.478940 0.626953 

0.478936 0.626953 
0.479421 0.628906 

0.483275 0.640625 
0.483398 0.641027 

0.484013 0.642578 
0.483398 0.640837 

0.484044 0.642578 
0.484892 0.644531 

0.609532 0.509766 
0.609375 0.509713 

0.609532 0.509766 
0.612305 0.510713 

0.614828 0.511719 
0.612305 0.510791 

0.480554 0.632812 
0.480469 0.632423 

0.527391 0.691406 
0.527344 0.691381 

0.648915 0.535156 
0.650391 0.536913 

0.645093 0.531250 
0.644531 0.530694 

0.495515 0.544922 
0.496898 0.542969 

0.494163 0.546875 
0.495117 0.545359 

0.495498 0.544922 
0.495117 0.545538 

0.482844 0.568359 
0.483398 0.566730 

0.483587 0.566406 
0.483398 0.567017 

0.482059 0.570312 
0.482794 0.568359 

0.623341 0.515625 
0.621094 0.514565 

0.559570 0.702452 
0.556641 0.701905 

0.562500 0.702903 
0.559570 0.702451 

0.661254 0.656250 
0.660036 0.658203 

0.658754 0.660156 
0.659180 0.659408 

0.659983 0.658203 
0.659180 0.659589 

0.672890 0.628906 
0.672366 0.630859 

0.672367 0.630859 
0.671804 0.632812 

0.597656 0.506321 
0.600586 0.507016 

0.600586 0.507050 
0.603516 0.507774 

0.476953 0.591797 
0.477221 0.589844 

0.476727 0.593750 
0.476954 0.591797 

0.478251 0.583984 
0.478680 0.582031 

0.477868 0.585938 
0.478251 0.583984 

0.506479 0.675781 
0.506836 0.676136 

0.508499 0.677734 
0.506836 0.676037 

0.508532 0.677734 
0.509766 0.678913 

0.580078 0.503982 
0.583008 0.504156 

0.583008 0.504159 
0.585938 0.504429 

0.496969 0.542969 
0.498047 0.541436 

0.675386 0.591797 
0.675121 0.589844 

0.675614 0.593750 
0.675386 0.591797 

0.673211 0.580078 
0.672696 0.578125 

0.673678 0.582031 
0.673227 0.580078 

0.476284 0.599609 
0.476391 0.597656 

0.476217 0.601562 
0.476284 0.599609 

0.640826 0.527344 
0.638672 0.525422 

0.492335 0.658203 
0.492188 0.657927 

0.492334 0.658203 
0.493544 0.660156 

0.577148 0.503909 
0.574219 0.503935 

0.577148 0.503908 
0.580078 0.503982 

0.553711 0.506550 
0.550781 0.507270 

0.556641 0.505931 
0.553711 0.506529 

0.667448 0.644531 
0.666550 0.646484 

0.666522 0.646484 
0.665594 0.648438 

0.546147 0.699219 
0.547852 0.699679 

0.550781 0.700531 
0.547852 0.699726 

0.640832 0.527344 
0.641602 0.528049 

0.643009 0.529297 
0.641602 0.527961 

0.643045 0.529297 
0.644531 0.530796 

0.515378 0.683594 
0.515625 0.683783 

0.511531 0.527344 
0.509766 0.528991 

0.671792 0.632812 
0.671214 0.634766 

0.670584 0.636719 
0.670898 0.635563 

0.671197 0.634766 
0.670898 0.635902 

0.522085 0.519531 
0.521484 0.519914 

0.673818 0.625000 
0.673828 0.624934 

0.510699 0.679688 
0.509766 0.678817 

0.509339 0.529297 
0.509766 0.528907 

0.507337 0.531250 
0.509308 0.529297 

0.513906 0.525391 
0.515625 0.524018 

0.511551 0.527344 
0.512695 0.526359 

0.513922 0.525391 
0.512695 0.526426 

0.491594 0.550781 
0.492188 0.549698 

0.623344 0.515625 
0.624023 0.515964 

0.624023 0.516019 
0.626953 0.517516 

0.488836 0.652344 
0.489258 0.653240 

0.489871 0.654297 
0.489258 0.653037 

0.489911 0.654297 
0.491064 0.656250 

0.676064 0.599609 
0.675954 0.597656 

0.676133 0.601562 
0.676064 0.599609 

0.667486 0.644531 
0.667969 0.643214 

0.535670 0.695312 
0.536133 0.695506 

0.539062 0.696695 
0.536133 0.695569 

0.535681 0.695312 
0.533203 0.694294 

0.624786 0.691406 
0.626953 0.690291 

0.504595 0.673828 
0.503906 0.673051 

0.504618 0.673828 
0.506449 0.675781 

0.631608 0.687500 
0.632812 0.686714 

0.525342 0.517578 
0.527344 0.516486 

0.522084 0.519531 
0.524414 0.518128 

0.525314 0.517578 
0.524414 0.518095 

0.477728 0.621094 
0.478087 0.623047 

0.478093 0.623047 
0.478499 0.625000 

0.676145 0.605469 
0.676089 0.607422 

0.676088 0.607422 
0.675994 0.609375 

0.491133 0.656250 
0.492188 0.658104 

0.476649 0.613281 
0.476856 0.615234 

0.476854 0.615234 
0.477105 0.617188 

0.546309 0.699219 
0.544922 0.698839 

0.510700 0.679688 
0.512695 0.681483 

0.512994 0.681641 
0.512695 0.681389 

0.512990 0.681641 
0.515345 0.683594 

0.667932 0.564453 
0.667131 0.562500 

0.667943 0.564453 
0.667969 0.564536 

0.606241 0.699219 
0.603516 0.699962 

0.666130 0.560547 
0.665236 0.558594 

0.667081 0.562500 
0.666156 0.560547 

0.479149 0.580078 
0.479660 0.578125 

0.478683 0.582031 
0.479152 0.580078 

0.615234 0.511947 
0.618164 0.513143 

0.619214 0.513672 
0.618164 0.513208 

0.619218 0.513672 
0.621094 0.514494 

0.540557 0.697266 
0.539062 0.696758 

0.540475 0.697266 
0.541992 0.697774 

0.544922 0.698794 
0.541992 0.697830 

0.476539 0.595703 
0.476726 0.593750 

0.476391 0.597656 
0.476539 0.595703 

0.616600 0.695312 
0.615234 0.695863 

0.620987 0.693359 
0.621094 0.693309 

0.616582 0.695312 
0.618164 0.694672 

0.621004 0.693359 
0.618164 0.694597 

0.638534 0.525391 
0.636143 0.523438 

0.638530 0.525391 
0.638672 0.525509 

0.527378 0.691406 
0.530273 0.692830 

0.531272 0.693359 
0.530273 0.692892 

0.531289 0.693359 
0.533203 0.694220 

0.675804 0.595703 
0.675614 0.593750 

0.675954 0.597656 
0.675804 0.595703 

0.658264 0.546875 
0.659180 0.548394 

0.659532 0.548828 
0.659180 0.548214 

0.660738 0.550781 
0.659538 0.548828 

0.484369 0.564453 
0.485250 0.562500 

0.483589 0.566406 
0.484353 0.564453 

0.591797 0.505214 
0.594727 0.505695 

0.595516 0.505859 
0.594727 0.505731 

0.595293 0.505859 
0.597656 0.506292 

0.626971 0.517578 
0.626953 0.517568 

0.626959 0.517578 
0.629883 0.519215 

0.630341 0.519531 
0.629883 0.519252 

0.664179 0.556641 
0.663098 0.554688 

0.664237 0.556641 
0.665039 0.558353 

0.665231 0.558594 
0.665039 0.558135 

0.517992 0.685547 
0.515625 0.683748 

0.518028 0.685547 
0.518555 0.685919 

0.520874 0.687500 
0.518555 0.685919 

0.606140 0.699219 
0.606445 0.699138 

0.606445 0.699093 
0.609375 0.698162 

0.477522 0.587891 
0.477539 0.587748 

0.477548 0.587891 
0.477853 0.585938 

0.477241 0.589844 
0.477511 0.587891 

0.477547 0.587891 
0.477539 0.587967 

0.548731 0.507812 
0.550781 0.507316 

0.630347 0.519531 
0.632812 0.521088 

0.676160 0.603516 
0.676133 0.601562 

0.676160 0.603516 
0.676145 0.605469 

0.611803 0.697266 
0.612305 0.697095 

0.612305 0.697038 
0.615234 0.695927 

0.611858 0.697266 
0.609375 0.698095 

0.614805 0.511719 
0.615234 0.511883 

0.663052 0.554688 
0.662109 0.552865 

0.669061 0.640625 
0.668302 0.642578 

0.668287 0.642578 
0.667969 0.643501 

0.585938 0.504434 
0.588867 0.504782 

0.588867 0.504777 
0.591797 0.505200 

0.670559 0.636719 
0.669859 0.638672 

0.669841 0.638672 
0.669078 0.640625 

0.661951 0.552734 
0.660819 0.550781 

0.661966 0.552734 
0.662109 0.553034 

