0.480244 0.568359 
0.480469 0.567508 

0.479620 0.570312 
0.480220 0.568359 

0.669755 0.568359 
0.669072 0.566406 

0.670399 0.570312 
0.669757 0.568359 

0.662391 0.648438 
0.662109 0.649043 

0.485031 0.556641 
0.485970 0.554688 

0.484070 0.558594 
0.484991 0.556641 

0.594473 0.501953 
0.591797 0.501519 

0.594228 0.501953 
0.594727 0.502028 

0.594727 0.502053 
0.597656 0.502663 

0.527710 0.511719 
0.527344 0.511905 

0.501613 0.667969 
0.503355 0.669922 

0.503385 0.669922 
0.503906 0.670475 

0.483235 0.560547 
0.483398 0.560067 

0.484038 0.558594 
0.483398 0.560259 

0.482432 0.562500 
0.483209 0.560547 

0.672036 0.576172 
0.671526 0.574219 

0.672508 0.578125 
0.672039 0.576172 

0.657003 0.542969 
0.656250 0.541754 

0.480665 0.632812 
0.481316 0.634766 

0.481325 0.634766 
0.482075 0.636719 

0.563088 0.699219 
0.562500 0.699169 

0.644726 0.671875 
0.644531 0.672069 

0.477984 0.576172 
0.478486 0.574219 

0.477512 0.578125 
0.477539 0.577959 

0.477543 0.578125 
0.477959 0.576172 

0.475179 0.605469 
0.475310 0.607422 

0.475310 0.607422 
0.475478 0.609375 

0.658868 0.654297 
0.659180 0.653713 

0.660036 0.652344 
0.659180 0.653888 

0.658844 0.654297 
0.657605 0.656250 

0.661315 0.650391 
0.662109 0.648816 

0.661258 0.650391 
0.660091 0.652344 

0.639703 0.523438 
0.638672 0.522530 

0.671710 0.625000 
0.671208 0.626953 

0.670661 0.628906 
0.670898 0.627866 

0.671188 0.626953 
0.670898 0.628223 

0.498256 0.664062 
0.499804 0.666016 

0.499864 0.666016 
0.500977 0.667387 

0.501587 0.667969 
0.500977 0.667231 

0.485635 0.644531 
0.486328 0.646095 

0.571289 0.699897 
0.568359 0.699729 

0.574219 0.699982 
0.571289 0.699900 

0.562769 0.699219 
0.565430 0.699463 

0.568359 0.699725 
0.565430 0.699482 

0.475031 0.601562 
0.475085 0.603516 

0.475085 0.603516 
0.475178 0.605469 

0.539257 0.693359 
0.539062 0.693294 

0.539224 0.693359 
0.541992 0.694275 

0.544922 0.695252 
0.541992 0.694344 

0.609375 0.506211 
0.612305 0.507273 

0.613568 0.507812 
0.612305 0.507333 

0.668344 0.564453 
0.667969 0.563262 

0.669059 0.566406 
0.668365 0.564453 

0.526324 0.687500 
0.527344 0.688037 

0.482092 0.636719 
0.482889 0.638672 

0.482932 0.638672 
0.483398 0.639973 

0.483727 0.640625 
0.483398 0.639681 

0.653273 0.662109 
0.653320 0.662042 

0.654756 0.660156 
0.653371 0.662109 

0.653266 0.662109 
0.651807 0.664062 

0.653350 0.662109 
0.653320 0.662149 

0.479013 0.572266 
0.479596 0.570312 

0.478487 0.574219 
0.479021 0.572266 

0.479362 0.628906 
0.479988 0.630859 

0.480031 0.630859 
0.480469 0.632400 

0.497288 0.537109 
0.498047 0.536076 

0.495784 0.539062 
0.497243 0.537109 

0.655649 0.541016 
0.654254 0.539062 

0.655684 0.541016 
0.656250 0.541931 

0.638279 0.677734 
0.638672 0.677395 

0.638285 0.677734 
0.635982 0.679688 

0.486590 0.646484 
0.486328 0.645853 

0.486585 0.646484 
0.487591 0.648438 

0.670437 0.570312 
0.670898 0.572062 

0.670995 0.572266 
0.670898 0.571827 

0.671502 0.574219 
0.671005 0.572266 

0.498848 0.535156 
0.498047 0.536240 

0.673944 0.585938 
0.673828 0.584918 

0.485999 0.554688 
0.486328 0.553911 

0.658342 0.544922 
0.657052 0.542969 

0.658403 0.544922 
0.659180 0.546295 

0.659604 0.546875 
0.659180 0.546092 

0.544975 0.695312 
0.544922 0.695299 

0.642712 0.673828 
0.644531 0.671960 

0.640548 0.675781 
0.641602 0.674778 

0.642687 0.673828 
0.641602 0.674876 

0.587148 0.699219 
0.585938 0.699333 

0.674053 0.613281 
0.673828 0.615116 

0.656188 0.658203 
0.656250 0.658102 

0.656177 0.658203 
0.654850 0.660156 

0.512780 0.521484 
0.515217 0.519531 

0.510430 0.523438 
0.512674 0.521484 

0.512777 0.521484 
0.512695 0.521550 

0.531810 0.509766 
0.533203 0.509158 

0.527717 0.511719 
0.530273 0.510508 

0.531805 0.509766 
0.530273 0.510439 

0.652678 0.537109 
0.651156 0.535156 

0.652718 0.537109 
0.653320 0.537972 

0.654189 0.539062 
0.653320 0.537816 

0.651718 0.664062 
0.650391 0.665789 

0.640531 0.675781 
0.638672 0.677484 

0.633360 0.681641 
0.635742 0.679813 

0.635948 0.679688 
0.635742 0.679847 

0.633331 0.681641 
0.632812 0.682006 

0.615234 0.508538 
0.618164 0.509759 

0.618164 0.509834 
0.621094 0.511158 

0.559570 0.501276 
0.556641 0.501760 

0.562500 0.500845 
0.559570 0.501258 

0.634919 0.519531 
0.632812 0.517985 

0.634894 0.519531 
0.635742 0.520191 

0.637390 0.521484 
0.635742 0.520144 

0.637384 0.521484 
0.638672 0.522603 

0.674205 0.587891 
0.673955 0.585938 

0.674443 0.589844 
0.674215 0.587891 

0.500515 0.533203 
0.500977 0.532657 

0.502262 0.531250 
0.500977 0.532782 

0.498896 0.535156 
0.500489 0.533203 

0.536133 0.507916 
0.533203 0.509092 

0.536226 0.507812 
0.536133 0.507848 

0.580078 0.699854 
0.583008 0.699644 

0.583008 0.699631 
0.585938 0.699355 

0.622087 0.511719 
0.621094 0.511227 

0.650103 0.666016 
0.650391 0.665648 

0.650090 0.666016 
0.648460 0.667969 

0.574219 0.699984 
0.577148 0.699970 

0.577148 0.699970 
0.580078 0.699857 

0.486985 0.552734 
0.488054 0.550781 

0.486947 0.552734 
0.486328 0.554118 

0.651114 0.535156 
0.650391 0.534225 

0.591797 0.698515 
0.594727 0.697963 

0.594727 0.697941 
0.597656 0.697351 

0.646605 0.669922 
0.647461 0.668932 

0.648411 0.667969 
0.647461 0.669077 

0.646573 0.669922 
0.644760 0.671875 

0.649422 0.533203 
0.647758 0.531250 

0.649474 0.533203 
0.650391 0.534377 

0.476548 0.617188 
0.476920 0.619141 

0.476932 0.619141 
0.477327 0.621094 

0.492435 0.656250 
0.492188 0.655814 

0.515249 0.519531 
0.515625 0.519252 

0.673775 0.615234 
0.673828 0.614734 

0.673772 0.615234 
0.673464 0.617188 

0.673649 0.583984 
0.673314 0.582031 

0.673664 0.583984 
0.673828 0.585303 

0.487651 0.648438 
0.488739 0.650391 

0.488772 0.650391 
0.489258 0.651358 

0.489867 0.652344 
0.489258 0.651159 

0.495224 0.660156 
0.496616 0.662109 

0.496699 0.662109 
0.498047 0.663946 

0.491656 0.544922 
0.492188 0.544002 

0.490410 0.546875 
0.491626 0.544922 

0.522831 0.685547 
0.521484 0.684736 

0.522857 0.685547 
0.524414 0.686447 

0.526305 0.687500 
0.524414 0.686493 

0.571289 0.500093 
0.568359 0.500268 

0.574219 0.500007 
0.571289 0.500091 

0.674523 0.609375 
0.674315 0.611328 

0.674314 0.611328 
0.674070 0.613281 

0.475477 0.609375 
0.475684 0.611328 

0.475683 0.611328 
0.475931 0.613281 

0.478248 0.625000 
0.478776 0.626953 

0.478773 0.626953 
0.479355 0.628906 

0.673451 0.617188 
0.673075 0.619141 

0.673075 0.619141 
0.672658 0.621094 

0.483731 0.640625 
0.484594 0.642578 

0.484624 0.642578 
0.485582 0.644531 

0.613532 0.507812 
0.615234 0.508462 

0.480658 0.632812 
0.480469 0.632088 

0.565430 0.500527 
0.562500 0.500854 

0.568359 0.500271 
0.565430 0.500527 

0.530194 0.689453 
0.527344 0.688101 

0.530178 0.689453 
0.530273 0.689499 

0.533203 0.690839 
0.530273 0.689563 

0.645817 0.529297 
0.644531 0.527919 

0.645884 0.529297 
0.647461 0.531065 

0.647733 0.531250 
0.647461 0.530950 

0.492906 0.542969 
0.492188 0.544185 

0.480864 0.566406 
0.480469 0.567797 

0.597656 0.502687 
0.600586 0.503412 

0.602447 0.503906 
0.600586 0.503452 

0.622108 0.511719 
0.624023 0.512664 

0.625806 0.513672 
0.624023 0.512721 

0.625839 0.513672 
0.626953 0.514290 

0.657521 0.656250 
0.656270 0.658203 

0.656259 0.658203 
0.656250 0.658217 

0.541552 0.505859 
0.541992 0.505715 

0.544922 0.504744 
0.541992 0.505659 

0.541585 0.505859 
0.539062 0.506699 

0.670641 0.628906 
0.670046 0.630859 

0.670031 0.630859 
0.669372 0.632812 

0.602250 0.503906 
0.603516 0.504218 

0.498248 0.664062 
0.498047 0.663790 

0.475367 0.591797 
0.475555 0.589844 

0.475219 0.593750 
0.475366 0.591797 

0.580078 0.500134 
0.583008 0.500347 

0.583008 0.500352 
0.585938 0.500654 

0.476351 0.583984 
0.476694 0.582031 

0.476047 0.585938 
0.476351 0.583984 

0.509486 0.675781 
0.509766 0.676027 

0.494347 0.541016 
0.495117 0.539837 

0.495742 0.539062 
0.495117 0.540014 

0.492962 0.542969 
0.494300 0.541016 

0.674631 0.591797 
0.674442 0.589844 

0.674782 0.593750 
0.674632 0.591797 

0.672931 0.580078 
0.672508 0.578125 

0.673309 0.582031 
0.672928 0.580078 

0.475018 0.599609 
0.475045 0.597656 

0.475017 0.599609 
0.475031 0.601562 

0.639716 0.523438 
0.641602 0.525233 

0.641877 0.525391 
0.641602 0.525135 

0.643853 0.527344 
0.641908 0.525391 

0.555657 0.501953 
0.556641 0.501794 

0.553711 0.502374 
0.550781 0.503061 

0.555905 0.501953 
0.553711 0.502346 

0.492441 0.656250 
0.493724 0.658203 

0.493809 0.658203 
0.495117 0.660156 

0.495217 0.660156 
0.495117 0.660003 

0.629184 0.515625 
0.626953 0.514323 

0.664432 0.644531 
0.663429 0.646484 

0.663387 0.646484 
0.662391 0.648438 

0.643862 0.527344 
0.644531 0.528039 

0.610535 0.693359 
0.612305 0.692745 

0.612305 0.692673 
0.615234 0.691534 

0.610602 0.693359 
0.609375 0.693781 

0.669376 0.632812 
0.668677 0.634766 

0.668637 0.634766 
0.667974 0.636719 

0.672656 0.621094 
0.672203 0.623047 

0.672203 0.623047 
0.671718 0.625000 

0.511745 0.677734 
0.509766 0.675956 

0.511770 0.677734 
0.512695 0.678497 

0.514219 0.679688 
0.512695 0.678450 

0.504219 0.529297 
0.506079 0.527344 

0.504213 0.529297 
0.503906 0.529624 

0.574219 0.500006 
0.577148 0.500020 

0.577148 0.500019 
0.580078 0.500133 

0.510429 0.523438 
0.509766 0.524029 

0.489187 0.548828 
0.489258 0.548688 

0.490337 0.546875 
0.489258 0.548805 

0.488118 0.550781 
0.489167 0.548828 

0.489907 0.652344 
0.491113 0.654297 

0.491182 0.654297 
0.492188 0.655996 

0.667917 0.636719 
0.667969 0.636540 

0.674988 0.599609 
0.674961 0.597656 

0.674988 0.599609 
0.674974 0.601562 

0.666237 0.640625 
0.665387 0.642578 

0.664478 0.644531 
0.665039 0.643181 

0.665375 0.642578 
0.665039 0.643441 

0.597755 0.697266 
0.600586 0.696611 

0.600586 0.696572 
0.603516 0.695762 

0.597839 0.697266 
0.597656 0.697303 

0.516873 0.681641 
0.515625 0.680723 

0.516857 0.681641 
0.518555 0.682824 

0.519717 0.683594 
0.518555 0.682818 

0.534422 0.691406 
0.536133 0.692080 

0.539062 0.693235 
0.536133 0.692149 

0.623702 0.687500 
0.621094 0.688766 

0.505362 0.671875 
0.506836 0.673386 

0.507401 0.673828 
0.506836 0.673274 

0.507406 0.673828 
0.509446 0.675781 

0.520947 0.515625 
0.521484 0.515288 

0.627174 0.685547 
0.629883 0.683963 

0.630423 0.683594 
0.629883 0.683936 

0.627179 0.685547 
0.626953 0.685677 

0.586822 0.699219 
0.588867 0.698998 

0.588867 0.698979 
0.591797 0.698520 

0.477345 0.621094 
0.477539 0.622208 

0.477761 0.623047 
0.477539 0.621817 

0.477774 0.623047 
0.478242 0.625000 

0.674821 0.605469 
0.674690 0.607422 

0.674691 0.607422 
0.674523 0.609375 

0.475932 0.613281 
0.476221 0.615234 

0.476222 0.615234 
0.476551 0.617188 

0.547852 0.696114 
0.544922 0.695317 

0.550781 0.696928 
0.547852 0.696161 

0.514223 0.679688 
0.515625 0.680753 

0.667627 0.562500 
0.667969 0.563569 

0.559570 0.698739 
0.556641 0.698227 

0.562500 0.699150 
0.559570 0.698752 

0.666768 0.560547 
0.665903 0.558594 

0.667598 0.562500 
0.666792 0.560547 

0.477109 0.580078 
0.477495 0.578125 

0.477539 0.578125 
0.477539 0.578125 

0.476691 0.582031 
0.477081 0.580078 

0.547725 0.503906 
0.547852 0.503874 

0.550781 0.503095 
0.547852 0.503819 

0.475112 0.595703 
0.475219 0.593750 

0.475045 0.597656 
0.475112 0.595703 

0.615364 0.691406 
0.615234 0.691462 

0.674892 0.595703 
0.674782 0.593750 

0.674961 0.597656 
0.674892 0.595703 

0.660765 0.548828 
0.659612 0.546875 

0.661922 0.550781 
0.660839 0.548828 

0.536221 0.507812 
0.539062 0.506777 

0.481601 0.564453 
0.482389 0.562500 

0.480890 0.566406 
0.481598 0.564453 

0.629178 0.515625 
0.629883 0.516061 

0.632211 0.517578 
0.629883 0.516061 

0.632189 0.517578 
0.632812 0.518010 

0.664980 0.556641 
0.664078 0.554688 

0.665045 0.556641 
0.665039 0.556625 

0.664993 0.556641 
0.665039 0.556767 

0.665873 0.558594 
0.665061 0.556641 

0.519721 0.683594 
0.521484 0.684713 

0.502334 0.531250 
0.503906 0.529486 

0.605002 0.695312 
0.603516 0.695719 

0.517983 0.517578 
0.518555 0.517187 

0.520934 0.515625 
0.518555 0.517175 

0.517952 0.517578 
0.515625 0.519275 

0.623688 0.687500 
0.624023 0.687325 

0.624023 0.687276 
0.626953 0.685726 

0.630436 0.683594 
0.632812 0.682004 

0.475782 0.587891 
0.476048 0.585938 

0.475555 0.589844 
0.475782 0.587891 

0.603516 0.504259 
0.606445 0.505156 

0.608529 0.505859 
0.606445 0.505212 

0.608427 0.505859 
0.609375 0.506157 

0.547763 0.503906 
0.544922 0.504688 

0.552302 0.697266 
0.550781 0.696959 

0.552046 0.697266 
0.553711 0.697593 

0.556641 0.698221 
0.553711 0.697633 

0.674973 0.601562 
0.674917 0.603516 

0.674916 0.603516 
0.674822 0.605469 

0.508213 0.525391 
0.509766 0.523945 

0.506101 0.527344 
0.506836 0.526621 

0.508175 0.525391 
0.506836 0.526718 

0.662960 0.552734 
0.662109 0.550978 

0.664026 0.554688 
0.663002 0.552734 

0.619748 0.689453 
0.621094 0.688830 

0.615368 0.691406 
0.618164 0.690239 

0.619730 0.689453 
0.618164 0.690165 

0.585938 0.500656 
0.588867 0.501033 

0.588867 0.501028 
0.591797 0.501485 

0.524202 0.513672 
0.524414 0.513550 

0.527344 0.511966 
0.524414 0.513497 

0.524207 0.513672 
0.521484 0.515249 

0.534446 0.691406 
0.533203 0.690907 

0.661937 0.550781 
0.662109 0.551165 

0.667905 0.636719 
0.667159 0.638672 

0.667117 0.638672 
0.666257 0.640625 

0.604849 0.695312 
0.606445 0.694866 

0.606445 0.694813 
0.609375 0.693833 

0.505307 0.671875 
0.503906 0.670363 

