0.521935 0.765625 
0.521484 0.764504 

0.518469 0.757812 
0.518555 0.758093 

0.519215 0.759766 
0.518555 0.757925 

0.519245 0.759766 
0.520098 0.761719 

0.515952 0.691406 
0.515625 0.692761 

0.663723 0.806641 
0.665039 0.805904 

0.667042 0.804688 
0.665039 0.805881 

0.663691 0.806641 
0.662109 0.807496 

0.697061 0.669922 
0.695924 0.667969 

0.697079 0.669922 
0.697266 0.670310 

0.520124 0.761719 
0.521011 0.763672 

0.521047 0.763672 
0.521484 0.764770 

0.555843 0.804688 
0.556641 0.805202 

0.545744 0.796875 
0.544922 0.796100 

0.581437 0.816406 
0.583008 0.816828 

0.585938 0.817677 
0.583008 0.816875 

0.515418 0.693359 
0.515625 0.692443 

0.514873 0.695312 
0.515397 0.693359 

0.514338 0.697266 
0.514853 0.695312 

0.513871 0.699219 
0.514342 0.697266 

0.660024 0.808594 
0.662109 0.807551 

0.656250 0.810438 
0.659180 0.809081 

0.660008 0.808594 
0.659180 0.809012 

0.575792 0.814453 
0.574219 0.813926 

0.575706 0.814453 
0.577148 0.814930 

0.580078 0.815944 
0.577148 0.814985 

0.551419 0.640625 
0.550781 0.641116 

0.679071 0.794922 
0.679688 0.794296 

0.679064 0.794922 
0.677100 0.796875 

0.708938 0.742188 
0.708517 0.744141 

0.708493 0.744141 
0.707999 0.746094 

0.516578 0.689453 
0.517255 0.687500 

0.515974 0.691406 
0.516578 0.689453 

0.562493 0.808594 
0.562500 0.808598 

0.568122 0.630859 
0.568359 0.630753 

0.563994 0.632812 
0.565430 0.632114 

0.568134 0.630859 
0.565430 0.632046 

0.708001 0.746094 
0.707478 0.748047 

0.707479 0.748047 
0.706920 0.750000 

0.667042 0.804688 
0.667969 0.804099 

0.641139 0.816406 
0.641602 0.816283 

0.641602 0.816240 
0.644531 0.815305 

0.691944 0.662109 
0.691406 0.661274 

0.693301 0.664062 
0.691971 0.662109 

0.656158 0.810547 
0.656250 0.810504 

0.651687 0.812500 
0.653320 0.811848 

0.656174 0.810547 
0.653320 0.811773 

0.511515 0.726562 
0.511649 0.728516 

0.511649 0.728516 
0.511820 0.730469 

0.513439 0.701172 
0.513869 0.699219 

0.513055 0.703125 
0.513441 0.701172 

0.541571 0.792969 
0.541992 0.793393 

0.543571 0.794922 
0.541992 0.793291 

0.543609 0.794922 
0.544922 0.796197 

0.701238 0.677734 
0.700352 0.675781 

0.702188 0.679688 
0.701265 0.677734 

0.558986 0.806641 
0.556641 0.805231 

0.558989 0.806641 
0.559570 0.806982 

0.562500 0.808591 
0.559570 0.807032 

0.698159 0.671875 
0.697266 0.670135 

0.693380 0.664062 
0.694336 0.665647 

0.694648 0.666016 
0.694336 0.665469 

0.695844 0.667969 
0.694651 0.666016 

0.581599 0.816406 
0.580078 0.815991 

0.709217 0.701172 
0.708984 0.699795 

0.709602 0.703125 
0.709234 0.701172 

0.512726 0.705078 
0.513040 0.703125 

0.512423 0.707031 
0.512689 0.705078 

0.512724 0.705078 
0.512695 0.705339 

0.537890 0.789062 
0.539062 0.790431 

0.540464 0.650391 
0.541992 0.648746 

0.542417 0.648438 
0.541992 0.648873 

0.540400 0.650391 
0.539062 0.651908 

0.548913 0.642578 
0.550781 0.641065 

0.546586 0.644531 
0.547852 0.643427 

0.548930 0.642578 
0.547852 0.643496 

0.539705 0.791016 
0.539062 0.790285 

0.539727 0.791016 
0.541542 0.792969 

0.515755 0.750000 
0.516327 0.751953 

0.516347 0.751953 
0.517003 0.753906 

0.688047 0.785156 
0.686506 0.787109 

0.686450 0.787109 
0.685547 0.788246 

0.523428 0.673828 
0.524406 0.671875 

0.524490 0.671875 
0.524414 0.672044 

0.522341 0.675781 
0.523368 0.673828 

0.527530 0.775391 
0.527344 0.775039 

0.527531 0.775391 
0.528741 0.777344 

0.522301 0.675781 
0.521484 0.677628 

0.699286 0.673828 
0.698205 0.671875 

0.699345 0.673828 
0.700195 0.675626 

0.700346 0.675781 
0.700195 0.675422 

0.703833 0.683594 
0.703125 0.681654 

0.519571 0.681641 
0.520454 0.679688 

0.518784 0.683594 
0.519554 0.681641 

0.710522 0.708984 
0.710254 0.707031 

0.710754 0.710938 
0.710522 0.708984 

0.536875 0.654297 
0.538539 0.652344 

0.535204 0.656250 
0.536133 0.655045 

0.536839 0.654297 
0.536133 0.655205 

0.563966 0.632812 
0.562500 0.633541 

0.709747 0.738281 
0.709373 0.740234 

0.709349 0.740234 
0.708988 0.742188 

0.544392 0.646484 
0.544922 0.645992 

0.542421 0.648438 
0.544367 0.646484 

0.708824 0.699219 
0.708984 0.700183 

0.512129 0.708984 
0.512401 0.707031 

0.511898 0.710938 
0.512130 0.708984 

0.571289 0.629498 
0.568359 0.630690 

0.572708 0.628906 
0.571289 0.629430 

0.521389 0.677734 
0.521484 0.677486 

0.520507 0.679688 
0.521365 0.677734 

0.511445 0.716797 
0.511554 0.714844 

0.511377 0.718750 
0.511445 0.716797 

0.554088 0.638672 
0.556641 0.636977 

0.551403 0.640625 
0.553711 0.638923 

0.554103 0.638672 
0.553711 0.638946 

0.534571 0.785156 
0.536089 0.787109 

0.536198 0.787109 
0.536133 0.787027 

0.536113 0.787109 
0.536133 0.787133 

0.536210 0.787109 
0.537827 0.789062 

0.710377 0.734375 
0.710082 0.736328 

0.710082 0.736328 
0.709747 0.738281 

0.521948 0.765625 
0.522931 0.767578 

0.522986 0.767578 
0.524011 0.769531 

0.626953 0.622433 
0.629883 0.622914 

0.630483 0.623047 
0.629883 0.622950 

0.630287 0.623047 
0.632812 0.623516 

0.641257 0.816406 
0.638672 0.817108 

0.638672 0.625065 
0.641602 0.625899 

0.641602 0.625954 
0.644531 0.626867 

0.524039 0.769531 
0.524414 0.770334 

0.525073 0.771484 
0.524414 0.770139 

0.525118 0.771484 
0.526272 0.773438 

0.704175 0.757812 
0.703420 0.759766 

0.703407 0.759766 
0.703125 0.760588 

0.658555 0.632812 
0.659180 0.633118 

0.659180 0.633176 
0.662109 0.634632 

0.583008 0.625332 
0.580078 0.626213 

0.584236 0.625000 
0.583008 0.625296 

0.546562 0.644531 
0.544922 0.646079 

0.550362 0.800781 
0.550781 0.801106 

0.709950 0.705078 
0.709608 0.703125 

0.710256 0.707031 
0.709951 0.705078 

0.531563 0.781250 
0.532956 0.783203 

0.532973 0.783203 
0.533203 0.783525 

0.706018 0.689453 
0.705394 0.687500 

0.706062 0.689453 
0.706055 0.689424 

0.706030 0.689453 
0.706055 0.689557 

0.706639 0.691406 
0.706077 0.689453 

0.545749 0.796875 
0.547852 0.798793 

0.548008 0.798828 
0.547852 0.798696 

0.548010 0.798828 
0.550331 0.800781 

0.682171 0.650391 
0.680344 0.648438 

0.682192 0.650391 
0.682617 0.650859 

0.684026 0.652344 
0.682617 0.650729 

0.615234 0.820999 
0.618164 0.820823 

0.618164 0.820816 
0.621094 0.820554 

0.612305 0.821072 
0.609375 0.821043 

0.612305 0.821073 
0.615234 0.821000 

0.707266 0.693359 
0.706673 0.691406 

0.707823 0.695312 
0.707267 0.693359 

0.693842 0.777344 
0.692535 0.779297 

0.692453 0.779297 
0.691406 0.780904 

0.691074 0.781250 
0.689662 0.783203 

0.688068 0.785156 
0.688477 0.784587 

0.689575 0.783203 
0.688477 0.784731 

0.577833 0.626953 
0.580078 0.626271 

0.577148 0.627241 
0.574219 0.628274 

0.577936 0.626953 
0.577148 0.627193 

0.698610 0.769531 
0.697554 0.771484 

0.697555 0.771484 
0.697266 0.772067 

0.684102 0.652344 
0.685547 0.654086 

0.623016 0.820312 
0.624023 0.820220 

0.624023 0.820204 
0.626953 0.819789 

0.706906 0.750000 
0.706337 0.751953 

0.705710 0.753906 
0.706055 0.752654 

0.706323 0.751953 
0.706055 0.752989 

0.685825 0.654297 
0.685547 0.653964 

0.687411 0.656250 
0.685846 0.654297 

0.704629 0.685547 
0.703871 0.683594 

0.705354 0.687500 
0.704626 0.685547 

0.711216 0.716797 
0.711104 0.714844 

0.711286 0.718750 
0.711216 0.716797 

0.632812 0.623545 
0.635742 0.624244 

0.635742 0.624280 
0.638672 0.624998 

0.538567 0.652344 
0.539062 0.651789 

0.518045 0.685547 
0.518555 0.684025 

0.518781 0.683594 
0.518555 0.684323 

0.517264 0.687500 
0.517997 0.685547 

0.680319 0.648438 
0.679688 0.647797 

0.633899 0.818359 
0.635742 0.817975 

0.635742 0.817940 
0.638672 0.817155 

0.634136 0.818359 
0.632812 0.818621 

0.528823 0.777344 
0.530087 0.779297 

0.530108 0.779297 
0.530273 0.779559 

0.531476 0.781250 
0.530273 0.779429 

0.588769 0.818359 
0.585938 0.817713 

0.588680 0.818359 
0.588867 0.818397 

0.591797 0.819030 
0.588867 0.818442 

0.708341 0.697266 
0.707822 0.695312 

0.708811 0.699219 
0.708356 0.697266 

0.511820 0.730469 
0.512030 0.732422 

0.512028 0.732422 
0.512282 0.734375 

0.665741 0.636719 
0.667969 0.638080 

0.570827 0.812500 
0.571289 0.812689 

0.574219 0.813862 
0.571289 0.812753 

0.516997 0.753906 
0.517708 0.755859 

0.517750 0.755859 
0.518445 0.757812 

0.526338 0.773438 
0.527344 0.775225 

0.696357 0.773438 
0.695141 0.775391 

0.693868 0.777344 
0.694336 0.776520 

0.695093 0.775391 
0.694336 0.776708 

0.515746 0.750000 
0.515625 0.749453 

0.651709 0.812500 
0.650391 0.813024 

0.513690 0.742188 
0.514136 0.744141 

0.514132 0.744141 
0.514619 0.746094 

0.684772 0.789062 
0.685547 0.788095 

0.511705 0.712891 
0.511898 0.710938 

0.511554 0.714844 
0.511705 0.712891 

0.676156 0.644531 
0.676758 0.645099 

0.678268 0.646484 
0.676758 0.644998 

0.678311 0.646484 
0.679688 0.647904 

0.572656 0.628906 
0.574219 0.628336 

0.584035 0.625000 
0.585938 0.624542 

0.658557 0.632812 
0.656250 0.631748 

0.690563 0.660156 
0.691406 0.661439 

0.532146 0.660156 
0.533203 0.658639 

0.615234 0.621174 
0.618164 0.621352 

0.618164 0.621355 
0.621094 0.621630 

0.612305 0.621102 
0.609375 0.621132 

0.612305 0.621101 
0.615234 0.621174 

0.672552 0.800781 
0.673828 0.799696 

0.684734 0.789062 
0.683035 0.791016 

0.681126 0.792969 
0.682617 0.791324 

0.683010 0.791016 
0.682617 0.791441 

0.552951 0.802734 
0.550781 0.801072 

0.552985 0.802734 
0.553711 0.803249 

0.555825 0.804688 
0.553711 0.803249 

0.606445 0.621264 
0.603516 0.621479 

0.609375 0.621134 
0.606445 0.621261 

0.687478 0.656250 
0.688477 0.657613 

0.689018 0.658203 
0.688477 0.657458 

0.690496 0.660156 
0.689048 0.658203 

0.534486 0.785156 
0.533203 0.783389 

0.699745 0.767578 
0.700195 0.766528 

0.700688 0.765625 
0.700195 0.766789 

0.699711 0.767578 
0.698665 0.769531 

0.528018 0.666016 
0.529294 0.664062 

0.527974 0.666016 
0.527344 0.667154 

0.533645 0.658203 
0.535151 0.656250 

0.533624 0.658203 
0.533203 0.658810 

0.514620 0.746094 
0.515156 0.748047 

0.515197 0.748047 
0.515625 0.749750 

0.662255 0.634766 
0.662109 0.634687 

0.662243 0.634766 
0.665039 0.636270 

0.665734 0.636719 
0.665039 0.636309 

0.703046 0.681641 
0.702236 0.679688 

0.703059 0.681641 
0.703125 0.681849 

0.691088 0.781250 
0.691406 0.780751 

0.669962 0.802734 
0.670898 0.802046 

0.672566 0.800781 
0.670898 0.802081 

0.669988 0.802734 
0.667969 0.804107 

0.512909 0.738281 
0.513274 0.740234 

0.513278 0.740234 
0.513689 0.742188 

0.511363 0.722656 
0.511418 0.724609 

0.511419 0.724609 
0.511514 0.726562 

0.530700 0.662109 
0.532076 0.660156 

0.529356 0.664062 
0.530273 0.662591 

0.530680 0.662109 
0.530273 0.662773 

0.671605 0.640625 
0.673828 0.642484 

0.600586 0.621762 
0.597656 0.622126 

0.603516 0.621483 
0.600586 0.621770 

0.710949 0.712891 
0.710755 0.710938 

0.711104 0.714844 
0.710949 0.712891 

0.512294 0.734375 
0.512571 0.736328 

0.512584 0.736328 
0.512695 0.737232 

0.512894 0.738281 
0.512695 0.736849 

0.557034 0.636719 
0.556641 0.636968 

0.599724 0.820312 
0.597656 0.820090 

0.702601 0.761719 
0.703125 0.760309 

0.702560 0.761719 
0.701656 0.763672 

0.701629 0.763672 
0.700706 0.765625 

0.649882 0.628906 
0.650391 0.629098 

0.674906 0.798828 
0.676758 0.797073 

0.677074 0.796875 
0.676758 0.797167 

0.674896 0.798828 
0.673828 0.799758 

0.708946 0.742188 
0.708984 0.741932 

0.710838 0.730469 
0.710628 0.732422 

0.710628 0.732422 
0.710377 0.734375 

0.711142 0.726562 
0.711008 0.728516 

0.711009 0.728516 
0.710837 0.730469 

0.638577 0.625000 
0.638672 0.625022 

0.711297 0.722656 
0.711240 0.724609 

0.711239 0.724609 
0.711142 0.726562 

0.681062 0.792969 
0.679688 0.794416 

0.646845 0.814453 
0.647461 0.814246 

0.647461 0.814190 
0.650391 0.813087 

0.646910 0.814453 
0.644531 0.815240 

0.570836 0.812500 
0.568359 0.811502 

0.588867 0.623777 
0.585938 0.624497 

0.591797 0.623151 
0.588867 0.623757 

0.621094 0.621635 
0.624023 0.621989 

0.624023 0.621986 
0.626953 0.622416 

0.668848 0.638672 
0.667969 0.638090 

0.668864 0.638672 
0.670898 0.640135 

0.671575 0.640625 
0.670898 0.640116 

0.696421 0.773438 
0.697266 0.771855 

0.711314 0.720703 
0.711286 0.718750 

0.711313 0.720703 
0.711298 0.722656 

0.560306 0.634766 
0.562500 0.633593 

0.557026 0.636719 
0.559570 0.635206 

0.560284 0.634766 
0.559570 0.635171 

0.526792 0.667969 
0.527344 0.666957 

0.650391 0.629161 
0.653320 0.630345 

0.654356 0.630859 
0.653320 0.630410 

0.654357 0.630859 
0.656250 0.631674 

0.525595 0.669922 
0.526757 0.667969 

0.524480 0.671875 
0.525529 0.669922 

0.673996 0.642578 
0.673828 0.642437 

0.676158 0.644531 
0.674036 0.642578 

0.594727 0.819608 
0.591797 0.819059 

0.597656 0.820063 
0.594727 0.819606 

0.626953 0.819779 
0.629883 0.819258 

0.629883 0.819249 
0.632812 0.818660 

0.606445 0.820915 
0.603516 0.820710 

0.609375 0.821041 
0.606445 0.820918 

0.705680 0.753906 
0.704974 0.755859 

0.704958 0.755859 
0.704194 0.757812 

0.565430 0.810068 
0.562500 0.808657 

0.566340 0.810547 
0.565430 0.810130 

0.566352 0.810547 
0.568359 0.811427 

0.599402 0.820312 
0.600586 0.820422 

0.603516 0.820701 
0.600586 0.820440 

0.592071 0.623047 
0.594727 0.622617 

0.597656 0.622125 
0.594727 0.622581 

0.592318 0.623047 
0.591797 0.623125 

0.511349 0.720703 
0.511377 0.718750 

0.511349 0.720703 
0.511363 0.722656 

0.623363 0.820312 
0.621094 0.820527 

0.644571 0.626953 
0.644531 0.626940 

0.644583 0.626953 
0.647461 0.627937 

0.649910 0.628906 
0.647461 0.628015 

