0.496633 0.623047 
0.497316 0.621094 

0.496016 0.625000 
0.496636 0.623047 

0.659084 0.728516 
0.659180 0.728423 

0.661091 0.726562 
0.659203 0.728516 

0.659065 0.728516 
0.657075 0.730469 

0.638672 0.566490 
0.641602 0.567946 

0.642254 0.568359 
0.641602 0.568004 

0.642256 0.568359 
0.644531 0.569599 

0.497091 0.687500 
0.497769 0.689453 

0.497795 0.689453 
0.498047 0.690302 

0.656129 0.578125 
0.656250 0.578234 

0.668191 0.718750 
0.667969 0.719040 

0.634483 0.564453 
0.632812 0.563740 

0.634485 0.564453 
0.635742 0.565001 

0.638652 0.566406 
0.635742 0.565069 

0.492351 0.667969 
0.492637 0.669922 

0.492640 0.669922 
0.492970 0.671875 

0.492338 0.667969 
0.492188 0.666535 

0.537250 0.570312 
0.539062 0.569209 

0.491899 0.664062 
0.492096 0.666016 

0.492105 0.666016 
0.492188 0.666925 

0.657056 0.730469 
0.656250 0.731208 

0.638629 0.566406 
0.638672 0.566427 

0.498043 0.619141 
0.498047 0.619126 

0.497364 0.621094 
0.498019 0.619141 

0.597656 0.554900 
0.600586 0.555154 

0.600586 0.555160 
0.603516 0.555496 

0.661130 0.726562 
0.662109 0.725494 

0.504089 0.703125 
0.503906 0.702710 

0.669760 0.716797 
0.670898 0.715152 

0.671212 0.714844 
0.670898 0.715309 

0.669677 0.716797 
0.668208 0.718750 

0.672659 0.712891 
0.673828 0.711049 

0.672572 0.712891 
0.671222 0.714844 

0.498088 0.619141 
0.498783 0.617188 

0.498082 0.619141 
0.498047 0.619267 

0.526720 0.578125 
0.527344 0.577586 

0.687368 0.626953 
0.686776 0.625000 

0.687922 0.628906 
0.687365 0.626953 

0.540521 0.568359 
0.541992 0.567547 

0.544159 0.566406 
0.541992 0.567492 

0.540490 0.568359 
0.539062 0.569176 

0.544157 0.566406 
0.544922 0.566021 

0.666588 0.720703 
0.667969 0.718913 

0.664798 0.722656 
0.665039 0.722369 

0.666503 0.720703 
0.665039 0.722506 

0.498483 0.691406 
0.498047 0.690028 

0.631839 0.746094 
0.632812 0.745702 

0.559570 0.749363 
0.556641 0.748391 

0.561621 0.750000 
0.559570 0.749419 

0.491985 0.644531 
0.492181 0.642578 

0.492969 0.671875 
0.493338 0.673828 

0.493339 0.673828 
0.493747 0.675781 

0.504460 0.605469 
0.503906 0.606656 

0.491778 0.646484 
0.491968 0.644531 

0.491628 0.648438 
0.491777 0.646484 

0.603516 0.555493 
0.606445 0.555903 

0.606445 0.555908 
0.609375 0.556387 

0.678753 0.703125 
0.677639 0.705078 

0.676481 0.707031 
0.676758 0.706481 

0.677591 0.705078 
0.676758 0.706663 

0.690612 0.642578 
0.690346 0.640625 

0.690841 0.644531 
0.690612 0.642578 

0.603321 0.753906 
0.603516 0.753890 

0.629883 0.562504 
0.632812 0.563667 

0.510768 0.595703 
0.512154 0.593750 

0.510687 0.595703 
0.509766 0.597164 

0.498507 0.691406 
0.499290 0.693359 

0.499302 0.693359 
0.500163 0.695312 

0.654837 0.732422 
0.656250 0.731123 

0.652445 0.734375 
0.653320 0.733657 

0.654831 0.732422 
0.653320 0.733713 

0.500217 0.695312 
0.500977 0.697171 

0.501093 0.697266 
0.500977 0.696941 

0.501087 0.697266 
0.501962 0.699219 

0.534289 0.572266 
0.536133 0.571027 

0.537236 0.570312 
0.536133 0.571019 

0.534300 0.572266 
0.533203 0.573042 

0.669063 0.591797 
0.667969 0.590315 

0.670590 0.593750 
0.669149 0.591797 

0.678812 0.703125 
0.679688 0.701333 

0.546510 0.744141 
0.544922 0.743408 

0.546525 0.744141 
0.547852 0.744748 

0.550781 0.746037 
0.547852 0.744815 

0.548096 0.564453 
0.550781 0.563344 

0.547852 0.564628 
0.544922 0.565960 

0.548094 0.564453 
0.547852 0.564560 

0.495784 0.683594 
0.496402 0.685547 

0.496396 0.685547 
0.497064 0.687500 

0.508884 0.710938 
0.509766 0.712380 

0.504081 0.703125 
0.505125 0.705078 

0.505191 0.705078 
0.506328 0.707031 

0.511634 0.714844 
0.512695 0.716396 

0.513084 0.716797 
0.512695 0.716224 

0.513101 0.716797 
0.514579 0.718750 

0.688422 0.630859 
0.687949 0.628906 

0.688430 0.630859 
0.688477 0.631132 

0.688877 0.632812 
0.688477 0.630865 

0.673987 0.710938 
0.673828 0.711204 

0.517951 0.722656 
0.518555 0.723345 

0.519758 0.724609 
0.518555 0.723225 

0.519826 0.724609 
0.521484 0.726405 

0.552798 0.562500 
0.550781 0.563265 

0.505679 0.603516 
0.506778 0.601562 

0.506862 0.601562 
0.506836 0.601613 

0.504492 0.605469 
0.505609 0.603516 

0.626953 0.561358 
0.629883 0.562433 

0.536011 0.738281 
0.533203 0.736348 

0.676458 0.707031 
0.675277 0.708984 

0.675198 0.708984 
0.673989 0.710938 

0.524610 0.580078 
0.526697 0.578125 

0.522525 0.582031 
0.524414 0.580136 

0.524605 0.580078 
0.524414 0.580257 

0.577148 0.753590 
0.574219 0.753114 

0.579651 0.753906 
0.577148 0.753615 

0.509373 0.597656 
0.509766 0.597012 

0.691033 0.646484 
0.690842 0.644531 

0.691186 0.648438 
0.691034 0.646484 

0.528155 0.732422 
0.527344 0.731721 

0.528145 0.732422 
0.530273 0.734201 

0.530586 0.734375 
0.530273 0.734130 

0.561492 0.750000 
0.562500 0.750275 

0.521765 0.726562 
0.521484 0.726274 

0.494717 0.679688 
0.495117 0.681419 

0.495221 0.681641 
0.495117 0.681124 

0.495228 0.681641 
0.495762 0.683594 

0.539119 0.740234 
0.539062 0.740201 

0.539096 0.740234 
0.541992 0.741826 

0.542577 0.742188 
0.541992 0.741877 

0.493501 0.634766 
0.493928 0.632812 

0.493116 0.636719 
0.493501 0.634766 

0.626953 0.748020 
0.629883 0.746942 

0.631862 0.746094 
0.629883 0.746867 

0.597656 0.754461 
0.600586 0.754215 

0.600586 0.754190 
0.603516 0.753912 

0.491588 0.660156 
0.491720 0.662109 

0.491719 0.662109 
0.491891 0.664062 

0.491520 0.650391 
0.491628 0.648438 

0.491453 0.652344 
0.491520 0.650391 

0.506360 0.707031 
0.506836 0.707928 

0.507515 0.708984 
0.506836 0.707742 

0.507566 0.708984 
0.508826 0.710938 

0.681809 0.697266 
0.682617 0.695342 

0.682692 0.695312 
0.682617 0.695523 

0.681755 0.697266 
0.680799 0.699219 

0.691393 0.654297 
0.691366 0.652344 

0.691393 0.654297 
0.691378 0.656250 

0.516242 0.720703 
0.515625 0.719896 

0.516275 0.720703 
0.517918 0.722656 

0.531575 0.574219 
0.533203 0.573018 

0.530577 0.734375 
0.533137 0.736328 

0.533168 0.736328 
0.533203 0.736353 

0.621094 0.559330 
0.624023 0.560251 

0.624779 0.560547 
0.624023 0.560303 

0.624717 0.560547 
0.626953 0.561283 

0.508092 0.599609 
0.509348 0.597656 

0.506796 0.601562 
0.506836 0.601488 

0.506859 0.601562 
0.508013 0.599609 

0.673435 0.597656 
0.673828 0.598334 

0.583008 0.754254 
0.580078 0.753988 

0.585938 0.754483 
0.583008 0.754266 

0.621186 0.750000 
0.624023 0.749136 

0.624023 0.749069 
0.626953 0.748089 

0.565430 0.751129 
0.562500 0.750322 

0.568359 0.751869 
0.565430 0.751165 

0.579399 0.753906 
0.580078 0.753970 

0.664785 0.722656 
0.663077 0.724609 

0.663041 0.724609 
0.662109 0.725631 

0.643707 0.740234 
0.644531 0.739764 

0.640092 0.742188 
0.641602 0.741415 

0.643697 0.740234 
0.641602 0.741370 

0.621199 0.750000 
0.621094 0.750031 

0.646979 0.738281 
0.644531 0.739745 

0.529066 0.576172 
0.530273 0.575204 

0.531592 0.574219 
0.530273 0.575248 

0.529049 0.576172 
0.527344 0.577653 

0.645689 0.570312 
0.647461 0.571408 

0.648748 0.572266 
0.647461 0.571416 

0.648752 0.572266 
0.650391 0.573430 

0.652468 0.734375 
0.650391 0.735979 

0.492211 0.642578 
0.492453 0.640625 

0.492210 0.642578 
0.492188 0.642859 

0.690466 0.667969 
0.690174 0.669922 

0.690174 0.669922 
0.689842 0.671875 

0.553711 0.747230 
0.550781 0.746109 

0.555846 0.748047 
0.553711 0.747307 

0.555794 0.748047 
0.556641 0.748338 

0.568650 0.751953 
0.568359 0.751900 

0.568466 0.751953 
0.571289 0.752515 

0.574219 0.753117 
0.571289 0.752552 

0.684296 0.691406 
0.683494 0.693359 

0.683466 0.693359 
0.682704 0.695312 

0.691297 0.650391 
0.691186 0.648438 

0.691366 0.652344 
0.691297 0.650391 

0.640061 0.742188 
0.638672 0.742887 

0.503457 0.607422 
0.503906 0.606436 

0.502423 0.609375 
0.503426 0.607422 

0.687021 0.683594 
0.686418 0.685547 

0.686400 0.685547 
0.685791 0.687500 

0.510184 0.712891 
0.509766 0.712194 

0.510205 0.712891 
0.511562 0.714844 

0.501423 0.611328 
0.502374 0.609375 

0.500552 0.613281 
0.500977 0.612178 

0.501412 0.611328 
0.500977 0.612453 

0.651486 0.574219 
0.653320 0.575721 

0.653929 0.576172 
0.653320 0.575669 

0.656122 0.578125 
0.653955 0.576172 

0.680769 0.699219 
0.679850 0.701172 

0.679846 0.701172 
0.679688 0.701535 

0.520534 0.583984 
0.521484 0.582973 

0.518748 0.585938 
0.520502 0.583984 

0.542596 0.742188 
0.544922 0.743345 

0.691225 0.660156 
0.691093 0.662109 

0.691093 0.662109 
0.690923 0.664062 

0.522497 0.582031 
0.521484 0.583103 

0.501997 0.699219 
0.503006 0.701172 

0.503067 0.701172 
0.503906 0.702925 

0.557894 0.560547 
0.559570 0.560031 

0.562500 0.559078 
0.559570 0.559978 

0.558008 0.560547 
0.556641 0.560973 

0.685466 0.621094 
0.685547 0.621408 

0.603516 0.753878 
0.606445 0.753497 

0.606445 0.753480 
0.609375 0.752979 

0.645674 0.570312 
0.644531 0.569636 

0.691377 0.656250 
0.691321 0.658203 

0.691320 0.658203 
0.691225 0.660156 

0.493745 0.675781 
0.494191 0.677734 

0.494190 0.677734 
0.494680 0.679688 

0.591797 0.554689 
0.594727 0.554742 

0.594727 0.554742 
0.597656 0.554897 

0.688110 0.679688 
0.687585 0.681641 

0.687584 0.681641 
0.687019 0.683594 

0.610721 0.556641 
0.609375 0.556424 

0.610440 0.556641 
0.612305 0.556962 

0.612305 0.556989 
0.615234 0.557663 

0.588867 0.554740 
0.585938 0.554882 

0.591797 0.554690 
0.588867 0.554738 

0.684742 0.619141 
0.683968 0.617188 

0.685451 0.621094 
0.684777 0.619141 

0.615234 0.751699 
0.618164 0.750944 

0.618164 0.750902 
0.621094 0.750094 

0.686104 0.623047 
0.685547 0.621189 

0.686774 0.625000 
0.686142 0.623047 

0.521771 0.726562 
0.523685 0.728516 

0.523706 0.728516 
0.524414 0.729191 

0.525835 0.730469 
0.524414 0.729102 

0.536036 0.738281 
0.536133 0.738344 

0.539062 0.740171 
0.536133 0.738373 

0.491425 0.654297 
0.491453 0.652344 

0.491425 0.654297 
0.491439 0.656250 

0.649858 0.736328 
0.650391 0.735942 

0.646961 0.738281 
0.647461 0.737962 

0.649885 0.736328 
0.647461 0.737972 

0.674687 0.599609 
0.673828 0.598162 

0.675988 0.601562 
0.674750 0.599609 

0.572064 0.556641 
0.574219 0.556293 

0.571289 0.556837 
0.568359 0.557473 

0.572351 0.556641 
0.571289 0.556809 

0.651477 0.574219 
0.650391 0.573410 

0.670603 0.593750 
0.670898 0.594201 

0.672002 0.595703 
0.670898 0.594051 

0.673413 0.597656 
0.672088 0.595703 

0.495454 0.626953 
0.496015 0.625000 

0.494934 0.628906 
0.495117 0.628030 

0.495433 0.626953 
0.495117 0.628351 

0.591797 0.754674 
0.594727 0.754621 

0.594727 0.754621 
0.597656 0.754466 

0.588867 0.754624 
0.585938 0.754487 

0.591797 0.754673 
0.588867 0.754627 

0.680374 0.609375 
0.679688 0.607841 

0.515246 0.589844 
0.515625 0.589362 

0.583008 0.555117 
0.580078 0.555415 

0.585938 0.554885 
0.583008 0.555113 

0.667514 0.589844 
0.667969 0.590457 

0.679392 0.607422 
0.678347 0.605469 

0.679413 0.607422 
0.679688 0.608065 

0.491439 0.656250 
0.491493 0.658203 

0.491494 0.658203 
0.491588 0.660156 

0.636097 0.744141 
0.638672 0.742957 

0.632812 0.745636 
0.635742 0.744376 

0.636097 0.744141 
0.635742 0.744308 

0.689323 0.634766 
0.688904 0.632812 

0.689701 0.636719 
0.689322 0.634766 

0.664131 0.585938 
0.665039 0.587037 

0.665865 0.587891 
0.665039 0.586886 

0.667488 0.589844 
0.665907 0.587891 

0.614094 0.751953 
0.615234 0.751730 

0.609375 0.752977 
0.612305 0.752395 

0.614350 0.751953 
0.612305 0.752356 

0.513719 0.591797 
0.515231 0.589844 

0.512175 0.593750 
0.512695 0.592992 

0.513641 0.591797 
0.512695 0.593150 

0.577148 0.555788 
0.574219 0.556256 

0.580078 0.555406 
0.577148 0.555784 

0.690924 0.664062 
0.690715 0.666016 

0.690716 0.666016 
0.690466 0.667969 

0.681371 0.611328 
0.680408 0.609375 

0.682300 0.613281 
0.681407 0.611328 

0.525865 0.730469 
0.527344 0.731794 

0.499656 0.615234 
0.500516 0.613281 

0.498805 0.617188 
0.499630 0.615234 

0.494424 0.630859 
0.494913 0.628906 

0.493925 0.632812 
0.494403 0.630859 

0.516967 0.587891 
0.518555 0.586005 

0.518738 0.585938 
0.518555 0.586146 

0.516887 0.587891 
0.515625 0.589495 

0.685779 0.687500 
0.685547 0.688334 

0.660371 0.582031 
0.662109 0.583889 

0.662309 0.583984 
0.662109 0.583776 

0.664086 0.585938 
0.662340 0.583984 

0.676040 0.601562 
0.676758 0.602909 

0.677180 0.603516 
0.676758 0.602688 

0.678282 0.605469 
0.677186 0.603516 

0.492771 0.638672 
0.493116 0.636719 

0.492465 0.640625 
0.492770 0.638672 

0.618566 0.558594 
0.621094 0.559274 

0.690042 0.638672 
0.689701 0.636719 

0.690347 0.640625 
0.690043 0.638672 

0.658265 0.580078 
0.656250 0.578131 

0.658285 0.580078 
0.659180 0.580972 

0.660329 0.582031 
0.659180 0.580862 

0.564262 0.558594 
0.562500 0.559036 

0.685110 0.689453 
0.685547 0.688029 

0.685069 0.689453 
0.684307 0.691406 

0.514637 0.718750 
0.515625 0.720055 

0.689843 0.671875 
0.689468 0.673828 

0.689468 0.673828 
0.689049 0.675781 

0.564075 0.558594 
0.565430 0.558265 

0.568359 0.557494 
0.565430 0.558221 

0.552770 0.562500 
0.553711 0.562142 

0.556641 0.561028 
0.553711 0.562084 

0.689027 0.675781 
0.688608 0.677734 

0.688141 0.679688 
0.688477 0.678100 

0.688595 0.677734 
0.688477 0.678388 

0.682325 0.613281 
0.682617 0.614101 

0.683133 0.615234 
0.682617 0.613833 

0.683963 0.617188 
0.683167 0.615234 

0.615234 0.557693 
0.618164 0.558422 

0.618659 0.558594 
0.618164 0.558470 

