0.667147 0.730469 
0.665439 0.732422 

0.663516 0.734375 
0.665039 0.732709 

0.665414 0.732422 
0.665039 0.732824 

0.673510 0.722656 
0.672095 0.724609 

0.670494 0.726562 
0.670898 0.726002 

0.672008 0.724609 
0.670898 0.726146 

0.615234 0.564933 
0.618164 0.565630 

0.618164 0.565666 
0.621094 0.566386 

0.501970 0.623047 
0.502852 0.621094 

0.501186 0.625000 
0.501953 0.623047 

0.497019 0.687500 
0.497556 0.689453 

0.497598 0.689453 
0.498047 0.691220 

0.676286 0.718750 
0.674978 0.720703 

0.674895 0.720703 
0.673828 0.722333 

0.693640 0.658203 
0.693529 0.656250 

0.693710 0.660156 
0.693640 0.658203 

0.661446 0.736328 
0.662109 0.735660 

0.661439 0.736328 
0.659450 0.738281 

0.657220 0.740234 
0.659180 0.738410 

0.659418 0.738281 
0.659180 0.738497 

0.657207 0.740234 
0.656250 0.741055 

0.621082 0.566406 
0.621094 0.566409 

0.651115 0.580078 
0.650391 0.579594 

0.651135 0.580078 
0.653320 0.581661 

0.653842 0.582031 
0.653320 0.581640 

0.693376 0.654297 
0.693184 0.652344 

0.693529 0.656250 
0.693377 0.654297 

0.673524 0.722656 
0.673828 0.722182 

0.656236 0.583984 
0.653872 0.582031 

0.656234 0.583984 
0.656250 0.583998 

0.693568 0.667969 
0.693435 0.669922 

0.693436 0.669922 
0.693266 0.671875 

0.681057 0.710938 
0.679997 0.712891 

0.679997 0.712891 
0.679688 0.713515 

0.634155 0.753906 
0.632812 0.754443 

0.685004 0.703125 
0.684103 0.705078 

0.684075 0.705078 
0.683150 0.707031 

0.493933 0.667969 
0.494065 0.669922 

0.494065 0.669922 
0.494235 0.671875 

0.493783 0.664062 
0.493838 0.666016 

0.493838 0.666016 
0.493932 0.667969 

0.667184 0.730469 
0.667969 0.729495 

0.692954 0.650391 
0.692688 0.648438 

0.693184 0.652344 
0.692954 0.650391 

0.691651 0.642578 
0.691406 0.641145 

0.692037 0.644531 
0.691669 0.642578 

0.648043 0.578125 
0.650391 0.579584 

0.638672 0.751842 
0.641602 0.750472 

0.642393 0.750000 
0.641602 0.750405 

0.627050 0.568359 
0.626953 0.568327 

0.627057 0.568359 
0.629883 0.569326 

0.632368 0.570312 
0.629883 0.569404 

0.692384 0.646484 
0.692042 0.644531 

0.692689 0.648438 
0.692385 0.646484 

0.609375 0.563823 
0.612305 0.564304 

0.613002 0.564453 
0.612305 0.564340 

0.612791 0.564453 
0.615234 0.564904 

0.692808 0.675781 
0.692516 0.677734 

0.692515 0.677734 
0.692183 0.679688 

0.503790 0.619141 
0.503906 0.618839 

0.502904 0.621094 
0.503765 0.619141 

0.502520 0.703125 
0.503409 0.705078 

0.503447 0.705078 
0.503906 0.706227 

0.687074 0.626953 
0.686316 0.625000 

0.687802 0.628906 
0.687073 0.626953 

0.555064 0.570312 
0.556641 0.569733 

0.693737 0.662109 
0.693710 0.660156 

0.693737 0.662109 
0.693721 0.664062 

0.535473 0.744141 
0.533203 0.742408 

0.535508 0.744141 
0.536133 0.744583 

0.538351 0.746094 
0.536133 0.744583 

0.638574 0.751953 
0.638672 0.751908 

0.634135 0.753906 
0.635742 0.753261 

0.638591 0.751953 
0.635742 0.753185 

0.663455 0.734375 
0.662109 0.735777 

0.498150 0.691406 
0.498047 0.690937 

0.682189 0.708984 
0.682617 0.707980 

0.683129 0.707031 
0.682617 0.708238 

0.682156 0.708984 
0.681113 0.710938 

0.621094 0.566453 
0.624023 0.567284 

0.624023 0.567340 
0.626953 0.568256 

0.563955 0.757812 
0.562500 0.757415 

0.693721 0.664062 
0.693664 0.666016 

0.693664 0.666016 
0.693568 0.667969 

0.670473 0.726562 
0.668926 0.728516 

0.668871 0.728516 
0.667969 0.729645 

0.508735 0.714844 
0.509766 0.716664 

0.558174 0.755859 
0.556641 0.755342 

0.558090 0.755859 
0.559570 0.756352 

0.562500 0.757369 
0.559570 0.756407 

0.654833 0.742188 
0.656250 0.740993 

0.678805 0.714844 
0.677588 0.716797 

0.676311 0.718750 
0.676758 0.717964 

0.677538 0.716797 
0.676758 0.718149 

0.494234 0.671875 
0.494443 0.673828 

0.494441 0.673828 
0.494693 0.675781 

0.509193 0.609375 
0.509766 0.608327 

0.640952 0.574219 
0.641602 0.574539 

0.641602 0.574596 
0.644531 0.576073 

0.516063 0.599609 
0.517575 0.597656 

0.516043 0.599609 
0.515625 0.600208 

0.691257 0.640625 
0.691406 0.641528 

0.541506 0.748047 
0.539062 0.746572 

0.541507 0.748047 
0.541992 0.748333 

0.544922 0.749958 
0.541992 0.748383 

0.514558 0.601562 
0.515625 0.600037 

0.538369 0.746094 
0.539062 0.746543 

0.532872 0.742188 
0.533203 0.742443 

0.498158 0.691406 
0.498729 0.693359 

0.498751 0.693359 
0.499407 0.695312 

0.522912 0.591797 
0.524414 0.590189 

0.524874 0.589844 
0.524414 0.590314 

0.522849 0.591797 
0.521484 0.593337 

0.539560 0.578125 
0.539062 0.578441 

0.632812 0.570554 
0.635742 0.571744 

0.636786 0.572266 
0.635742 0.571809 

0.636789 0.572266 
0.638672 0.573083 

0.524025 0.734375 
0.524414 0.734765 

0.526034 0.736328 
0.524414 0.734664 

0.526070 0.736328 
0.527344 0.737556 

0.499401 0.695312 
0.500111 0.697266 

0.500151 0.697266 
0.500848 0.699219 

0.623637 0.757812 
0.624023 0.757710 

0.624023 0.757666 
0.626953 0.756733 

0.571116 0.759766 
0.568359 0.759140 

0.571011 0.759766 
0.571289 0.759821 

0.574219 0.760456 
0.571289 0.759866 

0.605528 0.761719 
0.606445 0.761636 

0.606445 0.761620 
0.609375 0.761210 

0.693266 0.671875 
0.693058 0.673828 

0.693058 0.673828 
0.692809 0.675781 

0.496094 0.683594 
0.496538 0.685547 

0.496534 0.685547 
0.497019 0.687500 

0.506438 0.710938 
0.506836 0.711787 

0.507472 0.712891 
0.506836 0.711588 

0.507515 0.712891 
0.508668 0.714844 

0.504335 0.707031 
0.503906 0.705959 

0.566384 0.566406 
0.568359 0.565929 

0.509933 0.716797 
0.509766 0.716483 

0.509932 0.716797 
0.511142 0.718750 

0.688463 0.630859 
0.687844 0.628906 

0.688508 0.630859 
0.688477 0.630736 

0.688474 0.630859 
0.688477 0.630870 

0.689086 0.632812 
0.688523 0.630859 

0.678867 0.714844 
0.679688 0.713300 

0.516910 0.726562 
0.515625 0.724801 

0.510418 0.607422 
0.511696 0.605469 

0.510378 0.607422 
0.509766 0.608527 

0.531410 0.583984 
0.533203 0.582542 

0.529068 0.585938 
0.530273 0.584894 

0.531427 0.583984 
0.530273 0.584962 

0.632343 0.570312 
0.632812 0.570491 

0.582044 0.761719 
0.580078 0.761510 

0.609375 0.761199 
0.612305 0.760680 

0.612305 0.760671 
0.615234 0.760082 

0.689349 0.691406 
0.688775 0.693359 

0.688147 0.695312 
0.688477 0.694110 

0.688761 0.693359 
0.688477 0.694448 

0.513108 0.603516 
0.514487 0.601562 

0.511760 0.605469 
0.512695 0.603975 

0.513089 0.603516 
0.512695 0.604155 

0.495318 0.679688 
0.495680 0.681641 

0.495685 0.681641 
0.496094 0.683594 

0.553711 0.570903 
0.550781 0.572106 

0.555113 0.570312 
0.553711 0.570835 

0.497822 0.634766 
0.498047 0.633776 

0.497275 0.636719 
0.497800 0.634766 

0.577148 0.761030 
0.574219 0.760482 

0.580078 0.761483 
0.577148 0.761029 

0.686618 0.699219 
0.685861 0.701172 

0.685847 0.701172 
0.685547 0.702045 

0.494122 0.654297 
0.494312 0.652344 

0.493972 0.656250 
0.494122 0.654297 

0.494541 0.650391 
0.494811 0.648438 

0.494312 0.652344 
0.494541 0.650391 

0.560206 0.568359 
0.562500 0.567658 

0.559570 0.568633 
0.556641 0.569670 

0.560304 0.568359 
0.559570 0.568584 

0.504345 0.707031 
0.505326 0.708984 

0.505380 0.708984 
0.506409 0.710938 

0.493769 0.662109 
0.493797 0.660156 

0.493769 0.662109 
0.493783 0.664062 

0.597656 0.562578 
0.600586 0.562754 

0.600586 0.562757 
0.603516 0.563030 

0.528220 0.738281 
0.527344 0.737459 

0.679506 0.611328 
0.678371 0.609375 

0.679522 0.611328 
0.679688 0.611672 

0.594727 0.562505 
0.591797 0.562533 

0.594727 0.562504 
0.597656 0.562578 

0.553248 0.753906 
0.553711 0.754098 

0.556641 0.755279 
0.553711 0.754161 

0.669902 0.597656 
0.670898 0.599010 

0.671448 0.599609 
0.670898 0.598856 

0.672932 0.601562 
0.671480 0.599609 

0.588867 0.562662 
0.585938 0.562874 

0.591797 0.562535 
0.588867 0.562660 

0.565430 0.566719 
0.562500 0.567600 

0.566583 0.566406 
0.565430 0.566684 

0.581711 0.761719 
0.583008 0.761839 

0.585938 0.762118 
0.583008 0.761857 

0.692183 0.679688 
0.691811 0.681641 

0.691786 0.681641 
0.691424 0.683594 

0.563793 0.757812 
0.565430 0.758253 

0.568359 0.759104 
0.565430 0.758300 

0.498978 0.630859 
0.499653 0.628906 

0.498376 0.632812 
0.498977 0.630859 

0.519307 0.595703 
0.520978 0.593750 

0.517628 0.597656 
0.518555 0.596460 

0.519272 0.595703 
0.518555 0.596619 

0.547852 0.751449 
0.544922 0.750024 

0.548806 0.751953 
0.547852 0.751511 

0.548821 0.751953 
0.550781 0.752823 

0.495846 0.642578 
0.496275 0.640625 

0.495462 0.644531 
0.495846 0.642578 

0.649323 0.746094 
0.650391 0.745406 

0.605870 0.761719 
0.603516 0.761941 

0.526864 0.587891 
0.527344 0.587449 

0.524878 0.589844 
0.526836 0.587891 

0.616394 0.759766 
0.618164 0.759399 

0.618164 0.759365 
0.621094 0.758581 

0.616637 0.759766 
0.615234 0.760043 

0.672998 0.601562 
0.673828 0.602823 

0.629323 0.755859 
0.629883 0.755670 

0.629883 0.755614 
0.632812 0.754507 

0.629383 0.755859 
0.626953 0.756667 

0.691375 0.683594 
0.690961 0.685547 

0.690935 0.685547 
0.690443 0.687500 

0.546455 0.574219 
0.544922 0.574988 

0.493864 0.658203 
0.493972 0.656250 

0.493797 0.660156 
0.493864 0.658203 

0.644613 0.576172 
0.644531 0.576127 

0.644600 0.576172 
0.647461 0.577742 

0.648037 0.578125 
0.647461 0.577780 

0.597656 0.762409 
0.600586 0.762235 

0.600586 0.762228 
0.603516 0.761968 

0.685044 0.703125 
0.685547 0.701761 

0.528224 0.738281 
0.530273 0.740138 

0.530501 0.740234 
0.530273 0.740042 

0.530500 0.740234 
0.532839 0.742188 

0.571289 0.565164 
0.568359 0.565884 

0.574219 0.564541 
0.571289 0.565143 

0.688120 0.695312 
0.687417 0.697266 

0.687400 0.697266 
0.686636 0.699219 

0.603516 0.563035 
0.606445 0.563386 

0.606445 0.563381 
0.609375 0.563808 

0.500872 0.699219 
0.500977 0.699560 

0.501614 0.701172 
0.500977 0.699381 

0.501645 0.701172 
0.502496 0.703125 

0.685489 0.623047 
0.684684 0.621094 

0.685501 0.623047 
0.685547 0.623192 

0.550569 0.572266 
0.550781 0.572170 

0.546483 0.574219 
0.547852 0.573545 

0.550581 0.572266 
0.547852 0.573477 

0.494705 0.675781 
0.494983 0.677734 

0.494995 0.677734 
0.495117 0.678716 

0.495304 0.679688 
0.495117 0.678319 

0.500444 0.626953 
0.500977 0.625376 

0.501184 0.625000 
0.500977 0.625669 

0.499661 0.628906 
0.500395 0.626953 

0.520325 0.730469 
0.521484 0.731814 

0.691382 0.683594 
0.691406 0.683431 

0.683684 0.619141 
0.682794 0.617188 

0.684635 0.621094 
0.683711 0.619141 

0.686280 0.625000 
0.685562 0.623047 

0.594727 0.762483 
0.591797 0.762456 

0.594727 0.762484 
0.597656 0.762410 

0.588867 0.762329 
0.585938 0.762127 

0.591797 0.762453 
0.588867 0.762333 

0.498356 0.632812 
0.498047 0.634106 

0.668243 0.595703 
0.667969 0.595378 

0.669836 0.597656 
0.668263 0.595703 

0.542824 0.576172 
0.544922 0.575039 

0.539555 0.578125 
0.541992 0.576667 

0.542799 0.576172 
0.541992 0.576632 

0.513974 0.722656 
0.515373 0.724609 

0.515390 0.724609 
0.515625 0.724936 

0.640952 0.574219 
0.638672 0.573155 

0.536614 0.580078 
0.539062 0.578450 

0.533917 0.582031 
0.536133 0.580404 

0.536628 0.580078 
0.536133 0.580424 

0.623747 0.757812 
0.621094 0.758535 

0.664571 0.591797 
0.662731 0.589844 

0.664590 0.591797 
0.665039 0.592289 

0.666434 0.593750 
0.665039 0.592160 

0.675822 0.605469 
0.676758 0.607021 

0.677090 0.607422 
0.676758 0.606842 

0.678291 0.609375 
0.677095 0.607422 

0.689708 0.634766 
0.689118 0.632812 

0.690260 0.636719 
0.689708 0.634766 

0.662706 0.589844 
0.662109 0.589245 

0.553258 0.753906 
0.550781 0.752898 

0.505823 0.615234 
0.506806 0.613281 

0.506890 0.613281 
0.506836 0.613401 

0.504738 0.617188 
0.505764 0.615234 

0.680605 0.613281 
0.679688 0.611500 

0.646052 0.748047 
0.647461 0.747244 

0.649322 0.746094 
0.647461 0.747222 

0.646021 0.748047 
0.644531 0.748868 

0.642407 0.750000 
0.644531 0.748922 

0.533935 0.582031 
0.533203 0.582593 

0.652227 0.744141 
0.653320 0.743334 

0.654843 0.742188 
0.653320 0.743368 

0.652248 0.744141 
0.650391 0.745413 

0.522150 0.732422 
0.521484 0.731668 

0.522172 0.732422 
0.523995 0.734375 

0.690445 0.687500 
0.689922 0.689453 

0.689923 0.689453 
0.689362 0.691406 

0.516994 0.726562 
0.518518 0.728516 

0.518628 0.728516 
0.518555 0.728424 

0.518542 0.728516 
0.518555 0.728530 

0.518640 0.728516 
0.520265 0.730469 

0.583008 0.563157 
0.580078 0.563518 

0.585938 0.562879 
0.583008 0.563164 

0.656287 0.583984 
0.656250 0.583953 

0.658491 0.585938 
0.656335 0.583984 

0.666510 0.593750 
0.667969 0.595499 

0.574395 0.564453 
0.577148 0.564005 

0.580078 0.563516 
0.577148 0.563970 

0.574629 0.564453 
0.574219 0.564514 

0.504698 0.617188 
0.503906 0.618988 

0.521007 0.593750 
0.521484 0.593219 

0.529046 0.585938 
0.527344 0.587534 

0.674382 0.603516 
0.673828 0.602659 

0.675744 0.605469 
0.674410 0.603516 

0.507992 0.611328 
0.509157 0.609375 

0.506828 0.613281 
0.506836 0.613265 

0.506881 0.613281 
0.507926 0.611328 

0.496744 0.638672 
0.497257 0.636719 

0.496277 0.640625 
0.496748 0.638672 

0.495112 0.646484 
0.495117 0.646439 

0.495137 0.646484 
0.495447 0.644531 

0.494832 0.648438 
0.495101 0.646484 

0.495136 0.646484 
0.495117 0.646655 

0.690776 0.638672 
0.690259 0.636719 

0.691245 0.640625 
0.690791 0.638672 

0.658493 0.585938 
0.659180 0.586576 

0.660638 0.587891 
0.659180 0.586481 

0.660678 0.587891 
0.662109 0.589350 

0.511225 0.718750 
0.512494 0.720703 

0.512515 0.720703 
0.512695 0.720987 

0.513887 0.722656 
0.512695 0.720856 

0.691412 0.683594 
0.691406 0.683628 

0.681732 0.615234 
0.680652 0.613281 

0.681791 0.615234 
0.682617 0.616990 

0.682788 0.617188 
0.682617 0.616779 

