0.521682 0.761719 
0.522729 0.763672 

0.522795 0.763672 
0.523929 0.765625 

0.672522 0.791016 
0.673828 0.789797 

0.670166 0.792969 
0.670898 0.792362 

0.672516 0.791016 
0.670898 0.792421 

0.521688 0.761719 
0.521484 0.761255 

0.553484 0.796875 
0.550781 0.795013 

0.519601 0.757812 
0.520610 0.759766 

0.520670 0.759766 
0.521484 0.761474 

0.670190 0.792969 
0.667969 0.794693 

0.692244 0.658203 
0.691406 0.656786 

0.693541 0.660156 
0.692304 0.658203 

0.638702 0.808594 
0.638672 0.808603 

0.674708 0.789062 
0.673828 0.789885 

0.542140 0.638672 
0.544212 0.636719 

0.540067 0.640625 
0.541992 0.638683 

0.542131 0.638672 
0.541992 0.638803 

0.548069 0.792969 
0.550614 0.794922 

0.550646 0.794922 
0.550781 0.795019 

0.667596 0.794922 
0.667969 0.794653 

0.664680 0.796875 
0.665039 0.796649 

0.667626 0.794922 
0.665039 0.796660 

0.511095 0.693359 
0.511523 0.691406 

0.510709 0.695312 
0.511095 0.693359 

0.558006 0.626953 
0.559570 0.626097 

0.561670 0.625000 
0.559570 0.626041 

0.557975 0.626953 
0.556641 0.627712 

0.510362 0.697266 
0.510709 0.695312 

0.510054 0.699219 
0.510362 0.697266 

0.527776 0.771484 
0.527344 0.770763 

0.527798 0.771484 
0.529151 0.773438 

0.697930 0.667969 
0.697266 0.666477 

0.704579 0.742188 
0.703978 0.744141 

0.703960 0.744141 
0.703353 0.746094 

0.581728 0.617188 
0.583008 0.616878 

0.585938 0.616108 
0.583008 0.616834 

0.517259 0.673828 
0.518117 0.671875 

0.516405 0.675781 
0.517231 0.673828 

0.509571 0.703125 
0.509766 0.701182 

0.663390 0.628906 
0.665039 0.629909 

0.666481 0.630859 
0.665039 0.629918 

0.666483 0.630859 
0.667969 0.631907 

0.703341 0.746094 
0.703125 0.746873 

0.546568 0.634766 
0.547852 0.633731 

0.549080 0.632812 
0.547852 0.633775 

0.546552 0.634766 
0.544922 0.636188 

0.693595 0.660156 
0.694336 0.661542 

0.694736 0.662109 
0.694336 0.661323 

0.695835 0.664062 
0.694741 0.662109 

0.632812 0.810275 
0.635742 0.809517 

0.635742 0.809475 
0.638672 0.808668 

0.706587 0.734375 
0.706168 0.736328 

0.705697 0.738281 
0.706055 0.736615 

0.706155 0.736328 
0.706055 0.736883 

0.509939 0.726562 
0.510227 0.728516 

0.510229 0.728516 
0.510560 0.730469 

0.509797 0.701172 
0.510043 0.699219 

0.509796 0.701172 
0.509766 0.701542 

0.621094 0.812462 
0.624023 0.812077 

0.624023 0.812061 
0.626953 0.811558 

0.702296 0.677734 
0.701522 0.675781 

0.703006 0.679688 
0.702329 0.677734 

0.698925 0.669922 
0.697963 0.667969 

0.699856 0.671875 
0.698959 0.669922 

0.533812 0.779297 
0.533203 0.778496 

0.533845 0.779297 
0.535481 0.781250 

0.696947 0.666016 
0.695898 0.664062 

0.696970 0.666016 
0.697266 0.666706 

0.669212 0.632812 
0.667969 0.631886 

0.509019 0.714844 
0.509074 0.716797 

0.509075 0.716797 
0.509170 0.718750 

0.554723 0.628906 
0.556641 0.627746 

0.638699 0.808594 
0.641602 0.807708 

0.641602 0.807641 
0.644531 0.806666 

0.543391 0.789062 
0.544922 0.790448 

0.516106 0.750000 
0.516893 0.751953 

0.516904 0.751953 
0.517766 0.753906 

0.528361 0.654297 
0.529743 0.652344 

0.528280 0.654297 
0.527344 0.655782 

0.644531 0.619970 
0.647461 0.621041 

0.529223 0.773438 
0.530273 0.774982 

0.530666 0.775391 
0.530273 0.774810 

0.530683 0.775391 
0.532156 0.777344 

0.575522 0.619141 
0.577148 0.618643 

0.580078 0.617691 
0.577148 0.618590 

0.575637 0.619141 
0.574219 0.619581 

0.579137 0.808594 
0.580078 0.808850 

0.544235 0.636719 
0.544922 0.636121 

0.699881 0.671875 
0.700195 0.672751 

0.700690 0.673828 
0.700195 0.672477 

0.701516 0.675781 
0.700723 0.673828 

0.577148 0.807938 
0.574219 0.806970 

0.579262 0.808594 
0.577148 0.807995 

0.512020 0.689453 
0.512508 0.687500 

0.511519 0.691406 
0.511997 0.689453 

0.531301 0.650391 
0.532807 0.648438 

0.529763 0.652344 
0.530273 0.651597 

0.531223 0.650391 
0.530273 0.651754 

0.703657 0.681641 
0.703125 0.679852 

0.704327 0.683594 
0.703694 0.681641 

0.539311 0.785156 
0.539062 0.784900 

0.708180 0.701172 
0.707913 0.699219 

0.708411 0.703125 
0.708180 0.701172 

0.509005 0.712891 
0.509032 0.710938 

0.509005 0.712891 
0.509019 0.714844 

0.509361 0.705078 
0.509554 0.703125 

0.509209 0.707031 
0.509361 0.705078 

0.515687 0.677734 
0.516384 0.675781 

0.515682 0.677734 
0.515625 0.677936 

0.657680 0.800781 
0.656250 0.801492 

0.652054 0.623047 
0.650391 0.622343 

0.652053 0.623047 
0.653320 0.623594 

0.653320 0.623663 
0.656250 0.624997 

0.523961 0.765625 
0.524414 0.766482 

0.525113 0.767578 
0.524414 0.766299 

0.525167 0.767578 
0.526425 0.769531 

0.631593 0.810547 
0.632812 0.810307 

0.626953 0.811556 
0.629883 0.810973 

0.631851 0.810547 
0.629883 0.810934 

0.708606 0.705078 
0.708412 0.703125 

0.708760 0.707031 
0.708607 0.705078 

0.664703 0.796875 
0.662109 0.798397 

0.526481 0.769531 
0.527344 0.770950 

0.514234 0.681641 
0.514918 0.679688 

0.513615 0.683594 
0.514237 0.681641 

0.540040 0.640625 
0.539062 0.641665 

0.615234 0.613497 
0.618164 0.613754 

0.618164 0.613760 
0.621094 0.614099 

0.545663 0.791016 
0.544922 0.790372 

0.545657 0.791016 
0.547852 0.792865 

0.548076 0.792969 
0.547852 0.792792 

0.656250 0.625072 
0.659180 0.626509 

0.659896 0.626953 
0.659180 0.626569 

0.659903 0.626953 
0.662109 0.628134 

0.708954 0.714844 
0.708896 0.716797 

0.708896 0.716797 
0.708799 0.718750 

0.551764 0.630859 
0.553711 0.629554 

0.554710 0.628906 
0.553711 0.629545 

0.551775 0.630859 
0.550781 0.631563 

0.679913 0.642578 
0.679688 0.642342 

0.681679 0.644531 
0.679942 0.642578 

0.705989 0.689453 
0.705511 0.687500 

0.705997 0.689453 
0.706055 0.689786 

0.706443 0.691406 
0.706055 0.689505 

0.708873 0.708984 
0.708761 0.707031 

0.708943 0.710938 
0.708873 0.708984 

0.685090 0.648438 
0.685547 0.649056 

0.581912 0.617188 
0.580078 0.617648 

0.706887 0.693359 
0.706470 0.691406 

0.707266 0.695312 
0.706887 0.693359 

0.532822 0.648438 
0.533203 0.647950 

0.649391 0.804688 
0.650391 0.804288 

0.647461 0.621111 
0.650391 0.622269 

0.564045 0.802734 
0.562500 0.802030 

0.564057 0.802734 
0.565430 0.803354 

0.568359 0.804632 
0.565430 0.803421 

0.583008 0.809702 
0.580078 0.808897 

0.585938 0.810446 
0.583008 0.809738 

0.509100 0.708984 
0.509210 0.707031 

0.509032 0.710938 
0.509101 0.708984 

0.559570 0.800463 
0.556641 0.798868 

0.560075 0.800781 
0.559570 0.800516 

0.653679 0.802734 
0.656250 0.801563 

0.650391 0.804222 
0.653320 0.802970 

0.653678 0.802734 
0.653320 0.802901 

0.688168 0.652344 
0.688477 0.652815 

0.689562 0.654297 
0.688477 0.652666 

0.690971 0.656250 
0.689647 0.654297 

0.704927 0.685547 
0.704330 0.683594 

0.705485 0.687500 
0.704924 0.685547 

0.594727 0.812169 
0.591797 0.811691 

0.597325 0.812500 
0.594727 0.812194 

0.663370 0.628906 
0.662109 0.628172 

0.538087 0.642578 
0.539062 0.641533 

0.536307 0.644531 
0.538053 0.642578 

0.696366 0.761719 
0.697266 0.759886 

0.561674 0.625000 
0.562500 0.624589 

0.526969 0.656250 
0.527344 0.655633 

0.661377 0.798828 
0.662109 0.798417 

0.657711 0.800781 
0.659180 0.800039 

0.661370 0.798828 
0.659180 0.799992 

0.636076 0.617188 
0.638672 0.617888 

0.681723 0.644531 
0.682617 0.645620 

0.683447 0.646484 
0.682617 0.645469 

0.685064 0.648438 
0.683490 0.646484 

0.532214 0.777344 
0.533203 0.778656 

0.707609 0.697266 
0.707266 0.695312 

0.707914 0.699219 
0.707609 0.697266 

0.509485 0.722656 
0.509682 0.724609 

0.509691 0.724609 
0.509766 0.725436 

0.708970 0.712891 
0.708943 0.710938 

0.708970 0.712891 
0.708954 0.714844 

0.510560 0.730469 
0.510931 0.732422 

0.510932 0.732422 
0.511342 0.734375 

0.644531 0.806596 
0.647461 0.805521 

0.649416 0.804688 
0.647461 0.805446 

0.628204 0.615234 
0.626953 0.615033 

0.627930 0.615234 
0.629883 0.615573 

0.629883 0.615601 
0.632812 0.616277 

0.517820 0.753906 
0.518555 0.755715 

0.518692 0.755859 
0.518555 0.755478 

0.518686 0.755859 
0.519566 0.757812 

0.539319 0.785156 
0.541222 0.787109 

0.541243 0.787109 
0.541992 0.787830 

0.543360 0.789062 
0.541992 0.787740 

0.606445 0.813211 
0.603516 0.813072 

0.609375 0.813262 
0.606445 0.813214 

0.687328 0.775391 
0.688477 0.773726 

0.688775 0.773438 
0.688477 0.773883 

0.687244 0.775391 
0.685781 0.777344 

0.600586 0.812836 
0.597656 0.812571 

0.603516 0.813068 
0.600586 0.812849 

0.513051 0.685547 
0.513615 0.683594 

0.512528 0.687500 
0.512695 0.686696 

0.513028 0.685547 
0.512695 0.687005 

0.516080 0.750000 
0.515625 0.748574 

0.686632 0.650391 
0.685547 0.648914 

0.688155 0.652344 
0.686718 0.650391 

0.638672 0.617944 
0.641602 0.618863 

0.642299 0.619141 
0.641602 0.618915 

0.642242 0.619141 
0.644531 0.619894 

0.513382 0.742188 
0.513999 0.744141 

0.513992 0.744141 
0.514660 0.746094 

0.549060 0.632812 
0.550781 0.631538 

0.673860 0.636719 
0.673828 0.636690 

0.701854 0.750000 
0.701052 0.751953 

0.701023 0.751953 
0.700263 0.753906 

0.675899 0.638672 
0.673907 0.636719 

0.675917 0.638672 
0.676758 0.639522 

0.677937 0.640625 
0.676758 0.639409 

0.560089 0.800781 
0.562500 0.801966 

0.656234 0.625000 
0.656250 0.625008 

0.690994 0.656250 
0.691406 0.656961 

0.535515 0.781250 
0.536133 0.781960 

0.537313 0.783203 
0.536133 0.781839 

0.537381 0.783203 
0.539062 0.785032 

0.609375 0.613286 
0.612305 0.613338 

0.612305 0.613338 
0.615234 0.613495 

0.615234 0.813050 
0.618164 0.812802 

0.621065 0.812500 
0.618164 0.812776 

0.609375 0.813263 
0.612305 0.813210 

0.612305 0.813210 
0.615234 0.813055 

0.565646 0.623047 
0.568359 0.621937 

0.565430 0.623209 
0.562500 0.624526 

0.565645 0.623047 
0.565430 0.623140 

0.514688 0.746094 
0.515365 0.748047 

0.515391 0.748047 
0.515625 0.748840 

0.514967 0.679688 
0.515617 0.677734 

0.703021 0.679688 
0.703125 0.680086 

0.621094 0.614096 
0.624023 0.614510 

0.624023 0.614517 
0.626953 0.614997 

0.676710 0.787109 
0.676758 0.787063 

0.678702 0.785156 
0.676828 0.787109 

0.676688 0.787109 
0.674726 0.789062 

0.676783 0.787109 
0.676758 0.787133 

0.519025 0.669922 
0.519979 0.667969 

0.518152 0.671875 
0.518555 0.670822 

0.519010 0.669922 
0.518555 0.671092 

0.685765 0.777344 
0.685547 0.777629 

0.708799 0.718750 
0.708666 0.720703 

0.708666 0.720703 
0.708495 0.722656 

0.512316 0.738281 
0.512695 0.739940 

0.512818 0.740234 
0.512695 0.739630 

0.512826 0.740234 
0.513362 0.742188 

0.594727 0.614398 
0.591797 0.614868 

0.597656 0.614012 
0.594727 0.614393 

0.669213 0.632812 
0.670898 0.634202 

0.671635 0.634766 
0.670898 0.634149 

0.673786 0.636719 
0.671657 0.634766 

0.534535 0.646484 
0.536133 0.644579 

0.536297 0.644531 
0.536133 0.644719 

0.534454 0.646484 
0.533203 0.648084 

0.509926 0.726562 
0.509766 0.725058 

0.678739 0.785156 
0.679688 0.784113 

0.682373 0.781250 
0.680675 0.783203 

0.680636 0.783203 
0.679688 0.784253 

0.511341 0.734375 
0.511789 0.736328 

0.511789 0.736328 
0.512279 0.738281 

0.620797 0.812500 
0.621094 0.812475 

0.696306 0.761719 
0.695193 0.763672 

0.694037 0.765625 
0.694336 0.765031 

0.695146 0.763672 
0.694336 0.765217 

0.606445 0.613339 
0.603516 0.613484 

0.609375 0.613287 
0.606445 0.613337 

0.698324 0.757812 
0.697408 0.759766 

0.697403 0.759766 
0.697266 0.760081 

0.600586 0.613721 
0.597656 0.614021 

0.603516 0.613488 
0.600586 0.613717 

0.509170 0.718750 
0.509304 0.720703 

0.509303 0.720703 
0.509476 0.722656 

0.570361 0.621094 
0.571289 0.620744 

0.574219 0.619636 
0.571289 0.620686 

0.690216 0.771484 
0.691406 0.769611 

0.690129 0.771484 
0.688785 0.773438 

0.705666 0.738281 
0.705140 0.740234 

0.705140 0.740234 
0.704578 0.742188 

0.523282 0.662109 
0.524375 0.660156 

0.524461 0.660156 
0.524414 0.660248 

0.522095 0.664062 
0.523212 0.662109 

0.632812 0.616307 
0.635742 0.617034 

0.636158 0.617188 
0.635742 0.617083 

0.708034 0.726562 
0.707741 0.728516 

0.707740 0.728516 
0.707406 0.730469 

0.694012 0.765625 
0.692829 0.767578 

0.692751 0.767578 
0.691546 0.769531 

0.571289 0.805815 
0.568359 0.804703 

0.573463 0.806641 
0.571289 0.805892 

0.573411 0.806641 
0.574219 0.806916 

0.673796 0.636719 
0.673828 0.636748 

0.691545 0.769531 
0.691406 0.769763 

0.597093 0.812500 
0.597656 0.812553 

0.589740 0.615234 
0.591797 0.614904 

0.588867 0.615448 
0.585938 0.616086 

0.590032 0.615234 
0.588867 0.615420 

0.522060 0.664062 
0.521484 0.665293 

0.570392 0.621094 
0.568359 0.621858 

0.677986 0.640625 
0.679688 0.642457 

0.525693 0.658203 
0.526945 0.656250 

0.524394 0.660156 
0.524414 0.660119 

0.524457 0.660156 
0.525613 0.658203 

0.702670 0.748047 
0.703125 0.746575 

0.702628 0.748047 
0.701864 0.750000 

0.707407 0.730469 
0.707031 0.732422 

0.707031 0.732422 
0.706610 0.734375 

0.586325 0.810547 
0.585938 0.810476 

0.586127 0.810547 
0.588867 0.811090 

0.591797 0.811694 
0.588867 0.811128 

0.553512 0.796875 
0.553711 0.797005 

0.556641 0.798822 
0.553711 0.797036 

0.700189 0.753906 
0.699363 0.755859 

0.700250 0.753906 
0.700195 0.754059 

0.699309 0.755859 
0.698354 0.757812 

0.521059 0.666016 
0.521484 0.665078 

0.520028 0.667969 
0.521029 0.666016 

0.684168 0.779297 
0.685547 0.777502 

0.682386 0.781250 
0.682617 0.780972 

0.684083 0.779297 
0.682617 0.781110 

0.708495 0.722656 
0.708285 0.724609 

0.708286 0.724609 
0.708034 0.726562 

