0.518122 0.757812 
0.518555 0.759424 

0.518712 0.759766 
0.518555 0.759114 

0.518721 0.759766 
0.519332 0.761719 

0.520359 0.693359 
0.521120 0.691406 

0.519595 0.695312 
0.520331 0.693359 

0.521929 0.689453 
0.522782 0.687500 

0.521913 0.689453 
0.521484 0.690693 

0.544684 0.656250 
0.544922 0.656015 

0.681464 0.802734 
0.682617 0.801529 

0.683454 0.800781 
0.682617 0.801651 

0.681422 0.802734 
0.679688 0.804477 

0.712719 0.742188 
0.712425 0.744141 

0.712415 0.744141 
0.712096 0.746094 

0.530390 0.673828 
0.531612 0.671875 

0.529164 0.675781 
0.530273 0.673876 

0.530390 0.673828 
0.530273 0.674043 

0.559377 0.644531 
0.556641 0.646326 

0.694256 0.669922 
0.692911 0.667969 

0.694337 0.669922 
0.694336 0.669921 

0.694266 0.669922 
0.694336 0.670035 

0.695616 0.671875 
0.694350 0.669922 

0.548942 0.652344 
0.550781 0.650722 

0.519346 0.761719 
0.520046 0.763672 

0.520047 0.763672 
0.520807 0.765625 

0.552675 0.808594 
0.550781 0.807002 

0.696165 0.785156 
0.694860 0.787109 

0.693482 0.789062 
0.694336 0.787739 

0.694838 0.787109 
0.694336 0.787907 

0.693413 0.789062 
0.691990 0.791016 

0.691959 0.791016 
0.691406 0.791798 

0.658475 0.818359 
0.659180 0.818037 

0.659180 0.817972 
0.662109 0.816597 

0.658470 0.818359 
0.656250 0.819323 

0.527923 0.677734 
0.529089 0.675781 

0.527891 0.677734 
0.527344 0.678846 

0.676313 0.650391 
0.673982 0.648438 

0.676300 0.650391 
0.676758 0.650791 

0.678529 0.652344 
0.676758 0.650708 

0.685286 0.798828 
0.685547 0.798535 

0.685269 0.798828 
0.683482 0.800781 

0.521151 0.691406 
0.521484 0.690411 

0.548103 0.804688 
0.550252 0.806641 

0.550279 0.806641 
0.550781 0.807061 

0.678547 0.652344 
0.679688 0.653451 

0.558162 0.812500 
0.556641 0.811478 

0.711731 0.748047 
0.711914 0.746850 

0.712083 0.746094 
0.711914 0.747254 

0.711715 0.748047 
0.711302 0.750000 

0.520859 0.765625 
0.521484 0.767376 

0.513693 0.728516 
0.513721 0.726562 

0.513693 0.728516 
0.513707 0.730469 

0.559396 0.644531 
0.559570 0.644422 

0.562500 0.642678 
0.559570 0.644382 

0.652208 0.636719 
0.650391 0.636052 

0.687077 0.796875 
0.685547 0.798667 

0.540174 0.796875 
0.539062 0.795503 

0.699417 0.677734 
0.698232 0.675781 

0.699470 0.677734 
0.700195 0.679162 

0.700557 0.679688 
0.700195 0.678932 

0.558169 0.812500 
0.559570 0.813394 

0.561302 0.814453 
0.559570 0.813417 

0.561322 0.814453 
0.562500 0.815134 

0.709035 0.699219 
0.708984 0.699004 

0.692818 0.667969 
0.691421 0.666016 

0.709580 0.701172 
0.709048 0.699219 

0.710164 0.703125 
0.709609 0.701172 

0.536907 0.792969 
0.538455 0.794922 

0.538485 0.794922 
0.539062 0.795634 

0.533894 0.789062 
0.535313 0.791016 

0.535361 0.791016 
0.536133 0.792110 

0.536863 0.792969 
0.536133 0.791942 

0.562585 0.642578 
0.565430 0.641097 

0.566265 0.640625 
0.565430 0.641041 

0.562601 0.642578 
0.562500 0.642635 

0.583750 0.824219 
0.585938 0.824804 

0.573135 0.820312 
0.574219 0.820743 

0.516037 0.750000 
0.516482 0.751953 

0.516482 0.751953 
0.516966 0.753906 

0.652160 0.636719 
0.653320 0.637153 

0.653320 0.637219 
0.656250 0.638416 

0.526831 0.679688 
0.527344 0.678632 

0.698171 0.675781 
0.697266 0.674186 

0.621094 0.629217 
0.624023 0.629509 

0.624023 0.629513 
0.626953 0.629883 

0.546745 0.654297 
0.547852 0.653258 

0.548945 0.652344 
0.547852 0.653354 

0.546718 0.654297 
0.544922 0.656110 

0.564834 0.816406 
0.562500 0.815185 

0.703030 0.773438 
0.702091 0.775391 

0.702038 0.775391 
0.700985 0.777344 

0.679351 0.804688 
0.679688 0.804367 

0.577148 0.821899 
0.574219 0.820803 

0.578097 0.822266 
0.577148 0.821953 

0.578012 0.822266 
0.580078 0.822940 

0.711577 0.708984 
0.711152 0.707031 

0.711598 0.708984 
0.711914 0.710837 

0.711960 0.710938 
0.711914 0.710593 

0.523785 0.685547 
0.524414 0.684064 

0.524704 0.683594 
0.524414 0.684318 

0.522807 0.687500 
0.523735 0.685547 

0.713181 0.738281 
0.712970 0.740234 

0.712971 0.740234 
0.712719 0.742188 

0.666057 0.814453 
0.667969 0.813386 

0.662347 0.816406 
0.665039 0.815056 

0.666037 0.814453 
0.665039 0.815001 

0.696957 0.673828 
0.695702 0.671875 

0.696978 0.673828 
0.697266 0.674354 

0.515422 0.710938 
0.515625 0.709630 

0.710340 0.753906 
0.709819 0.755859 

0.709808 0.755859 
0.709275 0.757812 

0.514475 0.716797 
0.514744 0.714844 

0.514243 0.718750 
0.514475 0.716797 

0.533850 0.789062 
0.533203 0.788044 

0.713485 0.734375 
0.713351 0.736328 

0.713352 0.736328 
0.713180 0.738281 

0.521634 0.767578 
0.521484 0.767109 

0.521633 0.767578 
0.522417 0.769531 

0.708012 0.761719 
0.707298 0.763672 

0.707290 0.763672 
0.706552 0.765625 

0.580153 0.634766 
0.583008 0.633894 

0.585938 0.632983 
0.583008 0.633834 

0.580198 0.634766 
0.580078 0.634802 

0.522437 0.769531 
0.523347 0.771484 

0.523401 0.771484 
0.524287 0.773438 

0.708694 0.759766 
0.708984 0.758602 

0.708672 0.759766 
0.708026 0.761719 

0.647112 0.634766 
0.644531 0.633969 

0.647038 0.634766 
0.647461 0.634896 

0.647461 0.634949 
0.650391 0.635985 

0.556425 0.646484 
0.556641 0.646335 

0.553745 0.648438 
0.556393 0.646484 

0.594727 0.826968 
0.591797 0.826377 

0.597656 0.827517 
0.594727 0.826985 

0.545949 0.802734 
0.544922 0.801683 

0.545970 0.802734 
0.547852 0.804573 

0.548103 0.804688 
0.547852 0.804457 

0.690457 0.792969 
0.691406 0.791641 

0.710681 0.705078 
0.710166 0.703125 

0.711153 0.707031 
0.710682 0.705078 

0.528657 0.781250 
0.529837 0.783203 

0.529866 0.783203 
0.530273 0.783933 

0.531081 0.785156 
0.530273 0.783768 

0.705405 0.689453 
0.704530 0.687500 

0.705451 0.689453 
0.706055 0.691103 

0.706233 0.691406 
0.706055 0.690850 

0.662357 0.816406 
0.662109 0.816533 

0.540249 0.796875 
0.541958 0.798828 

0.542077 0.798828 
0.541992 0.798736 

0.541987 0.798828 
0.541992 0.798833 

0.542092 0.798828 
0.543897 0.800781 

0.517760 0.701172 
0.518319 0.699219 

0.517191 0.703125 
0.517738 0.701172 

0.706946 0.693359 
0.706244 0.691406 

0.707687 0.695312 
0.706969 0.693359 

0.568636 0.818359 
0.568359 0.818232 

0.568640 0.818359 
0.571289 0.819497 

0.573156 0.820312 
0.571289 0.819574 

0.525736 0.681641 
0.526796 0.679688 

0.524702 0.683594 
0.525681 0.681641 

0.650391 0.821776 
0.653320 0.820657 

0.654007 0.820312 
0.653320 0.820594 

0.703044 0.773438 
0.703125 0.773226 

0.680657 0.654297 
0.679688 0.653351 

0.682574 0.656250 
0.680678 0.654297 

0.682674 0.656250 
0.682617 0.656193 

0.664688 0.642578 
0.662109 0.641283 

0.664674 0.642578 
0.665039 0.642774 

0.665039 0.642813 
0.667969 0.644416 

0.552701 0.808594 
0.553711 0.809372 

0.555307 0.810547 
0.553711 0.809349 

0.555313 0.810547 
0.556641 0.811481 

0.703601 0.685547 
0.703125 0.684379 

0.704510 0.687500 
0.703622 0.685547 

0.712863 0.716797 
0.712596 0.714844 

0.713096 0.718750 
0.712864 0.716797 

0.672346 0.810547 
0.673828 0.809432 

0.669405 0.812500 
0.670898 0.811542 

0.672350 0.810547 
0.670898 0.811545 

0.537567 0.664062 
0.539062 0.662168 

0.679349 0.804688 
0.677283 0.806641 

0.674945 0.808594 
0.676758 0.807010 

0.677259 0.806641 
0.676758 0.807077 

0.621094 0.828577 
0.624023 0.828305 

0.625661 0.828125 
0.624023 0.828280 

0.674937 0.808594 
0.673828 0.809465 

0.583008 0.823941 
0.580078 0.823002 

0.583903 0.824219 
0.583008 0.823981 

0.527499 0.779297 
0.527344 0.778965 

0.527492 0.779297 
0.528585 0.781250 

0.696247 0.785156 
0.697266 0.783452 

0.708376 0.697266 
0.707687 0.695312 

0.708417 0.697266 
0.708984 0.699191 

0.564826 0.816406 
0.565430 0.816723 

0.568359 0.818165 
0.565430 0.816780 

0.513707 0.730469 
0.513763 0.732422 

0.513763 0.732422 
0.513859 0.734375 

0.543929 0.800781 
0.544922 0.801805 

0.570456 0.638672 
0.571289 0.638308 

0.574219 0.637066 
0.571289 0.638245 

0.570454 0.638672 
0.568359 0.639575 

0.516962 0.753906 
0.517495 0.755859 

0.517499 0.755859 
0.518080 0.757812 

0.531150 0.785156 
0.532458 0.787109 

0.532496 0.787109 
0.533203 0.788229 

0.711292 0.750000 
0.710830 0.751953 

0.710830 0.751953 
0.710340 0.753906 

0.524311 0.773438 
0.524414 0.773694 

0.525253 0.775391 
0.524414 0.773556 

0.525297 0.775391 
0.526355 0.777344 

0.682597 0.656250 
0.682617 0.656271 

0.684532 0.658203 
0.682716 0.656250 

0.684577 0.658203 
0.685547 0.659313 

0.656672 0.638672 
0.656250 0.638484 

0.656675 0.638672 
0.659180 0.639761 

0.660849 0.640625 
0.659180 0.639836 

0.705770 0.767578 
0.706055 0.766716 

0.706520 0.765625 
0.706055 0.766995 

0.705745 0.767578 
0.704913 0.769531 

0.526417 0.777344 
0.527344 0.779166 

0.515646 0.748047 
0.515625 0.747890 

0.515649 0.748047 
0.516017 0.750000 

0.533007 0.669922 
0.533203 0.669619 

0.531696 0.671875 
0.532986 0.669922 

0.514626 0.742188 
0.514918 0.744141 

0.514917 0.744141 
0.515252 0.746094 

0.574958 0.636719 
0.577148 0.635933 

0.580078 0.634856 
0.577148 0.635861 

0.698662 0.781250 
0.697501 0.783203 

0.697501 0.783203 
0.697266 0.783624 

0.606445 0.828563 
0.603516 0.828308 

0.609375 0.828759 
0.606445 0.828569 

0.626953 0.827939 
0.629883 0.827498 

0.629883 0.827492 
0.632812 0.826954 

0.515060 0.712891 
0.515402 0.710938 

0.514742 0.714844 
0.515053 0.712891 

0.673940 0.648438 
0.673828 0.648353 

0.704883 0.769531 
0.703983 0.771484 

0.703951 0.771484 
0.703125 0.773414 

0.699895 0.779297 
0.700195 0.778663 

0.700945 0.777344 
0.700195 0.778865 

0.699869 0.779297 
0.698736 0.781250 

0.586356 0.632812 
0.588867 0.632205 

0.591797 0.631453 
0.588867 0.632162 

0.551270 0.650391 
0.553675 0.648438 

0.553750 0.648438 
0.553711 0.648467 

0.551276 0.650391 
0.550781 0.650803 

0.601720 0.828125 
0.603516 0.828289 

0.566290 0.640625 
0.568359 0.639646 

0.615234 0.828878 
0.618164 0.828784 

0.618164 0.828783 
0.621094 0.828588 

0.688096 0.662109 
0.686447 0.660156 

0.688115 0.662109 
0.688477 0.662567 

0.689745 0.664062 
0.688477 0.662429 

0.649124 0.822266 
0.650391 0.821838 

0.644531 0.823865 
0.647461 0.822904 

0.649208 0.822266 
0.647461 0.822848 

0.690392 0.792969 
0.688855 0.794922 

0.687154 0.796875 
0.688477 0.795233 

0.688836 0.794922 
0.688477 0.795365 

0.669391 0.812500 
0.667969 0.813360 

0.686409 0.660156 
0.685547 0.659168 

0.654001 0.820312 
0.656250 0.819405 

0.594622 0.630859 
0.594727 0.630842 

0.597656 0.630326 
0.594727 0.630806 

0.594727 0.630860 
0.591797 0.631429 

0.600586 0.629858 
0.597656 0.630297 

0.603516 0.629515 
0.600586 0.629862 

0.612305 0.828867 
0.609375 0.828762 

0.615234 0.828878 
0.612305 0.828869 

0.588867 0.825645 
0.585938 0.824853 

0.591157 0.826172 
0.588867 0.825679 

0.590965 0.826172 
0.591797 0.826336 

0.515279 0.746094 
0.515607 0.748047 

0.515621 0.748047 
0.515625 0.748074 

0.709260 0.757812 
0.708984 0.758957 

0.640993 0.632812 
0.638672 0.632250 

0.701592 0.681641 
0.700560 0.679688 

0.702658 0.683594 
0.701644 0.681641 

0.534403 0.667969 
0.533203 0.669752 

0.518941 0.697266 
0.519596 0.695312 

0.518341 0.699219 
0.518555 0.698343 

0.518916 0.697266 
0.518555 0.698644 

0.632812 0.630887 
0.635742 0.631470 

0.635742 0.631495 
0.638672 0.632210 

0.539237 0.662109 
0.540890 0.660156 

0.539228 0.662109 
0.539062 0.662313 

0.514165 0.738281 
0.514375 0.740234 

0.514375 0.740234 
0.514626 0.742188 

0.625306 0.828125 
0.626953 0.827958 

0.513789 0.724609 
0.513898 0.722656 

0.513721 0.726562 
0.513789 0.724609 

0.640811 0.632812 
0.641602 0.633000 

0.641602 0.633038 
0.644531 0.633910 

0.668103 0.644531 
0.667969 0.644452 

0.626953 0.629879 
0.629883 0.630327 

0.629883 0.630355 
0.632812 0.630833 

0.632792 0.630859 
0.632812 0.630862 

0.643402 0.824219 
0.644531 0.823912 

0.712276 0.712891 
0.711971 0.710938 

0.712597 0.714844 
0.712294 0.712891 

0.513859 0.734375 
0.513994 0.736328 

0.513994 0.736328 
0.514165 0.738281 

0.668110 0.644531 
0.670898 0.646257 

0.671216 0.646484 
0.670898 0.646272 

0.671247 0.646484 
0.673828 0.648366 

0.660876 0.640625 
0.662109 0.641224 

0.691315 0.666016 
0.689832 0.664062 

0.691321 0.666016 
0.691406 0.666136 

0.638672 0.825597 
0.641602 0.824794 

0.643560 0.824219 
0.641602 0.824749 

0.615234 0.628920 
0.618164 0.629014 

0.618164 0.629015 
0.621094 0.629213 

0.612305 0.628933 
0.609375 0.629042 

0.615234 0.628921 
0.612305 0.628931 

0.575004 0.636719 
0.574219 0.637007 

0.713641 0.730469 
0.713583 0.732422 

0.713582 0.732422 
0.713485 0.734375 

0.713657 0.728516 
0.713630 0.726562 

0.713657 0.728516 
0.713641 0.730469 

0.713560 0.724609 
0.713447 0.722656 

0.713630 0.726562 
0.713560 0.724609 

0.702690 0.683594 
0.703125 0.684648 

0.586520 0.632812 
0.585938 0.632948 

0.535928 0.666016 
0.536133 0.665738 

0.537484 0.664062 
0.536133 0.665872 

0.534490 0.667969 
0.535911 0.666016 

0.606445 0.629247 
0.603516 0.629520 

0.609375 0.629044 
0.606445 0.629243 

0.542811 0.658203 
0.544650 0.656250 

0.540939 0.660156 
0.541992 0.658950 

0.542786 0.658203 
0.541992 0.659097 

0.515794 0.708984 
0.516206 0.707031 

0.515785 0.708984 
0.515625 0.710031 

0.636243 0.826172 
0.638672 0.825635 

0.632812 0.826938 
0.635742 0.826348 

0.636408 0.826172 
0.635742 0.826305 

0.600586 0.827953 
0.597656 0.827519 

0.602083 0.828125 
0.600586 0.827978 

0.713292 0.720703 
0.713097 0.718750 

0.713447 0.722656 
0.713292 0.720703 

0.514050 0.720703 
0.514243 0.718750 

0.513898 0.722656 
0.514049 0.720703 

0.516692 0.705078 
0.517198 0.703125 

0.516216 0.707031 
0.516689 0.705078 

