0.702208 0.792969 
0.700992 0.794922 

0.699721 0.796875 
0.700195 0.796039 

0.700945 0.794922 
0.700195 0.796229 

0.545557 0.810547 
0.544922 0.809823 

0.545578 0.810547 
0.547391 0.812500 

0.702272 0.792969 
0.703125 0.791373 

0.518772 0.757812 
0.519138 0.759766 

0.519142 0.759766 
0.519554 0.761719 

0.668135 0.654297 
0.667969 0.654207 

0.668123 0.654297 
0.670898 0.655780 

0.671633 0.656250 
0.670898 0.655820 

0.664422 0.652344 
0.665039 0.652644 

0.665039 0.652703 
0.667969 0.654152 

0.543745 0.808594 
0.544922 0.809970 

0.644531 0.644602 
0.647461 0.645437 

0.647461 0.645493 
0.650391 0.646404 

0.536564 0.681641 
0.537939 0.679688 

0.535221 0.683594 
0.536133 0.682130 

0.536544 0.681641 
0.536133 0.682312 

0.538009 0.679688 
0.539062 0.678173 

0.533884 0.685547 
0.535160 0.683594 

0.533840 0.685547 
0.533203 0.686696 

0.519555 0.761719 
0.520002 0.763672 

0.519998 0.763672 
0.520486 0.765625 

0.594654 0.837891 
0.591797 0.837238 

0.594570 0.837891 
0.594727 0.837922 

0.597656 0.838555 
0.594727 0.837968 

0.532659 0.687500 
0.533203 0.686500 

0.656250 0.648696 
0.659180 0.649879 

0.660212 0.650391 
0.659180 0.649943 

0.660213 0.650391 
0.662109 0.651205 

0.664425 0.652344 
0.662109 0.651280 

0.542731 0.673828 
0.544392 0.671875 

0.541063 0.675781 
0.541992 0.674574 

0.542695 0.673828 
0.541992 0.674733 

0.525992 0.781250 
0.526879 0.783203 

0.526914 0.783203 
0.527344 0.784285 

0.571289 0.829608 
0.568359 0.828202 

0.572185 0.830078 
0.571289 0.829669 

0.572195 0.830078 
0.574219 0.830961 

0.693336 0.675781 
0.694336 0.677147 

0.694874 0.677734 
0.694336 0.676992 

0.696351 0.679688 
0.694905 0.677734 

0.520487 0.765625 
0.521023 0.767578 

0.521063 0.767578 
0.521484 0.769260 

0.628846 0.839844 
0.629883 0.839748 

0.629883 0.839732 
0.632812 0.839316 

0.546314 0.669922 
0.547852 0.668266 

0.548265 0.667969 
0.547852 0.668394 

0.546250 0.669922 
0.544922 0.671432 

0.710027 0.777344 
0.709273 0.779297 

0.709261 0.779297 
0.708984 0.780103 

0.693905 0.804688 
0.692366 0.806641 

0.692309 0.806641 
0.691406 0.807779 

0.573973 0.650391 
0.574219 0.650281 

0.569831 0.652344 
0.571289 0.651637 

0.573985 0.650391 
0.571289 0.651569 

0.646974 0.835938 
0.647461 0.835808 

0.647461 0.835764 
0.650391 0.834830 

0.517223 0.742188 
0.517279 0.744141 

0.517279 0.744141 
0.517375 0.746094 

0.711533 0.773438 
0.710826 0.775391 

0.710811 0.775391 
0.710046 0.777344 

0.540430 0.804688 
0.541946 0.806641 

0.542055 0.806641 
0.541992 0.806561 

0.541970 0.806641 
0.541992 0.806668 

0.542068 0.806641 
0.543682 0.808594 

0.674761 0.658203 
0.673828 0.657589 

0.674775 0.658203 
0.676758 0.659625 

0.677487 0.660156 
0.676758 0.659607 

0.529906 0.789062 
0.530273 0.789849 

0.530940 0.791016 
0.530273 0.789656 

0.530986 0.791016 
0.532140 0.792969 

0.587318 0.835938 
0.588867 0.836353 

0.591797 0.837202 
0.588867 0.836400 

0.709685 0.703125 
0.708984 0.701204 

0.671641 0.656250 
0.673828 0.657579 

0.533396 0.794922 
0.533203 0.794558 

0.533397 0.794922 
0.534607 0.796875 

0.539505 0.677734 
0.541010 0.675781 

0.539485 0.677734 
0.539062 0.678344 

0.716695 0.750000 
0.716484 0.751953 

0.716485 0.751953 
0.716233 0.753906 

0.517681 0.750000 
0.517892 0.751953 

0.517890 0.751953 
0.518145 0.753906 

0.568327 0.828125 
0.568359 0.828142 

0.716378 0.728516 
0.716110 0.726562 

0.716610 0.730469 
0.716378 0.728516 

0.684946 0.814453 
0.685547 0.813841 

0.684939 0.814453 
0.682984 0.816406 

0.551585 0.816406 
0.550781 0.815647 

0.714792 0.761719 
0.714370 0.763672 

0.714345 0.763672 
0.713851 0.765625 

0.650412 0.646484 
0.650391 0.646477 

0.650425 0.646484 
0.653320 0.647474 

0.655758 0.648438 
0.653320 0.647551 

0.517209 0.740234 
0.517237 0.738281 

0.517209 0.740234 
0.517223 0.742188 

0.717075 0.736328 
0.716962 0.734375 

0.717145 0.738281 
0.717075 0.736328 

0.708454 0.781250 
0.708984 0.779825 

0.716806 0.732422 
0.716611 0.730469 

0.716962 0.734375 
0.716807 0.732422 

0.699694 0.796875 
0.698387 0.798828 

0.698306 0.798828 
0.697266 0.800427 

0.711869 0.708984 
0.711244 0.707031 

0.711882 0.708984 
0.711914 0.709120 

0.712489 0.710938 
0.711929 0.708984 

0.629195 0.839844 
0.626953 0.840056 

0.716232 0.753906 
0.715938 0.755859 

0.715937 0.755859 
0.715602 0.757812 

0.532205 0.792969 
0.533203 0.794745 

0.691686 0.673828 
0.691406 0.673493 

0.693270 0.675781 
0.691706 0.673828 

0.708898 0.701172 
0.708087 0.699219 

0.708912 0.701172 
0.708984 0.701401 

0.647094 0.835938 
0.644531 0.836633 

0.576686 0.832031 
0.577148 0.832220 

0.580078 0.833390 
0.577148 0.832283 

0.518589 0.724609 
0.518905 0.722656 

0.518286 0.726562 
0.518552 0.724609 

0.518587 0.724609 
0.518555 0.724900 

0.523912 0.705078 
0.524414 0.703576 

0.524647 0.703125 
0.524414 0.703875 

0.523132 0.707031 
0.523865 0.705078 

0.551591 0.816406 
0.553711 0.818345 

0.553843 0.818359 
0.553711 0.818247 

0.553846 0.818359 
0.556160 0.820312 

0.521612 0.769531 
0.521484 0.768958 

0.517305 0.736328 
0.517414 0.734375 

0.517237 0.738281 
0.517305 0.736328 

0.618164 0.640635 
0.615234 0.640665 

0.618164 0.640634 
0.621094 0.640706 

0.547420 0.812500 
0.547852 0.812936 

0.549417 0.814453 
0.547852 0.812833 

0.549456 0.814453 
0.550781 0.815744 

0.612305 0.640798 
0.609375 0.641013 

0.615234 0.640667 
0.612305 0.640795 

0.562858 0.656250 
0.562500 0.656477 

0.521620 0.769531 
0.522193 0.771484 

0.522213 0.771484 
0.522868 0.773438 

0.675876 0.822266 
0.676758 0.821618 

0.678474 0.820312 
0.676758 0.821653 

0.675902 0.822266 
0.673828 0.823671 

0.564813 0.826172 
0.562500 0.824784 

0.564817 0.826172 
0.565430 0.826531 

0.568340 0.828125 
0.565430 0.826582 

0.559911 0.658203 
0.562500 0.656486 

0.557230 0.660156 
0.559570 0.658429 

0.559928 0.658203 
0.559570 0.658453 

0.621094 0.840528 
0.624023 0.840352 

0.624023 0.840345 
0.626953 0.840083 

0.710480 0.705078 
0.709723 0.703125 

0.711205 0.707031 
0.710477 0.705078 

0.655729 0.648438 
0.656250 0.648634 

0.527801 0.785156 
0.527344 0.784019 

0.662018 0.830078 
0.662109 0.830036 

0.657538 0.832031 
0.659180 0.831378 

0.662035 0.830078 
0.659180 0.831302 

0.712759 0.769531 
0.712190 0.771484 

0.711564 0.773438 
0.711914 0.772169 

0.712177 0.771484 
0.711914 0.772502 

0.704010 0.691406 
0.703125 0.689680 

0.682044 0.664062 
0.682617 0.664606 

0.684145 0.666016 
0.682617 0.664503 

0.684189 0.666016 
0.685547 0.667422 

0.576696 0.832031 
0.574219 0.831037 

0.705138 0.693359 
0.704057 0.691406 

0.705196 0.693359 
0.706055 0.695171 

0.706198 0.695312 
0.706055 0.694970 

0.554747 0.662109 
0.556641 0.660571 

0.552426 0.664062 
0.553711 0.662938 

0.554764 0.662109 
0.553711 0.663007 

0.680801 0.818359 
0.682617 0.816629 

0.682959 0.816406 
0.682617 0.816724 

0.680792 0.818359 
0.679688 0.819326 

0.632812 0.641970 
0.635742 0.642451 

0.636309 0.642578 
0.635742 0.642486 

0.636118 0.642578 
0.638672 0.643054 

0.519304 0.720703 
0.519733 0.718750 

0.518920 0.722656 
0.519305 0.720703 

0.714197 0.716797 
0.713677 0.714844 

0.714666 0.718750 
0.714211 0.716797 

0.522445 0.708984 
0.523123 0.707031 

0.521840 0.710938 
0.522445 0.708984 

0.581664 0.833984 
0.580078 0.833453 

0.581578 0.833984 
0.583008 0.834457 

0.585938 0.835469 
0.583008 0.834511 

0.686931 0.812500 
0.685547 0.813962 

0.632812 0.839306 
0.635742 0.838784 

0.635742 0.838775 
0.638672 0.838186 

0.638672 0.643083 
0.641602 0.643781 

0.644518 0.644531 
0.641602 0.643818 

0.525438 0.701172 
0.526321 0.699219 

0.524650 0.703125 
0.525422 0.701172 

0.529297 0.693359 
0.530272 0.691406 

0.530356 0.691406 
0.530273 0.691591 

0.528209 0.695312 
0.529236 0.693359 

0.528169 0.695312 
0.527344 0.697175 

0.527255 0.697266 
0.527344 0.697035 

0.526375 0.699219 
0.527231 0.697266 

0.678459 0.820312 
0.679688 0.819264 

0.707089 0.697266 
0.706204 0.695312 

0.708039 0.699219 
0.707116 0.697266 

0.696418 0.679688 
0.697266 0.680978 

0.715073 0.720703 
0.714844 0.719346 

0.715456 0.722656 
0.715089 0.720703 

0.540345 0.804688 
0.539062 0.802919 

0.518157 0.753906 
0.518434 0.755859 

0.518447 0.755859 
0.518555 0.756736 

0.518757 0.757812 
0.518555 0.756359 

0.527815 0.785156 
0.528799 0.787109 

0.528854 0.787109 
0.529878 0.789062 

0.717156 0.742188 
0.717098 0.744141 

0.717098 0.744141 
0.717001 0.746094 

0.715602 0.757812 
0.715228 0.759766 

0.715203 0.759766 
0.714844 0.761718 

0.639733 0.837891 
0.641602 0.837501 

0.641602 0.837465 
0.644531 0.836680 

0.639969 0.837891 
0.638672 0.838147 

0.690634 0.808594 
0.691406 0.807629 

0.522862 0.773438 
0.523574 0.775391 

0.523616 0.775391 
0.524310 0.777344 

0.688038 0.669922 
0.686215 0.667969 

0.688059 0.669922 
0.688477 0.670383 

0.689889 0.671875 
0.688477 0.670253 

0.524335 0.777344 
0.524414 0.777604 

0.525082 0.779297 
0.524414 0.777439 

0.525112 0.779297 
0.525965 0.781250 

0.696943 0.800781 
0.697266 0.800274 

0.517376 0.746094 
0.517510 0.748047 

0.517510 0.748047 
0.517682 0.750000 

0.537426 0.800781 
0.538817 0.802734 

0.538834 0.802734 
0.539062 0.803054 

0.606445 0.641297 
0.603516 0.641662 

0.609375 0.641018 
0.606445 0.641305 

0.550235 0.666016 
0.550781 0.665507 

0.548269 0.667969 
0.550211 0.666016 

0.677517 0.660156 
0.679688 0.661979 

0.717000 0.746094 
0.716866 0.748047 

0.716866 0.748047 
0.716695 0.750000 

0.713853 0.765625 
0.713330 0.767578 

0.713331 0.767578 
0.712773 0.769531 

0.652686 0.833984 
0.653320 0.833772 

0.653320 0.833716 
0.656250 0.832614 

0.652753 0.833984 
0.650391 0.834765 

0.665896 0.828125 
0.667969 0.827093 

0.569804 0.652344 
0.568359 0.653059 

0.597963 0.642578 
0.600586 0.642154 

0.603516 0.641662 
0.600586 0.642119 

0.598214 0.642578 
0.597656 0.642662 

0.557246 0.660156 
0.556641 0.660623 

0.605299 0.839844 
0.606445 0.839950 

0.609375 0.840229 
0.606445 0.839968 

0.566134 0.654297 
0.568359 0.653111 

0.562849 0.656250 
0.565430 0.654720 

0.566113 0.654297 
0.565430 0.654684 

0.702913 0.689453 
0.701774 0.687500 

0.702931 0.689453 
0.703125 0.689856 

0.662109 0.829969 
0.665039 0.828616 

0.665879 0.828125 
0.665039 0.828547 

0.594727 0.643315 
0.591797 0.644035 

0.597656 0.642688 
0.594727 0.643295 

0.521818 0.710938 
0.521484 0.712312 

0.517567 0.732422 
0.517760 0.730469 

0.517414 0.734375 
0.517566 0.732422 

0.705597 0.787109 
0.706055 0.786043 

0.706540 0.785156 
0.706055 0.786306 

0.705562 0.787109 
0.704516 0.789062 

0.714800 0.761719 
0.714844 0.761433 

0.644409 0.644531 
0.644531 0.644559 

0.708412 0.781250 
0.707507 0.783203 

0.707480 0.783203 
0.706558 0.785156 

0.717172 0.740234 
0.717145 0.738281 

0.717172 0.740234 
0.717156 0.742188 

0.697798 0.681641 
0.697266 0.680813 

0.699153 0.683594 
0.697824 0.681641 

0.690596 0.808594 
0.688899 0.810547 

0.686995 0.812500 
0.688477 0.810862 

0.688875 0.810547 
0.688477 0.810979 

0.558777 0.822266 
0.556641 0.820627 

0.558810 0.822266 
0.559570 0.822805 

0.561650 0.824219 
0.559570 0.822805 

0.657560 0.832031 
0.656250 0.832551 

0.578520 0.648438 
0.580078 0.647871 

0.531463 0.689453 
0.532624 0.687500 

0.530347 0.691406 
0.531396 0.689453 

0.544421 0.671875 
0.544922 0.671313 

0.583709 0.646484 
0.585938 0.645808 

0.583008 0.646778 
0.580078 0.647809 

0.583813 0.646484 
0.583008 0.646729 

0.577148 0.649029 
0.574219 0.650218 

0.578573 0.648438 
0.577148 0.648962 

0.713119 0.712891 
0.712524 0.710938 

0.713678 0.714844 
0.713120 0.712891 

0.704461 0.789062 
0.703406 0.791016 

0.703407 0.791016 
0.703125 0.791584 

0.618164 0.840601 
0.615234 0.840573 

0.618164 0.840603 
0.621094 0.840529 

0.696928 0.800781 
0.695518 0.802734 

0.693926 0.804688 
0.694336 0.804116 

0.695431 0.802734 
0.694336 0.804260 

0.686189 0.667969 
0.685547 0.667314 

0.605617 0.839844 
0.603516 0.839616 

0.600586 0.839134 
0.597656 0.838584 

0.603516 0.839590 
0.600586 0.839131 

0.612305 0.840443 
0.609375 0.840238 

0.615234 0.840570 
0.612305 0.840447 

0.517992 0.728516 
0.518264 0.726562 

0.517760 0.730469 
0.517992 0.728516 

0.699232 0.683594 
0.700195 0.685189 

0.700501 0.685547 
0.700195 0.685012 

0.701695 0.687500 
0.700504 0.685547 

0.587479 0.835938 
0.585938 0.835516 

0.521283 0.712891 
0.521484 0.711998 

0.520738 0.714844 
0.521262 0.712891 

0.561668 0.824219 
0.562500 0.824756 

0.534689 0.796875 
0.535952 0.798828 

0.535973 0.798828 
0.536133 0.799082 

0.537340 0.800781 
0.536133 0.798953 

0.621094 0.640707 
0.624023 0.640884 

0.624023 0.640888 
0.626953 0.641163 

0.520203 0.716797 
0.520718 0.714844 

0.519735 0.718750 
0.520206 0.716797 

0.626953 0.641168 
0.629883 0.641524 

0.629883 0.641520 
0.632812 0.641953 

0.714679 0.718750 
0.714844 0.719734 

0.556192 0.820312 
0.556641 0.820661 

0.552401 0.664062 
0.550781 0.665595 

0.715806 0.724609 
0.715463 0.722656 

0.716112 0.726562 
0.715807 0.724609 

0.679899 0.662109 
0.679688 0.661931 

0.682047 0.664062 
0.679937 0.662109 

0.669613 0.826172 
0.670898 0.825457 

0.672949 0.824219 
0.670898 0.825433 

0.669581 0.826172 
0.667969 0.827038 

0.689965 0.671875 
0.691406 0.673616 

0.588867 0.644870 
0.585938 0.645750 

0.590120 0.644531 
0.588867 0.644834 

0.589918 0.644531 
0.591797 0.644079 

0.672948 0.824219 
0.673828 0.823663 

