0.635429 0.595703 
0.632812 0.594893 

0.635359 0.595703 
0.635742 0.595822 

0.635742 0.595875 
0.638672 0.596911 

0.697331 0.660156 
0.697266 0.659880 

0.669715 0.763672 
0.670898 0.762444 

0.671715 0.761719 
0.670898 0.762562 

0.669673 0.763672 
0.667969 0.765368 

0.675353 0.757812 
0.673828 0.759592 

0.696675 0.658203 
0.695986 0.656250 

0.696717 0.658203 
0.697266 0.660082 

0.640512 0.597656 
0.638672 0.596979 

0.536420 0.765625 
0.538579 0.767578 

0.538607 0.767578 
0.539062 0.767957 

0.695244 0.654297 
0.694539 0.652344 

0.695985 0.656250 
0.695266 0.654297 

0.532230 0.761719 
0.533203 0.762718 

0.673556 0.759766 
0.673828 0.759461 

0.673539 0.759766 
0.671742 0.761719 

0.503695 0.671875 
0.503906 0.670523 

0.660523 0.771484 
0.662109 0.770289 

0.657592 0.773438 
0.659180 0.772410 

0.660524 0.771484 
0.659180 0.772413 

0.688191 0.740234 
0.688477 0.739630 

0.689241 0.738281 
0.688477 0.739829 

0.688166 0.740234 
0.687034 0.742188 

0.693702 0.650391 
0.692828 0.648438 

0.693748 0.650391 
0.694336 0.652005 

0.694529 0.652344 
0.694336 0.651746 

0.640466 0.597656 
0.641602 0.598083 

0.641602 0.598148 
0.644531 0.599350 

0.698636 0.714844 
0.698115 0.716797 

0.698105 0.716797 
0.697569 0.718750 

0.691326 0.734375 
0.690389 0.736328 

0.690336 0.736328 
0.689282 0.738281 

0.534256 0.763672 
0.533203 0.762598 

0.534278 0.763672 
0.536133 0.765476 

0.536421 0.765625 
0.536133 0.765362 

0.615234 0.788884 
0.618164 0.788446 

0.618164 0.788438 
0.621094 0.787902 

0.698971 0.666016 
0.698457 0.664062 

0.699442 0.667969 
0.698972 0.666016 

0.613642 0.789062 
0.615234 0.788902 

0.662079 0.609375 
0.662109 0.609398 

0.594727 0.789507 
0.591797 0.789253 

0.597656 0.789701 
0.594727 0.789513 

0.696306 0.722656 
0.695592 0.724609 

0.695585 0.724609 
0.694846 0.726562 

0.691896 0.646484 
0.691406 0.645287 

0.692808 0.648438 
0.691918 0.646484 

0.513999 0.642578 
0.515060 0.640625 

0.512969 0.644531 
0.513945 0.642578 

0.697552 0.718750 
0.697266 0.719932 

0.664509 0.611328 
0.662160 0.609375 

0.664498 0.611328 
0.665039 0.611796 

0.666755 0.613281 
0.665039 0.611718 

0.681705 0.750000 
0.680279 0.751953 

0.680247 0.751953 
0.679688 0.752743 

0.522125 0.750000 
0.521484 0.748994 

0.502901 0.703125 
0.503192 0.705078 

0.503190 0.705078 
0.503525 0.707031 

0.699584 0.710938 
0.699124 0.712891 

0.699125 0.712891 
0.698636 0.714844 

0.544774 0.607422 
0.544922 0.607320 

0.542089 0.609375 
0.544744 0.607422 

0.509902 0.728516 
0.509766 0.728086 

0.509901 0.728516 
0.510682 0.730469 

0.697876 0.662109 
0.697344 0.660156 

0.698455 0.664062 
0.697903 0.662109 

0.516922 0.742188 
0.518104 0.744141 

0.518133 0.744141 
0.518555 0.744894 

0.519350 0.746094 
0.518555 0.744726 

0.667581 0.765625 
0.665492 0.767578 

0.663132 0.769531 
0.665039 0.767880 

0.665466 0.767578 
0.665039 0.767945 

0.501973 0.689453 
0.502001 0.687500 

0.501973 0.689453 
0.501987 0.691406 

0.509126 0.726562 
0.509766 0.728347 

0.701151 0.677734 
0.700885 0.675781 

0.701383 0.679688 
0.701152 0.677734 

0.699867 0.669922 
0.699442 0.667969 

0.699888 0.669922 
0.700195 0.671733 

0.700248 0.671875 
0.700195 0.671481 

0.546521 0.773438 
0.547852 0.774289 

0.549650 0.775391 
0.547852 0.774311 

0.549666 0.775391 
0.550781 0.776038 

0.682548 0.630859 
0.681202 0.628906 

0.682629 0.630859 
0.682617 0.630841 

0.682558 0.630859 
0.682617 0.630954 

0.683912 0.632812 
0.682642 0.630859 

0.528540 0.757812 
0.530253 0.759766 

0.530374 0.759766 
0.530273 0.759656 

0.530389 0.759766 
0.532200 0.761719 

0.505229 0.714844 
0.505762 0.716797 

0.505765 0.716797 
0.506348 0.718750 

0.510196 0.650391 
0.511047 0.648438 

0.510181 0.650391 
0.509766 0.651598 

0.561418 0.781250 
0.562500 0.781683 

0.684462 0.746094 
0.683154 0.748047 

0.681773 0.750000 
0.682617 0.748694 

0.683131 0.748047 
0.682617 0.748862 

0.615234 0.590809 
0.618164 0.591254 

0.618164 0.591281 
0.621094 0.591759 

0.696987 0.720703 
0.697266 0.719580 

0.696965 0.720703 
0.696320 0.722656 

0.693179 0.730469 
0.692279 0.732422 

0.692247 0.732422 
0.691409 0.734375 

0.547745 0.605469 
0.547852 0.605402 

0.550781 0.603650 
0.547852 0.605362 

0.689890 0.642578 
0.688856 0.640625 

0.690954 0.644531 
0.689942 0.642578 

0.589928 0.789062 
0.591797 0.789234 

0.547725 0.605469 
0.544922 0.607311 

0.657580 0.773438 
0.656250 0.774250 

0.503551 0.707031 
0.503880 0.708984 

0.503894 0.708984 
0.503906 0.709071 

0.700566 0.673828 
0.700259 0.671875 

0.700886 0.675781 
0.700583 0.673828 

0.501987 0.691406 
0.502042 0.693359 

0.502042 0.693359 
0.502137 0.695312 

0.515765 0.740234 
0.515625 0.739934 

0.515758 0.740234 
0.516850 0.742188 

0.666771 0.613281 
0.667969 0.614432 

0.679602 0.626953 
0.678116 0.625000 

0.679608 0.626953 
0.679688 0.627065 

0.588867 0.788900 
0.585938 0.788468 

0.590292 0.789062 
0.588867 0.788924 

0.629322 0.593750 
0.626953 0.593175 

0.674682 0.621094 
0.673828 0.620119 

0.502138 0.695312 
0.502271 0.697266 

0.502271 0.697266 
0.502442 0.699219 

0.518658 0.634766 
0.519880 0.632812 

0.517430 0.636719 
0.518555 0.634793 

0.518659 0.634766 
0.518555 0.634957 

0.525850 0.625000 
0.527344 0.623113 

0.541043 0.769531 
0.541992 0.770261 

0.543654 0.771484 
0.541992 0.770239 

0.543664 0.771484 
0.544922 0.772369 

0.502068 0.685547 
0.502177 0.683594 

0.502001 0.687500 
0.502069 0.685547 

0.694064 0.728516 
0.694336 0.727689 

0.694813 0.726562 
0.694336 0.727964 

0.694040 0.728516 
0.693210 0.730469 

0.676374 0.623047 
0.674719 0.621094 

0.676393 0.623047 
0.676758 0.623507 

0.678029 0.625000 
0.676758 0.623368 

0.504307 0.710938 
0.504750 0.712891 

0.504749 0.712891 
0.505233 0.714844 

0.609375 0.590152 
0.612305 0.590442 

0.612305 0.590446 
0.615234 0.590813 

0.629145 0.593750 
0.629883 0.593925 

0.629883 0.593963 
0.632812 0.594834 

0.509418 0.652344 
0.509766 0.651310 

0.681109 0.628906 
0.679708 0.626953 

0.663119 0.769531 
0.662109 0.770322 

0.701769 0.695312 
0.701636 0.697266 

0.701636 0.697266 
0.701466 0.699219 

0.525189 0.753906 
0.526741 0.755859 

0.526771 0.755859 
0.527344 0.756563 

0.690985 0.644531 
0.691406 0.645554 

0.686960 0.742188 
0.685797 0.744141 

0.685797 0.744141 
0.685547 0.744587 

0.506027 0.662109 
0.506587 0.660156 

0.505461 0.664062 
0.506006 0.662109 

0.502749 0.677734 
0.503018 0.675781 

0.502519 0.679688 
0.502749 0.677734 

0.603516 0.789819 
0.606445 0.789725 

0.606445 0.789723 
0.609375 0.789529 

0.701466 0.699219 
0.701257 0.701172 

0.701258 0.701172 
0.701007 0.703125 

0.546512 0.773438 
0.544922 0.772367 

0.649141 0.601562 
0.650391 0.602173 

0.700021 0.708984 
0.700195 0.707834 

0.700372 0.707031 
0.700195 0.708241 

0.700006 0.708984 
0.699596 0.710938 

0.553157 0.777344 
0.553711 0.777636 

0.556641 0.779088 
0.553711 0.777693 

0.668902 0.615234 
0.667969 0.614334 

0.670833 0.617188 
0.668923 0.615234 

0.670930 0.617188 
0.670898 0.617157 

0.600586 0.789808 
0.597656 0.789705 

0.603516 0.789818 
0.600586 0.789810 

0.583008 0.787918 
0.580078 0.787327 

0.585938 0.788465 
0.583008 0.787934 

0.652920 0.603516 
0.650391 0.602231 

0.652909 0.603516 
0.653320 0.603739 

0.653320 0.603777 
0.656250 0.605402 

0.503920 0.708984 
0.503906 0.708883 

0.503922 0.708984 
0.504287 0.710938 

0.565430 0.782844 
0.562500 0.781743 

0.566350 0.783203 
0.565430 0.782898 

0.566268 0.783203 
0.568359 0.783888 

0.558756 0.599609 
0.559570 0.599251 

0.562500 0.598002 
0.559570 0.599187 

0.558752 0.599609 
0.556641 0.600527 

0.503331 0.673828 
0.503673 0.671875 

0.503016 0.675781 
0.503325 0.673828 

0.603516 0.589856 
0.606445 0.589950 

0.606445 0.589950 
0.609375 0.590147 

0.670855 0.617188 
0.670898 0.617231 

0.672798 0.619141 
0.670974 0.617188 

0.672843 0.619141 
0.673828 0.620263 

0.512051 0.646484 
0.512695 0.644970 

0.512972 0.644531 
0.512695 0.645223 

0.511072 0.648438 
0.512000 0.646484 

0.600586 0.589867 
0.597656 0.589974 

0.603516 0.589857 
0.600586 0.589865 

0.521279 0.630859 
0.521484 0.630542 

0.519964 0.632812 
0.521258 0.630859 

0.550932 0.603516 
0.553711 0.602059 

0.554591 0.601562 
0.553711 0.602003 

0.550943 0.603516 
0.550781 0.603608 

0.537263 0.613281 
0.539062 0.611704 

0.541014 0.769531 
0.539062 0.767898 

0.507616 0.722656 
0.508315 0.724609 

0.508315 0.724609 
0.509074 0.726562 

0.510703 0.730469 
0.511611 0.732422 

0.511664 0.732422 
0.512553 0.734375 

0.684544 0.746094 
0.685547 0.744413 

0.621094 0.591814 
0.624023 0.592394 

0.624023 0.592420 
0.626953 0.593135 

0.531110 0.619141 
0.532955 0.617188 

0.529231 0.621094 
0.530273 0.619904 

0.531084 0.619141 
0.530273 0.620052 

0.574590 0.593750 
0.577148 0.593130 

0.580078 0.592377 
0.577148 0.593086 

0.588867 0.590786 
0.585938 0.591223 

0.591797 0.590445 
0.588867 0.590791 

0.553167 0.777344 
0.550781 0.776088 

0.532989 0.617188 
0.533203 0.616978 

0.691339 0.734375 
0.691406 0.734198 

0.519417 0.746094 
0.520728 0.748047 

0.520768 0.748047 
0.521484 0.749178 

0.516188 0.638672 
0.517354 0.636719 

0.516159 0.638672 
0.515625 0.639757 

0.609375 0.789519 
0.612305 0.789248 

0.613999 0.789062 
0.612305 0.789223 

0.539603 0.611328 
0.541992 0.609396 

0.542096 0.609375 
0.541992 0.609454 

0.539608 0.611328 
0.539062 0.611782 

0.508623 0.654297 
0.509386 0.652344 

0.507860 0.656250 
0.508596 0.654297 

0.563273 0.597656 
0.562500 0.597942 

0.685253 0.634766 
0.683998 0.632812 

0.685273 0.634766 
0.685547 0.635266 

0.646754 0.779297 
0.647461 0.778972 

0.647461 0.778907 
0.650391 0.777523 

0.646748 0.779297 
0.644531 0.780265 

0.502441 0.699219 
0.502650 0.701172 

0.502650 0.701172 
0.502900 0.703125 

0.701939 0.689453 
0.701912 0.687500 

0.701939 0.689453 
0.701924 0.691406 

0.556947 0.779297 
0.556641 0.779155 

0.556952 0.779297 
0.559570 0.780429 

0.561436 0.781250 
0.559570 0.780506 

0.662114 0.609375 
0.662109 0.609371 

0.701923 0.691406 
0.701866 0.693359 

0.701865 0.693359 
0.701769 0.695312 

0.678677 0.753906 
0.677136 0.755859 

0.675430 0.757812 
0.676758 0.756169 

0.677116 0.755859 
0.676758 0.756300 

0.515097 0.640625 
0.515625 0.639542 

0.528465 0.757812 
0.527344 0.756433 

0.701577 0.681641 
0.701384 0.679688 

0.701730 0.683594 
0.701577 0.681641 

0.678741 0.753906 
0.679688 0.752586 

0.522677 0.628906 
0.521484 0.630676 

0.502328 0.681641 
0.502519 0.679688 

0.502177 0.683594 
0.502327 0.681641 

0.514681 0.738281 
0.515625 0.740132 

0.571988 0.785156 
0.574219 0.785755 

0.667581 0.765625 
0.667969 0.765259 

0.524206 0.626953 
0.524414 0.626673 

0.525767 0.625000 
0.524414 0.626806 

0.522764 0.628906 
0.524190 0.626953 

0.568401 0.595703 
0.571289 0.594818 

0.574219 0.593909 
0.571289 0.594759 

0.568442 0.595703 
0.568359 0.595728 

0.582833 0.591797 
0.583008 0.591768 

0.585938 0.591251 
0.583008 0.591732 

0.582954 0.591797 
0.580078 0.592353 

0.637441 0.783203 
0.638672 0.782786 

0.632812 0.784816 
0.635742 0.783855 

0.637523 0.783203 
0.635742 0.783798 

0.512577 0.734375 
0.512695 0.734668 

0.513517 0.736328 
0.512695 0.734525 

0.513562 0.736328 
0.514620 0.738281 

0.594727 0.590178 
0.591797 0.590450 

0.597656 0.589977 
0.594727 0.590173 

0.686469 0.636719 
0.685547 0.635100 

0.624572 0.787109 
0.626953 0.786585 

0.621094 0.787887 
0.624023 0.787296 

0.624744 0.787109 
0.624023 0.787253 

0.701007 0.703125 
0.700714 0.705078 

0.700705 0.705078 
0.700386 0.707031 

0.554618 0.601562 
0.556641 0.600598 

0.577148 0.786595 
0.574219 0.785803 

0.579385 0.787109 
0.577148 0.786629 

0.579187 0.787109 
0.580078 0.787285 

0.506391 0.718750 
0.506836 0.720398 

0.506983 0.720703 
0.506836 0.720095 

0.506991 0.720703 
0.507601 0.722656 

0.507207 0.658203 
0.507860 0.656250 

0.506610 0.660156 
0.506836 0.659231 

0.507184 0.658203 
0.506836 0.659540 

0.504963 0.666016 
0.505468 0.664062 

0.504488 0.667969 
0.504960 0.666016 

0.535056 0.615234 
0.536133 0.614229 

0.537266 0.613281 
0.536133 0.614324 

0.535031 0.615234 
0.533203 0.617072 

0.644961 0.599609 
0.644531 0.599418 

0.644964 0.599609 
0.647461 0.600701 

0.649113 0.601562 
0.647461 0.600775 

0.522169 0.750000 
0.523591 0.751953 

0.523638 0.751953 
0.524414 0.753048 

0.525145 0.753906 
0.524414 0.752882 

0.701842 0.685547 
0.701731 0.683594 

0.701912 0.687500 
0.701842 0.685547 

0.638672 0.782724 
0.641602 0.781602 

0.642304 0.781250 
0.641602 0.781539 

0.656305 0.605469 
0.656250 0.605436 

0.656314 0.605469 
0.659180 0.607265 

0.659393 0.607422 
0.659180 0.607278 

0.662100 0.609375 
0.659423 0.607422 

0.654276 0.775391 
0.656250 0.774275 

0.650605 0.777344 
0.653320 0.775967 

0.654261 0.775391 
0.653320 0.775913 

0.571289 0.784890 
0.568359 0.783950 

0.572138 0.785156 
0.571289 0.784931 

0.650616 0.777344 
0.650391 0.777460 

0.574749 0.593750 
0.574219 0.593873 

0.527525 0.623047 
0.529183 0.621094 

0.527516 0.623047 
0.527344 0.623259 

0.687715 0.638672 
0.686529 0.636719 

0.687767 0.638672 
0.688477 0.640072 

0.688852 0.640625 
0.688477 0.639841 

0.626953 0.786547 
0.629883 0.785744 

0.631887 0.785156 
0.629883 0.785700 

0.504065 0.669922 
0.504476 0.667969 

0.504057 0.669922 
0.503906 0.670913 

0.563231 0.597656 
0.565430 0.596864 

0.568359 0.595783 
0.565430 0.596791 

0.631731 0.785156 
0.632812 0.784862 

0.642299 0.781250 
0.644531 0.780346 

