0.522789 0.761719 
0.523971 0.763672 

0.523999 0.763672 
0.524414 0.764413 

0.525216 0.765625 
0.524414 0.764247 

0.669028 0.789062 
0.667969 0.789893 

0.521632 0.759766 
0.521484 0.759450 

0.521625 0.759766 
0.522718 0.761719 

0.632812 0.806072 
0.635742 0.805269 

0.637723 0.804688 
0.635742 0.805224 

0.552345 0.792969 
0.553711 0.793842 

0.555476 0.794922 
0.553711 0.793864 

0.555494 0.794922 
0.556641 0.795586 

0.520549 0.757812 
0.521484 0.759649 

0.646360 0.617188 
0.644531 0.616515 

0.693566 0.658203 
0.692380 0.656250 

0.693619 0.658203 
0.694336 0.659617 

0.694704 0.660156 
0.694336 0.659387 

0.660166 0.794922 
0.662109 0.793830 

0.656476 0.796875 
0.659180 0.795512 

0.660149 0.794922 
0.659180 0.795457 

0.559000 0.796875 
0.556641 0.795636 

0.692320 0.656250 
0.691406 0.654643 

0.702840 0.740234 
0.703125 0.739091 

0.702819 0.740234 
0.702173 0.742188 

0.574277 0.615234 
0.577148 0.614356 

0.580078 0.613446 
0.577148 0.614297 

0.574320 0.615234 
0.574219 0.615265 

0.527988 0.769531 
0.527344 0.768519 

0.663485 0.792969 
0.662109 0.793805 

0.666434 0.791016 
0.667969 0.789860 

0.663499 0.792969 
0.665039 0.791976 

0.666437 0.791016 
0.665039 0.791979 

0.509559 0.691406 
0.509766 0.690077 

0.528031 0.769531 
0.529452 0.771484 

0.529499 0.771484 
0.530273 0.772579 

0.531004 0.773438 
0.530273 0.772412 

0.580473 0.613281 
0.583008 0.612668 

0.585938 0.611915 
0.583008 0.612624 

0.697748 0.666016 
0.697266 0.664833 

0.698659 0.667969 
0.697770 0.666016 

0.580635 0.613281 
0.580078 0.613411 

0.508189 0.701172 
0.508381 0.699219 

0.508037 0.703125 
0.508188 0.701172 

0.534319 0.777344 
0.533203 0.775968 

0.695741 0.662109 
0.694708 0.660156 

0.696806 0.664062 
0.695793 0.662109 

0.552337 0.792969 
0.550781 0.791922 

0.621094 0.808412 
0.624023 0.807972 

0.624023 0.807965 
0.626953 0.807428 

0.704488 0.734375 
0.703967 0.736328 

0.703956 0.736328 
0.703422 0.738281 

0.509783 0.728516 
0.509766 0.728387 

0.509786 0.728516 
0.510152 0.730469 

0.509415 0.726562 
0.509743 0.728516 

0.509758 0.728516 
0.509766 0.728573 

0.702526 0.677734 
0.701836 0.675781 

0.702567 0.677734 
0.703125 0.679636 

0.699554 0.669922 
0.698679 0.667969 

0.699599 0.669922 
0.700195 0.671554 

0.700381 0.671875 
0.700195 0.671298 

0.534395 0.777344 
0.536106 0.779297 

0.536226 0.779297 
0.536133 0.779196 

0.536240 0.779297 
0.538048 0.781250 

0.696837 0.664062 
0.697266 0.665101 

0.670411 0.630859 
0.668071 0.628906 

0.670399 0.630859 
0.670898 0.631293 

0.672642 0.632812 
0.670898 0.631213 

0.507999 0.714844 
0.508132 0.716797 

0.508132 0.716797 
0.508303 0.718750 

0.553551 0.625000 
0.550781 0.626818 

0.516570 0.750000 
0.517479 0.751953 

0.517533 0.751953 
0.518420 0.753906 

0.646313 0.617188 
0.647461 0.617618 

0.647461 0.617683 
0.650391 0.618883 

0.509196 0.693359 
0.509537 0.691406 

0.508879 0.695312 
0.509189 0.693359 

0.650817 0.619141 
0.650391 0.618951 

0.650819 0.619141 
0.653320 0.620230 

0.654981 0.621094 
0.653320 0.620305 

0.508612 0.697266 
0.508881 0.695312 

0.508381 0.699219 
0.508612 0.697266 

0.531048 0.773438 
0.532598 0.775391 

0.532628 0.775391 
0.533203 0.776099 

0.540900 0.634766 
0.541992 0.633743 

0.543105 0.632812 
0.541992 0.633839 

0.540874 0.634766 
0.539062 0.636591 

0.701095 0.673828 
0.700391 0.671875 

0.701836 0.675781 
0.701117 0.673828 

0.577869 0.804688 
0.580078 0.805279 

0.509930 0.689453 
0.510341 0.687500 

0.509921 0.689453 
0.509766 0.690472 

0.531709 0.644531 
0.533203 0.642641 

0.528540 0.648438 
0.527344 0.650214 

0.630408 0.806641 
0.632812 0.806110 

0.626953 0.807413 
0.629883 0.806822 

0.630576 0.806641 
0.629883 0.806779 

0.703728 0.681641 
0.703196 0.679688 

0.704309 0.683594 
0.703756 0.681641 

0.569094 0.617188 
0.571289 0.616398 

0.574219 0.615320 
0.571289 0.616326 

0.546845 0.789062 
0.544922 0.787450 

0.540103 0.783203 
0.539062 0.782141 

0.540124 0.783203 
0.541992 0.785025 

0.542262 0.785156 
0.541992 0.784909 

0.707434 0.701172 
0.707240 0.699219 

0.707588 0.703125 
0.707435 0.701172 

0.507847 0.710938 
0.507902 0.712891 

0.507903 0.712891 
0.507998 0.714844 

0.507929 0.705078 
0.508038 0.703125 

0.507861 0.707031 
0.507929 0.705078 

0.655009 0.621094 
0.656250 0.621698 

0.703183 0.679688 
0.703125 0.679442 

0.525284 0.765625 
0.526593 0.767578 

0.526632 0.767578 
0.527344 0.768704 

0.658804 0.623047 
0.656250 0.621757 

0.658792 0.623047 
0.659180 0.623256 

0.659180 0.623295 
0.662109 0.624909 

0.652614 0.798828 
0.653320 0.798505 

0.653320 0.798439 
0.656250 0.797060 

0.652609 0.798828 
0.650391 0.799794 

0.707701 0.705078 
0.707589 0.703125 

0.707771 0.707031 
0.707701 0.705078 

0.588867 0.807443 
0.585938 0.806852 

0.591797 0.807991 
0.588867 0.807459 

0.511893 0.681641 
0.512453 0.679688 

0.511326 0.683594 
0.511872 0.681641 

0.546872 0.789062 
0.547852 0.789816 

0.549480 0.791016 
0.547852 0.789794 

0.549489 0.791016 
0.550781 0.791924 

0.615234 0.609685 
0.618164 0.609976 

0.618164 0.609979 
0.621094 0.610348 

0.543102 0.632812 
0.544922 0.631213 

0.686963 0.648438 
0.685564 0.646484 

0.707627 0.714844 
0.707493 0.716797 

0.707494 0.716797 
0.707323 0.718750 

0.682235 0.642578 
0.680583 0.640625 

0.682254 0.642578 
0.682617 0.643037 

0.683887 0.644531 
0.682617 0.642898 

0.705722 0.689453 
0.705297 0.687500 

0.705743 0.689453 
0.706055 0.691285 

0.706104 0.691406 
0.706055 0.691037 

0.679421 0.779297 
0.679688 0.778998 

0.679404 0.779297 
0.677612 0.781250 

0.707798 0.708984 
0.707771 0.707031 

0.707798 0.708984 
0.707782 0.710938 

0.706421 0.693359 
0.706115 0.691406 

0.706742 0.695312 
0.706439 0.693359 

0.530067 0.646484 
0.530273 0.646205 

0.531625 0.644531 
0.530273 0.646339 

0.528627 0.648438 
0.530050 0.646484 

0.644531 0.802250 
0.647461 0.801129 

0.648156 0.800781 
0.647461 0.801066 

0.567277 0.800781 
0.568359 0.801213 

0.507833 0.708984 
0.507861 0.707031 

0.507833 0.708984 
0.507847 0.710938 

0.648150 0.800781 
0.650391 0.799875 

0.558991 0.796875 
0.559570 0.797179 

0.562500 0.798627 
0.559570 0.797237 

0.538836 0.636719 
0.539062 0.636496 

0.691105 0.654297 
0.689850 0.652344 

0.691126 0.654297 
0.691406 0.654810 

0.704826 0.685547 
0.704311 0.683594 

0.705298 0.687500 
0.704827 0.685547 

0.595824 0.808594 
0.597656 0.808762 

0.662212 0.625000 
0.665039 0.626761 

0.665305 0.626953 
0.665039 0.626775 

0.665335 0.626953 
0.667969 0.628875 

0.662204 0.625000 
0.662109 0.624944 

0.533381 0.642578 
0.535036 0.640625 

0.533372 0.642578 
0.533203 0.642786 

0.694043 0.759766 
0.694336 0.759147 

0.695093 0.757812 
0.694336 0.759347 

0.694018 0.759766 
0.692885 0.761719 

0.637566 0.804688 
0.638672 0.804387 

0.594727 0.808427 
0.591797 0.807994 

0.596187 0.808594 
0.594727 0.808451 

0.556758 0.623047 
0.559570 0.621578 

0.560428 0.621094 
0.559570 0.621522 

0.556772 0.623047 
0.556641 0.623121 

0.524524 0.654297 
0.525746 0.652344 

0.523297 0.656250 
0.524414 0.654334 

0.524525 0.654297 
0.524414 0.654500 

0.656487 0.796875 
0.656250 0.796997 

0.685458 0.646484 
0.683974 0.644531 

0.685464 0.646484 
0.685547 0.646600 

0.609375 0.609388 
0.612305 0.609482 

0.612305 0.609482 
0.615234 0.609680 

0.571289 0.802372 
0.568359 0.801273 

0.572224 0.802734 
0.571289 0.802425 

0.572140 0.802734 
0.574219 0.803414 

0.697178 0.753906 
0.696240 0.755859 

0.696187 0.755859 
0.695134 0.757812 

0.707007 0.697266 
0.706740 0.695312 

0.707240 0.699219 
0.707008 0.697266 

0.508763 0.722656 
0.509055 0.724609 

0.509054 0.724609 
0.509389 0.726562 

0.707782 0.710938 
0.707725 0.712891 

0.707724 0.712891 
0.707627 0.714844 

0.510172 0.730469 
0.510616 0.732422 

0.510615 0.732422 
0.511099 0.734375 

0.668027 0.628906 
0.667969 0.628862 

0.518444 0.753906 
0.518555 0.754181 

0.519385 0.755859 
0.518555 0.754040 

0.519429 0.755859 
0.520488 0.757812 

0.583008 0.806120 
0.580078 0.805328 

0.585271 0.806641 
0.583008 0.806154 

0.585076 0.806641 
0.585938 0.806811 

0.542261 0.785156 
0.544416 0.787109 

0.544443 0.787109 
0.544922 0.787509 

0.564606 0.619141 
0.565430 0.618780 

0.568359 0.617534 
0.565430 0.618716 

0.564603 0.619141 
0.562500 0.620051 

0.510827 0.685547 
0.511333 0.683594 

0.510352 0.687500 
0.510824 0.685547 

0.515768 0.748047 
0.515625 0.747597 

0.515767 0.748047 
0.516549 0.750000 

0.688402 0.650391 
0.687057 0.648438 

0.688483 0.650391 
0.688477 0.650381 

0.688412 0.650391 
0.688477 0.650494 

0.689764 0.652344 
0.688496 0.650391 

0.513481 0.742188 
0.514181 0.744141 

0.514181 0.744141 
0.514940 0.746094 

0.527143 0.650391 
0.527344 0.650081 

0.525830 0.652344 
0.527122 0.650391 

0.545437 0.630859 
0.547847 0.628906 

0.547924 0.628906 
0.547852 0.628961 

0.545442 0.630859 
0.544922 0.631292 

0.606445 0.809337 
0.603516 0.809233 

0.609375 0.809348 
0.606445 0.809340 

0.553571 0.625000 
0.553711 0.624912 

0.556641 0.623164 
0.553711 0.624872 

0.680545 0.640625 
0.679688 0.639643 

0.635158 0.613281 
0.632812 0.612712 

0.674779 0.634766 
0.673828 0.633843 

0.676704 0.636719 
0.674801 0.634766 

0.676802 0.636719 
0.676758 0.636675 

0.699031 0.750000 
0.698131 0.751953 

0.698099 0.751953 
0.697266 0.753898 

0.676726 0.636719 
0.676758 0.636751 

0.678665 0.638672 
0.676845 0.636719 

0.678710 0.638672 
0.679688 0.639788 

0.560454 0.621094 
0.562500 0.620122 

0.536961 0.638672 
0.538802 0.636719 

0.535085 0.640625 
0.536133 0.639427 

0.536935 0.638672 
0.536133 0.639575 

0.562792 0.798828 
0.562500 0.798694 

0.562796 0.798828 
0.565430 0.799963 

0.567296 0.800781 
0.565430 0.800040 

0.600586 0.809035 
0.597656 0.808780 

0.603516 0.809230 
0.600586 0.809041 

0.702159 0.742188 
0.701445 0.744141 

0.701437 0.744141 
0.700699 0.746094 

0.538079 0.781250 
0.539062 0.782261 

0.594727 0.610322 
0.591797 0.610760 

0.597656 0.609980 
0.594727 0.610326 

0.641271 0.615234 
0.638672 0.614431 

0.641199 0.615234 
0.641602 0.615359 

0.641602 0.615412 
0.644531 0.616448 

0.588727 0.611328 
0.588867 0.611305 

0.591797 0.610788 
0.588867 0.611269 

0.588842 0.611328 
0.585938 0.611891 

0.514992 0.746094 
0.515625 0.747862 

0.513074 0.677734 
0.513728 0.675781 

0.512476 0.679688 
0.512695 0.678787 

0.513050 0.677734 
0.512695 0.679092 

0.514491 0.673828 
0.515253 0.671875 

0.513728 0.675781 
0.514463 0.673828 

0.516063 0.669922 
0.516914 0.667969 

0.516047 0.669922 
0.515625 0.671145 

0.707323 0.718750 
0.707113 0.720703 

0.707114 0.720703 
0.706863 0.722656 

0.512257 0.738281 
0.512695 0.739911 

0.512848 0.740234 
0.512695 0.739604 

0.512856 0.740234 
0.513467 0.742188 

0.672659 0.632812 
0.673828 0.633942 

0.550600 0.626953 
0.550781 0.626828 

0.547917 0.628906 
0.550569 0.626953 

0.626953 0.611351 
0.629883 0.611932 

0.629883 0.611958 
0.632812 0.612672 

0.675590 0.783203 
0.676758 0.781987 

0.677585 0.781250 
0.676758 0.782107 

0.675547 0.783203 
0.673828 0.784922 

0.515284 0.671875 
0.515625 0.670860 

0.643282 0.802734 
0.644531 0.802312 

0.638672 0.804341 
0.641602 0.803380 

0.643366 0.802734 
0.641602 0.803323 

0.511096 0.734375 
0.511628 0.736328 

0.511632 0.736328 
0.512214 0.738281 

0.615234 0.809048 
0.618164 0.808776 

0.619830 0.808594 
0.618164 0.808751 

0.673466 0.785156 
0.673828 0.784813 

0.692811 0.761719 
0.691649 0.763672 

0.691649 0.763672 
0.691406 0.764106 

0.697192 0.753906 
0.697266 0.753712 

0.508303 0.718750 
0.508513 0.720703 

0.508512 0.720703 
0.508763 0.722656 

0.609375 0.809349 
0.612305 0.809255 

0.612305 0.809253 
0.615234 0.809058 

0.621094 0.610344 
0.624023 0.610790 

0.624023 0.610818 
0.626953 0.611296 

0.606445 0.609400 
0.603516 0.609508 

0.609375 0.609389 
0.606445 0.609398 

0.569138 0.617188 
0.568359 0.617475 

0.684535 0.773438 
0.682996 0.775391 

0.681292 0.777344 
0.682617 0.775701 

0.682976 0.775391 
0.682617 0.775833 

0.687559 0.769531 
0.686135 0.771484 

0.686103 0.771484 
0.685547 0.772270 

0.703406 0.738281 
0.703125 0.739444 

0.634978 0.613281 
0.635742 0.613463 

0.635742 0.613500 
0.638672 0.614372 

0.684599 0.773438 
0.685547 0.772113 

0.600586 0.609713 
0.597656 0.609985 

0.603516 0.609511 
0.600586 0.609708 

0.705876 0.728516 
0.706055 0.727342 

0.706228 0.726562 
0.706055 0.727747 

0.705861 0.728516 
0.705449 0.730469 

0.519868 0.662109 
0.520928 0.660156 

0.518836 0.664062 
0.519813 0.662109 

0.520964 0.660156 
0.521484 0.659087 

0.673465 0.785156 
0.671388 0.787109 

0.669038 0.789062 
0.670898 0.787445 

0.671363 0.787109 
0.670898 0.787511 

0.522055 0.658203 
0.523222 0.656250 

0.522025 0.658203 
0.521484 0.659302 

0.699917 0.748047 
0.700195 0.747202 

0.700666 0.746094 
0.700195 0.747480 

0.699892 0.748047 
0.699061 0.750000 

0.705438 0.730469 
0.704977 0.732422 

0.704978 0.732422 
0.704488 0.734375 

0.619474 0.808594 
0.621094 0.808430 

0.517918 0.666016 
0.518555 0.664517 

0.518838 0.664062 
0.518555 0.664770 

0.516940 0.667969 
0.517868 0.666016 

0.681215 0.777344 
0.679688 0.779130 

0.690395 0.765625 
0.691406 0.763932 

0.706863 0.722656 
0.706569 0.724609 

0.706560 0.724609 
0.706241 0.726562 

0.690313 0.765625 
0.689007 0.767578 

0.687628 0.769531 
0.688477 0.768216 

0.688984 0.767578 
0.688477 0.768384 

0.577148 0.804416 
0.574219 0.803476 

0.578021 0.804688 
0.577148 0.804456 

