0.521787 0.763672 
0.521484 0.762943 

0.521787 0.763672 
0.522800 0.765625 

0.518932 0.757812 
0.519803 0.759766 

0.519834 0.759766 
0.520790 0.761719 

0.673656 0.794922 
0.673828 0.794769 

0.673659 0.794922 
0.671420 0.796875 

0.692121 0.660156 
0.691406 0.658994 

0.639863 0.812500 
0.641602 0.812012 

0.641602 0.811957 
0.644531 0.810981 

0.677966 0.791016 
0.679688 0.789216 

0.675845 0.792969 
0.676758 0.792077 

0.677929 0.791016 
0.676758 0.792180 

0.697050 0.667969 
0.697266 0.668446 

0.520840 0.761719 
0.521484 0.763189 

0.546763 0.794922 
0.544922 0.793247 

0.546785 0.794922 
0.547852 0.795813 

0.549214 0.796875 
0.547852 0.795760 

0.513174 0.693359 
0.513679 0.691406 

0.512726 0.695312 
0.513149 0.693359 

0.512301 0.697266 
0.512680 0.695312 

0.512720 0.695312 
0.512695 0.695474 

0.511878 0.699219 
0.512270 0.697266 

0.527626 0.773438 
0.527344 0.772937 

0.658950 0.804688 
0.656250 0.805968 

0.675829 0.792969 
0.673828 0.794865 

0.706818 0.742188 
0.706321 0.744141 

0.705781 0.746094 
0.706055 0.744907 

0.706307 0.744141 
0.706055 0.745276 

0.520240 0.673828 
0.521173 0.671875 

0.519272 0.675781 
0.520197 0.673828 

0.664593 0.632812 
0.662109 0.631419 

0.562730 0.628906 
0.562500 0.629021 

0.705759 0.746094 
0.705163 0.748047 

0.705152 0.748047 
0.704495 0.750000 

0.550223 0.636719 
0.550781 0.636302 

0.662504 0.802734 
0.665039 0.801310 

0.665851 0.800781 
0.665039 0.801281 

0.662509 0.802734 
0.662109 0.802957 

0.640010 0.812500 
0.638672 0.812866 

0.693450 0.662109 
0.692165 0.660156 

0.693516 0.662109 
0.694336 0.663554 

0.694718 0.664062 
0.694336 0.663355 

0.708580 0.734375 
0.708201 0.736328 

0.708201 0.736328 
0.707780 0.738281 

0.650470 0.808594 
0.650391 0.808627 

0.510648 0.726562 
0.510858 0.728516 

0.510858 0.728516 
0.511109 0.730469 

0.511534 0.701172 
0.511881 0.699219 

0.511226 0.703125 
0.511534 0.701172 

0.544525 0.792969 
0.544922 0.793324 

0.701878 0.677734 
0.701015 0.675781 

0.702708 0.679688 
0.701897 0.677734 

0.561328 0.804688 
0.562500 0.805292 

0.698070 0.669922 
0.697266 0.668251 

0.699134 0.671875 
0.698111 0.669922 

0.533400 0.781250 
0.533203 0.780980 

0.695870 0.666016 
0.694723 0.664062 

0.697032 0.667969 
0.695942 0.666016 

0.580192 0.812500 
0.583008 0.813259 

0.585938 0.814078 
0.583008 0.813307 

0.709080 0.703125 
0.708984 0.702264 

0.510957 0.705078 
0.511226 0.703125 

0.510727 0.707031 
0.510958 0.705078 

0.566908 0.626953 
0.568359 0.626336 

0.562733 0.628906 
0.565430 0.627658 

0.566910 0.626953 
0.565430 0.627589 

0.545462 0.640625 
0.544922 0.641111 

0.540457 0.789062 
0.541992 0.790654 

0.542476 0.791016 
0.541992 0.790538 

0.542478 0.791016 
0.544492 0.792969 

0.515854 0.750000 
0.516511 0.751953 

0.516518 0.751953 
0.517273 0.753906 

0.532453 0.654297 
0.533203 0.653264 

0.530960 0.656250 
0.532408 0.654297 

0.527634 0.773438 
0.528913 0.775391 

0.528997 0.775391 
0.530273 0.777314 

0.530393 0.777344 
0.530273 0.777158 

0.574499 0.810547 
0.574219 0.810455 

0.574455 0.810547 
0.577148 0.811427 

0.580078 0.812403 
0.577148 0.811494 

0.700093 0.673828 
0.699184 0.671875 

0.700108 0.673828 
0.700195 0.674066 

0.700981 0.675781 
0.700195 0.673872 

0.514209 0.689453 
0.514794 0.687500 

0.513680 0.691406 
0.514217 0.689453 

0.703460 0.681641 
0.703125 0.680562 

0.704162 0.683594 
0.703476 0.681641 

0.516804 0.681641 
0.517592 0.679688 

0.516090 0.683594 
0.516803 0.681641 

0.547728 0.638672 
0.547852 0.638572 

0.550189 0.636719 
0.547852 0.638617 

0.545462 0.640625 
0.547681 0.638672 

0.709777 0.708984 
0.709583 0.707031 

0.709932 0.710938 
0.709778 0.708984 

0.533998 0.652344 
0.533203 0.653429 

0.539323 0.646484 
0.541162 0.644531 

0.539315 0.646484 
0.539062 0.646756 

0.708782 0.701172 
0.708442 0.699219 

0.708799 0.701172 
0.708984 0.702621 

0.559178 0.630859 
0.559570 0.630638 

0.562500 0.629085 
0.559570 0.630584 

0.559184 0.630859 
0.556641 0.632312 

0.510534 0.708984 
0.510726 0.707031 

0.510381 0.710938 
0.510533 0.708984 

0.576810 0.623047 
0.577148 0.622937 

0.580078 0.621972 
0.577148 0.622878 

0.576836 0.623047 
0.574219 0.623912 

0.518431 0.677734 
0.518555 0.677370 

0.519239 0.675781 
0.518555 0.677541 

0.517636 0.679688 
0.518406 0.677734 

0.510177 0.716797 
0.510205 0.714844 

0.510177 0.716797 
0.510191 0.718750 

0.632812 0.814445 
0.635742 0.813759 

0.635742 0.813721 
0.638672 0.812910 

0.632832 0.814453 
0.632812 0.814457 

0.658933 0.804688 
0.659180 0.804562 

0.659180 0.804506 
0.662109 0.803007 

0.536739 0.785156 
0.538466 0.787109 

0.538495 0.787109 
0.539062 0.787718 

0.522861 0.765625 
0.523945 0.767578 

0.523975 0.767578 
0.524414 0.768458 

0.525066 0.769531 
0.524414 0.768267 

0.665862 0.800781 
0.667969 0.799409 

0.525113 0.769531 
0.526317 0.771484 

0.526382 0.771484 
0.527344 0.773125 

0.654916 0.806641 
0.656250 0.806035 

0.650476 0.808594 
0.653320 0.807420 

0.654902 0.806641 
0.653320 0.807346 

0.645586 0.810547 
0.647461 0.809901 

0.647461 0.809827 
0.650391 0.808701 

0.645653 0.810547 
0.644531 0.810929 

0.543271 0.642578 
0.544922 0.641016 

0.541184 0.644531 
0.541992 0.643723 

0.543236 0.642578 
0.541992 0.643826 

0.657297 0.628906 
0.656250 0.628399 

0.555901 0.632812 
0.556641 0.632352 

0.709340 0.705078 
0.709091 0.703125 

0.709583 0.707031 
0.709350 0.705078 

0.565268 0.806641 
0.562500 0.805358 

0.565253 0.806641 
0.565430 0.806724 

0.568359 0.808038 
0.565430 0.806787 

0.705545 0.687500 
0.706055 0.689374 

0.706116 0.689453 
0.706055 0.689175 

0.706625 0.691406 
0.706128 0.689453 

0.549205 0.796875 
0.550781 0.798086 

0.684591 0.650391 
0.682943 0.648438 

0.684642 0.650391 
0.685547 0.651562 

0.585938 0.620325 
0.583008 0.621043 

0.707168 0.693359 
0.706654 0.691406 

0.707639 0.695312 
0.707170 0.693359 

0.686865 0.781250 
0.685547 0.782980 

0.644531 0.623435 
0.647461 0.624494 

0.648650 0.625000 
0.647461 0.624552 

0.580283 0.812500 
0.580078 0.812447 

0.622128 0.816406 
0.621094 0.816504 

0.704497 0.750000 
0.703797 0.751953 

0.703754 0.751953 
0.703125 0.753822 

0.687818 0.654297 
0.686307 0.652344 

0.687860 0.654297 
0.688477 0.655189 

0.689318 0.656250 
0.688477 0.655030 

0.704859 0.685547 
0.704177 0.683594 

0.705507 0.687500 
0.704859 0.685547 

0.710142 0.716797 
0.710115 0.714844 

0.710142 0.716797 
0.710126 0.718750 

0.615234 0.617327 
0.618164 0.617545 

0.618164 0.617550 
0.621094 0.617859 

0.637254 0.621094 
0.638672 0.621444 

0.535651 0.650391 
0.536133 0.649814 

0.537379 0.648438 
0.536133 0.649940 

0.534046 0.652344 
0.535626 0.650391 

0.594727 0.618499 
0.591797 0.618981 

0.597656 0.618059 
0.594727 0.618478 

0.516061 0.683594 
0.515625 0.685101 

0.632812 0.619914 
0.635742 0.620638 

0.637452 0.621094 
0.635742 0.620679 

0.681021 0.646484 
0.679688 0.645034 

0.681091 0.646484 
0.682617 0.648218 

0.682920 0.648438 
0.682617 0.648100 

0.530399 0.777344 
0.531782 0.779297 

0.531865 0.779297 
0.533203 0.781136 

0.708061 0.697266 
0.707639 0.695312 

0.708439 0.699219 
0.708058 0.697266 

0.511109 0.730469 
0.511401 0.732422 

0.511401 0.732422 
0.511732 0.734375 

0.517295 0.753906 
0.518091 0.755859 

0.518130 0.755859 
0.518555 0.757055 

0.518924 0.757812 
0.518555 0.756762 

0.540399 0.789062 
0.539062 0.787606 

0.691308 0.775391 
0.691406 0.775229 

0.691297 0.775391 
0.689973 0.777344 

0.598493 0.816406 
0.597656 0.816333 

0.692630 0.773438 
0.691406 0.775366 

0.552936 0.634766 
0.553711 0.634236 

0.555888 0.632812 
0.553711 0.634225 

0.552910 0.634766 
0.550781 0.636321 

0.515440 0.685547 
0.515625 0.684838 

0.514821 0.687500 
0.515417 0.685547 

0.515845 0.750000 
0.515625 0.749160 

0.686265 0.652344 
0.685547 0.651409 

0.513446 0.742188 
0.513975 0.744141 

0.513971 0.744141 
0.514552 0.746094 

0.681802 0.787109 
0.682617 0.786155 

0.683584 0.785156 
0.682617 0.786300 

0.681770 0.787109 
0.679981 0.789062 

0.510273 0.712891 
0.510382 0.710938 

0.510205 0.714844 
0.510273 0.712891 

0.679090 0.644531 
0.679688 0.645159 

0.571289 0.625113 
0.568359 0.626270 

0.571414 0.625000 
0.571289 0.625047 

0.703039 0.753906 
0.703125 0.753613 

0.675026 0.640625 
0.673828 0.639531 

0.557786 0.802734 
0.556641 0.802051 

0.557814 0.802734 
0.559570 0.803733 

0.561300 0.804688 
0.559570 0.803780 

0.583008 0.621106 
0.580078 0.621917 

0.657317 0.628906 
0.659180 0.629804 

0.661109 0.630859 
0.659180 0.629864 

0.661136 0.630859 
0.662109 0.631383 

0.529531 0.658203 
0.530273 0.657057 

0.530917 0.656250 
0.530273 0.657237 

0.528157 0.660156 
0.529488 0.658203 

0.668826 0.798828 
0.670898 0.797231 

0.671390 0.796875 
0.670898 0.797264 

0.668803 0.798828 
0.667969 0.799410 

0.653320 0.626953 
0.650391 0.625748 

0.653305 0.626953 
0.653320 0.626960 

0.653320 0.627028 
0.656250 0.628329 

0.679953 0.789062 
0.679688 0.789332 

0.554666 0.800781 
0.556641 0.802025 

0.629445 0.619141 
0.626953 0.618738 

0.629181 0.619141 
0.629883 0.619247 

0.629883 0.619274 
0.632812 0.619891 

0.690769 0.658203 
0.689380 0.656250 

0.690807 0.658203 
0.691406 0.659175 

0.533408 0.781250 
0.534943 0.783203 

0.535005 0.783203 
0.536133 0.784605 

0.536713 0.785156 
0.536133 0.784449 

0.697506 0.765625 
0.697266 0.766141 

0.514561 0.746094 
0.515183 0.748047 

0.515223 0.748047 
0.515625 0.749485 

0.664579 0.632812 
0.665039 0.633088 

0.667684 0.634766 
0.665039 0.633090 

0.667654 0.634766 
0.667969 0.634980 

0.702741 0.679688 
0.703125 0.680874 

0.621094 0.617860 
0.624023 0.618244 

0.624023 0.618240 
0.626953 0.618703 

0.521202 0.671875 
0.521484 0.671205 

0.688410 0.779297 
0.688477 0.779201 

0.689879 0.777344 
0.688507 0.779297 

0.688404 0.779297 
0.686954 0.781250 

0.688485 0.779297 
0.688477 0.779309 

0.512534 0.738281 
0.512695 0.739221 

0.512950 0.740234 
0.512695 0.738863 

0.512968 0.740234 
0.513442 0.742188 

0.670382 0.636719 
0.667969 0.634950 

0.537453 0.648438 
0.539062 0.646618 

0.638672 0.621485 
0.641602 0.622383 

0.643573 0.623047 
0.641602 0.622437 

0.643466 0.623047 
0.644531 0.623380 

0.621822 0.816406 
0.624023 0.816162 

0.624023 0.816142 
0.626953 0.815678 

0.510343 0.722656 
0.510477 0.724609 

0.510477 0.724609 
0.510649 0.726562 

0.606445 0.817070 
0.603516 0.816897 

0.609375 0.817159 
0.606445 0.817073 

0.528096 0.660156 
0.527344 0.661431 

0.685265 0.783203 
0.685547 0.782838 

0.685252 0.783203 
0.683639 0.785156 

0.710044 0.712891 
0.709932 0.710938 

0.710115 0.714844 
0.710044 0.712891 

0.511729 0.734375 
0.512105 0.736328 

0.512121 0.736328 
0.512517 0.738281 

0.598149 0.816406 
0.600586 0.816628 

0.603516 0.816893 
0.600586 0.816647 

0.701347 0.757812 
0.700503 0.759766 

0.699590 0.761719 
0.700195 0.760278 

0.700493 0.759766 
0.700195 0.760532 

0.699540 0.761719 
0.698535 0.763672 

0.698495 0.763672 
0.697506 0.765625 

0.606445 0.617294 
0.603516 0.617475 

0.609375 0.617203 
0.606445 0.617292 

0.600586 0.617738 
0.597656 0.618068 

0.603516 0.617479 
0.600586 0.617738 

0.609375 0.617201 
0.612305 0.617212 

0.612305 0.617211 
0.615234 0.617326 

0.626953 0.815675 
0.629883 0.815121 

0.629883 0.815095 
0.632812 0.814508 

0.707778 0.738281 
0.707319 0.740234 

0.707317 0.740234 
0.706828 0.742188 

0.709190 0.730469 
0.708984 0.732161 

0.709666 0.726562 
0.709456 0.728516 

0.709454 0.728516 
0.709207 0.730469 

0.526853 0.662109 
0.527344 0.661254 

0.525614 0.664062 
0.526823 0.662109 

0.709970 0.722656 
0.709836 0.724609 

0.709837 0.724609 
0.709666 0.726562 

0.591014 0.619141 
0.591797 0.619015 

0.588867 0.619599 
0.585938 0.620289 

0.591239 0.619141 
0.588867 0.619571 

0.569571 0.808594 
0.571289 0.809256 

0.574219 0.810398 
0.571289 0.809324 

0.615234 0.817033 
0.618164 0.816819 

0.618164 0.816804 
0.621094 0.816527 

0.696423 0.767578 
0.697266 0.765924 

0.696363 0.767578 
0.695196 0.769531 

0.569603 0.808594 
0.568359 0.808105 

0.670355 0.636719 
0.670898 0.637145 

0.672792 0.638672 
0.670898 0.637092 

0.672781 0.638672 
0.673828 0.639605 

0.587625 0.814453 
0.585938 0.814110 

0.587374 0.814453 
0.588867 0.814746 

0.591797 0.815374 
0.588867 0.814786 

0.693979 0.771484 
0.694336 0.770817 

0.695145 0.769531 
0.694336 0.771000 

0.693954 0.771484 
0.692712 0.773438 

0.594727 0.815896 
0.591797 0.815381 

0.597656 0.816312 
0.594727 0.815906 

0.710125 0.718750 
0.710068 0.720703 

0.710067 0.720703 
0.709970 0.722656 

0.524386 0.666016 
0.524414 0.665959 

0.524443 0.666016 
0.525541 0.664062 

0.523326 0.667969 
0.524364 0.666016 

0.524450 0.666016 
0.524414 0.666090 

0.571405 0.625000 
0.574219 0.623990 

0.522192 0.669922 
0.523263 0.667969 

0.522151 0.669922 
0.521484 0.671397 

0.609375 0.817161 
0.612305 0.817150 

0.612305 0.817150 
0.615234 0.817035 

0.675043 0.640625 
0.676758 0.642309 

0.677148 0.642578 
0.676758 0.642205 

0.679079 0.644531 
0.677171 0.642578 

0.708912 0.732422 
0.708984 0.731760 

0.708907 0.732422 
0.708592 0.734375 

0.551834 0.798828 
0.550781 0.798052 

0.551816 0.798828 
0.553711 0.800152 

0.554664 0.800781 
0.553711 0.800146 

0.703025 0.753906 
0.702270 0.755859 

0.702229 0.755859 
0.701367 0.757812 

0.510191 0.718750 
0.510247 0.720703 

0.510247 0.720703 
0.510342 0.722656 

0.648614 0.625000 
0.650391 0.625671 

