0.526355 0.757812 
0.527344 0.759123 

0.692472 0.738281 
0.691555 0.740234 

0.691550 0.740234 
0.691406 0.740566 

0.672870 0.765625 
0.673828 0.764574 

0.678308 0.759766 
0.679688 0.757972 

0.676523 0.761719 
0.676758 0.761438 

0.678223 0.759766 
0.676758 0.761575 

0.676510 0.761719 
0.674809 0.763672 

0.674771 0.763672 
0.673828 0.764713 

0.696445 0.658203 
0.695671 0.656250 

0.697155 0.660156 
0.696478 0.658203 

0.609375 0.593965 
0.612305 0.594220 

0.612305 0.594227 
0.615234 0.594564 

0.694336 0.734375 
0.693512 0.736328 

0.694397 0.734375 
0.694336 0.734547 

0.693458 0.736328 
0.692502 0.738281 

0.533470 0.765625 
0.535377 0.767578 

0.535397 0.767578 
0.536133 0.768283 

0.537518 0.769531 
0.536133 0.768194 

0.694029 0.652344 
0.694336 0.653201 

0.694838 0.654297 
0.694336 0.652929 

0.695665 0.656250 
0.694871 0.654297 

0.529660 0.761719 
0.530273 0.762422 

0.531461 0.763672 
0.530273 0.762301 

0.531529 0.763672 
0.533203 0.765490 

0.698726 0.722656 
0.698125 0.724609 

0.698107 0.724609 
0.697499 0.726562 

0.537549 0.769531 
0.539062 0.770896 

0.554258 0.781250 
0.556641 0.782426 

0.690515 0.742188 
0.691406 0.740368 

0.693074 0.650391 
0.692111 0.648438 

0.694004 0.652344 
0.693108 0.650391 

0.626953 0.790750 
0.629883 0.789993 

0.629883 0.789950 
0.632812 0.789143 

0.638672 0.600433 
0.641602 0.601505 

0.700734 0.714844 
0.700314 0.716797 

0.699845 0.718750 
0.700195 0.717109 

0.700302 0.716797 
0.700195 0.717384 

0.533462 0.765625 
0.533203 0.765358 

0.699074 0.666016 
0.698479 0.664062 

0.699631 0.667969 
0.699071 0.666016 

0.685692 0.750000 
0.685547 0.750243 

0.657489 0.609375 
0.659180 0.610408 

0.660569 0.611328 
0.659180 0.610417 

0.660572 0.611328 
0.662109 0.612415 

0.692078 0.648438 
0.691406 0.646931 

0.681472 0.755859 
0.682617 0.754201 

0.682921 0.753906 
0.682617 0.754358 

0.681388 0.755859 
0.679924 0.757812 

0.699814 0.718750 
0.699288 0.720703 

0.699287 0.720703 
0.698725 0.722656 

0.663300 0.613281 
0.662109 0.612394 

0.684364 0.751953 
0.685547 0.750090 

0.684276 0.751953 
0.682931 0.753906 

0.503623 0.703125 
0.503820 0.705078 

0.503829 0.705078 
0.503906 0.705932 

0.697169 0.660156 
0.697266 0.660527 

0.701552 0.710938 
0.701177 0.712891 

0.701176 0.712891 
0.700756 0.714844 

0.615234 0.594562 
0.618164 0.594975 

0.618164 0.594981 
0.621094 0.595460 

0.510215 0.730469 
0.509766 0.729059 

0.697806 0.662109 
0.697266 0.660298 

0.698476 0.664062 
0.697843 0.662109 

0.515815 0.742188 
0.516861 0.744141 

0.516927 0.744141 
0.518062 0.746094 

0.503240 0.689453 
0.503349 0.687500 

0.503173 0.691406 
0.503240 0.689453 

0.508823 0.726562 
0.509500 0.728516 

0.509526 0.728516 
0.509766 0.729327 

0.594727 0.793309 
0.591797 0.793043 

0.597656 0.793540 
0.594727 0.793321 

0.701753 0.677734 
0.701411 0.675781 

0.702058 0.679688 
0.701754 0.677734 

0.591195 0.792969 
0.591797 0.793025 

0.700133 0.669922 
0.699657 0.667969 

0.700141 0.669922 
0.700195 0.670235 

0.700588 0.671875 
0.700195 0.669958 

0.547660 0.777344 
0.544922 0.775458 

0.680776 0.630859 
0.679688 0.629381 

0.682300 0.632812 
0.680862 0.630859 

0.527956 0.759766 
0.527344 0.758963 

0.527988 0.759766 
0.529627 0.761719 

0.511391 0.654297 
0.512250 0.652344 

0.510538 0.656250 
0.511364 0.654297 

0.630239 0.597656 
0.632812 0.598350 

0.505475 0.714844 
0.505923 0.716797 

0.505923 0.716797 
0.506413 0.718750 

0.513158 0.650391 
0.514111 0.648438 

0.512285 0.652344 
0.512695 0.651274 

0.513144 0.650391 
0.512695 0.651546 

0.558200 0.783203 
0.556641 0.782490 

0.558213 0.783203 
0.559570 0.783819 

0.562500 0.785100 
0.559570 0.783886 

0.679232 0.628906 
0.679688 0.629523 

0.528679 0.626953 
0.530273 0.625054 

0.530444 0.625000 
0.530273 0.625195 

0.528598 0.626953 
0.527344 0.628554 

0.520616 0.750000 
0.521484 0.751426 

0.696001 0.730469 
0.695199 0.732422 

0.695170 0.732422 
0.694410 0.734375 

0.687743 0.640625 
0.688477 0.641998 

0.688884 0.642578 
0.688477 0.641778 

0.689984 0.644531 
0.688890 0.642578 

0.588867 0.792643 
0.585938 0.792165 

0.591434 0.792969 
0.588867 0.792668 

0.548899 0.609375 
0.550781 0.608233 

0.661683 0.775391 
0.662109 0.775082 

0.658773 0.777344 
0.659180 0.777087 

0.661711 0.775391 
0.659180 0.777097 

0.625760 0.791016 
0.626953 0.790781 

0.621094 0.792030 
0.624023 0.791448 

0.626018 0.791016 
0.624023 0.791409 

0.701032 0.673828 
0.700614 0.671875 

0.701411 0.675781 
0.701032 0.673828 

0.503145 0.693359 
0.503173 0.691406 

0.503145 0.693359 
0.503159 0.695312 

0.515822 0.742188 
0.515625 0.741740 

0.663304 0.613281 
0.665039 0.614709 

0.665733 0.615234 
0.665039 0.614656 

0.667898 0.617188 
0.665756 0.615234 

0.675859 0.625000 
0.676758 0.626092 

0.677586 0.626953 
0.676758 0.625941 

0.679206 0.628906 
0.677629 0.626953 

0.503159 0.695312 
0.503214 0.697266 

0.503214 0.697266 
0.503309 0.699219 

0.521104 0.636719 
0.521484 0.636092 

0.658795 0.777344 
0.656250 0.778846 

0.539827 0.771484 
0.539062 0.770821 

0.539820 0.771484 
0.541992 0.773310 

0.542247 0.773438 
0.541992 0.773238 

0.503500 0.685547 
0.503692 0.683594 

0.503349 0.687500 
0.503499 0.685547 

0.696816 0.728516 
0.697266 0.727060 

0.696775 0.728516 
0.696012 0.730469 

0.545939 0.611328 
0.547852 0.610045 

0.548885 0.609375 
0.547852 0.610036 

0.545951 0.611328 
0.544922 0.612057 

0.674046 0.623047 
0.673828 0.622820 

0.675815 0.625000 
0.674075 0.623047 

0.504696 0.710938 
0.505067 0.712891 

0.505068 0.712891 
0.505477 0.714844 

0.504063 0.707031 
0.503906 0.705550 

0.632812 0.598406 
0.635742 0.599326 

0.636459 0.599609 
0.635742 0.599378 

0.636401 0.599609 
0.638672 0.600357 

0.522497 0.634766 
0.523880 0.632812 

0.522416 0.634766 
0.521484 0.636243 

0.626953 0.596769 
0.629883 0.597497 

0.630325 0.597656 
0.629883 0.597545 

0.650366 0.605469 
0.650391 0.605481 

0.542238 0.773438 
0.544789 0.775391 

0.544820 0.775391 
0.544922 0.775463 

0.697487 0.726562 
0.697266 0.727361 

0.666627 0.771484 
0.667969 0.770239 

0.664259 0.773438 
0.665039 0.772793 

0.666621 0.771484 
0.665039 0.772851 

0.703095 0.695312 
0.703038 0.697266 

0.703037 0.697266 
0.702941 0.699219 

0.552178 0.607422 
0.553711 0.606580 

0.555833 0.605469 
0.553711 0.606525 

0.552146 0.607422 
0.550781 0.608200 

0.523360 0.753906 
0.524414 0.755453 

0.524805 0.755859 
0.524414 0.755281 

0.524823 0.755859 
0.526297 0.757812 

0.691095 0.646484 
0.690048 0.644531 

0.691118 0.646484 
0.691406 0.647159 

0.690455 0.742188 
0.689342 0.744141 

0.688185 0.746094 
0.688477 0.745514 

0.689294 0.744141 
0.688477 0.745699 

0.508367 0.662109 
0.509050 0.660156 

0.507749 0.664062 
0.508370 0.662109 

0.588867 0.594862 
0.585938 0.595331 

0.591797 0.594477 
0.588867 0.594857 

0.702941 0.699219 
0.702808 0.701172 

0.702808 0.701172 
0.702638 0.703125 

0.646197 0.603516 
0.644531 0.602809 

0.646197 0.603516 
0.647461 0.604063 

0.650389 0.605469 
0.647461 0.604131 

0.702178 0.707031 
0.701885 0.708984 

0.701885 0.708984 
0.701551 0.710938 

0.553711 0.780917 
0.550781 0.779317 

0.554242 0.781250 
0.553711 0.780970 

0.667969 0.617188 
0.667969 0.617187 

0.559796 0.603516 
0.562500 0.602406 

0.559570 0.603682 
0.556641 0.605004 

0.559794 0.603516 
0.559570 0.603614 

0.622377 0.595703 
0.621094 0.595497 

0.622101 0.595703 
0.624023 0.596036 

0.624023 0.596064 
0.626953 0.596739 

0.504076 0.707031 
0.504364 0.708984 

0.504366 0.708984 
0.504697 0.710938 

0.517414 0.642578 
0.518510 0.640625 

0.518595 0.640625 
0.518555 0.640703 

0.516227 0.644531 
0.517344 0.642578 

0.670021 0.619141 
0.668019 0.617188 

0.670039 0.619141 
0.670898 0.620005 

0.672068 0.621094 
0.670898 0.619893 

0.515192 0.646484 
0.515625 0.645531 

0.514159 0.648438 
0.515161 0.646484 

0.664282 0.773438 
0.662109 0.775121 

0.555835 0.605469 
0.556641 0.605066 

0.667907 0.617188 
0.667969 0.617244 

0.507516 0.722656 
0.508133 0.724609 

0.508127 0.724609 
0.508795 0.726562 

0.510240 0.730469 
0.511025 0.732422 

0.511036 0.732422 
0.511898 0.734375 

0.536297 0.619141 
0.538374 0.617188 

0.534219 0.621094 
0.536133 0.619167 

0.536289 0.619141 
0.536133 0.619288 

0.632867 0.789062 
0.632812 0.789078 

0.650391 0.605545 
0.653320 0.606988 

0.654016 0.607422 
0.653320 0.607047 

0.654021 0.607422 
0.656250 0.608622 

0.603516 0.793734 
0.606445 0.793681 

0.606445 0.793680 
0.609375 0.793525 

0.600586 0.793682 
0.597656 0.793543 

0.603516 0.793732 
0.600586 0.793685 

0.504498 0.677734 
0.504845 0.675781 

0.504191 0.679688 
0.504498 0.677734 

0.518094 0.746094 
0.518555 0.746964 

0.519247 0.748047 
0.518555 0.746780 

0.519300 0.748047 
0.520558 0.750000 

0.519826 0.638672 
0.521079 0.636719 

0.518528 0.640625 
0.518555 0.640575 

0.518591 0.640625 
0.519746 0.638672 

0.614971 0.792969 
0.615234 0.792947 

0.543231 0.613281 
0.544922 0.612031 

0.685141 0.636719 
0.685547 0.637419 

0.509820 0.658203 
0.510517 0.656250 

0.509815 0.658203 
0.509766 0.658379 

0.647819 0.783203 
0.650391 0.782028 

0.644531 0.784694 
0.647461 0.783439 

0.647818 0.783203 
0.647461 0.783370 

0.547687 0.777344 
0.547852 0.777451 

0.550781 0.779272 
0.547852 0.777481 

0.564498 0.601562 
0.565430 0.601210 

0.568359 0.600100 
0.565430 0.601152 

0.682313 0.632812 
0.682617 0.633277 

0.683709 0.634766 
0.682617 0.633128 

0.685119 0.636719 
0.683794 0.634766 

0.503310 0.699219 
0.503443 0.701172 

0.503442 0.701172 
0.503614 0.703125 

0.573255 0.789062 
0.574219 0.789325 

0.703014 0.689453 
0.702902 0.687500 

0.703084 0.691406 
0.703014 0.689453 

0.534192 0.621094 
0.533203 0.622144 

0.564528 0.601562 
0.562500 0.602327 

0.668824 0.769531 
0.667969 0.770325 

0.540734 0.615234 
0.541992 0.614223 

0.543251 0.613281 
0.541992 0.614267 

0.540718 0.615234 
0.539062 0.616677 

0.594727 0.594187 
0.591797 0.594486 

0.597656 0.593953 
0.594727 0.594183 

0.609375 0.793520 
0.612305 0.793273 

0.615234 0.792969 
0.612305 0.793247 

0.703111 0.693359 
0.703084 0.691406 

0.703111 0.693359 
0.703095 0.695312 

0.702324 0.681641 
0.702057 0.679688 

0.702555 0.683594 
0.702324 0.681641 

0.688160 0.746094 
0.686978 0.748047 

0.686900 0.748047 
0.685694 0.750000 

0.525440 0.630859 
0.526949 0.628906 

0.523901 0.632812 
0.524414 0.632062 

0.525362 0.630859 
0.524414 0.632219 

0.632861 0.789062 
0.635742 0.788184 

0.635742 0.788117 
0.638672 0.787140 

0.503935 0.681641 
0.504180 0.679688 

0.503934 0.681641 
0.503906 0.681981 

0.503709 0.683594 
0.503905 0.681641 

0.513733 0.738281 
0.514742 0.740234 

0.514802 0.740234 
0.515625 0.741958 

0.571289 0.788413 
0.568359 0.787443 

0.573381 0.789062 
0.571289 0.788470 

0.672115 0.621094 
0.673828 0.622934 

0.670835 0.767578 
0.670898 0.767516 

0.672832 0.765625 
0.670953 0.767578 

0.670814 0.767578 
0.668842 0.769531 

0.670906 0.767578 
0.670898 0.767585 

0.526964 0.628906 
0.527344 0.628420 

0.505230 0.673828 
0.505658 0.671875 

0.504844 0.675781 
0.505231 0.673828 

0.615234 0.792934 
0.618164 0.792550 

0.618164 0.792534 
0.621094 0.792032 

0.577148 0.790178 
0.574219 0.789372 

0.580078 0.790920 
0.577148 0.790214 

0.511953 0.734375 
0.512695 0.736200 

0.512826 0.736328 
0.512695 0.735965 

0.512820 0.736328 
0.513698 0.738281 

0.638672 0.787071 
0.641602 0.785995 

0.643565 0.785156 
0.641602 0.785920 

0.702638 0.703125 
0.702429 0.705078 

0.702429 0.705078 
0.702178 0.707031 

0.506450 0.718750 
0.506836 0.720433 

0.506953 0.720703 
0.506836 0.720128 

0.506960 0.720703 
0.507495 0.722656 

0.509099 0.660156 
0.509751 0.658203 

0.507186 0.666016 
0.507748 0.664062 

0.506664 0.667969 
0.506836 0.667141 

0.507163 0.666016 
0.506836 0.667454 

0.538396 0.617188 
0.539062 0.616609 

0.521912 0.751953 
0.521484 0.751240 

0.521934 0.751953 
0.523288 0.753906 

0.702748 0.685547 
0.702555 0.683594 

0.702902 0.687500 
0.702749 0.685547 

0.576029 0.597656 
0.574219 0.598111 

0.643540 0.785156 
0.644531 0.784760 

0.641602 0.601576 
0.644531 0.602735 

0.603516 0.593754 
0.606445 0.593806 

0.606445 0.593806 
0.609375 0.593962 

0.657471 0.609375 
0.656250 0.608660 

0.583847 0.595703 
0.585938 0.595367 

0.583008 0.595911 
0.580078 0.596548 

0.584138 0.595703 
0.583008 0.595883 

0.600586 0.593806 
0.597656 0.593950 

0.603516 0.593755 
0.600586 0.593804 

0.651807 0.781250 
0.650391 0.781957 

0.580433 0.791016 
0.580078 0.790951 

0.580240 0.791016 
0.583008 0.791565 

0.585938 0.792168 
0.583008 0.791603 

0.679907 0.757812 
0.679688 0.758099 

0.569646 0.599609 
0.571289 0.599106 

0.574219 0.598153 
0.571289 0.599053 

0.569761 0.599609 
0.568359 0.600045 

0.516193 0.644531 
0.515625 0.645747 

0.655487 0.779297 
0.656250 0.778866 

0.651838 0.781250 
0.653320 0.780498 

0.655479 0.779297 
0.653320 0.780451 

0.575844 0.597656 
0.577148 0.597340 

0.580078 0.596570 
0.577148 0.597296 

0.532236 0.623047 
0.533203 0.622013 

0.530454 0.625000 
0.532202 0.623047 

0.686392 0.638672 
0.685547 0.637245 

0.687690 0.640625 
0.686453 0.638672 

0.506155 0.669922 
0.506643 0.667969 

0.505655 0.671875 
0.506133 0.669922 

0.565430 0.786287 
0.562500 0.785172 

0.567590 0.787109 
0.565430 0.786364 

0.567538 0.787109 
0.568359 0.787390 

