0.673771 0.656250 
0.673828 0.656053 

0.591797 0.520190 
0.594727 0.520568 

0.594727 0.520563 
0.597656 0.521021 

0.616377 0.712891 
0.618164 0.712271 

0.618164 0.712199 
0.621094 0.711062 

0.616444 0.712891 
0.615234 0.713305 

0.636339 0.703125 
0.638672 0.701571 

0.640803 0.539062 
0.641602 0.539684 

0.643290 0.541016 
0.641602 0.539637 

0.643282 0.541016 
0.644531 0.542105 

0.644173 0.697266 
0.644531 0.696955 

0.644180 0.697266 
0.641887 0.699219 

0.610835 0.714844 
0.609375 0.715243 

0.514056 0.544922 
0.515625 0.543457 

0.511948 0.546875 
0.512695 0.546138 

0.514018 0.544922 
0.512695 0.546236 

0.627978 0.531250 
0.629883 0.532186 

0.631691 0.533203 
0.629883 0.532244 

0.631723 0.533203 
0.632812 0.533805 

0.670832 0.576172 
0.669929 0.574219 

0.670846 0.576172 
0.670898 0.576317 

0.671724 0.578125 
0.670914 0.576172 

0.649734 0.546875 
0.650391 0.547558 

0.672088 0.660156 
0.671240 0.662109 

0.670330 0.664062 
0.670898 0.662697 

0.671228 0.662109 
0.670898 0.662957 

0.493519 0.667969 
0.494607 0.669922 

0.494639 0.669922 
0.495117 0.670875 

0.495733 0.671875 
0.495117 0.670677 

0.481795 0.632812 
0.482085 0.634766 

0.482085 0.634766 
0.482414 0.636719 

0.492456 0.666016 
0.492188 0.665368 

0.492452 0.666016 
0.493459 0.667969 

0.610684 0.714844 
0.612305 0.714390 

0.612305 0.714337 
0.615234 0.713358 

0.511211 0.691406 
0.512695 0.692930 

0.513246 0.693359 
0.512695 0.692818 

0.513251 0.693359 
0.515286 0.695312 

0.515326 0.695312 
0.515625 0.695577 

0.507467 0.687500 
0.509207 0.689453 

0.509236 0.689453 
0.509766 0.690015 

0.490900 0.576172 
0.491837 0.574219 

0.489937 0.578125 
0.490859 0.576172 

0.491503 0.664062 
0.492188 0.665611 

0.646413 0.695312 
0.644531 0.697046 

0.561549 0.521484 
0.562500 0.521331 

0.559570 0.521912 
0.556641 0.522600 

0.561793 0.521484 
0.559570 0.521883 

0.484114 0.644531 
0.484642 0.646484 

0.484640 0.646484 
0.485221 0.648438 

0.621215 0.710938 
0.621094 0.710989 

0.497523 0.564453 
0.498047 0.563544 

0.496278 0.566406 
0.497492 0.564453 

0.481039 0.625000 
0.481171 0.626953 

0.481171 0.626953 
0.481340 0.628906 

0.541992 0.527449 
0.539062 0.528621 

0.542091 0.527344 
0.541992 0.527381 

0.585938 0.519666 
0.588867 0.519880 

0.588867 0.519886 
0.591797 0.520189 

0.655284 0.552734 
0.653623 0.550781 

0.655335 0.552734 
0.656250 0.553907 

0.482411 0.636719 
0.482784 0.638672 

0.482797 0.638672 
0.483192 0.640625 

0.498771 0.562500 
0.498047 0.563726 

0.545130 0.712891 
0.544922 0.712821 

0.545096 0.712891 
0.547852 0.713801 

0.550781 0.714777 
0.547852 0.713869 

0.680380 0.628906 
0.680172 0.630859 

0.680171 0.630859 
0.679926 0.632812 

0.491867 0.574219 
0.492188 0.573460 

0.645590 0.542969 
0.644531 0.542031 

0.664719 0.673828 
0.665039 0.673231 

0.665887 0.671875 
0.665039 0.673406 

0.664696 0.673828 
0.663456 0.675781 

0.495775 0.671875 
0.496981 0.673828 

0.497049 0.673828 
0.498047 0.675517 

0.668812 0.572266 
0.667969 0.570523 

0.669877 0.574219 
0.668853 0.572266 

0.674197 0.583984 
0.673828 0.582811 

0.674910 0.585938 
0.674217 0.583984 

0.663372 0.675781 
0.662124 0.677734 

0.662112 0.677734 
0.662109 0.677738 

0.547428 0.525391 
0.547852 0.525252 

0.550781 0.524282 
0.547852 0.525195 

0.547460 0.525391 
0.544922 0.526234 

0.640828 0.539062 
0.638672 0.537480 

0.510070 0.548828 
0.511926 0.546875 

0.510063 0.548828 
0.509766 0.549146 

0.511156 0.691406 
0.509766 0.689904 

0.676494 0.648438 
0.675899 0.650391 

0.675884 0.650391 
0.675226 0.652344 

0.608083 0.523438 
0.609375 0.523755 

0.504706 0.554688 
0.503906 0.555771 

0.675229 0.652344 
0.674531 0.654297 

0.674490 0.654297 
0.673828 0.656249 

0.550788 0.714844 
0.553711 0.715638 

0.556641 0.716453 
0.553711 0.715685 

0.508187 0.550781 
0.509766 0.549008 

0.506370 0.552734 
0.506836 0.552183 

0.508114 0.550781 
0.506836 0.552308 

0.504754 0.554688 
0.506345 0.552734 

0.635084 0.535156 
0.632812 0.533839 

0.553645 0.523438 
0.550781 0.524226 

0.635077 0.535156 
0.635742 0.535565 

0.638122 0.537109 
0.635742 0.535566 

0.638099 0.537109 
0.638672 0.537505 

0.662041 0.677734 
0.662109 0.677623 

0.662030 0.677734 
0.660703 0.679688 

0.666616 0.568359 
0.665464 0.566406 

0.667773 0.570312 
0.666690 0.568359 

0.639270 0.701172 
0.641602 0.699382 

0.641854 0.699219 
0.641602 0.699416 

0.639242 0.701172 
0.638672 0.701573 

0.675606 0.587891 
0.674923 0.585938 

0.676251 0.589844 
0.675607 0.587891 

0.517581 0.697266 
0.515625 0.695505 

0.517605 0.697266 
0.518555 0.698049 

0.520052 0.699219 
0.518555 0.698002 

0.503149 0.556641 
0.503906 0.555607 

0.501647 0.558594 
0.503103 0.556641 

0.645603 0.542969 
0.647461 0.544746 

0.647756 0.544922 
0.647461 0.544647 

0.649725 0.546875 
0.647785 0.544922 

0.668244 0.667969 
0.667969 0.668559 

0.518615 0.541016 
0.521047 0.539062 

0.516268 0.542969 
0.518509 0.541016 

0.518610 0.541016 
0.518555 0.541060 

0.651685 0.548828 
0.650391 0.547438 

0.651752 0.548828 
0.653320 0.550590 

0.653598 0.550781 
0.653320 0.550475 

0.603516 0.522224 
0.606445 0.522950 

0.608280 0.523438 
0.606445 0.522990 

0.680680 0.625000 
0.680548 0.626953 

0.680549 0.626953 
0.680380 0.628906 

0.667167 0.669922 
0.667969 0.668334 

0.667109 0.669922 
0.665942 0.671875 

0.568667 0.718750 
0.571289 0.718990 

0.574219 0.719253 
0.571289 0.719009 

0.673758 0.656250 
0.673011 0.658203 

0.672969 0.658203 
0.672108 0.660156 

0.537659 0.529297 
0.539062 0.528687 

0.533553 0.531250 
0.536133 0.530033 

0.537656 0.529297 
0.536133 0.529964 

0.485228 0.648438 
0.485854 0.650391 

0.485896 0.650391 
0.486328 0.651914 

0.498307 0.675781 
0.499589 0.677734 

0.499673 0.677734 
0.500977 0.679682 

0.501080 0.679688 
0.500977 0.679529 

0.495054 0.568359 
0.495117 0.568233 

0.496204 0.566406 
0.495117 0.568349 

0.493986 0.570312 
0.495033 0.568359 

0.489598 0.660156 
0.490462 0.662109 

0.490492 0.662109 
0.491450 0.664062 

0.673479 0.582031 
0.673828 0.583121 

0.486522 0.652344 
0.486328 0.651599 

0.542085 0.527344 
0.544922 0.526312 

0.568991 0.718750 
0.568359 0.718696 

0.580078 0.719513 
0.583008 0.719500 

0.583008 0.719500 
0.585938 0.719387 

0.498300 0.675781 
0.498047 0.675334 

0.487468 0.583984 
0.488256 0.582031 

0.486756 0.585938 
0.487465 0.583984 

0.678510 0.640625 
0.678056 0.642578 

0.678055 0.642578 
0.677569 0.644531 

0.483210 0.640625 
0.483398 0.641712 

0.483626 0.642578 
0.483398 0.641325 

0.483639 0.642578 
0.484108 0.644531 

0.597656 0.718042 
0.600586 0.717490 

0.600586 0.717467 
0.603516 0.716878 

0.481339 0.628906 
0.481546 0.630859 

0.481546 0.630859 
0.481794 0.632812 

0.577148 0.719426 
0.574219 0.719257 

0.580078 0.719512 
0.577148 0.719429 

0.621094 0.528073 
0.624023 0.529291 

0.624022 0.529297 
0.624023 0.529298 

0.624023 0.529366 
0.626953 0.530685 

0.565430 0.718265 
0.562500 0.717753 

0.568359 0.718678 
0.565430 0.718278 

0.619379 0.527344 
0.621094 0.527997 

0.670283 0.664062 
0.669280 0.666016 

0.669238 0.666016 
0.668244 0.667969 

0.661502 0.560547 
0.660108 0.558594 

0.661537 0.560547 
0.662109 0.561472 

0.659129 0.681641 
0.659180 0.681569 

0.660610 0.679688 
0.659227 0.681641 

0.659123 0.681641 
0.657665 0.683594 

0.659206 0.681641 
0.659180 0.681676 

0.516267 0.542969 
0.515625 0.543542 

0.480972 0.615234 
0.481079 0.613281 

0.480905 0.617188 
0.480972 0.615234 

0.652472 0.689453 
0.653320 0.688470 

0.654274 0.687500 
0.653320 0.688615 

0.652440 0.689453 
0.650631 0.691406 

0.603592 0.716797 
0.606445 0.716136 

0.606445 0.716097 
0.609375 0.715287 

0.603672 0.716797 
0.603516 0.716829 

0.553611 0.523438 
0.553711 0.523412 

0.556641 0.522633 
0.553711 0.523356 

0.536040 0.708984 
0.533203 0.707644 

0.536024 0.708984 
0.536133 0.709037 

0.539062 0.710373 
0.536133 0.709100 

0.676288 0.589844 
0.676758 0.591614 

0.676848 0.591797 
0.676758 0.591385 

0.677356 0.593750 
0.676859 0.591797 

0.672620 0.580078 
0.671755 0.578125 

0.673450 0.582031 
0.672643 0.580078 

0.550861 0.714844 
0.550781 0.714823 

0.679631 0.634766 
0.679688 0.634238 

0.679628 0.634766 
0.679319 0.636719 

0.580078 0.519539 
0.583008 0.519552 

0.583008 0.519551 
0.585938 0.519665 

0.658535 0.556641 
0.657015 0.554688 

0.658575 0.556641 
0.659180 0.557508 

0.660043 0.558594 
0.659180 0.557351 

0.679306 0.636719 
0.678930 0.638672 

0.678929 0.638672 
0.678512 0.640625 

0.677561 0.644531 
0.677060 0.646484 

0.676514 0.648438 
0.676758 0.647372 

0.677041 0.646484 
0.676758 0.647732 

0.492853 0.572266 
0.493923 0.570312 

0.492814 0.572266 
0.492188 0.573665 

0.679909 0.632812 
0.679688 0.634624 

0.525546 0.703125 
0.527344 0.704265 

0.680832 0.621094 
0.680776 0.623047 

0.680775 0.623047 
0.680680 0.625000 

0.655964 0.685547 
0.656250 0.685180 

0.655950 0.685547 
0.654324 0.687500 

0.609375 0.523796 
0.612305 0.524694 

0.614369 0.525391 
0.612305 0.524749 

0.614266 0.525391 
0.615234 0.525694 

0.526773 0.535156 
0.527344 0.534799 

0.577148 0.519626 
0.574219 0.519802 

0.580078 0.519540 
0.577148 0.519624 

0.592655 0.718750 
0.594727 0.718525 

0.594727 0.718506 
0.597656 0.718046 

0.482215 0.603516 
0.482559 0.601562 

0.481910 0.605469 
0.482215 0.603516 

0.680847 0.619141 
0.680820 0.617188 

0.680847 0.619141 
0.680832 0.621094 

0.500211 0.560547 
0.500977 0.559374 

0.501605 0.558594 
0.500977 0.559551 

0.498828 0.562500 
0.500165 0.560547 

0.486730 0.585938 
0.486328 0.587347 

0.486530 0.652344 
0.487182 0.654297 

0.487191 0.654297 
0.487941 0.656250 

0.504106 0.683594 
0.503906 0.683322 

0.501086 0.679688 
0.502477 0.681641 

0.502560 0.681641 
0.503906 0.683478 

0.678786 0.599609 
0.678363 0.597656 

0.679164 0.601562 
0.678783 0.599609 

0.615234 0.525748 
0.618164 0.526810 

0.619415 0.527344 
0.618164 0.526869 

0.565430 0.520813 
0.562500 0.521296 

0.568359 0.520380 
0.565430 0.520795 

0.522701 0.701172 
0.521484 0.700277 

0.522684 0.701172 
0.524414 0.702378 

0.525542 0.703125 
0.524414 0.702373 

0.571289 0.520063 
0.568359 0.520389 

0.574219 0.519806 
0.571289 0.520062 

0.667789 0.570312 
0.667969 0.570712 

0.680061 0.607422 
0.679811 0.605469 

0.680300 0.609375 
0.680071 0.607422 

0.483849 0.595703 
0.484352 0.593750 

0.483376 0.597656 
0.483398 0.597520 

0.483407 0.597656 
0.483824 0.595703 

0.540280 0.710938 
0.541992 0.711609 

0.544922 0.712763 
0.541992 0.711678 

0.487959 0.656250 
0.488756 0.658203 

0.488799 0.658203 
0.489258 0.659486 

0.489593 0.660156 
0.489258 0.659194 

0.627957 0.531250 
0.626953 0.530755 

0.480878 0.619141 
0.480905 0.617188 

0.480877 0.619141 
0.480891 0.621094 

0.489101 0.580078 
0.489258 0.579618 

0.489905 0.578125 
0.489258 0.579806 

0.488299 0.582031 
0.489076 0.580078 

0.504114 0.683594 
0.505660 0.685547 

0.505720 0.685547 
0.506836 0.686923 

0.507441 0.687500 
0.506836 0.686768 

0.482974 0.599609 
0.483359 0.597656 

0.483403 0.597656 
0.483398 0.597685 

0.482556 0.601562 
0.482946 0.599609 

0.664193 0.564453 
0.662904 0.562500 

0.664255 0.564453 
0.665039 0.565838 

0.665456 0.566406 
0.665039 0.565636 

0.481228 0.611328 
0.481416 0.609375 

0.481079 0.613281 
0.481227 0.611328 

0.657576 0.683594 
0.656250 0.685321 

0.662856 0.562500 
0.662109 0.561294 

0.680489 0.611328 
0.680299 0.609375 

0.680641 0.613281 
0.680489 0.611328 

0.558189 0.716797 
0.556641 0.716484 

0.557933 0.716797 
0.559570 0.717119 

0.562500 0.717747 
0.559570 0.717159 

0.533547 0.531250 
0.533203 0.531424 

0.677891 0.595703 
0.677381 0.593750 

0.678363 0.597656 
0.677894 0.595703 

0.520055 0.699219 
0.521484 0.700307 

0.648588 0.693359 
0.650391 0.691503 

0.646431 0.695312 
0.647461 0.694328 

0.648561 0.693359 
0.647461 0.694426 

0.484879 0.591797 
0.485462 0.589844 

0.484352 0.593750 
0.484887 0.591797 

0.528657 0.705078 
0.527344 0.704289 

0.528683 0.705078 
0.530273 0.705995 

0.532137 0.707031 
0.530273 0.706041 

0.532159 0.707031 
0.533203 0.707579 

0.592977 0.718750 
0.591797 0.718862 

0.600303 0.521484 
0.597656 0.521056 

0.600054 0.521484 
0.600586 0.521564 

0.600586 0.521590 
0.603516 0.522201 

0.530031 0.533203 
0.530273 0.533065 

0.533203 0.531486 
0.530273 0.533011 

0.530037 0.533203 
0.527344 0.534759 

0.585938 0.719384 
0.588867 0.719173 

0.588867 0.719160 
0.591797 0.718884 

0.521079 0.539062 
0.521484 0.538761 

0.480891 0.621094 
0.480945 0.623047 

0.480946 0.623047 
0.481039 0.625000 

0.633062 0.705078 
0.635742 0.703521 

0.636327 0.703125 
0.635742 0.703494 

0.633067 0.705078 
0.632812 0.705224 

0.650598 0.691406 
0.650391 0.691614 

0.679505 0.603516 
0.679169 0.601562 

0.679520 0.603516 
0.679688 0.604855 

0.629578 0.707031 
0.626953 0.708300 

0.523809 0.537109 
0.524414 0.536696 

0.526760 0.535156 
0.524414 0.536684 

0.523779 0.537109 
0.521484 0.538783 

0.625610 0.708984 
0.626953 0.708365 

0.621219 0.710938 
0.624023 0.709769 

0.625593 0.708984 
0.624023 0.709695 

0.540305 0.710938 
0.539062 0.710440 

0.481645 0.607422 
0.481911 0.605469 

0.481417 0.609375 
0.481644 0.607422 

0.656973 0.554688 
0.656250 0.553755 

0.486110 0.587891 
0.486328 0.587062 

0.485486 0.589844 
0.486086 0.587891 

0.679800 0.605469 
0.679688 0.604476 

0.680751 0.615234 
0.680641 0.613281 

0.680820 0.617188 
0.680751 0.615234 

0.629564 0.707031 
0.629883 0.706866 

0.629883 0.706816 
0.632812 0.705274 

