0.568359 0.676554 
0.571289 0.676500 

0.571289 0.676500 
0.574219 0.676348 

0.487310 0.517578 
0.488703 0.515625 

0.487231 0.517578 
0.486328 0.519006 

0.650022 0.519531 
0.650391 0.520163 

0.660885 0.613281 
0.660083 0.615234 

0.660057 0.615234 
0.659292 0.617188 

0.651279 0.521484 
0.650391 0.519996 

0.652583 0.523438 
0.651344 0.521484 

0.661337 0.541016 
0.660562 0.539062 

0.662044 0.542969 
0.661374 0.541016 

0.647182 0.515625 
0.647461 0.516048 

0.648589 0.517578 
0.647461 0.515899 

0.650002 0.519531 
0.648676 0.517578 

0.540724 0.480469 
0.539062 0.480885 

0.485421 0.632812 
0.486328 0.634287 

0.565430 0.676507 
0.562500 0.676373 

0.568359 0.676553 
0.565430 0.676509 

0.468080 0.572266 
0.468186 0.570312 

0.468013 0.574219 
0.468080 0.572266 

0.540533 0.480469 
0.541992 0.480113 

0.544922 0.479341 
0.541992 0.480069 

0.645637 0.513672 
0.644531 0.512184 

0.647170 0.515625 
0.645724 0.513672 

0.537961 0.671875 
0.539062 0.672177 

0.468763 0.564453 
0.469001 0.562500 

0.468763 0.564453 
0.468750 0.564618 

0.482208 0.525391 
0.483313 0.523438 

0.481022 0.527344 
0.482137 0.525391 

0.471253 0.601562 
0.471680 0.603387 

0.471760 0.603516 
0.471680 0.603115 

0.471766 0.603516 
0.472295 0.605469 

0.472320 0.605469 
0.472938 0.607422 

0.472932 0.607422 
0.473601 0.609375 

0.480613 0.625000 
0.481653 0.626953 

0.481718 0.626953 
0.482858 0.628906 

0.520802 0.488281 
0.521484 0.487933 

0.627839 0.496094 
0.626953 0.495436 

0.467986 0.576172 
0.468013 0.574219 

0.467986 0.576172 
0.467999 0.578125 

0.646336 0.638672 
0.647461 0.637052 

0.647793 0.636719 
0.647461 0.637210 

0.646254 0.638672 
0.644777 0.640625 

0.488181 0.636719 
0.489258 0.638282 

0.489642 0.638672 
0.489258 0.638110 

0.489659 0.638672 
0.491145 0.640625 

0.545088 0.673828 
0.544922 0.673798 

0.547852 0.674413 
0.544922 0.673828 

0.550781 0.675013 
0.547852 0.674450 

0.517206 0.490234 
0.518555 0.489481 

0.520808 0.488281 
0.518555 0.489425 

0.517177 0.490234 
0.515625 0.491129 

0.480995 0.527344 
0.480469 0.528475 

0.635580 0.650391 
0.635742 0.650234 

0.637607 0.648438 
0.635742 0.650348 

0.635567 0.650391 
0.633542 0.652344 

0.467999 0.578125 
0.468052 0.580078 

0.468053 0.580078 
0.468145 0.582031 

0.491202 0.640625 
0.492188 0.641919 

0.548502 0.478516 
0.550781 0.478146 

0.547852 0.478690 
0.544922 0.479320 

0.548783 0.478516 
0.547852 0.478662 

0.485912 0.519531 
0.486328 0.518851 

0.541992 0.673033 
0.539062 0.672224 

0.544922 0.673767 
0.541992 0.673069 

0.486729 0.634766 
0.486328 0.634103 

0.486748 0.634766 
0.488109 0.636719 

0.591797 0.673596 
0.594727 0.672846 

0.594727 0.672805 
0.597656 0.671995 

0.655985 0.529297 
0.654945 0.527344 

0.656005 0.529297 
0.656250 0.529874 

0.662361 0.609375 
0.662109 0.610277 

0.662058 0.542969 
0.662109 0.543170 

0.632574 0.500000 
0.632812 0.500212 

0.633522 0.652344 
0.632812 0.652980 

0.524696 0.486328 
0.527344 0.485220 

0.524414 0.486522 
0.521484 0.487873 

0.524694 0.486328 
0.524414 0.486453 

0.476186 0.537109 
0.477048 0.535156 

0.475340 0.539062 
0.476164 0.537109 

0.661696 0.611328 
0.662109 0.609965 

0.661657 0.611328 
0.660899 0.613281 

0.637648 0.648438 
0.638672 0.647331 

0.468333 0.568359 
0.468521 0.566406 

0.468186 0.570312 
0.468333 0.568359 

0.649248 0.634766 
0.650391 0.632966 

0.649162 0.634766 
0.647805 0.636719 

0.470041 0.556641 
0.470468 0.554688 

0.469657 0.558594 
0.470041 0.556641 

0.473626 0.609375 
0.474308 0.611328 

0.474334 0.611328 
0.474609 0.612253 

0.662701 0.544922 
0.662109 0.542972 

0.663369 0.546875 
0.662739 0.544922 

0.650578 0.632812 
0.650391 0.633125 

0.504811 0.654297 
0.503906 0.653519 

0.504797 0.654297 
0.506836 0.655984 

0.507259 0.656250 
0.506836 0.655919 

0.622091 0.492188 
0.624023 0.493407 

0.625110 0.494141 
0.624023 0.493413 

0.625116 0.494141 
0.626953 0.495456 

0.643145 0.642578 
0.644531 0.640794 

0.641345 0.644531 
0.641602 0.644227 

0.643062 0.642578 
0.641602 0.644363 

0.667603 0.568359 
0.667415 0.566406 

0.667752 0.570312 
0.667603 0.568359 

0.513951 0.492188 
0.515625 0.491162 

0.580078 0.675766 
0.583008 0.675390 

0.583008 0.675373 
0.585938 0.674874 

0.627856 0.496094 
0.629883 0.497736 

0.630331 0.498047 
0.629883 0.497683 

0.632572 0.500000 
0.630359 0.498047 

0.655407 0.625000 
0.656250 0.623264 

0.580028 0.675781 
0.580078 0.675777 

0.656966 0.531250 
0.656250 0.529658 

0.608437 0.667969 
0.609375 0.667587 

0.502501 0.652344 
0.503906 0.653590 

0.580079 0.675781 
0.580078 0.675781 

0.509881 0.658203 
0.509766 0.658121 

0.509868 0.658203 
0.512695 0.660146 

0.512716 0.660156 
0.512695 0.660143 

0.477954 0.533203 
0.478900 0.531250 

0.477087 0.535156 
0.477539 0.533986 

0.477946 0.533203 
0.477539 0.534262 

0.595223 0.480469 
0.597656 0.481122 

0.473167 0.544922 
0.473849 0.542969 

0.472552 0.546875 
0.473171 0.544922 

0.574219 0.676344 
0.577148 0.676100 

0.577148 0.676077 
0.580078 0.675798 

0.476746 0.617188 
0.477539 0.619113 

0.477627 0.619141 
0.477539 0.618896 

0.477621 0.619141 
0.478490 0.621094 

0.667958 0.576172 
0.667931 0.574219 

0.667958 0.576172 
0.667943 0.578125 

0.507249 0.656250 
0.509766 0.658157 

0.657363 0.621094 
0.656439 0.623047 

0.656436 0.623047 
0.656250 0.623475 

0.498375 0.648438 
0.500304 0.650391 

0.500325 0.650391 
0.500977 0.651005 

0.502473 0.652344 
0.500977 0.650917 

0.590760 0.673828 
0.591797 0.673627 

0.585938 0.674871 
0.588867 0.674289 

0.591013 0.673828 
0.588867 0.674251 

0.597656 0.481177 
0.600586 0.482101 

0.601421 0.482422 
0.600586 0.482152 

0.601354 0.482422 
0.603516 0.483134 

0.615147 0.488281 
0.615234 0.488325 

0.603516 0.483208 
0.606445 0.484289 

0.606476 0.484375 
0.606445 0.484363 

0.475022 0.613281 
0.474609 0.611966 

0.479989 0.529297 
0.480469 0.528249 

0.478948 0.531250 
0.479956 0.529297 

0.468741 0.564453 
0.468750 0.564353 

0.468537 0.566406 
0.468733 0.564453 

0.468145 0.582031 
0.468275 0.583984 

0.468274 0.583984 
0.468444 0.585938 

0.484625 0.521484 
0.485887 0.519531 

0.483330 0.523438 
0.483398 0.523311 

0.484545 0.521484 
0.483398 0.523429 

0.482892 0.628906 
0.483398 0.629856 

0.484051 0.630859 
0.483398 0.629664 

0.484098 0.630859 
0.485361 0.632812 

0.634754 0.501953 
0.632812 0.500111 

0.634776 0.501953 
0.635742 0.502905 

0.636848 0.503906 
0.635742 0.502799 

0.553711 0.477643 
0.550781 0.478110 

0.556641 0.477264 
0.553711 0.477640 

0.498370 0.648438 
0.498047 0.648107 

0.553711 0.675484 
0.550781 0.675010 

0.556082 0.675781 
0.553711 0.675510 

0.631261 0.654297 
0.632812 0.652896 

0.628825 0.656250 
0.629883 0.655392 

0.631257 0.654297 
0.629883 0.655448 

0.568448 0.476562 
0.568359 0.476562 

0.501239 0.501953 
0.503344 0.500000 

0.499137 0.503906 
0.500977 0.502077 

0.501238 0.501953 
0.500977 0.502197 

0.644078 0.511719 
0.644531 0.512325 

0.469515 0.593750 
0.469881 0.595703 

0.469882 0.595703 
0.470287 0.597656 

0.492817 0.642578 
0.492188 0.641760 

0.492850 0.642578 
0.494502 0.644531 

0.468452 0.585938 
0.468648 0.587891 

0.468657 0.587891 
0.468750 0.588908 

0.568315 0.476562 
0.568359 0.476562 

0.652632 0.523438 
0.653320 0.524733 

0.653771 0.525391 
0.653320 0.524509 

0.654880 0.527344 
0.653780 0.525391 

0.603516 0.669920 
0.606445 0.668838 

0.608456 0.667969 
0.606445 0.668761 

0.523130 0.666016 
0.521484 0.665246 

0.523147 0.666016 
0.524414 0.666605 

0.527344 0.667911 
0.524414 0.666672 

0.490276 0.513672 
0.491797 0.511719 

0.488724 0.515625 
0.489258 0.514853 

0.490200 0.513672 
0.489258 0.515012 

0.638833 0.505859 
0.638672 0.505693 

0.640625 0.507812 
0.638867 0.505859 

0.597842 0.671875 
0.600586 0.671043 

0.600586 0.670975 
0.603516 0.669988 

0.644760 0.640625 
0.644531 0.640920 

0.574219 0.476770 
0.577148 0.477020 

0.577148 0.477026 
0.580078 0.477357 

0.591797 0.479539 
0.594727 0.480271 

0.595329 0.480469 
0.594727 0.480318 

0.641330 0.644531 
0.639609 0.646484 

0.639576 0.646484 
0.638672 0.647464 

0.628845 0.656250 
0.626953 0.657699 

0.534393 0.482422 
0.536133 0.481883 

0.539062 0.480926 
0.536133 0.481829 

0.534504 0.482422 
0.533203 0.482830 

0.519269 0.664062 
0.521484 0.665184 

0.469315 0.560547 
0.469658 0.558594 

0.469012 0.562500 
0.469314 0.560547 

0.493544 0.509766 
0.495117 0.507907 

0.495326 0.507812 
0.495117 0.508049 

0.493465 0.509766 
0.492188 0.511378 

0.510984 0.494141 
0.512695 0.492991 

0.513936 0.492188 
0.512695 0.492984 

0.510994 0.494141 
0.509766 0.495009 

0.468888 0.589844 
0.468750 0.588502 

0.536133 0.671264 
0.533203 0.670286 

0.538095 0.671875 
0.536133 0.671319 

0.612649 0.666016 
0.615234 0.664811 

0.609375 0.667521 
0.612305 0.666248 

0.612650 0.666016 
0.612305 0.666180 

0.515814 0.662109 
0.515625 0.661996 

0.515800 0.662109 
0.518555 0.663643 

0.519245 0.664062 
0.518555 0.663692 

0.658404 0.619141 
0.659180 0.617278 

0.659281 0.617188 
0.659180 0.617472 

0.658350 0.619141 
0.657393 0.621094 

0.503369 0.500000 
0.503906 0.499539 

0.497130 0.505859 
0.498047 0.504893 

0.495336 0.507812 
0.497101 0.505859 

0.636882 0.503906 
0.638672 0.505802 

0.667862 0.572266 
0.667752 0.570312 

0.667930 0.574219 
0.667862 0.572266 

0.663610 0.605469 
0.663003 0.607422 

0.662986 0.607422 
0.662373 0.609375 

0.587402 0.478516 
0.585938 0.478280 

0.587115 0.478516 
0.588867 0.478814 

0.588867 0.478841 
0.591797 0.479511 

0.667041 0.589844 
0.666752 0.591797 

0.666752 0.591797 
0.666422 0.593750 

0.559570 0.676145 
0.556641 0.675878 

0.562500 0.676370 
0.559570 0.676155 

0.478525 0.621094 
0.479533 0.623047 

0.479595 0.623047 
0.480469 0.624859 

0.475043 0.613281 
0.475820 0.615234 

0.475831 0.615234 
0.476691 0.617188 

0.667495 0.585938 
0.667288 0.587891 

0.667289 0.587891 
0.667042 0.589844 

0.555807 0.675781 
0.556641 0.675860 

0.468900 0.589844 
0.469184 0.591797 

0.469187 0.591797 
0.469516 0.593750 

0.611052 0.486328 
0.609375 0.485604 

0.611058 0.486328 
0.612305 0.486879 

0.615170 0.488281 
0.612305 0.486946 

0.667188 0.564453 
0.666924 0.562500 

0.667414 0.566406 
0.667188 0.564453 

0.515625 0.661968 
0.512695 0.660157 

0.568423 0.476562 
0.571289 0.476615 

0.571289 0.476615 
0.574219 0.476768 

0.666621 0.560547 
0.666280 0.558594 

0.666924 0.562500 
0.666621 0.560547 

0.663956 0.548828 
0.663369 0.546875 

0.664505 0.550781 
0.663954 0.548828 

0.491813 0.511719 
0.492188 0.511246 

0.657967 0.533203 
0.657003 0.531250 

0.658892 0.535156 
0.658003 0.533203 

0.606485 0.484375 
0.609375 0.485529 

0.470285 0.597656 
0.470728 0.599609 

0.470725 0.599609 
0.471215 0.601562 

0.640671 0.507812 
0.641602 0.508929 

0.642420 0.509766 
0.641602 0.508780 

0.644052 0.511719 
0.642461 0.509766 

0.470961 0.552734 
0.471452 0.550781 

0.470465 0.554688 
0.470941 0.552734 

0.474625 0.541016 
0.475314 0.539062 

0.474618 0.541016 
0.474609 0.541047 

0.658916 0.535156 
0.659180 0.535900 

0.659724 0.537109 
0.659180 0.535642 

0.660558 0.539062 
0.659760 0.537109 

0.626215 0.658203 
0.626953 0.657666 

0.623339 0.660156 
0.624023 0.659712 

0.626238 0.658203 
0.624023 0.659722 

0.622080 0.492188 
0.621094 0.491590 

0.559570 0.476976 
0.556641 0.477273 

0.562500 0.476748 
0.559570 0.476972 

0.665903 0.556641 
0.665484 0.554688 

0.666281 0.558594 
0.665902 0.556641 

0.471991 0.548828 
0.472549 0.546875 

0.471473 0.550781 
0.471680 0.549801 

0.471972 0.548828 
0.471680 0.550140 

0.616561 0.664062 
0.615234 0.664742 

0.666423 0.593750 
0.666051 0.595703 

0.666050 0.595703 
0.665634 0.597656 

0.667943 0.578125 
0.667887 0.580078 

0.667887 0.580078 
0.667793 0.582031 

0.597869 0.671875 
0.597656 0.671937 

0.499106 0.503906 
0.498047 0.505018 

0.664704 0.601562 
0.664180 0.603516 

0.664176 0.603516 
0.663609 0.605469 

0.667793 0.582031 
0.667662 0.583984 

0.667662 0.583984 
0.667494 0.585938 

0.505731 0.498047 
0.506836 0.497168 

0.508266 0.496094 
0.506836 0.497207 

0.505711 0.498047 
0.503906 0.499606 

0.480622 0.625000 
0.480469 0.624650 

0.620149 0.662109 
0.621094 0.661559 

0.616593 0.664062 
0.618164 0.663244 

0.620135 0.662109 
0.618164 0.663202 

0.494534 0.644531 
0.495117 0.645191 

0.496353 0.646484 
0.495117 0.645073 

0.496420 0.646484 
0.498047 0.648237 

0.665000 0.552734 
0.664533 0.550781 

0.665007 0.552734 
0.665039 0.552922 

0.665457 0.554688 
0.665052 0.552734 

0.530273 0.669116 
0.527344 0.667983 

0.532359 0.669922 
0.530273 0.669193 

0.532307 0.669922 
0.533203 0.670232 

0.615234 0.488385 
0.618164 0.489868 

0.618728 0.490234 
0.618164 0.489922 

0.618725 0.490234 
0.621094 0.491554 

0.580078 0.477355 
0.583008 0.477761 

0.583008 0.477764 
0.585938 0.478242 

0.529341 0.484375 
0.527344 0.485141 

0.529315 0.484375 
0.530273 0.484006 

0.533203 0.482884 
0.530273 0.483948 

0.474580 0.541016 
0.474609 0.540916 

0.473896 0.542969 
0.474557 0.541016 

0.565430 0.476607 
0.562500 0.476745 

0.568328 0.476562 
0.565430 0.476606 

0.508258 0.496094 
0.509766 0.494987 

0.623353 0.660156 
0.621094 0.661539 

0.665616 0.597656 
0.665196 0.599609 

0.664733 0.601562 
0.665039 0.600084 

0.665184 0.599609 
0.665039 0.600401 

0.653053 0.628906 
0.651874 0.630859 

0.651794 0.630859 
0.650579 0.632812 

0.655348 0.625000 
0.654235 0.626953 

0.653075 0.628906 
0.653320 0.628416 

0.654186 0.626953 
0.653320 0.628593 

