0.699998 0.750977 5
0.699979 0.752931 5
0.69994 0.754885 5
0.699883 0.756839 5
0.699807 0.758792 5
0.699711 0.760744 5
0.699597 0.762695 5
0.699463 0.764644 5
0.699311 0.766593 5
0.699139 0.76854 5
0.698948 0.770485 5
0.698739 0.772428 5
0.69851 0.774368 5
0.698262 0.776307 5
0.697996 0.778243 5
0.69771 0.780176 5
0.697406 0.782107 5
0.697083 0.784034 5
0.696741 0.785959 5
0.69638 0.787879 5
0.696001 0.789796 5
0.695602 0.79171 5
0.695185 0.793619 5
0.69475 0.795524 5
0.694296 0.797425 5
0.693823 0.799321 5
0.693332 0.801213 5
0.692822 0.8031 5
0.692294 0.804981 5
0.691748 0.806858 5
0.691183 0.808729 5
0.6906 0.810594 5
0.689999 0.812454 5
0.68938 0.814307 5
0.688742 0.816155 5
0.688087 0.817996 5
0.687413 0.81983 5
0.686722 0.821658 5
0.686013 0.823479 5
0.685286 0.825294 5
0.684541 0.827101 5
0.683779 0.8289 5
0.682999 0.830692 5
0.682202 0.832476 5
0.681388 0.834253 5
0.680556 0.836021 5
0.679706 0.837781 5
0.67884 0.839533 5
0.677957 0.841277 5
0.677056 0.843011 5
0.676139 0.844737 5
0.675205 0.846453 5
0.674254 0.848161 5
0.673287 0.849859 5
0.672302 0.851547 5
0.671302 0.853226 5
0.670285 0.854895 5
0.669252 0.856554 5
0.668203 0.858203 5
0.667137 0.859841 5
0.666056 0.861469 5
0.664959 0.863086 5
0.663846 0.864693 5
0.662717 0.866289 5
0.661573 0.867873 5
0.660414 0.869446 5
0.659239 0.871008 5
0.658049 0.872558 5
0.656844 0.874097 5
0.655624 0.875623 5
0.654389 0.877138 5
0.653139 0.878641 5
0.651875 0.880131 5
0.650596 0.881609 5
0.649303 0.883074 5
0.647995 0.884527 5
0.646674 0.885966 5
0.645338 0.887393 5
0.643989 0.888807 5
0.642625 0.890207 5
0.641249 0.891594 5
0.639858 0.892967 5
0.638455 0.894327 5
0.637038 0.895673 5
0.635608 0.897005 5
0.634165 0.898323 5
0.632709 0.899627 5
0.631241 0.900917 5
0.62976 0.902192 5
0.628266 0.903453 5
0.626761 0.904699 5
0.625243 0.90593 5
0.623713 0.907146 5
0.622172 0.908348 5
0.620619 0.909534 5
0.619054 0.910705 5
0.617478 0.911861 5
0.615891 0.913001 5
0.614293 0.914126 5
0.612683 0.915235 5
0.611063 0.916328 5
0.609433 0.917405 5
0.607792 0.918466 5
0.60614 0.919512 5
0.604479 0.920541 5
0.602808 0.921553 5
0.601126 0.92255 5
0.599435 0.92353 5
0.597735 0.924493 5
0.596025 0.92544 5
0.594306 0.92637 5
0.592579 0.927283 5
0.590842 0.928179 5
0.589096 0.929058 5
0.587342 0.92992 5
0.58558 0.930765 5
0.58381 0.931593 5
0.582031 0.932403 5
0.580245 0.933196 5
0.578451 0.933971 5
0.57665 0.934729 5
0.574841 0.935469 5
0.573025 0.936192 5
0.571202 0.936896 5
0.569373 0.937583 5
0.567536 0.938252 5
0.565694 0.938903 5
0.563845 0.939536 5
0.561989 0.940151 5
0.560128 0.940747 5
0.558262 0.941326 5
0.556389 0.941886 5
0.554512 0.942428 5
0.552629 0.942951 5
0.550741 0.943456 5
0.548848 0.943943 5
0.546951 0.944411 5
0.545049 0.944861 5
0.543142 0.945291 5
0.541232 0.945704 5
0.539318 0.946097 5
0.5374 0.946472 5
0.535478 0.946828 5
0.533553 0.947165 5
0.531625 0.947484 5
0.529694 0.947783 5
0.52776 0.948064 5
0.525823 0.948326 5
0.523884 0.948569 5
0.521942 0.948793 5
0.519999 0.948998 5
0.518053 0.949184 5
0.516106 0.94935 5
0.514157 0.949498 5
0.512207 0.949627 5
0.510256 0.949737 5
0.508304 0.949828 5
0.506351 0.949899 5
0.504397 0.949952 5
0.502443 0.949985 5
0.500489 0.949999 5
0.498535 0.949995 5
0.49658 0.949971 5
0.494626 0.949928 5
0.492673 0.949866 5
0.490721 0.949785 5
0.488769 0.949684 5
0.486818 0.949565 5
0.484869 0.949427 5
0.482921 0.949269 5
0.480974 0.949093 5
0.47903 0.948898 5
0.477087 0.948683 5
0.475147 0.94845 5
0.473209 0.948197 5
0.471274 0.947926 5
0.469341 0.947636 5
0.467411 0.947327 5
0.465485 0.946999 5
0.463561 0.946653 5
0.461641 0.946287 5
0.459725 0.945903 5
0.457813 0.9455 5
0.455904 0.945078 5
0.454 0.944638 5
0.452101 0.944179 5
0.450206 0.943702 5
0.448315 0.943206 5
0.44643 0.942692 5
0.444549 0.942159 5
0.442674 0.941608 5
0.440805 0.941039 5
0.438941 0.940452 5
0.437083 0.939846 5
0.435231 0.939222 5
0.433385 0.93858 5
0.431545 0.93792 5
0.429712 0.937242 5
0.427886 0.936546 5
0.426067 0.935833 5
0.424254 0.935102 5
0.422449 0.934353 5
0.420651 0.933586 5
0.418861 0.932802 5
0.417079 0.932 5
0.415304 0.931181 5
0.413538 0.930345 5
0.41178 0.929492 5
0.41003 0.928621 5
0.408289 0.927733 5
0.406557 0.926829 5
0.404833 0.925907 5
0.403119 0.924969 5
0.401414 0.924014 5
0.399718 0.923042 5
0.398032 0.922054 5
0.396356 0.921049 5
0.394689 0.920028 5
0.393033 0.918991 5
0.391387 0.917938 5
0.389751 0.916869 5
0.388126 0.915783 5
0.386511 0.914682 5
0.384907 0.913566 5
0.383315 0.912433 5
0.381733 0.911285 5
0.380163 0.910122 5
0.378604 0.908943 5
0.377056 0.907749 5
0.375521 0.90654 5
0.373997 0.905317 5
0.372485 0.904078 5
0.370986 0.902825 5
0.369499 0.901557 5
0.368024 0.900274 5
0.366562 0.898977 5
0.365113 0.897666 5
0.363676 0.896341 5
0.362253 0.895002 5
0.360842 0.893649 5
0.359445 0.892283 5
0.358062 0.890902 5
0.356692 0.889509 5
0.355335 0.888102 5
0.353993 0.886682 5
0.352664 0.885248 5
0.35135 0.883802 5
0.350049 0.882343 5
0.348763 0.880872 5
0.347492 0.879388 5
0.346234 0.877891 5
0.344992 0.876383 5
0.343765 0.874862 5
0.342552 0.873329 5
0.341354 0.871785 5
0.340172 0.870229 5
0.339005 0.868661 5
0.337853 0.867083 5
0.336717 0.865493 5
0.335596 0.863892 5
0.334491 0.86228 5
0.333402 0.860657 5
0.332328 0.859024 5
0.331271 0.85738 5
0.33023 0.855726 5
0.329205 0.854062 5
0.328196 0.852388 5
0.327204 0.850705 5
0.326228 0.849011 5
0.325269 0.847309 5
0.324326 0.845597 5
0.3234 0.843876 5
0.322492 0.842145 5
0.3216 0.840406 5
0.320725 0.838659 5
0.319867 0.836903 5
0.319026 0.835139 5
0.318203 0.833366 5
0.317397 0.831586 5
0.316609 0.829798 5
0.315838 0.828002 5
0.315084 0.826198 5
0.314349 0.824388 5
0.313631 0.82257 5
0.31293 0.820746 5
0.312248 0.818914 5
0.311584 0.817076 5
0.310937 0.815232 5
0.310309 0.813382 5
0.309698 0.811525 5
0.309106 0.809663 5
0.308532 0.807794 5
0.307977 0.805921 5
0.30744 0.804042 5
0.306921 0.802157 5
0.30642 0.800268 5
0.305938 0.798374 5
0.305475 0.796476 5
0.30503 0.794573 5
0.304604 0.792665 5
0.304196 0.790754 5
0.303807 0.788839 5
0.303437 0.78692 5
0.303086 0.784997 5
0.302753 0.783072 5
0.30244 0.781143 5
0.302145 0.779211 5
0.301869 0.777276 5
0.301612 0.775339 5
0.301373 0.773399 5
0.301154 0.771457 5
0.300954 0.769513 5
0.300773 0.767567 5
0.300611 0.765619 5
0.300468 0.76367 5
0.300344 0.76172 5
0.300239 0.759768 5
0.300153 0.757816 5
0.300086 0.755863 5
0.300038 0.753909 5
0.30001 0.751955 5
0.3 0.750001 5
0.30001 0.748046 5
0.300038 0.746092 5
0.300086 0.744138 5
0.300153 0.742185 5
0.300239 0.740233 5
0.300344 0.738281 5
0.300468 0.736331 5
0.300611 0.734382 5
0.300773 0.732434 5
0.300954 0.730488 5
0.301154 0.728544 5
0.301373 0.726602 5
0.301611 0.724662 5
0.301869 0.722725 5
0.302144 0.72079 5
0.302439 0.718858 5
0.302753 0.716929 5
0.303086 0.715004 5
0.303437 0.713081 5
0.303807 0.711162 5
0.304196 0.709247 5
0.304604 0.707336 5
0.30503 0.705428 5
0.305475 0.703525 5
0.305938 0.701627 5
0.30642 0.699733 5
0.30692 0.697844 5
0.307439 0.695959 5
0.307977 0.69408 5
0.308532 0.692207 5
0.309106 0.690338 5
0.309698 0.688476 5
0.310308 0.686619 5
0.310937 0.684769 5
0.311583 0.682925 5
0.312248 0.681087 5
0.31293 0.679255 5
0.31363 0.677431 5
0.314348 0.675613 5
0.315084 0.673803 5
0.315837 0.671999 5
0.316608 0.670203 5
0.317397 0.668415 5
0.318203 0.666635 5
0.319026 0.664862 5
0.319867 0.663098 5
0.320724 0.661342 5
0.321599 0.659594 5
0.322491 0.657856 5
0.3234 0.656125 5
0.324326 0.654404 5
0.325268 0.652692 5
0.326227 0.650989 5
0.327203 0.649296 5
0.328195 0.647612 5
0.329204 0.645939 5
0.330229 0.644275 5
0.33127 0.642621 5
0.332328 0.640977 5
0.333401 0.639344 5
0.33449 0.637721 5
0.335595 0.636109 5
0.336716 0.634508 5
0.337852 0.632918 5
0.339004 0.631339 5
0.340171 0.629772 5
0.341354 0.628216 5
0.342551 0.626672 5
0.343764 0.625139 5
0.344991 0.623618 5
0.346234 0.62211 5
0.347491 0.620613 5
0.348762 0.619129 5
0.350048 0.617658 5
0.351349 0.616199 5
0.352663 0.614752 5
0.353992 0.613319 5
0.355334 0.611899 5
0.356691 0.610492 5
0.358061 0.609098 5
0.359445 0.607718 5
0.360842 0.606351 5
0.362252 0.604998 5
0.363675 0.603659 5
0.365112 0.602334 5
0.366561 0.601023 5
0.368023 0.599726 5
0.369498 0.598444 5
0.370985 0.597176 5
0.372485 0.595923 5
0.373996 0.594684 5
0.37552 0.59346 5
0.377055 0.592251 5
0.378603 0.591057 5
0.380162 0.589879 5
0.381732 0.588715 5
0.383314 0.587568 5
0.384906 0.586435 5
0.38651 0.585318 5
0.388125 0.584217 5
0.38975 0.583132 5
0.391386 0.582063 5
0.393032 0.581009 5
0.394689 0.579972 5
0.396355 0.578951 5
0.398031 0.577947 5
0.399717 0.576958 5
0.401413 0.575987 5
0.403118 0.575032 5
0.404833 0.574093 5
0.406556 0.573172 5
0.408288 0.572267 5
0.410029 0.571379 5
0.411779 0.570509 5
0.413537 0.569655 5
0.415304 0.568819 5
0.417078 0.568 5
0.41886 0.567199 5
0.42065 0.566414 5
0.422448 0.565648 5
0.424253 0.564899 5
0.426066 0.564168 5
0.427885 0.563454 5
0.429711 0.562758 5
0.431544 0.56208 5
0.433384 0.56142 5
0.43523 0.560778 5
0.437082 0.560155 5
0.43894 0.559549 5
0.440804 0.558961 5
0.442673 0.558392 5
0.444548 0.557841 5
0.446429 0.557308 5
0.448314 0.556794 5
0.450205 0.556298 5
0.4521 0.555821 5
0.453999 0.555362 5
0.455903 0.554922 5
0.457812 0.5545 5
0.459724 0.554097 5
0.46164 0.553713 5
0.46356 0.553348 5
0.465483 0.553001 5
0.46741 0.552673 5
0.46934 0.552364 5
0.471273 0.552074 5
0.473208 0.551803 5
0.475146 0.55155 5
0.477086 0.551317 5
0.479029 0.551103 5
0.480973 0.550907 5
0.48292 0.550731 5
0.484868 0.550573 5
0.486817 0.550435 5
0.488768 0.550316 5
0.490719 0.550215 5
0.492672 0.550134 5
0.494625 0.550072 5
0.496579 0.550029 5
0.498533 0.550005 5
0.500488 0.550001 5
0.502442 0.550015 5
0.504396 0.550048 5
0.50635 0.550101 5
0.508303 0.550172 5
0.510255 0.550263 5
0.512206 0.550373 5
0.514156 0.550502 5
0.516105 0.550649 5
0.518052 0.550816 5
0.519998 0.551002 5
0.521941 0.551207 5
0.523883 0.551431 5
0.525822 0.551674 5
0.527759 0.551936 5
0.529693 0.552216 5
0.531624 0.552516 5
0.533552 0.552834 5
0.535477 0.553172 5
0.537399 0.553528 5
0.539317 0.553903 5
0.541231 0.554296 5
0.543141 0.554708 5
0.545048 0.555139 5
0.54695 0.555589 5
0.548847 0.556057 5
0.55074 0.556543 5
0.552628 0.557048 5
0.554511 0.557572 5
0.556388 0.558114 5
0.558261 0.558674 5
0.560127 0.559252 5
0.561988 0.559849 5
0.563844 0.560464 5
0.565693 0.561097 5
0.567535 0.561748 5
0.569372 0.562416 5
0.571201 0.563103 5
0.573024 0.563808 5
0.57484 0.56453 5
0.576649 0.565271 5
0.57845 0.566028 5
0.580244 0.566804 5
0.58203 0.567597 5
0.583809 0.568407 5
0.585579 0.569234 5
0.587342 0.570079 5
0.589095 0.570941 5
0.590841 0.57182 5
0.592578 0.572717 5
0.594306 0.57363 5
0.596024 0.57456 5
0.597734 0.575506 5
0.599435 0.57647 5
0.601125 0.57745 5
0.602807 0.578446 5
0.604478 0.579459 5
0.60614 0.580488 5
0.607791 0.581533 5
0.609432 0.582594 5
0.611063 0.583672 5
0.612682 0.584765 5
0.614292 0.585874 5
0.61589 0.586998 5
0.617477 0.588139 5
0.619053 0.589294 5
0.620618 0.590465 5
0.622171 0.591652 5
0.623713 0.592853 5
0.625242 0.594069 5
0.62676 0.595301 5
0.628265 0.596547 5
0.629759 0.597807 5
0.63124 0.599082 5
0.632708 0.600372 5
0.634164 0.601676 5
0.635607 0.602994 5
0.637037 0.604326 5
0.638454 0.605672 5
0.639858 0.607032 5
0.641248 0.608405 5
0.642625 0.609792 5
0.643988 0.611193 5
0.645337 0.612606 5
0.646673 0.614033 5
0.647995 0.615473 5
0.649302 0.616925 5
0.650595 0.618391 5
0.651874 0.619868 5
0.653138 0.621359 5
0.654388 0.622861 5
0.655623 0.624376 5
0.656843 0.625902 5
0.658048 0.627441 5
0.659238 0.628991 5
0.660413 0.630553 5
0.661573 0.632126 5
0.662717 0.633711 5
0.663845 0.635306 5
0.664958 0.636913 5
0.666055 0.63853 5
0.667137 0.640158 5
0.668202 0.641796 5
0.669251 0.643445 5
0.670285 0.645104 5
0.671301 0.646773 5
0.672302 0.648452 5
0.673286 0.65014 5
0.674253 0.651838 5
0.675204 0.653546 5
0.676138 0.655262 5
0.677056 0.656988 5
0.677956 0.658722 5
0.67884 0.660466 5
0.679706 0.662218 5
0.680555 0.663978 5
0.681387 0.665746 5
0.682202 0.667523 5
0.682999 0.669307 5
0.683779 0.671099 5
0.684541 0.672899 5
0.685286 0.674705 5
0.686012 0.67652 5
0.686722 0.678341 5
0.687413 0.680169 5
0.688086 0.682003 5
0.688742 0.683844 5
0.689379 0.685692 5
0.689999 0.687545 5
0.6906 0.689405 5
0.691183 0.69127 5
0.691747 0.693141 5
0.692294 0.695018 5
0.692822 0.696899 5
0.693332 0.698786 5
0.693823 0.700678 5
0.694296 0.702574 5
0.69475 0.704475 5
0.695185 0.70638 5
0.695602 0.708289 5
0.696 0.710203 5
0.69638 0.71212 5
0.696741 0.71404 5
0.697083 0.715965 5
0.697406 0.717892 5
0.69771 0.719822 5
0.697996 0.721756 5
0.698262 0.723692 5
0.69851 0.72563 5
0.698738 0.727571 5
0.698948 0.729514 5
0.699139 0.731459 5
0.69931 0.733406 5
0.699463 0.735355 5
0.699597 0.737304 5
0.699711 0.739255 5
0.699807 0.741207 5
0.699883 0.74316 5
0.69994 0.745114 5
0.699979 0.747068 5
0.699998 0.749022 5
0 0 5

