0.417367 0.125000 
0.421875 0.122108 

0.437500 0.113939 
0.421875 0.121980 

0.447948 0.109375 
0.453125 0.107721 

0.468750 0.103591 
0.453125 0.107495 

0.449033 0.109375 
0.437500 0.113542 

0.484375 0.101020 
0.468750 0.103487 

0.500000 0.100197 
0.484375 0.101020 

0.372108 0.171875 
0.375000 0.167367 

0.363939 0.187500 
0.371980 0.171875 

0.357721 0.203125 
0.359375 0.197949 

0.363542 0.187500 
0.359375 0.199033 

0.353591 0.218750 
0.357495 0.203125 

0.351020 0.234375 
0.353487 0.218750 

0.350197 0.250000 
0.351020 0.234375 

0.397656 0.140625 
0.406250 0.133157 

0.383157 0.156250 
0.390625 0.147656 

0.397644 0.140625 
0.390625 0.147644 

0.417865 0.125000 
0.406250 0.132830 

0.382830 0.156250 
0.375000 0.167865 

0.350197 0.250000 
0.351020 0.265625 

0.351020 0.265625 
0.353487 0.281250 

0.353591 0.281250 
0.357495 0.296875 

0.357721 0.296875 
0.359375 0.302052 

0.363542 0.312500 
0.359375 0.300967 

0.363939 0.312500 
0.371980 0.328125 

0.372108 0.328125 
0.375000 0.332633 

0.382830 0.343750 
0.375000 0.332135 

0.383157 0.343750 
0.390625 0.352344 

0.397644 0.359375 
0.390625 0.352356 

0.397656 0.359375 
0.406250 0.366843 

0.417865 0.375000 
0.406250 0.367170 

0.417367 0.375000 
0.421875 0.377892 

0.437500 0.386061 
0.421875 0.378020 

0.449033 0.390625 
0.437500 0.386458 

0.447948 0.390625 
0.453125 0.392279 

0.468750 0.396409 
0.453125 0.392505 

0.484375 0.398980 
0.468750 0.396513 

0.500000 0.399803 
0.484375 0.398980 

0.500000 0.100197 
0.515625 0.101020 

0.515625 0.101020 
0.531250 0.103487 

0.531250 0.103591 
0.546875 0.107495 

0.552051 0.109375 
0.546875 0.107721 

0.550967 0.109375 
0.562500 0.113542 

0.562500 0.113939 
0.578125 0.121980 

0.582633 0.125000 
0.578125 0.122108 

0.582135 0.125000 
0.593750 0.132830 

0.602344 0.140625 
0.593750 0.133157 

0.602356 0.140625 
0.609375 0.147644 

0.616843 0.156250 
0.609375 0.147656 

0.617170 0.156250 
0.625000 0.167865 

0.627892 0.171875 
0.625000 0.167367 

0.636061 0.187500 
0.628020 0.171875 

0.636458 0.187500 
0.640625 0.199033 

0.642280 0.203125 
0.640625 0.197949 

0.646409 0.218750 
0.642505 0.203125 

0.648980 0.234375 
0.646513 0.218750 

0.649803 0.250000 
0.648980 0.234375 

0.617170 0.343750 
0.625000 0.332135 

0.582135 0.375000 
0.593750 0.367170 

0.602356 0.359375 
0.609375 0.352356 

0.616843 0.343750 
0.609375 0.352344 

0.602344 0.359375 
0.593750 0.366843 

0.649803 0.250000 
0.648980 0.265625 

0.648980 0.265625 
0.646513 0.281250 

0.646409 0.281250 
0.642505 0.296875 

0.636458 0.312500 
0.640625 0.300967 

0.642280 0.296875 
0.640625 0.302052 

0.636061 0.312500 
0.628020 0.328125 

0.627892 0.328125 
0.625000 0.332633 

0.500000 0.399803 
0.515625 0.398980 

0.515625 0.398980 
0.531250 0.396513 

0.550967 0.390625 
0.562500 0.386458 

0.531250 0.396409 
0.546875 0.392505 

0.552051 0.390625 
0.546875 0.392279 

0.562500 0.386061 
0.578125 0.378020 

0.582633 0.375000 
0.578125 0.377892 

