0.752586 0.234375 
0.754685 0.218750 

0.750264 0.250000 
0.752433 0.234375 

0.626889 -0.078125 
0.625000 -0.078866 

0.626713 -0.078125 
0.640625 -0.072174 

0.656250 -0.063318 
0.640625 -0.071710 

0.824189 -0.015625 
0.819423 -0.031250 

0.828102 0.000000 
0.824258 -0.015625 

0.828833 0.000000 
0.828125 -0.003478 

0.578125 -0.200591 
0.562500 -0.196882 

0.593750 -0.202688 
0.578125 -0.200554 

0.609375 -0.084751 
0.593750 -0.088409 

0.625000 -0.079418 
0.609375 -0.084501 

0.800332 -0.406250 
0.796875 -0.402793 

0.731326 0.031250 
0.734375 0.040198 

0.737129 0.046875 
0.734375 0.038392 

0.737238 0.046875 
0.742228 0.062500 

0.688279 -0.187500 
0.703125 -0.180211 

0.715508 -0.171875 
0.703125 -0.179666 

0.715459 -0.171875 
0.718750 -0.169628 

0.810141 0.296875 
0.812500 0.285900 

0.811480 0.296875 
0.804953 0.312500 

0.000000 0.078121 
0.015625 0.078121 

0.000000 0.093702 
0.015625 0.093702 

0.656747 -0.062500 
0.671875 -0.052316 

0.677967 -0.046875 
0.671875 -0.051934 

0.678033 -0.046875 
0.687500 -0.038221 

-0.282480 0.406250 
-0.281250 0.407480 

0.780671 -0.109375 
0.768551 -0.125000 

0.780680 -0.109375 
0.781250 -0.108509 

0.625000 -0.202903 
0.640625 -0.201137 

0.640625 -0.201119 
0.656250 -0.198112 

0.693799 -0.031250 
0.687500 -0.037952 

0.578125 -0.089909 
0.562500 -0.090627 

0.593750 -0.088352 
0.578125 -0.090196 

0.657109 -0.062500 
0.656250 -0.063058 

0.756421 0.203125 
0.757493 0.187500 

0.754715 0.218750 
0.756376 0.203125 

-0.281246 0.406250 
-0.281250 0.406246 

0.249549 -0.468750 
0.250000 -0.469494 

0.546875 -0.090985 
0.531250 -0.093551 

0.562500 -0.090210 
0.546875 -0.091210 

0.750000 0.338790 
0.765625 0.336872 

0.765625 0.336601 
0.781250 0.331711 

0.694239 -0.031250 
0.703125 -0.019653 

0.706105 -0.015625 
0.703125 -0.019726 

0.706392 -0.015625 
0.715834 0.000000 

0.836232 0.046875 
0.834203 0.031250 

0.837951 0.062500 
0.836195 0.046875 

0.485828 -0.140625 
0.489878 -0.156250 

0.486206 -0.140625 
0.490635 -0.125000 

0.249987 -0.468750 
0.250000 -0.468686 

0.250005 -0.484375 
0.250000 -0.484375 

0.254440 -0.468750 
0.250000 -0.469080 

0.502948 -0.109375 
0.500000 -0.112357 

0.503816 -0.109375 
0.515625 -0.100783 

0.531250 -0.093931 
0.515625 -0.100752 

0.839531 0.156250 
0.838493 0.171875 

0.838513 0.171875 
0.836992 0.187500 

-0.015689 0.125000 
-0.015625 0.125064 

0.788987 0.328125 
0.796875 0.322527 

0.805526 0.312500 
0.796875 0.322871 

0.788352 0.328125 
0.781250 0.331881 

0.840779 0.109375 
0.840447 0.093750 

0.840720 0.109375 
0.840590 0.125000 

0.490364 -0.156250 
0.500000 -0.168377 

0.584045 -0.328125 
0.578125 -0.322205 

0.675633 -0.390625 
0.671875 -0.386867 

0.733380 0.062500 
0.734375 0.065090 

0.742371 0.062500 
0.746741 0.078125 

0.746870 0.078125 
0.750000 0.093605 

0.840559 0.125000 
0.840146 0.140625 

0.840163 0.140625 
0.839493 0.156250 

0.535087 -0.187500 
0.546875 -0.191442 

0.562500 -0.196679 
0.546875 -0.191726 

0.256615 -0.468750 
0.250000 -0.468068 

0.839459 0.078125 
0.837999 0.062500 

0.840463 0.093750 
0.839521 0.078125 

0.836994 0.187500 
0.834949 0.203125 

0.834955 0.203125 
0.832370 0.218750 

0.739078 0.296875 
0.745110 0.281250 

0.730156 0.312500 
0.734375 0.302425 

0.737335 0.296875 
0.734375 0.303690 

0.734375 -0.156222 
0.750000 -0.142895 

0.702726 0.000000 
0.703125 0.000452 

0.715983 0.000000 
0.718750 0.005730 

0.724013 0.015625 
0.718750 0.004415 

0.724130 0.015625 
0.731014 0.031250 

0.750056 0.250000 
0.750000 0.250481 

0.688947 -0.187500 
0.687500 -0.188158 

0.531694 -0.093750 
0.531250 -0.093830 

0.757515 0.156250 
0.757852 0.171875 

0.757507 0.187500 
0.757871 0.171875 

0.734397 -0.453125 
0.734375 -0.453103 

-0.003105 0.109375 
0.000000 0.112480 

0.375072 -0.500000 
0.375000 -0.499928 

0.747607 0.265625 
0.749924 0.250000 

0.744474 0.281250 
0.747810 0.265625 

0.506151 -0.171875 
0.515625 -0.177990 

0.531250 -0.185735 
0.515625 -0.178266 

0.503943 -0.171875 
0.500000 -0.168614 

0.754975 0.125000 
0.756545 0.140625 

0.756533 0.140625 
0.757495 0.156250 

0.806817 -0.062500 
0.812500 -0.048393 

0.001852 0.109375 
0.000000 0.106682 

0.828102 0.000000 
0.828125 0.000140 

0.831784 0.015625 
0.828798 0.000000 

0.834249 0.031250 
0.831785 0.015625 

0.656250 -0.198157 
0.671875 -0.193853 

0.671875 -0.193708 
0.687500 -0.188306 

0.813808 -0.046875 
0.812500 -0.050351 

0.819422 -0.031250 
0.813977 -0.046875 

0.062507 -0.437500 
0.062500 -0.437493 

0.813602 0.281250 
0.812500 0.286373 

0.726492 0.312500 
0.727578 0.328125 

0.727114 0.328125 
0.734375 0.336595 

0.750000 0.341414 
0.734375 0.334566 

0.832346 0.218750 
0.829254 0.234375 

0.825067 0.250000 
0.828125 0.237432 

0.828889 0.234375 
0.828125 0.238047 

0.605021 -0.203125 
0.609375 -0.203241 

0.620137 -0.203125 
0.609375 -0.203302 

0.602877 -0.203125 
0.593750 -0.202680 

0.621449 -0.203125 
0.625000 -0.203013 

0.691442 -0.421875 
0.687500 -0.417933 

0.790693 -0.093750 
0.796875 -0.081552 

0.799119 -0.078125 
0.796875 -0.082631 

0.806568 -0.062500 
0.799261 -0.078125 

0.824835 0.250000 
0.819578 0.265625 

0.818958 0.265625 
0.813922 0.281250 

0.535934 -0.187500 
0.531250 -0.185930 

0.790460 -0.093750 
0.781250 -0.109063 

0.491181 -0.125000 
0.500000 -0.112701 

0.752415 -0.140625 
0.750000 -0.142847 

0.752549 -0.140625 
0.765625 -0.127602 

0.768113 -0.125000 
0.765625 -0.127691 

0.750181 0.093750 
0.752564 0.109375 

0.752776 0.109375 
0.754969 0.125000 

0.718750 -0.168886 
0.734375 -0.156874 

0.735041 -0.156250 
0.734375 -0.156818 

0.534340 0.156250 
0.531250 0.156240 

0.533718 0.156250 
0.531250 0.156485 

0.531228 0.156250 
0.531250 0.156226 

0.531242 0.156250 
0.531250 0.156568 

