0.462477 0.125000 
0.468750 0.120822 

0.488545 0.109375 
0.500000 0.105007 

0.484375 0.111802 
0.468750 0.120408 

0.489574 0.109375 
0.484375 0.111428 

0.427390 0.156250 
0.437500 0.145614 

0.404896 0.187500 
0.406250 0.185224 

0.391277 0.312500 
0.398170 0.328125 

0.398546 0.328125 
0.406250 0.341439 

0.407970 0.343750 
0.420981 0.359375 

0.421121 0.359375 
0.421875 0.360131 

0.437500 0.373398 
0.421875 0.360194 

0.439209 0.375000 
0.453125 0.383124 

0.468750 0.390145 
0.453125 0.383205 

0.468737 0.390625 
0.468750 0.390630 

0.470331 0.390625 
0.468750 0.390193 

0.484375 0.395291 
0.468750 0.390951 

0.500000 0.398214 
0.484375 0.395338 

0.515625 0.099693 
0.500000 0.104782 

0.531250 0.096055 
0.515625 0.099592 

0.500029 0.109375 
0.500000 0.109384 

0.546875 0.094292 
0.531250 0.096035 

0.546875 0.094269 
0.562500 0.094405 

0.562500 0.094350 
0.578125 0.096523 

0.578125 0.096447 
0.593750 0.100920 

0.576149 0.140625 
0.578125 0.129002 

0.593750 0.139878 
0.578125 0.135042 

0.577504 0.140625 
0.578125 0.141375 

0.578125 0.141148 
0.593750 0.142573 

0.594474 0.125000 
0.593750 0.127331 

0.596266 0.140625 
0.593750 0.146363 

0.598410 0.156250 
0.593750 0.158926 

0.623960 0.359375 
0.625000 0.358464 

0.602139 0.375000 
0.609375 0.370701 

0.624229 0.359375 
0.609375 0.370766 

0.650968 0.328125 
0.656250 0.318434 

0.639485 0.343750 
0.640625 0.342337 

0.650681 0.328125 
0.640625 0.342347 

0.515625 0.399494 
0.500000 0.398225 

0.515625 0.399515 
0.531250 0.399113 

0.531250 0.399139 
0.546875 0.396974 

0.546875 0.396785 
0.562500 0.393183 

0.569415 0.390625 
0.578125 0.387987 

0.578125 0.387813 
0.593750 0.380595 

0.571257 0.390625 
0.562500 0.393053 

0.442767 0.140625 
0.453125 0.131905 

0.462584 0.125000 
0.453125 0.131500 

0.442626 0.140625 
0.437500 0.145394 

0.396734 0.203125 
0.404369 0.187500 

0.396320 0.203125 
0.390625 0.218579 

0.386418 0.234375 
0.390188 0.218750 

0.383532 0.250000 
0.386132 0.234375 

0.414939 0.171875 
0.421875 0.162772 

0.427077 0.156250 
0.421875 0.162588 

0.414356 0.171875 
0.406250 0.185133 

0.382677 0.265625 
0.383526 0.250000 

0.382661 0.265625 
0.383610 0.281250 

0.383602 0.281250 
0.386399 0.296875 

0.386676 0.296875 
0.390625 0.311899 

0.390800 0.312500 
0.390625 0.311826 

0.407723 0.343750 
0.406250 0.341411 

0.439965 0.375000 
0.437500 0.373412 

0.499808 0.343750 
0.500000 0.348104 

0.500020 0.125000 
0.500000 0.125020 

0.530960 0.156250 
0.531250 0.153113 

0.561697 0.140625 
0.562500 0.140568 

0.546875 0.155185 
0.531250 0.154549 

0.547207 0.140625 
0.546875 0.142276 

0.593750 0.101133 
0.609375 0.107629 

0.612117 0.109375 
0.609375 0.107860 

0.608818 0.109375 
0.609375 0.109582 

0.611571 0.109375 
0.625000 0.117368 

0.593334 0.156250 
0.593750 0.156426 

0.633704 0.125000 
0.640625 0.131705 

0.648690 0.140625 
0.640625 0.131140 

0.648657 0.140625 
0.656250 0.152790 

0.665943 0.171875 
0.658723 0.156250 

0.671520 0.187500 
0.666122 0.171875 

0.671955 0.187500 
0.671875 0.187218 

0.671828 0.187500 
0.671875 0.187727 

0.675461 0.203125 
0.672014 0.187500 

0.677954 0.218750 
0.675858 0.203125 

0.678113 0.234375 
0.677746 0.218750 

0.677930 0.234375 
0.677349 0.250000 

0.576111 0.312500 
0.578125 0.313487 

0.580146 0.312500 
0.578125 0.315311 

0.577937 0.328125 
0.578125 0.328734 

0.586899 0.328125 
0.578125 0.329582 

0.639272 0.343750 
0.625000 0.358556 

0.603351 0.375000 
0.593750 0.380463 

0.677735 0.250000 
0.675798 0.265625 

0.675276 0.265625 
0.672255 0.281250 

0.667530 0.296875 
0.671875 0.282723 

0.672291 0.281250 
0.671875 0.282970 

0.667092 0.296875 
0.659956 0.312500 

0.659392 0.312500 
0.656250 0.318414 

0.514932 0.343750 
0.515625 0.349188 

0.521418 0.343750 
0.515625 0.347688 

0.569465 0.296875 
0.578125 0.289981 

0.580497 0.296875 
0.578125 0.288010 

0.567929 0.296875 
0.578125 0.300401 

0.580600 0.296875 
0.578125 0.300615 

0.578900 0.203125 
0.578125 0.202992 

0.576683 0.218750 
0.578125 0.205572 

0.583361 0.218750 
0.578125 0.209949 

0.578066 0.234375 
0.578125 0.234014 

0.584074 0.234375 
0.578125 0.232458 

0.578091 0.250000 
0.577620 0.234375 

0.586978 0.234375 
0.578125 0.244992 

0.577219 0.250000 
0.578125 0.250961 

0.585015 0.250000 
0.578125 0.250520 

0.574178 0.281250 
0.578125 0.280294 

0.580487 0.281250 
0.578125 0.279533 

0.537418 0.156250 
0.531250 0.157669 

0.535059 0.171875 
0.531250 0.176199 

0.531191 0.156250 
0.531250 0.156770 

0.529801 0.171875 
0.531250 0.178731 

0.513614 0.218750 
0.515625 0.218318 

0.516404 0.218750 
0.515625 0.218330 

0.514642 0.312500 
0.515625 0.307831 

0.516980 0.312500 
0.515625 0.309434 

0.514208 0.218750 
0.515625 0.233119 

0.515668 0.234375 
0.516241 0.218750 

0.483139 0.312500 
0.484375 0.310860 

0.499887 0.312500 
0.500000 0.310185 

0.469485 0.234375 
0.468750 0.233552 

0.469013 0.250000 
0.468750 0.245519 

0.484292 0.265625 
0.484375 0.265475 

0.492695 0.265625 
0.484375 0.265277 

0.484366 0.265625 
0.484375 0.265728 

0.500000 0.266086 
0.484375 0.266125 

0.482699 0.312500 
0.484375 0.312616 

0.499775 0.312500 
0.500000 0.312584 

0.634302 0.125000 
0.625000 0.117414 

0.658565 0.156250 
0.656250 0.152285 

0.515558 0.312500 
0.515625 0.312624 

0.516355 0.312500 
0.515625 0.315273 

0.515089 0.343750 
0.515625 0.343102 

0.523177 0.343750 
0.515625 0.343005 

0.466745 0.234375 
0.468750 0.233636 

0.466971 0.234375 
0.468750 0.235865 

