0.843868 0.078125 
0.843750 0.076399 

0.843939 0.078125 
0.845016 0.093750 

0.325263 0.000000 
0.328125 0.005626 

0.334494 0.015625 
0.328125 0.003536 

0.334131 0.015625 
0.343750 0.029016 

0.546875 -0.287861 
0.531250 -0.286547 

0.562500 -0.288530 
0.546875 -0.287876 

0.857254 -0.078125 
0.853115 -0.093750 

0.857139 -0.078125 
0.859375 -0.066624 

0.860438 -0.062500 
0.859375 -0.068305 

0.687500 -0.272413 
0.703125 -0.267280 

0.706285 -0.265625 
0.703125 -0.266751 

0.706048 -0.265625 
0.718750 -0.260702 

0.823236 -0.031250 
0.827462 -0.015625 

0.827385 -0.015625 
0.828125 -0.011603 

0.830870 0.000000 
0.828125 -0.013536 

0.870454 -0.015625 
0.867776 -0.031250 

0.872635 0.000000 
0.870426 -0.015625 

0.607114 -0.281250 
0.609375 -0.281141 

0.596450 -0.265625 
0.593750 -0.265127 

0.386564 -0.234375 
0.390625 -0.237479 

0.406250 -0.248339 
0.390625 -0.237669 

0.387373 -0.234375 
0.375000 -0.225030 

0.318084 -0.140625 
0.324227 -0.156250 

0.313096 -0.125000 
0.317893 -0.140625 

0.389934 -0.046875 
0.389833 -0.062500 

0.390114 -0.046875 
0.390625 -0.038578 

0.391384 -0.031250 
0.390625 -0.040314 

0.877966 0.078125 
0.877554 0.062500 

0.890636 0.078125 
0.890625 0.077989 

0.878010 0.093750 
0.877962 0.078125 

0.578125 -0.288546 
0.562500 -0.288491 

0.578125 -0.288507 
0.593750 -0.288121 

0.406802 -0.250000 
0.421875 -0.257489 

0.437500 -0.263401 
0.421875 -0.257145 

0.844304 0.203125 
0.843750 0.190144 

0.874617 0.203125 
0.875000 0.193662 

0.849369 0.218750 
0.843750 0.210618 

0.869593 0.218750 
0.875000 0.211274 

0.274275 0.125000 
0.265625 0.133650 

0.846465 0.125000 
0.846511 0.140625 

0.846105 0.156250 
0.846519 0.140625 

0.874943 0.156250 
0.875000 0.153684 

0.640625 -0.213939 
0.625000 -0.216827 

0.656250 -0.210075 
0.640625 -0.213934 

-0.015632 -0.015625 
-0.015625 -0.015632 

-0.007139 -0.015625 
-0.015625 -0.015625 

-0.001379 0.000000 
0.000000 -0.001382 

0.864242 -0.046875 
0.860689 -0.062500 

0.867837 -0.031250 
0.864512 -0.046875 

0.845068 0.171875 
0.845957 0.156250 

0.874799 0.171875 
0.874590 0.156250 

0.843950 0.187500 
0.844780 0.171875 

0.874884 0.187500 
0.874313 0.171875 

0.307919 -0.093750 
0.307924 -0.078125 

0.308056 -0.078125 
0.309250 -0.062500 

0.826376 -0.156250 
0.828125 -0.152559 

0.834041 -0.140625 
0.828125 -0.153229 

0.841443 -0.125000 
0.834531 -0.140625 

0.111744 0.109375 
0.109375 0.111744 

0.405607 -0.125000 
0.406250 -0.126238 

0.593750 -0.288191 
0.609375 -0.287299 

0.609375 -0.287304 
0.625000 -0.285755 

0.351776 -0.203125 
0.359375 -0.211556 

0.367253 -0.218750 
0.359375 -0.211341 

0.351669 -0.203125 
0.343750 -0.191755 

0.462769 -0.187500 
0.468750 -0.191109 

0.817253 -0.171875 
0.812500 -0.179477 

0.826054 -0.156250 
0.817379 -0.171875 

0.394063 -0.093750 
0.391117 -0.078125 

0.389931 -0.062500 
0.390625 -0.074659 

0.391075 -0.078125 
0.390625 -0.072230 

0.750858 -0.156250 
0.750000 -0.157080 

0.573811 -0.281250 
0.562500 -0.281211 

0.593368 -0.281250 
0.593750 -0.281244 

0.567431 -0.265625 
0.562500 -0.264097 

0.578174 -0.265625 
0.578125 -0.264726 

0.331918 -0.171875 
0.340610 -0.187500 

0.324645 -0.156250 
0.328125 -0.164555 

0.331484 -0.171875 
0.328125 -0.164119 

0.837576 0.031250 
0.840138 0.046875 

0.840136 0.046875 
0.842240 0.062500 

0.345906 0.031250 
0.343750 0.028700 

0.738034 -0.250000 
0.750000 -0.243001 

0.625000 -0.216873 
0.609375 -0.218690 

0.171594 -0.296875 
0.171875 -0.310103 

0.172052 -0.296875 
0.171875 -0.310757 

0.171488 -0.296875 
0.171875 -0.296777 

0.172129 -0.296875 
0.171875 -0.296763 

0.794447 -0.203125 
0.781250 -0.217140 

0.794596 -0.203125 
0.796875 -0.200402 

0.806792 -0.187500 
0.796875 -0.200550 

0.309345 -0.062500 
0.311273 -0.046875 

0.311278 -0.046875 
0.312500 -0.038668 

0.367453 -0.218750 
0.375000 -0.225125 

0.859375 0.227493 
0.843750 0.219534 

0.873958 0.218750 
0.859375 0.226675 

0.560788 -0.218750 
0.562500 -0.218874 

0.440530 -0.265625 
0.453125 -0.270123 

0.468750 -0.275532 
0.453125 -0.270306 

0.445998 -0.265625 
0.437500 -0.262709 

0.456870 -0.265625 
0.453125 -0.264391 

0.845107 0.093750 
0.845979 0.109375 

0.845986 0.109375 
0.846458 0.125000 

0.312780 -0.125000 
0.312500 -0.123416 

0.033078 0.171875 
0.031250 0.173703 

0.340993 -0.187500 
0.343750 -0.191669 

0.562500 -0.218975 
0.578125 -0.219657 

0.593750 -0.219699 
0.578125 -0.219742 

0.001329 0.000000 
0.000000 0.001329 

0.015730 0.015625 
0.015625 0.015730 

0.515625 -0.284523 
0.500000 -0.282221 

0.531250 -0.286536 
0.515625 -0.284618 

0.625000 -0.285743 
0.640625 -0.283542 

0.654110 -0.281250 
0.640625 -0.283344 

0.842322 0.062500 
0.843750 0.077568 

0.531250 -0.214252 
0.546875 -0.217102 

0.561752 -0.218750 
0.546875 -0.217137 

0.761469 -0.234375 
0.750000 -0.242520 

0.761337 -0.234375 
0.765625 -0.231080 

0.779618 -0.218750 
0.765625 -0.230887 

0.314314 -0.031250 
0.318953 -0.015625 

0.318981 -0.015625 
0.325335 0.000000 

0.703125 -0.191342 
0.687500 -0.198799 

0.709447 -0.187500 
0.703125 -0.190938 

0.207068 0.375000 
0.203125 0.378943 

0.718742 -0.343750 
0.718750 -0.343758 

0.718758 -0.343750 
0.718750 -0.343758 

0.718742 -0.343750 
0.718750 -0.343742 

0.718758 -0.343750 
0.718750 -0.343742 

0.015567 0.125000 
0.015625 0.125001 

0.015635 0.125000 
0.015625 0.125010 

0.847359 -0.109375 
0.843750 -0.119949 

0.853026 -0.093750 
0.847771 -0.109375 

0.811466 -0.062500 
0.812500 -0.059298 

-0.015625 0.078124 
0.000000 0.078124 

-0.002573 0.093750 
0.000000 0.090752 

0.000491 0.093750 
0.000000 0.094509 

0.011618 0.109375 
0.015625 0.109714 

0.015687 0.109375 
0.015625 0.109885 

0.831073 0.000000 
0.834476 0.015625 

0.834542 0.015625 
0.837583 0.031250 

0.302552 0.265625 
0.296875 0.271302 

0.817152 -0.046875 
0.812500 -0.060425 

0.817608 -0.046875 
0.823060 -0.031250 

0.426336 -0.156250 
0.437500 -0.167887 

0.547177 -0.281250 
0.546875 -0.281241 

0.562428 -0.265625 
0.562500 -0.263112 

0.400645 0.015625 
0.398085 0.000000 

0.401677 0.015625 
0.400576 0.031250 

0.777538 -0.125000 
0.781250 -0.119379 

0.797477 -0.093750 
0.804730 -0.078125 

0.805069 -0.078125 
0.811423 -0.062500 

0.412247 0.078125 
0.406250 0.084122 

0.048662 0.359375 
0.046875 0.361162 

0.709357 -0.187500 
0.718750 -0.182260 

0.874388 0.015625 
0.872677 0.000000 

0.874441 0.015625 
0.875000 0.023850 

0.841577 -0.125000 
0.843750 -0.118613 

0.788036 -0.109375 
0.781250 -0.120168 

0.788293 -0.109375 
0.796833 -0.093750 

0.797481 -0.093750 
0.796875 -0.094881 

0.750876 -0.156250 
0.765396 -0.140625 

0.765653 -0.140625 
0.765625 -0.140658 

0.765657 -0.140625 
0.777449 -0.125000 

0.016964 0.375000 
0.015625 0.376339 

0.389469 0.046875 
0.390625 0.046365 

0.402542 0.031250 
0.391804 0.046875 

0.375000 0.050910 
0.390625 0.047969 

0.392186 0.046875 
0.390625 0.048003 

0.394138 -0.015625 
0.391517 -0.031250 

0.397641 0.000000 
0.394372 -0.015625 

0.733114 -0.171875 
0.718750 -0.181723 

0.732772 -0.171875 
0.734375 -0.170652 

0.750000 -0.157202 
0.734375 -0.170540 

0.345155 0.031250 
0.359375 0.043288 

0.366823 0.046875 
0.359375 0.043927 

0.365714 0.046875 
0.375000 0.049657 

0.500000 -0.205345 
0.515625 -0.210228 

0.515625 -0.210315 
0.531250 -0.214260 

0.671875 -0.205288 
0.656250 -0.210041 

0.676938 -0.203125 
0.671875 -0.204803 

0.676557 -0.203125 
0.687500 -0.199190 

0.878015 0.093750 
0.877699 0.109375 

0.877696 0.109375 
0.877013 0.125000 

0.314294 -0.031250 
0.312500 -0.041485 

0.441809 -0.171875 
0.453125 -0.180757 

0.464276 -0.187500 
0.453125 -0.180584 

0.442370 -0.171875 
0.437500 -0.167619 

0.609375 -0.218862 
0.593750 -0.219601 

0.493711 -0.203125 
0.500000 -0.205281 

0.468750 -0.191036 
0.484375 -0.198798 

0.495939 -0.203125 
0.484375 -0.198847 

0.484375 -0.279274 
0.468750 -0.275400 

0.496522 -0.281250 
0.484375 -0.279238 

0.471050 -0.265625 
0.468750 -0.264574 

0.485914 -0.265625 
0.484375 -0.264553 

0.875104 0.187500 
0.875000 0.178050 

0.718750 -0.260351 
0.734375 -0.252619 

0.738052 -0.250000 
0.734375 -0.252116 

0.876969 0.125000 
0.876012 0.140625 

0.875857 0.140625 
0.875031 0.156250 

0.414607 -0.140625 
0.421875 -0.150780 

0.426172 -0.156250 
0.421875 -0.150797 

0.414168 -0.140625 
0.406250 -0.126201 

0.779530 -0.218750 
0.781250 -0.217100 

0.806877 -0.187500 
0.812500 -0.178684 

0.875297 0.187500 
0.875190 0.203125 

0.876472 0.203125 
0.875000 0.208856 

0.405076 -0.125000 
0.398910 -0.109375 

0.398791 -0.109375 
0.394089 -0.093750 

0.309633 -0.109375 
0.312447 -0.125000 

0.307861 -0.093750 
0.309424 -0.109375 

0.876723 0.046875 
0.875694 0.031250 

0.877549 0.062500 
0.876773 0.046875 

0.653032 -0.281250 
0.656250 -0.280777 

0.501098 -0.281250 
0.500000 -0.281131 

0.516337 -0.281250 
0.515625 -0.281188 

0.501855 -0.265625 
0.500000 -0.263549 

0.656250 -0.280504 
0.671875 -0.276963 

0.671875 -0.276896 
0.687500 -0.272452 

0.875602 0.031250 
0.875000 0.021843 

0.407666 -0.250000 
0.406250 -0.249236 

0.493878 -0.281250 
0.500000 -0.282125 

0.222103 -0.406250 
0.218750 -0.407611 

0.218046 -0.406250 
0.218750 -0.407941 

0.222305 -0.406250 
0.218750 -0.405248 

0.218036 -0.406250 
0.218750 -0.405048 

