0.855055 0.062500 
0.856349 0.078125 

0.856376 0.078125 
0.857151 0.093750 

0.546875 -0.300042 
0.531250 -0.298885 

0.562500 -0.300614 
0.546875 -0.300034 

0.865133 -0.078125 
0.860720 -0.093750 

0.869540 -0.062500 
0.865497 -0.078125 

0.698683 -0.281250 
0.703125 -0.279919 

0.703125 -0.279472 
0.718750 -0.273148 

0.838799 -0.031250 
0.842589 -0.015625 

0.842552 -0.015625 
0.843750 -0.008169 

0.874718 -0.031250 
0.875000 -0.027982 

0.845403 0.000000 
0.843750 -0.010238 

0.468168 -0.218750 
0.468750 -0.219010 

0.366470 -0.093750 
0.364554 -0.078125 

0.364562 -0.078125 
0.364164 -0.062500 

0.383820 -0.250000 
0.375000 -0.245442 

0.789255 -0.140625 
0.781250 -0.151585 

0.789347 -0.140625 
0.796875 -0.128431 

0.799604 -0.125000 
0.796875 -0.129441 

0.883178 0.078125 
0.883033 0.062500 

0.890629 0.078125 
0.890625 0.077726 

0.883128 0.078125 
0.883073 0.093750 

0.578125 -0.300690 
0.562500 -0.300558 

0.578125 -0.300690 
0.593750 -0.300484 

0.309554 -0.171875 
0.312500 -0.177570 

0.302075 -0.156250 
0.309084 -0.171875 

0.421875 -0.274925 
0.406250 -0.266064 

0.437500 -0.279751 
0.421875 -0.273851 

0.414016 -0.265625 
0.406250 -0.260871 

0.427072 -0.265625 
0.421875 -0.262537 

0.405541 -0.265625 
0.406250 -0.266156 

0.383557 -0.250000 
0.390625 -0.253607 

0.406250 -0.262604 
0.390625 -0.253335 

0.640625 -0.235741 
0.625000 -0.238305 

0.646298 -0.234375 
0.640625 -0.235388 

0.645572 -0.234375 
0.656250 -0.232193 

0.376582 0.093750 
0.390625 0.096793 

0.406250 0.097452 
0.390625 0.097400 

0.077081 0.125000 
0.078125 0.125891 

0.079670 0.125000 
0.078125 0.125931 

0.274275 0.125000 
0.265625 0.133650 

0.856381 0.140625 
0.856604 0.125000 

0.856077 0.140625 
0.857164 0.156250 

-0.015633 -0.015625 
-0.015625 -0.015633 

-0.008091 -0.015625 
-0.015625 -0.015625 

-0.001379 0.000000 
0.000000 -0.001382 

0.296605 -0.140625 
0.296875 -0.141580 

0.301817 -0.156250 
0.296875 -0.141465 

0.292407 -0.125000 
0.296131 -0.140625 

0.723487 -0.203125 
0.718750 -0.205977 

0.723484 -0.203125 
0.734375 -0.196455 

0.745727 -0.187500 
0.734375 -0.195960 

0.872539 -0.046875 
0.869487 -0.062500 

0.874711 -0.031250 
0.872534 -0.046875 

0.857168 0.156250 
0.859375 0.166866 

0.860596 0.171875 
0.859375 0.169934 

0.875000 0.184903 
0.859375 0.177760 

0.285967 -0.078125 
0.287266 -0.093750 

0.285519 -0.062500 
0.285932 -0.078125 

0.851130 0.031250 
0.853311 0.046875 

0.853306 0.046875 
0.855047 0.062500 

0.837899 -0.156250 
0.843750 -0.142162 

0.111744 0.109375 
0.109375 0.111744 

0.382353 -0.140625 
0.390625 -0.155409 

0.391440 -0.156250 
0.390625 -0.154911 

0.382005 -0.140625 
0.375186 -0.125000 

0.593750 -0.300572 
0.609375 -0.299854 

0.609375 -0.299870 
0.625000 -0.298430 

0.443021 -0.281250 
0.453125 -0.283865 

0.468750 -0.288596 
0.453125 -0.284255 

0.439569 -0.203125 
0.453125 -0.210802 

0.453125 -0.210930 
0.468750 -0.218331 

0.440665 -0.203125 
0.437500 -0.201196 

0.819739 -0.187500 
0.828125 -0.173260 

0.829523 -0.171875 
0.828125 -0.174280 

0.837449 -0.156250 
0.829546 -0.171875 

0.288089 -0.031250 
0.291514 -0.015625 

0.291695 -0.015625 
0.296142 0.000000 

0.296954 0.000000 
0.296875 -0.000305 

0.763096 -0.171875 
0.750000 -0.183859 

0.763053 -0.171875 
0.765625 -0.169254 

0.777249 -0.156250 
0.765625 -0.169300 

0.656250 -0.293291 
0.671875 -0.289628 

0.671875 -0.289609 
0.687500 -0.285168 

0.377944 0.093750 
0.375000 0.093025 

0.093750 -0.468750 
0.093750 -0.468750 

0.572548 -0.250000 
0.578125 -0.250193 

0.317876 -0.187500 
0.312500 -0.177376 

0.844619 -0.140625 
0.843750 -0.142909 

0.850436 -0.125000 
0.844692 -0.140625 

0.794803 -0.218750 
0.781250 -0.232315 

0.332821 0.062500 
0.343750 0.072954 

0.350293 0.078125 
0.343750 0.073236 

0.350272 0.078125 
0.359375 0.084338 

0.375000 0.092570 
0.359375 0.084801 

0.794815 -0.218750 
0.796875 -0.216463 

0.807907 -0.203125 
0.796875 -0.216476 

0.808013 -0.203125 
0.812500 -0.197009 

0.285455 -0.062500 
0.286127 -0.046875 

0.286066 -0.046875 
0.288071 -0.031250 

0.358139 -0.234375 
0.359375 -0.235341 

0.375000 -0.245304 
0.359375 -0.235326 

0.358477 -0.234375 
0.343750 -0.221455 

0.531250 -0.237368 
0.546875 -0.239614 

0.546875 -0.239608 
0.562500 -0.240991 

0.444573 -0.281250 
0.437500 -0.279360 

0.440935 -0.265625 
0.437500 -0.262182 

0.454074 -0.265625 
0.453125 -0.262998 

0.857176 0.093750 
0.857328 0.109375 

0.856877 0.125000 
0.857257 0.109375 

0.033078 0.171875 
0.031250 0.173703 

0.374634 -0.125000 
0.370070 -0.109375 

0.369905 -0.109375 
0.366485 -0.093750 

0.328681 -0.203125 
0.341202 -0.218750 

0.318524 -0.187500 
0.328125 -0.202565 

0.328774 -0.203125 
0.328125 -0.202196 

0.562500 -0.240972 
0.578125 -0.241491 

0.593750 -0.241240 
0.578125 -0.241507 

0.296149 0.000000 
0.296875 0.002179 

0.302734 0.015625 
0.296875 0.000093 

0.302884 0.015625 
0.310335 0.031250 

0.001329 0.000000 
0.000000 0.001329 

0.015730 0.015625 
0.015625 0.015730 

0.512194 -0.296875 
0.515625 -0.297201 

0.531250 -0.298758 
0.515625 -0.297265 

0.514151 -0.296875 
0.500000 -0.295129 

0.636892 -0.296875 
0.625000 -0.298201 

0.635776 -0.296875 
0.640625 -0.296335 

0.640625 -0.296122 
0.656250 -0.293307 

0.671875 -0.227315 
0.656250 -0.231928 

0.687500 -0.221755 
0.671875 -0.227292 

0.372298 -0.015625 
0.368064 -0.031250 

0.372468 -0.015625 
0.375000 -0.007808 

0.077090 0.125000 
0.078125 0.123193 

0.079452 0.125000 
0.078125 0.123372 

0.759357 -0.250000 
0.765625 -0.245695 

0.779116 -0.234375 
0.765625 -0.245339 

0.778976 -0.234375 
0.781250 -0.232323 

0.693826 -0.218750 
0.703125 -0.215022 

0.718750 -0.206419 
0.703125 -0.214554 

0.207068 0.375000 
0.203125 0.378943 

0.403777 -0.171875 
0.406250 -0.174592 

0.403513 -0.171875 
0.391679 -0.156250 

0.015638 0.125000 
0.015625 0.125010 

0.856148 -0.109375 
0.850848 -0.125000 

0.856095 -0.109375 
0.859375 -0.096810 

0.860481 -0.093750 
0.859375 -0.098348 

-0.015625 0.078124 
0.000000 0.078124 

-0.002573 0.093750 
0.000000 0.090752 

0.000502 0.093750 
0.000000 0.094492 

0.013992 0.109375 
0.015625 0.110121 

0.015775 0.109375 
0.015625 0.110507 

0.468750 -0.219008 
0.484375 -0.224912 

0.484375 -0.225130 
0.500000 -0.230318 

0.302551 0.265625 
0.296875 0.271301 

0.828416 -0.062500 
0.833285 -0.046875 

0.833759 -0.046875 
0.838681 -0.031250 

0.419628 -0.187500 
0.406250 -0.174592 

0.699769 -0.281250 
0.687500 -0.284944 

0.558140 -0.250000 
0.562500 -0.250537 

0.386393 0.015625 
0.378529 0.000000 

0.386334 0.015625 
0.390625 0.022461 

0.397318 0.031250 
0.390625 0.020740 

0.409070 0.046875 
0.406250 0.042981 

0.419581 0.062500 
0.410356 0.046875 

0.417875 0.093750 
0.406250 0.099167 

0.420974 0.062500 
0.421875 0.066607 

0.423950 0.078125 
0.421875 0.065304 

0.416309 0.093750 
0.421875 0.087220 

0.425809 0.078125 
0.421875 0.090149 

0.048662 0.359375 
0.046875 0.361162 

0.816315 -0.093750 
0.822800 -0.078125 

0.823013 -0.078125 
0.828125 -0.062743 

0.828384 -0.062500 
0.828125 -0.063405 

0.320293 0.046875 
0.312500 0.033713 

0.320097 0.046875 
0.328125 0.057402 

0.333076 0.062500 
0.328125 0.056697 

0.845565 0.000000 
0.848411 0.015625 

0.848506 0.015625 
0.851122 0.031250 

0.816083 -0.093750 
0.812500 -0.101912 

0.799646 -0.125000 
0.808204 -0.109375 

0.808523 -0.109375 
0.812500 -0.100573 

0.777230 -0.156250 
0.781250 -0.151117 

0.016964 0.375000 
0.015625 0.376339 

0.397775 0.031250 
0.406250 0.043388 

0.378509 0.000000 
0.375000 -0.010027 

0.745688 -0.187500 
0.750000 -0.184005 

0.819499 -0.187500 
0.812500 -0.197550 

0.883018 0.109375 
0.882974 0.093750 

0.883492 0.125000 
0.882883 0.109375 

0.514915 -0.234375 
0.515625 -0.234507 

0.515625 -0.234524 
0.531250 -0.237179 

0.500000 -0.230438 
0.515625 -0.234220 

0.516403 -0.234375 
0.515625 -0.234260 

0.609375 -0.240186 
0.593750 -0.241246 

0.625000 -0.238329 
0.609375 -0.240176 

0.469430 -0.218750 
0.468750 -0.218502 

0.694213 -0.218750 
0.687500 -0.221306 

0.889312 0.156250 
0.883876 0.171875 

0.887583 0.171875 
0.875000 0.183070 

0.718750 -0.272969 
0.734375 -0.265900 

0.733717 -0.265625 
0.734375 -0.265325 

0.734375 -0.265225 
0.750000 -0.256525 

0.884965 0.140625 
0.883461 0.125000 

0.886784 0.156250 
0.885611 0.140625 

0.093748 -0.468750 
0.093750 -0.468748 

0.365278 -0.046875 
0.364152 -0.062500 

0.367981 -0.031250 
0.365248 -0.046875 

0.375086 -0.125000 
0.375000 -0.124691 

0.289381 -0.109375 
0.292353 -0.125000 

0.287261 -0.093750 
0.289387 -0.109375 

0.419378 -0.187500 
0.421875 -0.189657 

0.421875 -0.189632 
0.437500 -0.201100 

0.882573 0.046875 
0.881716 0.031250 

0.883050 0.062500 
0.882569 0.046875 

0.876571 -0.015625 
0.875000 -0.029483 

0.878764 0.000000 
0.876780 -0.015625 

0.880481 0.015625 
0.878818 0.000000 

0.881720 0.031250 
0.880473 0.015625 

0.759418 -0.250000 
0.750000 -0.256163 

0.484375 -0.292313 
0.468750 -0.288695 

0.500000 -0.295062 
0.484375 -0.292262 

0.310291 0.031250 
0.312500 0.035097 

0.341201 -0.218750 
0.343750 -0.221417 

0.077471 -0.234375 
0.078125 -0.234394 

0.078201 -0.234375 
0.078125 -0.234443 

0.077610 -0.234375 
0.078025 -0.218750 

0.078152 -0.234375 
0.078134 -0.218750 

