0.920605 -0.015625 
0.921875 -0.016077 

0.923447 -0.015625 
0.921875 -0.015866 

0.920829 -0.015625 
0.921875 -0.013317 

0.923615 -0.015625 
0.921875 -0.014765 

0.579446 -0.187500 
0.593750 -0.189274 

0.814266 -0.015625 
0.812500 -0.021890 

0.818907 0.000000 
0.814377 -0.015625 

0.723694 0.296875 
0.727265 0.281250 

0.720023 0.312500 
0.723517 0.296875 

0.738922 0.156250 
0.739346 0.171875 

0.739190 0.187500 
0.739338 0.171875 

0.750000 0.356970 
0.765625 0.345446 

0.767160 0.343750 
0.765625 0.345241 

0.750104 0.359375 
0.750000 0.359434 

0.721940 0.062500 
0.718750 0.052184 

0.809058 -0.031250 
0.812500 -0.019983 

0.730553 0.265625 
0.733251 0.250000 

0.727307 0.281250 
0.730518 0.265625 

0.624713 -0.125000 
0.625000 -0.125287 

0.664270 -0.031250 
0.656250 -0.038228 

0.618487 -0.062500 
0.625000 -0.059592 

0.717355 0.328125 
0.718750 0.316296 

0.716327 0.328125 
0.717192 0.343750 

0.691713 0.000000 
0.701141 0.015625 

0.701011 0.015625 
0.703125 0.019917 

0.709361 0.031250 
0.703125 0.018299 

0.635792 -0.187500 
0.625000 -0.188615 

0.256771 0.093750 
0.250000 0.100521 

-0.015628 -0.015625 
-0.015625 -0.015628 

-0.015625 -0.015625 
0.000000 -0.015625 

-0.001379 0.000000 
0.000000 -0.001382 

0.634585 -0.187500 
0.640625 -0.186822 

0.640625 -0.186580 
0.656250 -0.183582 

0.808697 0.281250 
0.812500 0.270254 

0.532263 -0.109375 
0.531250 -0.110271 

0.548292 -0.109375 
0.546875 -0.110955 

0.537143 -0.093750 
0.531250 -0.096435 

0.111744 0.109375 
0.109375 0.111744 

0.230648 -0.062500 
0.234375 -0.061151 

0.236194 -0.062500 
0.234375 -0.060769 

0.719276 0.312500 
0.718750 0.316392 

0.780576 0.328125 
0.781250 0.327264 

0.780557 0.328125 
0.766513 0.343750 

0.578125 -0.079025 
0.562500 -0.084033 

0.579832 -0.078125 
0.578125 -0.078631 

0.579629 -0.078125 
0.593750 -0.073452 

0.717043 0.343750 
0.718750 0.347435 

0.709685 0.031250 
0.716455 0.046875 

0.716616 0.046875 
0.718750 0.053665 

0.826512 0.031250 
0.828125 0.043474 

0.828649 0.046875 
0.828125 0.041951 

0.830382 0.062500 
0.828737 0.046875 

0.808378 0.281250 
0.801113 0.296875 

0.792192 0.312500 
0.796875 0.303973 

0.800698 0.296875 
0.796875 0.304050 

0.609375 -0.189965 
0.593750 -0.189416 

0.609375 -0.189851 
0.625000 -0.188913 

0.578125 -0.186932 
0.562500 -0.182096 

0.581548 -0.187500 
0.578125 -0.187024 

0.728171 0.359375 
0.718750 0.350350 

0.747406 0.359375 
0.750000 0.358894 

0.729815 0.359375 
0.734375 0.361272 

0.734375 0.361245 
0.750000 0.359426 

0.833548 0.109375 
0.832853 0.093750 

0.833893 0.125000 
0.833550 0.109375 

0.640625 -0.050055 
0.625000 -0.059087 

0.644666 -0.046875 
0.640625 -0.049653 

0.644645 -0.046875 
0.656250 -0.038601 

0.717710 -0.046875 
0.718750 -0.047915 

0.843936 0.125000 
0.843750 0.119044 

0.033078 0.171875 
0.031250 0.173703 

0.001329 0.000000 
0.000000 0.001329 

0.015730 0.015625 
0.015625 0.015730 

0.833918 0.125000 
0.833856 0.140625 

0.833875 0.140625 
0.833355 0.156250 

0.730960 0.093750 
0.733896 0.109375 

0.734077 0.109375 
0.734375 0.112013 

0.736052 0.125000 
0.734375 0.111178 

0.735568 0.234375 
0.737247 0.218750 

0.733478 0.250000 
0.734375 0.242297 

0.735328 0.234375 
0.734375 0.243058 

0.609375 -0.066880 
0.593750 -0.073238 

0.618862 -0.062500 
0.609375 -0.066598 

0.953102 0.000000 
0.953125 0.000006 

0.954595 0.000000 
0.953125 0.000621 

0.831847 0.078125 
0.830452 0.062500 

0.832863 0.093750 
0.831837 0.078125 

0.736244 0.125000 
0.737901 0.140625 

0.737901 0.140625 
0.738931 0.156250 

0.833337 0.156250 
0.832356 0.171875 

0.832350 0.171875 
0.830958 0.187500 

0.830977 0.187500 
0.829147 0.203125 

0.826646 0.218750 
0.828125 0.208357 

0.828872 0.203125 
0.828125 0.209172 

0.951850 0.000000 
0.953125 -0.001859 

0.953915 0.000000 
0.953125 -0.002050 

0.722122 -0.156250 
0.734375 -0.147005 

0.740641 -0.140625 
0.734375 -0.146402 

0.740594 -0.140625 
0.750000 -0.131104 

0.826433 0.218750 
0.823177 0.234375 

0.823182 0.234375 
0.819233 0.250000 

0.791708 0.312500 
0.781250 0.327609 

0.207068 0.375000 
0.203125 0.378943 

0.536346 -0.093750 
0.546875 -0.089299 

0.562500 -0.084009 
0.546875 -0.089542 

0.819238 0.250000 
0.814576 0.265625 

0.814082 0.265625 
0.812500 0.270597 

0.795289 -0.062500 
0.796875 -0.058486 

0.802182 -0.046875 
0.796875 -0.059956 

0.808904 -0.031250 
0.802627 -0.046875 

0.779402 -0.093750 
0.781250 -0.090255 

-0.015625 0.078124 
0.000000 0.078124 

-0.001351 0.093750 
0.000000 0.092357 

0.001327 0.093750 
0.000000 0.095077 

0.823159 0.015625 
0.819068 0.000000 

0.826432 0.031250 
0.823217 0.015625 

0.656250 -0.183559 
0.671875 -0.179644 

0.671875 -0.179710 
0.687500 -0.174790 

0.302552 0.265625 
0.296875 0.271302 

0.738490 0.203125 
0.739184 0.187500 

0.737267 0.218750 
0.738482 0.203125 

0.531259 -0.156250 
0.531250 -0.156242 

0.546965 -0.125000 
0.546875 -0.125015 

0.664151 -0.031250 
0.671875 -0.023705 

0.679547 -0.015625 
0.671875 -0.024037 

0.679295 -0.015625 
0.687500 -0.004793 

0.230503 -0.062500 
0.234375 -0.065586 

0.235711 -0.062500 
0.234375 -0.065260 

0.509948 -0.125000 
0.515351 -0.109375 

0.516259 -0.109375 
0.515625 -0.110806 

0.515647 -0.109375 
0.531250 -0.095035 

0.755761 -0.125000 
0.765625 -0.112714 

0.769017 -0.109375 
0.765625 -0.113717 

0.779215 -0.093750 
0.768994 -0.109375 

0.787869 -0.078125 
0.781250 -0.091180 

0.795212 -0.062500 
0.787997 -0.078125 

0.412247 0.078125 
0.406250 0.084122 

0.048662 0.359375 
0.046875 0.361162 

0.000715 0.359375 
0.000000 0.360090 

0.691839 0.000000 
0.687500 -0.005973 

0.703249 0.000000 
0.703125 -0.000147 

0.694438 -0.171875 
0.687500 -0.174415 

0.694083 -0.171875 
0.703125 -0.168317 

0.703125 -0.167948 
0.718750 -0.159144 

0.512104 -0.140625 
0.515625 -0.147595 

0.521615 -0.156250 
0.515625 -0.146786 

0.509730 -0.125000 
0.511319 -0.140625 

0.515630 -0.140625 
0.515625 -0.140587 

0.541831 -0.171875 
0.546875 -0.174819 

0.562500 -0.181823 
0.546875 -0.174791 

0.542545 -0.171875 
0.531250 -0.164627 

0.722197 0.062500 
0.726906 0.078125 

0.726950 0.078125 
0.730889 0.093750 

-0.016654 0.343750 
-0.015625 0.346107 

-0.015083 0.343750 
-0.015625 0.348040 

0.755723 -0.125000 
0.750000 -0.131229 

0.016757 0.375000 
0.015625 0.376132 

-0.017300 0.343750 
-0.015625 0.343161 

-0.015226 0.343750 
-0.015625 0.343502 

0.722137 -0.156250 
0.718750 -0.158663 

0.521917 -0.156250 
0.531250 -0.165105 

0.250816 -0.062500 
0.250000 -0.060289 

