0.848875 0.062500 
0.850401 0.078125 

0.850404 0.078125 
0.851518 0.093750 

0.317182 0.015625 
0.312500 0.003960 

0.317088 0.015625 
0.325847 0.031250 

0.546875 -0.293926 
0.531250 -0.292820 

0.562500 -0.294529 
0.546875 -0.293899 

0.856795 -0.093750 
0.859375 -0.082244 

0.860611 -0.078125 
0.859375 -0.083948 

0.864901 -0.062500 
0.860888 -0.078125 

0.687500 -0.279072 
0.703125 -0.273691 

0.703125 -0.273625 
0.718750 -0.267364 

0.830619 -0.031250 
0.834883 -0.015625 

0.835051 -0.015625 
0.839012 0.000000 

0.874057 -0.015625 
0.871798 -0.031250 

0.874088 -0.015625 
0.875000 -0.005925 

0.606761 -0.281250 
0.609375 -0.280859 

0.624530 -0.281250 
0.625000 -0.281173 

0.607400 -0.265625 
0.609375 -0.263783 

0.609824 -0.265625 
0.609375 -0.263369 

0.390625 -0.248256 
0.375000 -0.238150 

0.393847 -0.250000 
0.390625 -0.248373 

0.312626 -0.156250 
0.312500 -0.155822 

0.789258 -0.125000 
0.781250 -0.136836 

0.377994 -0.046875 
0.377158 -0.062500 

0.380355 -0.031250 
0.377990 -0.046875 

0.880753 0.078125 
0.880473 0.062500 

0.890631 0.078125 
0.890625 0.077887 

0.880752 0.078125 
0.880667 0.093750 

0.578125 -0.294735 
0.562500 -0.294527 

0.578125 -0.294806 
0.593750 -0.294454 

0.421147 -0.265625 
0.421875 -0.266009 

0.437500 -0.272864 
0.421875 -0.265981 

0.421875 -0.264072 
0.406250 -0.256319 

0.427832 -0.265625 
0.421875 -0.262985 

0.850682 0.187500 
0.859375 0.200928 

0.871728 0.203125 
0.875000 0.202879 

0.859375 0.205208 
0.875000 0.205201 

0.393421 -0.250000 
0.406250 -0.256303 

0.640625 -0.225224 
0.625000 -0.228002 

0.656250 -0.221566 
0.640625 -0.225216 

0.274275 0.125000 
0.265625 0.133650 

0.852049 0.140625 
0.852435 0.125000 

0.851084 0.156250 
0.852011 0.140625 

-0.015632 -0.015625 
-0.015625 -0.015632 

-0.007642 -0.015625 
-0.015625 -0.015625 

-0.001379 0.000000 
0.000000 -0.001382 

0.307282 -0.140625 
0.312199 -0.156250 

0.302818 -0.125000 
0.307178 -0.140625 

0.729575 -0.187500 
0.718750 -0.194421 

0.868885 -0.046875 
0.865183 -0.062500 

0.871772 -0.031250 
0.868825 -0.046875 

0.850080 0.171875 
0.850695 0.156250 

0.849002 0.171875 
0.851635 0.187500 

0.295610 -0.078125 
0.296515 -0.093750 

0.295505 -0.078125 
0.295783 -0.062500 

0.844760 0.031250 
0.846864 0.046875 

0.846951 0.046875 
0.848864 0.062500 

0.839924 -0.140625 
0.832460 -0.156250 

0.840196 -0.140625 
0.843750 -0.131043 

0.111744 0.109375 
0.109375 0.111744 

0.397871 -0.140625 
0.406250 -0.153976 

0.390008 -0.125000 
0.390625 -0.126392 

0.397466 -0.140625 
0.390625 -0.126321 

0.593750 -0.294379 
0.609375 -0.293511 

0.609375 -0.293604 
0.625000 -0.292187 

0.465258 -0.281250 
0.468750 -0.281969 

0.354148 -0.218750 
0.343750 -0.206966 

0.463768 -0.203125 
0.468750 -0.205699 

0.439304 -0.187500 
0.453125 -0.196609 

0.465425 -0.203125 
0.453125 -0.196615 

0.823055 -0.171875 
0.813396 -0.187500 

0.823434 -0.171875 
0.828125 -0.163055 

0.832197 -0.156250 
0.828125 -0.164064 

0.380161 -0.093750 
0.377841 -0.078125 

0.377857 -0.078125 
0.377144 -0.062500 

0.300741 -0.031250 
0.304977 -0.015625 

0.305049 -0.015625 
0.310237 0.000000 

0.764988 -0.156250 
0.750000 -0.171092 

0.656250 -0.287209 
0.671875 -0.283699 

0.681064 -0.281250 
0.671875 -0.283398 

0.390625 0.075188 
0.375000 0.073972 

0.390625 0.077441 
0.406250 0.066504 

0.593543 -0.281250 
0.593750 -0.281231 

0.593665 -0.265625 
0.593750 -0.264940 

0.319618 -0.171875 
0.328072 -0.187500 

0.328657 -0.187500 
0.328125 -0.186594 

0.312717 -0.156250 
0.319378 -0.171875 

0.846301 -0.125000 
0.843750 -0.132202 

0.787626 -0.218750 
0.781250 -0.225043 

0.749254 -0.250000 
0.750000 -0.249545 

0.355471 0.062500 
0.359375 0.065285 

0.375000 0.073149 
0.359375 0.065932 

0.787613 -0.218750 
0.796875 -0.208370 

0.801620 -0.203125 
0.796875 -0.208787 

0.801692 -0.203125 
0.812500 -0.188006 

0.295974 -0.062500 
0.296875 -0.051152 

0.297523 -0.046875 
0.296875 -0.053623 

0.297660 -0.046875 
0.300680 -0.031250 

0.370262 -0.234375 
0.375000 -0.238218 

0.354181 -0.218750 
0.359375 -0.224004 

0.371203 -0.234375 
0.359375 -0.224089 

0.531250 -0.226347 
0.546875 -0.228871 

0.546875 -0.228849 
0.562500 -0.230419 

0.453125 -0.278029 
0.437500 -0.272662 

0.467145 -0.281250 
0.453125 -0.277791 

0.441916 -0.265625 
0.437500 -0.263678 

0.455107 -0.265625 
0.453125 -0.264206 

0.851528 0.093750 
0.852207 0.109375 

0.852225 0.109375 
0.852413 0.125000 

0.033078 0.171875 
0.031250 0.173703 

0.340561 -0.203125 
0.343750 -0.206925 

0.328822 -0.187500 
0.339943 -0.203125 

0.562500 -0.230406 
0.578125 -0.231091 

0.593750 -0.230918 
0.578125 -0.231088 

0.310266 0.000000 
0.312500 0.005984 

0.001329 0.000000 
0.000000 0.001329 

0.015730 0.015625 
0.015625 0.015730 

0.515625 -0.291186 
0.500000 -0.288832 

0.531250 -0.292843 
0.515625 -0.291161 

0.625000 -0.292160 
0.640625 -0.290035 

0.640625 -0.290056 
0.656250 -0.287235 

0.666089 -0.218750 
0.656250 -0.221250 

0.750000 -0.249474 
0.765625 -0.238777 

0.770542 -0.234375 
0.765625 -0.238342 

0.770607 -0.234375 
0.781250 -0.225252 

0.125232 -0.328125 
0.125000 -0.328729 

0.125218 -0.328125 
0.125000 -0.327451 

0.703125 -0.203828 
0.687500 -0.210547 

0.703306 -0.203125 
0.703125 -0.203219 

0.703297 -0.203125 
0.718750 -0.194844 

0.207068 0.375000 
0.203125 0.378943 

0.718742 -0.343750 
0.718750 -0.343758 

0.718758 -0.343750 
0.718750 -0.343758 

0.687508 -0.312500 
0.687500 -0.312508 

0.718758 -0.343750 
0.718750 -0.343742 

0.015637 0.125000 
0.015625 0.125011 

0.852057 -0.109375 
0.846572 -0.125000 

0.856888 -0.093750 
0.852258 -0.109375 

-0.015625 0.078124 
0.000000 0.078124 

-0.002573 0.093750 
0.000000 0.090752 

0.000496 0.093750 
0.000000 0.094502 

0.013278 0.109375 
0.015625 0.109929 

0.015730 0.109375 
0.015625 0.110213 

0.839076 0.000000 
0.842270 0.015625 

0.842353 0.015625 
0.843750 0.025833 

0.302551 0.265625 
0.296875 0.271301 

0.821022 -0.062500 
0.826318 -0.046875 

0.826274 -0.046875 
0.828125 -0.039145 

0.830366 -0.031250 
0.828125 -0.040589 

0.421628 -0.171875 
0.421875 -0.172123 

0.421875 -0.172123 
0.437500 -0.185781 

0.421550 -0.171875 
0.408180 -0.156250 

0.531775 -0.281250 
0.531250 -0.281171 

0.547554 -0.281250 
0.546875 -0.281167 

0.546513 -0.265625 
0.546875 -0.259431 

0.547102 -0.265625 
0.546875 -0.258971 

0.389600 0.000000 
0.390625 0.002856 

0.396549 0.015625 
0.390625 0.000469 

0.403602 0.031250 
0.396960 0.015625 

0.408953 0.046875 
0.406250 0.034918 

0.410570 0.046875 
0.408618 0.062500 

0.807173 -0.093750 
0.812500 -0.081221 

0.409172 0.062500 
0.406250 0.067549 

0.412539 0.078125 
0.406250 0.083844 

0.048662 0.359375 
0.046875 0.361162 

0.814278 -0.078125 
0.812500 -0.082526 

0.814421 -0.078125 
0.820627 -0.062500 

0.325727 0.031250 
0.328125 0.034554 

0.338611 0.046875 
0.328125 0.033275 

0.338595 0.046875 
0.343750 0.052294 

0.844646 0.031250 
0.843750 0.023968 

0.789441 -0.125000 
0.796875 -0.111955 

0.798936 -0.109375 
0.796875 -0.113030 

0.798958 -0.109375 
0.806843 -0.093750 

0.765033 -0.156250 
0.765625 -0.155599 

0.777982 -0.140625 
0.765625 -0.155648 

0.778067 -0.140625 
0.781250 -0.136245 

0.016964 0.375000 
0.015625 0.376339 

0.404741 0.031250 
0.406250 0.036886 

0.384262 -0.015625 
0.380350 -0.031250 

0.389529 0.000000 
0.384465 -0.015625 

0.114250 -0.328125 
0.125000 -0.328554 

0.114327 -0.328125 
0.125000 -0.327631 

0.729483 -0.187500 
0.734375 -0.184176 

0.749347 -0.171875 
0.734375 -0.183815 

0.749111 -0.171875 
0.750000 -0.171080 

0.355630 0.062500 
0.343750 0.052782 

0.502650 -0.218750 
0.500000 -0.218129 

0.813397 -0.187500 
0.812500 -0.188775 

0.665308 -0.218750 
0.671875 -0.217015 

0.687500 -0.210700 
0.671875 -0.216569 

0.880641 0.093750 
0.880248 0.109375 

0.880173 0.109375 
0.879672 0.125000 

0.440072 -0.187500 
0.437500 -0.185626 

0.500173 -0.218750 
0.515625 -0.222656 

0.515625 -0.222846 
0.531250 -0.226326 

0.609375 -0.229894 
0.593750 -0.230922 

0.625000 -0.227999 
0.609375 -0.229896 

0.468750 -0.205704 
0.484375 -0.212597 

0.484375 -0.212764 
0.500000 -0.218188 

0.469426 -0.281250 
0.468750 -0.281129 

0.485191 -0.281250 
0.484375 -0.281125 

0.880658 0.171875 
0.879825 0.156250 

0.881532 0.171875 
0.880699 0.187500 

0.721250 -0.265625 
0.718750 -0.266757 

0.721133 -0.265625 
0.734375 -0.259369 

0.734375 -0.258909 
0.750000 -0.250086 

0.879560 0.125000 
0.879323 0.140625 

0.879650 0.156250 
0.879250 0.140625 

0.407963 -0.156250 
0.406250 -0.153781 

0.882669 0.187500 
0.875000 0.202123 

0.876520 0.203125 
0.875000 0.204444 

0.389493 -0.125000 
0.384218 -0.109375 

0.384105 -0.109375 
0.380177 -0.093750 

0.299264 -0.109375 
0.302777 -0.125000 

0.296822 -0.093750 
0.296875 -0.094270 

0.299125 -0.109375 
0.296875 -0.094131 

0.879829 0.046875 
0.878805 0.031250 

0.880473 0.062500 
0.879825 0.046875 

0.640403 -0.281250 
0.640625 -0.281210 

0.625190 -0.265625 
0.625000 -0.258371 

0.500862 -0.281250 
0.500000 -0.281103 

0.516085 -0.281250 
0.515625 -0.281167 

0.507232 -0.265625 
0.500000 -0.264457 

0.875686 0.000000 
0.875000 -0.007936 

0.680187 -0.281250 
0.687500 -0.279463 

0.877322 0.015625 
0.875781 0.000000 

0.878793 0.031250 
0.877410 0.015625 

0.484375 -0.285535 
0.468750 -0.282079 

0.500000 -0.288846 
0.484375 -0.285745 

0.077897 -0.109375 
0.078064 -0.125000 

0.078215 -0.109375 
0.078154 -0.125000 

0.077834 -0.109375 
0.078125 -0.109325 

0.078263 -0.109375 
0.078125 -0.109299 

