0.774895 0.234375 
0.776668 0.218750 

0.772758 0.250000 
0.774868 0.234375 

0.848168 0.078125 
0.847292 0.062500 

0.848739 0.093750 
0.848135 0.078125 

0.703125 -0.063583 
0.687500 -0.077454 

0.703988 -0.062500 
0.703125 -0.063383 

0.835597 -0.015625 
0.831905 -0.031250 

0.838709 0.000000 
0.835578 -0.015625 

0.788421 -0.125000 
0.781250 -0.134964 

0.807097 0.312500 
0.812500 0.308592 

0.460271 -0.171875 
0.468750 -0.179599 

0.447263 -0.156250 
0.453125 -0.164624 

0.459158 -0.171875 
0.453125 -0.164528 

0.000000 0.078121 
0.015625 0.078121 

0.000000 0.093702 
0.015625 0.093702 

0.625000 -0.223799 
0.640625 -0.221565 

0.654215 -0.218750 
0.640625 -0.221316 

0.728561 -0.031250 
0.718750 -0.045570 

0.728786 -0.031250 
0.734375 -0.021521 

0.738312 -0.015625 
0.734375 -0.022617 

0.738352 -0.015625 
0.746233 0.000000 

-0.282480 0.406250 
-0.281250 0.407480 

0.849312 0.125000 
0.848999 0.140625 

0.848991 0.140625 
0.848213 0.156250 

0.654018 -0.218750 
0.656250 -0.218333 

0.171883 -0.453125 
0.171875 -0.453133 

0.160414 -0.437500 
0.171875 -0.437802 

0.171983 -0.437500 
0.171875 -0.437893 

0.720828 -0.187500 
0.718750 -0.188673 

0.848198 0.156250 
0.847002 0.171875 

0.847022 0.171875 
0.845397 0.187500 

0.704109 -0.062500 
0.717463 -0.046875 

0.701260 -0.046875 
0.703125 -0.044960 

0.717162 -0.046875 
0.718750 -0.044777 

0.756495 0.296875 
0.763346 0.281250 

0.752564 0.296875 
0.754428 0.312500 

0.846052 0.046875 
0.844347 0.031250 

0.847317 0.062500 
0.846052 0.046875 

0.662003 -0.093750 
0.671875 -0.088750 

0.687037 -0.078125 
0.671875 -0.088235 

0.687053 -0.078125 
0.687500 -0.077786 

0.093757 -0.406250 
0.093750 -0.406243 

0.778034 0.203125 
0.779060 0.187500 

0.776668 0.218750 
0.778051 0.203125 

-0.281246 0.406250 
-0.281250 0.406246 

0.763128 -0.156250 
0.750000 -0.168151 

0.752557 0.312500 
0.765625 0.324342 

0.781250 0.323953 
0.765625 0.321713 

0.662150 -0.093750 
0.656250 -0.096607 

0.768253 0.062500 
0.771685 0.078125 

0.771788 0.078125 
0.774753 0.093750 

0.640625 -0.103350 
0.625000 -0.108048 

0.656250 -0.097034 
0.640625 -0.103292 

0.702743 -0.031250 
0.703125 -0.031129 

0.718673 -0.031250 
0.718750 -0.031152 

0.441266 -0.140625 
0.446218 -0.156250 

0.440922 -0.140625 
0.444245 -0.125000 

0.687394 -0.031250 
0.687500 -0.031141 

0.500000 -0.099041 
0.515625 -0.101562 

0.515625 -0.101970 
0.531250 -0.106216 

-0.015688 0.125000 
-0.015625 0.125063 

0.769082 -0.421875 
0.765625 -0.418418 

0.781250 0.322236 
0.796875 0.317631 

0.806359 0.312500 
0.796875 0.317641 

0.543647 -0.218750 
0.546875 -0.219409 

0.562500 -0.222225 
0.546875 -0.219540 

0.479115 -0.187500 
0.468750 -0.179893 

0.849134 0.109375 
0.848739 0.093750 

0.849282 0.125000 
0.849173 0.109375 

0.675633 -0.390625 
0.671875 -0.386867 

0.578125 -0.224379 
0.562500 -0.222413 

0.593750 -0.225225 
0.578125 -0.224402 

0.544140 -0.218750 
0.531250 -0.215470 

0.576851 -0.437500 
0.578125 -0.438241 

0.579749 -0.437500 
0.578125 -0.437956 

0.444772 -0.125000 
0.453125 -0.113547 

0.457575 -0.109375 
0.453125 -0.113136 

0.458711 -0.109375 
0.468750 -0.103435 

0.843459 0.203125 
0.843750 0.200328 

0.843243 0.203125 
0.840599 0.218750 

0.562500 -0.113655 
0.578125 -0.114421 

0.593750 -0.113539 
0.578125 -0.114325 

0.749598 0.296875 
0.750000 0.296103 

0.749767 0.296875 
0.750000 0.307401 

0.753403 0.015625 
0.750000 0.006721 

0.753368 0.015625 
0.759087 0.031250 

0.746434 0.000000 
0.750000 0.008952 

0.770044 0.265625 
0.773082 0.250000 

0.765261 0.281250 
0.765625 0.280152 

0.770155 0.265625 
0.765625 0.280251 

0.692364 -0.203125 
0.687500 -0.205398 

0.691572 -0.203125 
0.703125 -0.197615 

0.703125 -0.197098 
0.718750 -0.188848 

0.539221 -0.109375 
0.546875 -0.110936 

0.546875 -0.111211 
0.562500 -0.113589 

0.541791 -0.109375 
0.531250 -0.106935 

0.779785 0.171875 
0.779987 0.156250 

0.779076 0.187500 
0.779746 0.171875 

-0.015625 0.125000 
-0.015625 0.124518 

-0.003106 0.109375 
0.000000 0.112480 

0.778620 0.125000 
0.779620 0.140625 

0.779623 0.140625 
0.780006 0.156250 

0.001852 0.109375 
0.000000 0.106682 

0.841418 0.015625 
0.838609 0.000000 

0.841554 0.015625 
0.843750 0.030600 

0.577333 -0.437500 
0.578125 -0.431695 

0.579613 -0.437500 
0.578125 -0.431275 

0.609375 -0.111442 
0.593750 -0.113491 

0.619561 -0.109375 
0.609375 -0.111093 

0.619390 -0.109375 
0.625000 -0.108370 

0.827080 -0.046875 
0.821905 -0.062500 

0.827164 -0.046875 
0.828125 -0.042890 

0.831809 -0.031250 
0.828125 -0.045758 

0.200158 -0.484375 
0.203125 -0.484375 

0.203125 -0.484375 
0.203125 -0.484375 

0.187992 -0.468750 
0.187500 -0.469275 

0.827122 0.281250 
0.821662 0.296875 

0.822232 0.296875 
0.812500 0.308982 

0.759266 0.031250 
0.764153 0.046875 

0.764383 0.046875 
0.765625 0.052620 

0.768125 0.062500 
0.765625 0.050971 

0.840658 0.218750 
0.836934 0.234375 

0.836724 0.234375 
0.832223 0.250000 

0.281244 -0.406250 
0.281250 -0.406256 

0.281256 -0.406250 
0.281250 -0.406256 

0.281244 -0.406250 
0.281250 -0.406244 

0.281256 -0.406250 
0.281250 -0.406244 

0.808265 -0.093750 
0.812500 -0.084142 

0.160673 -0.437500 
0.171875 -0.437277 

0.172017 -0.437500 
0.171875 -0.437161 

0.827999 0.265625 
0.828125 0.264897 

0.831594 0.250000 
0.828125 0.265048 

0.827909 0.265625 
0.825563 0.281250 

0.845214 0.187500 
0.843750 0.200648 

0.815726 -0.078125 
0.812500 -0.085787 

0.821817 -0.062500 
0.815764 -0.078125 

0.844379 0.031250 
0.843750 0.025879 

0.687519 -0.468750 
0.687500 -0.468731 

0.788639 -0.125000 
0.796875 -0.111920 

0.798889 -0.109375 
0.796875 -0.112552 

0.807960 -0.093750 
0.799251 -0.109375 

0.484375 -0.099010 
0.468750 -0.103389 

0.500000 -0.098828 
0.484375 -0.099277 

0.763158 -0.156250 
0.765625 -0.153677 

0.776730 -0.140625 
0.765625 -0.153511 

0.776665 -0.140625 
0.781250 -0.134568 

0.774763 0.093750 
0.777035 0.109375 

0.777010 0.109375 
0.778620 0.125000 

0.720374 -0.187500 
0.734375 -0.179556 

0.745328 -0.171875 
0.734375 -0.179393 

0.745327 -0.171875 
0.750000 -0.168392 

0.502737 -0.203125 
0.515625 -0.208920 

0.531250 -0.215181 
0.515625 -0.209123 

0.504247 -0.203125 
0.500000 -0.201157 

0.656250 -0.217981 
0.671875 -0.212917 

0.671875 -0.212688 
0.687500 -0.205975 

0.584045 -0.328125 
0.578125 -0.322205 

0.593750 -0.225168 
0.609375 -0.224920 

0.609375 -0.224908 
0.625000 -0.223727 

0.478925 -0.187500 
0.484375 -0.191377 

0.500000 -0.201009 
0.484375 -0.191708 

