0.767828 0.234375 
0.769679 0.218750 

0.765752 0.250000 
0.767660 0.234375 

0.845541 0.078125 
0.844632 0.062500 

0.846070 0.093750 
0.845524 0.078125 

0.690511 -0.062500 
0.687500 -0.065142 

0.787221 -0.406250 
0.796875 -0.406861 

0.797168 -0.406250 
0.796875 -0.407097 

0.639412 -0.093750 
0.640625 -0.093394 

0.656250 -0.086108 
0.640625 -0.092936 

0.827907 -0.031250 
0.828125 -0.030208 

0.832263 -0.015625 
0.828564 -0.031250 

0.835576 0.000000 
0.832324 -0.015625 

0.578125 -0.217247 
0.562500 -0.214998 

0.593750 -0.218217 
0.578125 -0.217150 

0.782320 -0.125000 
0.781250 -0.126456 

0.709561 -0.187500 
0.718750 -0.182138 

0.808942 0.312500 
0.812500 0.308339 

0.460653 -0.156250 
0.468750 -0.167617 

0.000000 0.078121 
0.015625 0.078121 

0.000000 0.093702 
0.015625 0.093702 

0.727874 -0.015625 
0.718750 -0.030556 

0.728177 -0.015625 
0.734375 -0.003589 

0.736908 0.000000 
0.734375 -0.005039 

-0.282480 0.406250 
-0.281250 0.407480 

0.846416 0.125000 
0.846161 0.140625 

0.846188 0.140625 
0.845493 0.156250 

0.625000 -0.217265 
0.640625 -0.215170 

0.640625 -0.215220 
0.656250 -0.211969 

0.845455 0.156250 
0.844345 0.171875 

0.844099 0.171875 
0.843750 0.176642 

0.202704 -0.453125 
0.203125 -0.453561 

0.205098 -0.453125 
0.203125 -0.453338 

0.202914 -0.453125 
0.203125 -0.450397 

0.205058 -0.453125 
0.203125 -0.450602 

0.690589 -0.062500 
0.703125 -0.050063 

0.705775 -0.046875 
0.703125 -0.049861 

0.706047 -0.046875 
0.717802 -0.031250 

0.751337 0.296875 
0.758413 0.281250 

0.750209 0.296875 
0.750000 0.298054 

0.844594 0.062500 
0.843750 0.051332 

0.670403 -0.078125 
0.656250 -0.085738 

0.670388 -0.078125 
0.671875 -0.077270 

0.687500 -0.065464 
0.671875 -0.076763 

0.667223 -0.421875 
0.656250 -0.422789 

0.669113 -0.421875 
0.656250 -0.421484 

0.771163 0.203125 
0.772287 0.187500 

0.769665 0.218750 
0.771151 0.203125 

-0.281246 0.406250 
-0.281250 0.406246 

0.754768 -0.156250 
0.750000 -0.160307 

0.757718 0.328125 
0.750000 0.322421 

0.769050 0.328125 
0.781250 0.326547 

0.755995 0.328125 
0.765625 0.330690 

0.769326 0.328125 
0.765625 0.328474 

0.760354 0.062500 
0.764032 0.078125 

0.764183 0.078125 
0.765625 0.087343 

0.766670 0.093750 
0.765625 0.086456 

0.639498 -0.093750 
0.625000 -0.098141 

0.702523 -0.031250 
0.703125 -0.030639 

0.717739 -0.031250 
0.718750 -0.029726 

0.687535 -0.015625 
0.687500 -0.015620 

0.842948 0.046875 
0.840777 0.031250 

0.843149 0.046875 
0.843750 0.053995 

0.455770 -0.140625 
0.459806 -0.156250 

0.455731 -0.140625 
0.460363 -0.125000 

0.671551 0.000000 
0.671875 0.000117 

0.494999 -0.187500 
0.500000 -0.190539 

0.515625 -0.098114 
0.500000 -0.099508 

0.515625 -0.098380 
0.531250 -0.099814 

0.842786 0.187500 
0.843750 0.176379 

-0.015689 0.125000 
-0.015625 0.125064 

0.781250 0.326209 
0.796875 0.320037 

0.808404 0.312500 
0.796875 0.320700 

0.473966 -0.171875 
0.484375 -0.180417 

0.495315 -0.187500 
0.484375 -0.180716 

0.472495 -0.171875 
0.468750 -0.167708 

0.846317 0.109375 
0.846040 0.093750 

0.846377 0.125000 
0.846322 0.109375 

0.584045 -0.328125 
0.578125 -0.322205 

0.675633 -0.390625 
0.671875 -0.386867 

0.546875 -0.211158 
0.531250 -0.206054 

0.562500 -0.215065 
0.546875 -0.211306 

0.461150 -0.125000 
0.468750 -0.115236 

0.842688 0.187500 
0.840656 0.203125 

0.840699 0.203125 
0.838050 0.218750 

0.562500 -0.105783 
0.578125 -0.106362 

0.593750 -0.105184 
0.578125 -0.106318 

0.744898 0.312500 
0.747408 0.296875 

0.750784 0.031250 
0.750000 0.028925 

0.736869 0.000000 
0.743969 0.015625 

0.744258 0.015625 
0.750000 0.030832 

0.763177 0.265625 
0.765619 0.250000 

0.765662 0.250000 
0.765625 0.250322 

0.758985 0.281250 
0.763747 0.265625 

0.687500 -0.200325 
0.703125 -0.192106 

0.710000 -0.187500 
0.703125 -0.191503 

0.531250 -0.100306 
0.546875 -0.103054 

0.546875 -0.103496 
0.562500 -0.105692 

0.773012 0.171875 
0.773088 0.156250 

0.772325 0.187500 
0.772988 0.171875 

0.523752 -0.203125 
0.531250 -0.205927 

0.515625 -0.198828 
0.500000 -0.190720 

0.525473 -0.203125 
0.515625 -0.199201 

-0.003105 0.109375 
0.000000 0.112480 

0.771311 0.125000 
0.772539 0.140625 

0.772528 0.140625 
0.773090 0.156250 

0.001852 0.109375 
0.000000 0.106682 

0.838287 0.015625 
0.835540 0.000000 

0.840681 0.031250 
0.838206 0.015625 

0.656250 -0.212100 
0.671875 -0.207327 

0.681995 -0.203125 
0.671875 -0.206839 

0.681583 -0.203125 
0.687500 -0.200868 

0.609375 -0.102480 
0.593750 -0.105128 

0.625000 -0.098449 
0.609375 -0.102462 

0.823154 -0.046875 
0.817525 -0.062500 

0.827890 -0.031250 
0.823258 -0.046875 

0.828349 -0.031250 
0.828125 -0.032151 

0.655975 -0.421875 
0.656250 -0.423179 

0.655986 -0.421875 
0.656250 -0.421381 

0.203128 -0.484375 
0.203125 -0.484376 

0.202739 -0.468750 
0.203125 -0.469083 

0.203675 -0.468750 
0.203125 -0.468987 

0.062507 -0.437500 
0.062500 -0.437493 

0.822535 0.281250 
0.818382 0.296875 

0.819189 0.296875 
0.812500 0.308357 

0.750746 0.031250 
0.755630 0.046875 

0.755743 0.046875 
0.760245 0.062500 

0.743394 0.312500 
0.750000 0.325653 

0.838161 0.218750 
0.834588 0.234375 

0.834447 0.234375 
0.830009 0.250000 

0.281244 -0.406250 
0.281250 -0.406256 

0.281256 -0.406250 
0.281250 -0.406256 

0.281244 -0.406250 
0.281250 -0.406244 

0.281256 -0.406250 
0.281250 -0.406244 

0.609375 -0.218283 
0.593750 -0.218233 

0.609375 -0.218295 
0.625000 -0.217275 

0.810387 -0.078125 
0.802457 -0.093750 

0.810545 -0.078125 
0.812500 -0.073179 

0.825020 0.265625 
0.828125 0.253131 

0.829265 0.250000 
0.828125 0.254676 

0.824595 0.265625 
0.821331 0.281250 

0.817476 -0.062500 
0.812500 -0.075262 

0.687519 -0.437500 
0.687500 -0.437519 

0.792710 -0.109375 
0.782676 -0.125000 

0.792852 -0.109375 
0.796875 -0.102228 

0.802246 -0.093750 
0.796875 -0.103528 

0.475067 -0.109375 
0.468750 -0.114534 

0.476395 -0.109375 
0.484375 -0.104599 

0.500000 -0.099377 
0.484375 -0.104394 

0.754696 -0.156250 
0.765625 -0.145845 

0.770199 -0.140625 
0.765625 -0.145661 

0.770438 -0.140625 
0.781250 -0.126432 

0.766896 0.093750 
0.769260 0.109375 

0.769391 0.109375 
0.771315 0.125000 

0.734235 -0.171875 
0.718750 -0.181573 

0.734236 -0.171875 
0.734375 -0.171782 

0.734375 -0.171522 
0.750000 -0.160407 

0.671692 0.000000 
0.671875 -0.004567 

0.672355 -0.015625 
0.671875 -0.013665 

0.787043 -0.406250 
0.796875 -0.405683 

0.797164 -0.406250 
0.796875 -0.405479 

