0.867561 0.078125 
0.866825 0.062500 

0.867906 0.093750 
0.867538 0.078125 

0.363096 -0.140625 
0.368482 -0.156250 

0.355320 -0.125000 
0.359375 -0.138045 

0.361333 -0.140625 
0.359375 -0.134909 

0.846102 -0.062500 
0.843750 -0.072114 

0.573549 -0.187500 
0.578125 -0.188017 

0.500760 -0.453125 
0.500000 -0.455522 

0.500652 -0.453125 
0.500000 -0.452301 

0.858030 -0.015625 
0.855076 -0.031250 

0.858052 -0.015625 
0.859375 -0.005049 

0.860168 0.000000 
0.859375 -0.007052 

0.593750 -0.267082 
0.609375 -0.266176 

0.614208 -0.265625 
0.609375 -0.265995 

0.613295 -0.265625 
0.625000 -0.264472 

0.440358 -0.234375 
0.453125 -0.241262 

0.468750 -0.247999 
0.453125 -0.241251 

0.442577 -0.234375 
0.437500 -0.231462 

0.352959 -0.093750 
0.354133 -0.078125 

0.354315 -0.078125 
0.356927 -0.062500 

0.806644 -0.156250 
0.812500 -0.145634 

0.381318 -0.031250 
0.375000 -0.032266 

0.392739 -0.031250 
0.406250 -0.040238 

0.496483 -0.156250 
0.500000 -0.158179 

0.890663 0.078125 
0.890625 0.078087 

0.875240 0.093750 
0.875000 0.082918 

0.792606 -0.031250 
0.796875 -0.018195 

0.798078 -0.015625 
0.796875 -0.019722 

0.798142 -0.015625 
0.802876 0.000000 

0.811508 0.031250 
0.812500 0.037601 

0.859364 0.203125 
0.859375 0.203027 

0.862064 0.187500 
0.859796 0.203125 

0.859360 0.203125 
0.856873 0.218750 

0.803072 0.000000 
0.807607 0.015625 

0.807745 0.015625 
0.811415 0.031250 

0.274275 0.125000 
0.265625 0.133650 

0.867638 0.125000 
0.866931 0.140625 

0.866944 0.140625 
0.865819 0.156250 

0.639649 -0.203125 
0.640625 -0.204101 

-0.015631 -0.015625 
-0.015625 -0.015631 

-0.005172 -0.015625 
-0.015625 -0.015625 

-0.001379 0.000000 
0.000000 -0.001382 

0.497263 -0.453125 
0.500000 -0.454904 

0.496570 -0.453125 
0.500000 -0.452266 

0.747490 -0.218750 
0.750000 -0.217100 

0.850965 -0.046875 
0.846503 -0.062500 

0.855080 -0.031250 
0.851170 -0.046875 

0.865832 0.156250 
0.864236 0.171875 

0.864216 0.171875 
0.862163 0.187500 

0.640625 -0.173974 
0.625000 -0.176964 

0.648409 -0.171875 
0.640625 -0.173618 

0.647673 -0.171875 
0.656250 -0.169762 

0.703125 -0.147345 
0.687500 -0.156092 

0.712320 -0.140625 
0.703125 -0.146895 

0.712366 -0.140625 
0.718750 -0.136018 

0.865758 0.046875 
0.864270 0.031250 

0.866839 0.062500 
0.865749 0.046875 

0.815800 -0.140625 
0.812500 -0.146662 

0.823794 -0.125000 
0.815956 -0.140625 

0.111744 0.109375 
0.109375 0.111744 

0.826108 0.281250 
0.828125 0.282272 

0.836802 0.281250 
0.828125 0.282566 

0.457262 -0.125000 
0.468750 -0.136345 

0.376283 -0.156250 
0.375000 -0.153156 

0.434821 -0.093750 
0.437500 -0.098306 

0.578125 -0.267440 
0.562500 -0.267076 

0.578125 -0.267424 
0.593750 -0.267109 

0.814247 0.046875 
0.812500 0.035836 

0.814426 0.046875 
0.817021 0.062500 

0.720846 -0.234375 
0.718750 -0.235422 

0.720788 -0.234375 
0.734375 -0.227404 

0.747876 -0.218750 
0.734375 -0.226951 

0.562500 -0.177993 
0.578125 -0.179470 

0.578125 -0.179396 
0.593750 -0.179654 

0.783335 -0.187500 
0.781250 -0.189780 

0.821088 0.093750 
0.822435 0.109375 

0.822431 0.109375 
0.823359 0.125000 

0.852180 0.250000 
0.848555 0.265625 

0.850091 0.265625 
0.843750 0.275921 

0.856634 0.218750 
0.853970 0.234375 

0.854024 0.234375 
0.851556 0.250000 

0.561022 -0.218750 
0.562500 -0.220228 

-0.015625 0.156414 
0.000000 0.156414 

0.867934 0.109375 
0.867917 0.093750 

0.867957 0.109375 
0.867636 0.125000 

0.687363 -0.156250 
0.687500 -0.156191 

0.033078 0.171875 
0.031250 0.173703 

0.352823 -0.109375 
0.355130 -0.125000 

0.353167 -0.093750 
0.353382 -0.109375 

0.001329 0.000000 
0.000000 0.001329 

0.015730 0.015625 
0.015625 0.015730 

0.823357 0.125000 
0.823878 0.140625 

0.823878 0.140625 
0.823998 0.156250 

0.684912 -0.250000 
0.687500 -0.249287 

0.817071 0.062500 
0.819309 0.078125 

0.819307 0.078125 
0.821093 0.093750 

0.419681 -0.062500 
0.410470 -0.046875 

0.410787 -0.046875 
0.406250 -0.041519 

0.823713 0.171875 
0.824001 0.156250 

0.823003 0.187500 
0.823722 0.171875 

0.821825 0.203125 
0.823016 0.187500 

0.820142 0.218750 
0.821817 0.203125 

0.818090 0.234375 
0.820050 0.218750 

0.816300 0.250000 
0.817820 0.234375 

0.207068 0.375000 
0.203125 0.378943 

0.718742 -0.343750 
0.718750 -0.343758 

0.718758 -0.343750 
0.718750 -0.343758 

0.718742 -0.343750 
0.718750 -0.343742 

0.718758 -0.343750 
0.718750 -0.343742 

0.382359 -0.187500 
0.375000 -0.175983 

0.815220 0.250000 
0.816839 0.265625 

0.813391 0.265625 
0.826669 0.281250 

0.837222 0.281250 
0.843750 0.278919 

0.785578 -0.046875 
0.781250 -0.056620 

0.785822 -0.046875 
0.792414 -0.031250 

-0.015625 0.078124 
0.000000 0.078124 

-0.001351 0.093750 
0.000000 0.092357 

0.001327 0.093750 
0.000000 0.095077 

0.475803 -0.250000 
0.468750 -0.247865 

0.671875 -0.163644 
0.656250 -0.169404 

0.687500 -0.156693 
0.671875 -0.163453 

0.302552 0.265625 
0.296875 0.271302 

0.216254 -0.343750 
0.218750 -0.341254 

0.542549 -0.265625 
0.546875 -0.265959 

0.562500 -0.267008 
0.546875 -0.266070 

0.544131 -0.265625 
0.531250 -0.264299 

0.758561 -0.093750 
0.750000 -0.104996 

0.412247 0.078125 
0.406250 0.084122 

0.048662 0.359375 
0.046875 0.361162 

0.842084 -0.078125 
0.837199 -0.093750 

0.841981 -0.078125 
0.843750 -0.070610 

0.862275 0.015625 
0.860267 0.000000 

0.864254 0.031250 
0.862382 0.015625 

0.533169 -0.171875 
0.546875 -0.174956 

0.546875 -0.175173 
0.562500 -0.177983 

0.535308 -0.171875 
0.531250 -0.170976 

0.218767 -0.343750 
0.218750 -0.343767 

0.824129 -0.125000 
0.828125 -0.115124 

0.830841 -0.109375 
0.828125 -0.116379 

0.836974 -0.093750 
0.831086 -0.109375 

0.016964 0.375000 
0.015625 0.376339 

0.377578 -0.031250 
0.390625 -0.030010 

0.393180 -0.031250 
0.390625 -0.030240 

0.444679 -0.109375 
0.453125 -0.120263 

0.457333 -0.125000 
0.453125 -0.120161 

0.444258 -0.109375 
0.437500 -0.098249 

0.473341 -0.140625 
0.484375 -0.148752 

0.497980 -0.156250 
0.484375 -0.148498 

0.474491 -0.140625 
0.468750 -0.135938 

0.500000 -0.158140 
0.515625 -0.165194 

0.515625 -0.165375 
0.531250 -0.170878 

0.687136 -0.187500 
0.687500 -0.187864 

0.731086 -0.125000 
0.734375 -0.121838 

0.746093 -0.109375 
0.734375 -0.121862 

0.745966 -0.109375 
0.750000 -0.104477 

0.607327 -0.218750 
0.609375 -0.220798 

0.687500 -0.248907 
0.703125 -0.243007 

0.703125 -0.242841 
0.718750 -0.235996 

0.473399 -0.250000 
0.484375 -0.253293 

0.500000 -0.257980 
0.484375 -0.253494 

0.758564 -0.093750 
0.765625 -0.082629 

0.769148 -0.078125 
0.765625 -0.083748 

0.769135 -0.078125 
0.777720 -0.062500 

0.750000 -0.216896 
0.765625 -0.205047 

0.767510 -0.203125 
0.765625 -0.204793 

0.767515 -0.203125 
0.781250 -0.189690 

0.356406 -0.062500 
0.359375 -0.052655 

0.361932 -0.046875 
0.359375 -0.053822 

0.360006 -0.046875 
0.375000 -0.031917 

0.795749 -0.171875 
0.783372 -0.187500 

0.796148 -0.171875 
0.796875 -0.170848 

0.806387 -0.156250 
0.796875 -0.170968 

0.434648 -0.093750 
0.426569 -0.078125 

0.419056 -0.062500 
0.421875 -0.068947 

0.426196 -0.078125 
0.421875 -0.068414 

0.419201 -0.218750 
0.406250 -0.209646 

0.777857 -0.062500 
0.781250 -0.055005 

0.625000 -0.264369 
0.640625 -0.261837 

0.640625 -0.261848 
0.656250 -0.258478 

0.515625 -0.261612 
0.500000 -0.258022 

0.531250 -0.264239 
0.515625 -0.261595 

0.609375 -0.178890 
0.593750 -0.179681 

0.625000 -0.176989 
0.609375 -0.178898 

0.656250 -0.258451 
0.671875 -0.254277 

0.686069 -0.250000 
0.671875 -0.254081 

0.418622 -0.218750 
0.421875 -0.221027 

0.437500 -0.231211 
0.421875 -0.221035 

0.398342 -0.203125 
0.406250 -0.209724 

0.383070 -0.187500 
0.390625 -0.195889 

0.398464 -0.203125 
0.390625 -0.195785 

0.731168 -0.125000 
0.718750 -0.135673 

0.372576 -0.171875 
0.375000 -0.176099 

0.366658 -0.156250 
0.371989 -0.171875 

-0.015625 0.156227 
0.000000 0.156227 

