0.845598 0.062500 
0.847165 0.078125 

0.847183 0.078125 
0.848388 0.093750 

0.317402 0.000000 
0.324954 0.015625 

0.324840 0.015625 
0.328125 0.020919 

0.335853 0.031250 
0.328125 0.019173 

0.546875 -0.290964 
0.531250 -0.289802 

0.562500 -0.291509 
0.546875 -0.290939 

0.858771 -0.078125 
0.855002 -0.093750 

0.858824 -0.078125 
0.859375 -0.075241 

0.862455 -0.062500 
0.859375 -0.076362 

0.687500 -0.275839 
0.703125 -0.270476 

0.715674 -0.265625 
0.703125 -0.270282 

0.714808 -0.265625 
0.718750 -0.264148 

0.827061 -0.031250 
0.828125 -0.026141 

0.830838 -0.015625 
0.828125 -0.027812 

0.831083 -0.015625 
0.834916 0.000000 

0.872361 -0.015625 
0.869807 -0.031250 

0.874369 0.000000 
0.872412 -0.015625 

0.609073 -0.281250 
0.609375 -0.281228 

0.594018 -0.265625 
0.593750 -0.259034 

0.377728 -0.234375 
0.390625 -0.244017 

0.400985 -0.250000 
0.390625 -0.244164 

0.378372 -0.234375 
0.375000 -0.231557 

0.312837 -0.140625 
0.318357 -0.156250 

0.312682 -0.140625 
0.312500 -0.139890 

0.783853 -0.125000 
0.781250 -0.128689 

0.384100 -0.046875 
0.383572 -0.062500 

0.386120 -0.031250 
0.384098 -0.046875 

0.879399 0.078125 
0.879048 0.062500 

0.890633 0.078125 
0.890625 0.077941 

0.879401 0.078125 
0.879388 0.093750 

0.578125 -0.291572 
0.562500 -0.291473 

0.578125 -0.291544 
0.593750 -0.291301 

0.430608 -0.265625 
0.437500 -0.268515 

0.421875 -0.260494 
0.406250 -0.253161 

0.434493 -0.265625 
0.421875 -0.260263 

0.845077 0.187500 
0.850164 0.203125 

0.846753 0.203125 
0.859375 0.215384 

0.859375 0.217315 
0.875000 0.211317 

0.399951 -0.250000 
0.406250 -0.253392 

0.640625 -0.219896 
0.625000 -0.222501 

0.644779 -0.218750 
0.640625 -0.219521 

0.274275 0.125000 
0.265625 0.133650 

0.849440 0.140625 
0.849585 0.125000 

0.848770 0.156250 
0.849423 0.140625 

0.644199 -0.218750 
0.656250 -0.216111 

-0.015632 -0.015625 
-0.015625 -0.015632 

-0.007398 -0.015625 
-0.015625 -0.015625 

-0.001379 0.000000 
0.000000 -0.001382 

0.308010 -0.125000 
0.312244 -0.140625 

0.719763 -0.187500 
0.718750 -0.188162 

0.866679 -0.046875 
0.862892 -0.062500 

0.869858 -0.031250 
0.866708 -0.046875 

0.847729 0.171875 
0.848683 0.156250 

0.847042 0.187500 
0.847334 0.171875 

0.301218 -0.078125 
0.301847 -0.093750 

0.301275 -0.078125 
0.302185 -0.062500 

0.843815 0.046875 
0.843750 0.046217 

0.843836 0.046875 
0.845467 0.062500 

0.837026 -0.140625 
0.829466 -0.156250 

0.837560 -0.140625 
0.843750 -0.125537 

0.111744 0.109375 
0.109375 0.111744 

0.406069 -0.140625 
0.406250 -0.140908 

0.405554 -0.140625 
0.397736 -0.125000 

0.593750 -0.291472 
0.609375 -0.290601 

0.609375 -0.290450 
0.625000 -0.288908 

0.345990 -0.203125 
0.359375 -0.217381 

0.361238 -0.218750 
0.359375 -0.216965 

0.345732 -0.203125 
0.343750 -0.200668 

0.450446 -0.187500 
0.453125 -0.189377 

0.453125 -0.189305 
0.468750 -0.198218 

0.820145 -0.171875 
0.812500 -0.184274 

0.820501 -0.171875 
0.828125 -0.157688 

0.829415 -0.156250 
0.828125 -0.158678 

0.387067 -0.093750 
0.384543 -0.078125 

0.384544 -0.078125 
0.383559 -0.062500 

0.307758 -0.031250 
0.311655 -0.015625 

0.311698 -0.015625 
0.312500 -0.012850 

0.758056 -0.156250 
0.750000 -0.164140 

0.669501 -0.281250 
0.656250 -0.283811 

0.387760 0.062500 
0.375000 0.063337 

0.392003 0.062500 
0.390625 0.063162 

0.563029 -0.281250 
0.562500 -0.281241 

0.593159 -0.281250 
0.593750 -0.281237 

0.562615 -0.265625 
0.562500 -0.250728 

0.593500 -0.265625 
0.593750 -0.264620 

0.325687 -0.171875 
0.328125 -0.176658 

0.333907 -0.187500 
0.328125 -0.176614 

0.318538 -0.156250 
0.325339 -0.171875 

0.841529 0.031250 
0.843679 0.046875 

0.844266 -0.125000 
0.843750 -0.126394 

0.783859 -0.218750 
0.781250 -0.221294 

0.744000 -0.250000 
0.750000 -0.246502 

0.783894 -0.218750 
0.796875 -0.204421 

0.798244 -0.203125 
0.796875 -0.204746 

0.809793 -0.187500 
0.798248 -0.203125 

0.302278 -0.062500 
0.304427 -0.046875 

0.304440 -0.046875 
0.307617 -0.031250 

0.361218 -0.218750 
0.375000 -0.231219 

0.531250 -0.220451 
0.546875 -0.222991 

0.546875 -0.223063 
0.562500 -0.224782 

0.453125 -0.274563 
0.437500 -0.268611 

0.468750 -0.278884 
0.453125 -0.274469 

0.439253 -0.265625 
0.437500 -0.264966 

0.455242 -0.265625 
0.453125 -0.264722 

0.848392 0.093750 
0.849192 0.109375 

0.849205 0.109375 
0.849565 0.125000 

0.033078 0.171875 
0.031250 0.173703 

0.334236 -0.187500 
0.343750 -0.200906 

0.562500 -0.224770 
0.578125 -0.225546 

0.593750 -0.225415 
0.578125 -0.225538 

0.001329 0.000000 
0.000000 0.001329 

0.015730 0.015625 
0.015625 0.015730 

0.515625 -0.287982 
0.500000 -0.285489 

0.531250 -0.289810 
0.515625 -0.287986 

0.625000 -0.289024 
0.640625 -0.286882 

0.640625 -0.286810 
0.656250 -0.283980 

0.750000 -0.246025 
0.765625 -0.235114 

0.766037 -0.234375 
0.765625 -0.234708 

0.766038 -0.234375 
0.781250 -0.221391 

0.317358 0.000000 
0.312500 -0.014360 

0.691101 -0.203125 
0.687500 -0.204621 

0.690898 -0.203125 
0.703125 -0.197741 

0.718750 -0.188705 
0.703125 -0.197281 

0.207068 0.375000 
0.203125 0.378943 

0.718742 -0.343750 
0.718750 -0.343758 

0.718758 -0.343750 
0.718750 -0.343758 

0.687508 -0.312500 
0.687500 -0.312508 

0.718758 -0.343750 
0.718750 -0.343742 

0.015612 0.125000 
0.015625 0.125000 

0.015637 0.125000 
0.015625 0.125011 

0.849741 -0.109375 
0.844304 -0.125000 

0.855099 -0.093750 
0.850167 -0.109375 

-0.015625 0.078124 
0.000000 0.078124 

-0.002573 0.093750 
0.000000 0.090752 

0.000493 0.093750 
0.000000 0.094506 

0.012656 0.109375 
0.015625 0.109824 

0.015708 0.109375 
0.015625 0.110052 

0.835000 0.000000 
0.838481 0.015625 

0.838495 0.015625 
0.841428 0.031250 

0.302552 0.265625 
0.296875 0.271302 

0.816286 -0.062500 
0.822157 -0.046875 

0.822426 -0.046875 
0.827135 -0.031250 

0.431482 -0.171875 
0.437500 -0.177263 

0.417082 -0.156250 
0.421875 -0.161857 

0.431638 -0.171875 
0.421875 -0.161802 

0.171075 -0.375000 
0.171875 -0.384423 

0.172096 -0.375000 
0.171875 -0.385815 

0.531585 -0.281250 
0.531250 -0.281223 

0.547955 -0.281250 
0.546875 -0.281199 

0.546862 -0.265625 
0.546875 -0.264006 

0.562074 -0.265625 
0.562500 -0.254083 

0.399531 0.015625 
0.394564 0.000000 

0.403912 0.031250 
0.400093 0.015625 

0.406255 0.046875 
0.406250 0.046885 

0.802350 -0.093750 
0.809538 -0.078125 

0.809654 -0.078125 
0.812500 -0.070415 

0.412247 0.078125 
0.406250 0.084122 

0.048662 0.359375 
0.046875 0.361162 

0.815921 -0.062500 
0.812500 -0.071830 

0.335589 0.031250 
0.343750 0.041035 

0.874402 0.000000 
0.875000 0.007610 

0.783846 -0.125000 
0.793419 -0.109375 

0.793675 -0.109375 
0.796875 -0.103125 

0.802108 -0.093750 
0.796875 -0.104259 

0.758000 -0.156250 
0.765625 -0.147830 

0.772030 -0.140625 
0.765625 -0.148207 

0.772048 -0.140625 
0.781250 -0.127782 

0.016964 0.375000 
0.015625 0.376339 

0.405456 0.031250 
0.403915 0.046875 

0.383536 0.062500 
0.390625 0.061517 

0.391803 0.062500 
0.406250 0.046911 

0.389455 -0.015625 
0.386304 -0.031250 

0.389647 -0.015625 
0.390625 -0.011274 

0.394170 0.000000 
0.390625 -0.013525 

0.719762 -0.187500 
0.734375 -0.177771 

0.741138 -0.171875 
0.734375 -0.177292 

0.741215 -0.171875 
0.750000 -0.164344 

0.349644 0.046875 
0.343750 0.041217 

0.349321 0.046875 
0.359375 0.054682 

0.375000 0.062179 
0.359375 0.055225 

0.500000 -0.212047 
0.515625 -0.216805 

0.524903 -0.218750 
0.515625 -0.216914 

0.671875 -0.210985 
0.656250 -0.215855 

0.687500 -0.205168 
0.671875 -0.210951 

0.879387 0.093750 
0.879009 0.109375 

0.878975 0.109375 
0.878300 0.125000 

0.451535 -0.187500 
0.437500 -0.177238 

0.522821 -0.218750 
0.531250 -0.220266 

0.609375 -0.224412 
0.593750 -0.225415 

0.625000 -0.222540 
0.609375 -0.224398 

0.477748 -0.203125 
0.484375 -0.205929 

0.484375 -0.205981 
0.500000 -0.211929 

0.479780 -0.203125 
0.468750 -0.198243 

0.480945 -0.281250 
0.468750 -0.278843 

0.484389 -0.281250 
0.484375 -0.281248 

0.471755 -0.265625 
0.468750 -0.263703 

0.486903 -0.265625 
0.484375 -0.262103 

0.877338 0.171875 
0.877026 0.156250 

0.878021 0.187500 
0.877642 0.171875 

0.718750 -0.263690 
0.734375 -0.255905 

0.744313 -0.250000 
0.734375 -0.255577 

0.878206 0.125000 
0.877491 0.140625 

0.877374 0.140625 
0.877041 0.156250 

0.416701 -0.156250 
0.406250 -0.140904 

0.810120 -0.187500 
0.812500 -0.183882 

0.879155 0.187500 
0.876728 0.203125 

0.878086 0.203125 
0.875000 0.208578 

0.397475 -0.125000 
0.391446 -0.109375 

0.387295 -0.093750 
0.390625 -0.108234 

0.391100 -0.109375 
0.390625 -0.107299 

0.170790 -0.375000 
0.171875 -0.374842 

0.172207 -0.375000 
0.171875 -0.374788 

0.304216 -0.109375 
0.307787 -0.125000 

0.301872 -0.093750 
0.304106 -0.109375 

0.878326 0.046875 
0.877248 0.031250 

0.879052 0.062500 
0.878333 0.046875 

0.500113 -0.281250 
0.500000 -0.281235 

0.515782 -0.281250 
0.515625 -0.281232 

0.668384 -0.281250 
0.671875 -0.280600 

0.671875 -0.280275 
0.687500 -0.275917 

0.875785 0.015625 
0.875000 0.005463 

0.877187 0.031250 
0.875882 0.015625 

0.478332 -0.281250 
0.484375 -0.282317 

0.500000 -0.285372 
0.484375 -0.282453 

0.108760 -0.203125 
0.109375 -0.212801 

0.109396 -0.203125 
0.109375 -0.218750 

0.108509 -0.203125 
0.109375 -0.203109 

0.109407 -0.203125 
0.109375 -0.203096 

0.093739 -0.203125 
0.093750 -0.212208 

0.093735 -0.203125 
0.093750 -0.203111 

