0.779548 0.250000 
0.781250 0.236105 

0.850752 0.078125 
0.849829 0.062500 

0.851469 0.093750 
0.850746 0.078125 

0.700693 -0.078125 
0.687500 -0.088869 

0.700755 -0.078125 
0.703125 -0.075944 

0.715859 -0.062500 
0.703125 -0.075745 

0.838714 -0.015625 
0.835164 -0.031250 

0.841771 0.000000 
0.838628 -0.015625 

0.093741 -0.453125 
0.093750 -0.455951 

0.093736 -0.453125 
0.093750 -0.453113 

0.782910 -0.140625 
0.781250 -0.142655 

0.794574 -0.125000 
0.783382 -0.140625 

0.250012 -0.437500 
0.250000 -0.437488 

0.800908 0.312500 
0.812500 0.306755 

0.447625 -0.171875 
0.453125 -0.177450 

0.464383 -0.187500 
0.453125 -0.177649 

0.446840 -0.171875 
0.437500 -0.159661 

0.000000 0.078121 
0.015625 0.078121 

0.000000 0.093702 
0.015625 0.093702 

0.625000 -0.229918 
0.640625 -0.227383 

0.640625 -0.227478 
0.656250 -0.223399 

0.728280 -0.046875 
0.718750 -0.059224 

0.728452 -0.046875 
0.734375 -0.037719 

0.738931 -0.031250 
0.734375 -0.038439 

0.739085 -0.031250 
0.747697 -0.015625 

0.747795 -0.015625 
0.750000 -0.010603 

-0.282480 0.406250 
-0.281250 0.407480 

0.852032 0.125000 
0.851613 0.140625 

0.851590 0.140625 
0.850775 0.156250 

0.785457 0.125000 
0.786252 0.140625 

0.786213 0.140625 
0.786432 0.156250 

0.533672 -0.437500 
0.531250 -0.434599 

0.125001 -0.500000 
0.125000 -0.499999 

0.734047 -0.187500 
0.718750 -0.195671 

0.850784 0.156250 
0.849602 0.171875 

0.849631 0.171875 
0.848009 0.187500 

0.715900 -0.062500 
0.718750 -0.059121 

0.762354 0.296875 
0.765625 0.284790 

0.767627 0.281250 
0.765625 0.287333 

0.759867 0.296875 
0.764275 0.312500 

0.767334 0.312500 
0.765625 0.310536 

0.848678 0.046875 
0.847053 0.031250 

0.849868 0.062500 
0.848655 0.046875 

0.680607 -0.093750 
0.687500 -0.089300 

0.124993 -0.406250 
0.125000 -0.406243 

0.464347 -0.187500 
0.468750 -0.191117 

-0.281246 0.406250 
-0.281250 0.406246 

0.755363 0.000000 
0.750000 -0.012448 

0.754210 -0.171875 
0.750000 -0.175553 

0.753844 -0.171875 
0.765625 -0.160672 

0.769613 -0.156250 
0.765625 -0.160502 

0.764313 0.312500 
0.765625 0.313816 

0.781250 0.319061 
0.765625 0.313116 

0.784653 0.203125 
0.785582 0.187500 

0.783325 0.218750 
0.784667 0.203125 

0.671875 -0.099538 
0.656250 -0.107308 

0.680701 -0.093750 
0.671875 -0.099182 

0.776037 0.062500 
0.779390 0.078125 

0.779534 0.078125 
0.781250 0.090067 

0.640625 -0.113391 
0.625000 -0.117668 

0.651699 -0.109375 
0.640625 -0.112982 

0.651490 -0.109375 
0.656250 -0.107777 

0.139096 -0.421875 
0.140625 -0.423413 

0.141495 -0.421875 
0.140625 -0.423408 

0.139100 -0.421875 
0.140625 -0.421008 

0.141652 -0.421875 
0.140625 -0.420853 

0.781955 0.093750 
0.783846 0.109375 

0.783993 0.109375 
0.785470 0.125000 

0.517092 -0.109375 
0.531250 -0.114341 

0.500000 -0.101635 
0.515625 -0.107139 

0.520843 -0.109375 
0.515625 -0.107571 

-0.015663 0.125000 
-0.015625 0.125038 

0.753996 -0.421875 
0.750000 -0.422868 

0.754146 -0.421875 
0.750000 -0.420454 

0.529545 -0.437500 
0.531250 -0.439014 

0.781250 0.317212 
0.796875 0.314932 

0.800812 0.312500 
0.796875 0.314111 

0.546875 -0.226805 
0.531250 -0.223022 

0.562500 -0.229588 
0.546875 -0.226905 

0.851966 0.109375 
0.851509 0.093750 

0.852042 0.125000 
0.852000 0.109375 

0.533548 -0.437500 
0.531250 -0.438624 

0.675633 -0.390625 
0.671875 -0.386867 

0.434781 -0.156250 
0.437500 -0.160199 

0.578125 -0.231010 
0.562500 -0.229546 

0.593750 -0.231422 
0.578125 -0.230928 

0.427878 -0.140625 
0.433844 -0.156250 

0.427166 -0.140625 
0.428330 -0.125000 

0.530001 -0.437500 
0.531250 -0.434817 

0.669592 -0.218750 
0.656250 -0.222925 

0.438318 -0.109375 
0.437500 -0.110226 

0.438838 -0.109375 
0.453125 -0.100258 

0.468750 -0.096742 
0.453125 -0.100664 

0.843075 0.218750 
0.843750 0.214329 

0.562500 -0.121412 
0.578125 -0.122324 

0.593750 -0.121977 
0.578125 -0.122297 

0.428442 -0.125000 
0.437500 -0.110080 

0.755407 0.000000 
0.761756 0.015625 

0.762020 0.015625 
0.765625 0.027098 

0.767522 0.031250 
0.765625 0.024620 

0.776273 0.265625 
0.779902 0.250000 

0.769998 0.281250 
0.776482 0.265625 

0.687500 -0.210369 
0.703125 -0.203590 

0.703810 -0.203125 
0.703125 -0.203429 

0.703125 -0.203087 
0.718750 -0.195863 

0.531250 -0.114642 
0.546875 -0.119082 

0.546875 -0.119061 
0.562500 -0.121564 

-0.015626 0.125000 
-0.015625 0.120750 

-0.003107 0.109375 
0.000000 0.112479 

0.001852 0.109375 
0.000000 0.106682 

0.841846 0.000000 
0.843750 0.012106 

0.609375 -0.120457 
0.593750 -0.121999 

0.625000 -0.117627 
0.609375 -0.120477 

0.825907 -0.062500 
0.828125 -0.054518 

0.830954 -0.046875 
0.828125 -0.057326 

0.835156 -0.031250 
0.831043 -0.046875 

0.823822 0.296875 
0.828125 0.288369 

0.830577 0.281250 
0.828125 0.288057 

0.823703 0.296875 
0.812500 0.307433 

0.767471 0.031250 
0.771845 0.046875 

0.771915 0.046875 
0.775942 0.062500 

0.842782 0.218750 
0.839063 0.234375 

0.838654 0.234375 
0.834614 0.250000 

0.093856 -0.453125 
0.093750 -0.455321 

0.093898 -0.453125 
0.093750 -0.453118 

0.786174 0.171875 
0.786408 0.156250 

0.785561 0.187500 
0.786148 0.171875 

0.834275 0.250000 
0.831410 0.265625 

0.832121 0.265625 
0.829691 0.281250 

0.848062 0.187500 
0.845837 0.203125 

0.845556 0.203125 
0.843750 0.214771 

0.819950 -0.078125 
0.813505 -0.093750 

0.825751 -0.062500 
0.820012 -0.078125 

0.844995 0.015625 
0.843750 0.006761 

0.847056 0.031250 
0.844966 0.015625 

0.718731 -0.437500 
0.718750 -0.437519 

0.813082 -0.093750 
0.812500 -0.094952 

0.794638 -0.125000 
0.796875 -0.121469 

0.804638 -0.109375 
0.796875 -0.122492 

0.804988 -0.109375 
0.812500 -0.094467 

0.468750 -0.097156 
0.484375 -0.097598 

0.484375 -0.097834 
0.500000 -0.101339 

0.769772 -0.156250 
0.781250 -0.142533 

0.781749 0.093750 
0.781250 0.089546 

0.781644 0.234375 
0.783222 0.218750 

0.781393 0.234375 
0.781250 0.235874 

0.734041 -0.187500 
0.734375 -0.187310 

0.734375 -0.186896 
0.750000 -0.175819 

0.515625 -0.217992 
0.500000 -0.211418 

0.517930 -0.218750 
0.515625 -0.218123 

0.749212 -0.421875 
0.750000 -0.423255 

0.749375 -0.421875 
0.750000 -0.420271 

0.669334 -0.218750 
0.671875 -0.217970 

0.671875 -0.217314 
0.687500 -0.210830 

0.584045 -0.328125 
0.578125 -0.322205 

0.516476 -0.218750 
0.531250 -0.222894 

0.593750 -0.231432 
0.609375 -0.231098 

0.609375 -0.231161 
0.625000 -0.229854 

0.484821 -0.203125 
0.500000 -0.211054 

0.484375 -0.202245 
0.468750 -0.191597 

0.485900 -0.203125 
0.484375 -0.202279 

