0.405342 -0.453125 
0.406250 -0.454684 

0.405737 -0.453125 
0.406250 -0.451799 

0.871455 0.078125 
0.870710 0.062500 

0.871729 0.093750 
0.871461 0.078125 

0.015427 -0.140625 
0.015625 -0.141093 

0.028086 -0.140625 
0.031250 -0.141413 

0.014964 -0.140625 
0.015625 -0.139449 

0.018138 -0.140625 
0.015625 -0.140243 

0.344505 -0.140625 
0.350163 -0.156250 

0.344129 -0.140625 
0.343750 -0.138879 

0.847866 -0.078125 
0.843750 -0.092810 

0.852193 -0.062500 
0.848003 -0.078125 

0.687500 -0.256069 
0.703125 -0.250831 

0.704777 -0.250000 
0.703125 -0.250588 

0.814220 0.000000 
0.812500 -0.007485 

0.858966 -0.031250 
0.859375 -0.028344 

0.862031 -0.015625 
0.859506 -0.031250 

0.864444 0.000000 
0.862089 -0.015625 

0.593750 -0.273578 
0.609375 -0.273074 

0.609375 -0.273032 
0.625000 -0.271349 

0.449684 -0.250000 
0.437500 -0.244791 

0.397593 -0.218750 
0.406250 -0.225613 

0.340620 -0.125000 
0.343750 -0.139048 

0.405736 -0.031250 
0.406250 -0.032437 

0.703125 -0.163070 
0.687500 -0.171201 

0.713402 -0.156250 
0.703125 -0.162632 

0.421514 -0.093750 
0.417228 -0.078125 

0.417215 -0.078125 
0.413929 -0.062500 

0.000000 0.078121 
0.015625 0.078121 

0.001212 0.093750 
0.000000 0.092509 

0.641705 -0.187500 
0.656250 -0.183871 

0.713307 -0.156250 
0.718750 -0.152694 

-0.282480 0.406250 
-0.281250 0.407480 

0.871126 0.125000 
0.870327 0.140625 

0.870407 0.140625 
0.869005 0.156250 

0.762704 -0.109375 
0.750000 -0.124766 

0.762708 -0.109375 
0.765625 -0.105370 

0.773858 -0.093750 
0.765625 -0.105932 

0.640625 -0.188189 
0.625000 -0.191051 

0.642147 -0.187500 
0.640625 -0.187810 

0.532056 -0.187500 
0.531250 -0.187356 

0.125001 -0.500000 
0.125000 -0.499999 

0.855823 -0.046875 
0.852176 -0.062500 

0.858934 -0.031250 
0.855848 -0.046875 

0.868883 0.156250 
0.866962 0.171875 

0.866530 0.171875 
0.865197 0.187500 

0.336209 -0.078125 
0.336267 -0.093750 

0.336137 -0.078125 
0.337590 -0.062500 

0.869529 0.046875 
0.868125 0.031250 

0.870670 0.062500 
0.869543 0.046875 

0.823363 -0.140625 
0.815032 -0.156250 

0.823693 -0.140625 
0.828125 -0.130344 

0.830910 -0.125000 
0.828125 -0.131748 

0.368629 -0.187500 
0.375000 -0.195706 

0.814715 -0.156250 
0.812500 -0.159898 

0.500000 -0.175580 
0.515625 -0.182134 

0.515625 -0.182447 
0.531250 -0.187283 

0.031622 -0.140625 
0.031250 -0.142791 

0.031419 -0.140625 
0.031250 -0.140444 

0.578125 -0.272717 
0.562500 -0.271515 

0.593750 -0.273502 
0.578125 -0.272896 

0.820678 0.031250 
0.823575 0.046875 

0.823659 0.046875 
0.826277 0.062500 

0.468993 -0.156250 
0.468750 -0.156064 

0.452014 -0.140625 
0.453125 -0.141790 

0.453125 -0.141933 
0.468750 -0.156065 

0.451829 -0.140625 
0.439163 -0.125000 

0.718750 -0.243924 
0.734375 -0.236355 

0.737565 -0.234375 
0.734375 -0.236224 

0.736794 -0.234375 
0.750000 -0.226550 

0.531250 -0.187554 
0.546875 -0.190600 

0.546875 -0.190813 
0.562500 -0.193219 

0.846650 0.250000 
0.843750 0.251283 

0.792614 -0.187500 
0.781250 -0.200054 

0.831907 0.171875 
0.832217 0.156250 

0.831236 0.187500 
0.832041 0.171875 

0.671875 -0.178289 
0.656250 -0.183772 

0.687153 -0.171875 
0.671875 -0.177973 

0.687127 -0.171875 
0.687500 -0.171728 

0.829741 0.093750 
0.830960 0.109375 

0.831001 0.109375 
0.831871 0.125000 

0.448261 -0.250000 
0.453125 -0.251957 

0.468750 -0.257817 
0.453125 -0.252113 

0.492603 -0.171875 
0.500000 -0.175506 

0.468750 -0.156313 
0.484375 -0.166830 

0.493533 -0.171875 
0.484375 -0.167178 

0.871691 0.093750 
0.871545 0.109375 

0.871526 0.109375 
0.871080 0.125000 

0.675633 -0.390625 
0.671875 -0.386867 

0.337639 -0.109375 
0.340327 -0.125000 

0.336294 -0.093750 
0.337666 -0.109375 

0.831885 0.125000 
0.832296 0.140625 

0.832252 0.156250 
0.832266 0.140625 

0.593764 -0.437500 
0.593750 -0.437486 

0.826453 0.062500 
0.828125 0.076831 

0.828274 0.078125 
0.828125 0.076367 

0.828340 0.078125 
0.829656 0.093750 

0.438694 -0.125000 
0.437500 -0.123159 

0.355156 -0.015625 
0.343750 -0.030437 

0.355886 -0.015625 
0.359375 -0.012817 

0.375000 -0.006878 
0.359375 -0.010973 

0.562500 -0.193288 
0.578125 -0.194488 

0.593750 -0.194399 
0.578125 -0.194434 

0.429354 -0.109375 
0.437500 -0.123163 

0.421682 -0.093750 
0.421875 -0.094242 

0.428914 -0.109375 
0.421968 -0.093750 

0.868484 0.218750 
0.863939 0.234375 

0.846389 0.250000 
0.859375 0.240200 

0.864332 0.234375 
0.859375 0.240975 

0.760202 -0.218750 
0.750000 -0.226146 

0.015117 -0.125000 
0.015625 -0.124806 

-0.003105 0.093750 
0.000000 0.096855 

-0.015689 0.109375 
-0.015625 0.109439 

0.358048 -0.171875 
0.359375 -0.174071 

0.368264 -0.187500 
0.359375 -0.173258 

0.350394 -0.156250 
0.357865 -0.171875 

0.014082 0.234375 
0.015625 0.233633 

0.016468 0.234375 
0.015625 0.233104 

0.013486 0.234375 
0.015625 0.235506 

0.016065 0.234375 
0.015625 0.235176 

0.791715 -0.062500 
0.796875 -0.049846 

0.798682 -0.046875 
0.796875 -0.051608 

0.798783 -0.046875 
0.804333 -0.031250 

0.814186 0.000000 
0.817674 0.015625 

0.817625 0.015625 
0.820724 0.031250 

0.774142 -0.093750 
0.781250 -0.081274 

0.749686 -0.125000 
0.750000 -0.124659 

0.733735 -0.140625 
0.718750 -0.152272 

0.733754 -0.140625 
0.734375 -0.140083 

0.749684 -0.125000 
0.734375 -0.139872 

0.546875 -0.270239 
0.531250 -0.269194 

0.562500 -0.271395 
0.546875 -0.270195 

0.819951 0.234375 
0.822504 0.218750 

0.817090 0.234375 
0.826056 0.250000 

0.831766 0.250000 
0.828125 0.248648 

0.609375 -0.193274 
0.593750 -0.194363 

0.625000 -0.191190 
0.609375 -0.193289 

0.783450 -0.078125 
0.781250 -0.082034 

0.783643 -0.078125 
0.791439 -0.062500 

0.409891 -0.453125 
0.406250 -0.454075 

0.410630 -0.453125 
0.406250 -0.451666 

0.825608 0.250000 
0.828125 0.251636 

0.843750 0.252344 
0.828125 0.250758 

0.865512 0.203125 
0.865002 0.187500 

0.867123 0.218750 
0.866646 0.203125 

0.842831 -0.093750 
0.843750 -0.090265 

0.866463 0.015625 
0.864448 0.000000 

0.868141 0.031250 
0.866455 0.015625 

0.837193 -0.109375 
0.831034 -0.125000 

0.842737 -0.093750 
0.837318 -0.109375 

0.405546 -0.031250 
0.391526 -0.015625 

0.375000 -0.007527 
0.390625 -0.013540 

0.391387 -0.015625 
0.390625 -0.014999 

0.804322 -0.031250 
0.809345 -0.015625 

0.809459 -0.015625 
0.812500 -0.003626 

0.337674 -0.062500 
0.340615 -0.046875 

0.340855 -0.046875 
0.343750 -0.035594 

0.584045 -0.328125 
0.578125 -0.322205 

0.703889 -0.250000 
0.718750 -0.244162 

0.495016 -0.265625 
0.500000 -0.266406 

0.484375 -0.262731 
0.468750 -0.257922 

0.497561 -0.265625 
0.484375 -0.262959 

0.760096 -0.218750 
0.765625 -0.214461 

0.778129 -0.203125 
0.765625 -0.214283 

0.778151 -0.203125 
0.781250 -0.200048 

0.381414 -0.203125 
0.390625 -0.212500 

0.397608 -0.218750 
0.390625 -0.212668 

0.381301 -0.203125 
0.375000 -0.195591 

0.344531 -0.031250 
0.343750 -0.034076 

0.792633 -0.187500 
0.796875 -0.182135 

0.804619 -0.171875 
0.796875 -0.182400 

0.804930 -0.171875 
0.812500 -0.159531 

0.829398 0.203125 
0.831505 0.187500 

0.824630 0.218750 
0.828125 0.205758 

0.829049 0.203125 
0.828125 0.207343 

0.414486 -0.062500 
0.411115 -0.046875 

0.411799 -0.046875 
0.406250 -0.032282 

-0.281246 0.406250 
-0.281250 0.406246 

0.625000 -0.271299 
0.640625 -0.268619 

0.654818 -0.265625 
0.640625 -0.268300 

0.654611 -0.265625 
0.656250 -0.265344 

0.515625 -0.268176 
0.500000 -0.266384 

0.531250 -0.269314 
0.515625 -0.268096 

0.656250 -0.264939 
0.671875 -0.261081 

0.671875 -0.261043 
0.687500 -0.256263 

0.092943 -0.234375 
0.093750 -0.235116 

0.093031 -0.234375 
0.093750 -0.230125 

0.419402 -0.234375 
0.421875 -0.235895 

0.437500 -0.244420 
0.421875 -0.236207 

0.419525 -0.234375 
0.406250 -0.225983 

0.097286 -0.234375 
0.093750 -0.235059 

0.096519 -0.234375 
0.093750 -0.230955 

