0.638645 -0.062500 
0.625000 -0.069006 

0.819559 -0.015625 
0.814513 -0.031250 

0.823920 0.000000 
0.819542 -0.015625 

0.667688 -0.187500 
0.671875 -0.186561 

0.671875 -0.186203 
0.687500 -0.180638 

0.564931 -0.187500 
0.578125 -0.190235 

0.593750 -0.193431 
0.578125 -0.190610 

0.600280 -0.078125 
0.593750 -0.079463 

0.600489 -0.078125 
0.609375 -0.076008 

0.625000 -0.069454 
0.609375 -0.075665 

0.800332 -0.406250 
0.796875 -0.402793 

0.720965 0.031250 
0.726980 0.046875 

0.727257 0.046875 
0.732513 0.062500 

0.687500 -0.180505 
0.703125 -0.173312 

0.705342 -0.171875 
0.703125 -0.173199 

0.704618 -0.171875 
0.718750 -0.162987 

0.810151 0.281250 
0.805632 0.296875 

0.806667 0.296875 
0.801302 0.312500 

0.000000 0.078121 
0.015625 0.078121 

0.000000 0.093702 
0.015625 0.093702 

0.661529 -0.046875 
0.656250 -0.050793 

0.661434 -0.046875 
0.671875 -0.038766 

0.679567 -0.031250 
0.671875 -0.038431 

-0.282480 0.406250 
-0.281250 0.407480 

0.758757 -0.125000 
0.765625 -0.117426 

0.772768 -0.109375 
0.765625 -0.117759 

0.773185 -0.109375 
0.781250 -0.097847 

0.625000 -0.194839 
0.640625 -0.193352 

0.640625 -0.193349 
0.656250 -0.190504 

0.578125 -0.081966 
0.562500 -0.084438 

0.593750 -0.079765 
0.578125 -0.082339 

0.500775 -0.140625 
0.506112 -0.156250 

0.501462 -0.140625 
0.504539 -0.125000 

0.679802 -0.031250 
0.687500 -0.023006 

0.717333 0.328125 
0.718750 0.314914 

0.703097 0.328125 
0.703125 0.328207 

0.716032 0.328125 
0.718750 0.334543 

-0.281246 0.406250 
-0.281250 0.406246 

0.533386 -0.093750 
0.546875 -0.087740 

0.562500 -0.083988 
0.546875 -0.088004 

0.750000 0.342745 
0.765625 0.339241 

0.765625 0.339609 
0.781250 0.333379 

0.638594 -0.062500 
0.640625 -0.061497 

0.656250 -0.051138 
0.640625 -0.060835 

0.693646 -0.015625 
0.687500 -0.022912 

0.694097 -0.015625 
0.703125 -0.002224 

0.704743 0.000000 
0.703125 -0.002493 

0.832956 0.046875 
0.830871 0.031250 

0.834580 0.062500 
0.832911 0.046875 

0.730281 0.343750 
0.734375 0.345300 

0.746895 0.343750 
0.750000 0.343798 

0.810860 0.281250 
0.812500 0.275909 

0.265630 -0.484375 
0.265625 -0.484375 

0.265228 -0.468750 
0.265625 -0.470332 

0.269119 -0.468750 
0.265625 -0.469728 

0.504726 -0.125000 
0.514471 -0.109375 

0.515345 -0.109375 
0.515625 -0.109072 

0.531250 -0.095502 
0.515625 -0.108915 

0.836368 0.156250 
0.835294 0.171875 

0.835333 0.171875 
0.833854 0.187500 

-0.015689 0.125000 
-0.015625 0.125064 

0.748808 0.156250 
0.749322 0.171875 

0.749196 0.187500 
0.749349 0.171875 

0.790065 0.328125 
0.796875 0.320859 

0.802014 0.312500 
0.796875 0.320704 

0.789543 0.328125 
0.781250 0.333833 

0.837709 0.109375 
0.837124 0.093750 

0.837702 0.109375 
0.837696 0.125000 

0.584045 -0.328125 
0.578125 -0.322205 

0.675633 -0.390625 
0.671875 -0.386867 

0.732601 0.062500 
0.734375 0.069925 

0.736797 0.078125 
0.734375 0.067860 

0.737017 0.078125 
0.740734 0.093750 

0.837644 0.125000 
0.837165 0.140625 

0.837135 0.140625 
0.836348 0.156250 

0.265544 -0.468750 
0.265625 -0.468613 

0.270715 -0.468750 
0.265625 -0.468306 

0.565653 -0.187500 
0.562500 -0.186879 

0.835948 0.078125 
0.834556 0.062500 

0.837071 0.093750 
0.835989 0.078125 

0.833876 0.187500 
0.831870 0.203125 

0.831823 0.203125 
0.829339 0.218750 

0.731852 0.296875 
0.734375 0.288657 

0.736206 0.281250 
0.734375 0.288402 

0.723103 0.312500 
0.730901 0.296875 

0.726341 -0.156250 
0.734375 -0.149381 

0.743237 -0.140625 
0.734375 -0.149007 

0.743180 -0.140625 
0.750000 -0.133874 

0.702800 0.000000 
0.703125 0.000554 

0.704963 0.000000 
0.713429 0.015625 

0.713763 0.015625 
0.718750 0.027203 

0.720955 0.031250 
0.718750 0.025820 

0.534065 -0.093750 
0.531250 -0.095151 

0.734397 -0.453125 
0.734375 -0.453103 

-0.003105 0.109375 
0.000000 0.112480 

0.744429 0.234375 
0.746615 0.218750 

0.741807 0.250000 
0.744392 0.234375 

0.375072 -0.500000 
0.375000 -0.499928 

0.738971 0.265625 
0.741733 0.250000 

0.736088 0.281250 
0.739065 0.265625 

0.525664 -0.171875 
0.531250 -0.174940 

0.506844 -0.156250 
0.515625 -0.166240 

0.523214 -0.171875 
0.515625 -0.166622 

0.733784 0.093750 
0.734375 0.096796 

0.740838 0.093750 
0.743892 0.109375 

0.743836 0.109375 
0.746111 0.125000 

0.807728 -0.046875 
0.801022 -0.062500 

0.807931 -0.046875 
0.812500 -0.034291 

0.001852 0.109375 
0.000000 0.106682 

0.827602 0.015625 
0.823969 0.000000 

0.828394 0.015625 
0.828125 0.014141 

0.827685 0.015625 
0.828125 0.018529 

0.830885 0.031250 
0.828312 0.015625 

0.667995 -0.187500 
0.656250 -0.190111 

0.814444 -0.031250 
0.812500 -0.036980 

0.062507 -0.437500 
0.062500 -0.437493 

0.719518 0.312500 
0.718750 0.317778 

0.730206 0.343750 
0.718750 0.332817 

0.748501 0.343750 
0.734375 0.343198 

0.826275 0.234375 
0.828125 0.223691 

0.828966 0.218750 
0.828125 0.224191 

0.826190 0.234375 
0.822172 0.250000 

0.746064 0.125000 
0.747699 0.140625 

0.747697 0.140625 
0.748789 0.156250 

0.748309 0.203125 
0.749209 0.187500 

0.746663 0.218750 
0.748282 0.203125 

0.609375 -0.194980 
0.593750 -0.193539 

0.609375 -0.194943 
0.625000 -0.194861 

0.691442 -0.421875 
0.687500 -0.417933 

0.793240 -0.078125 
0.784421 -0.093750 

0.793399 -0.078125 
0.796875 -0.070386 

0.800994 -0.062500 
0.796875 -0.071927 

0.822204 0.250000 
0.816892 0.265625 

0.816062 0.265625 
0.812500 0.276544 

0.546875 -0.181587 
0.531250 -0.175209 

0.562500 -0.186729 
0.546875 -0.181830 

0.784244 -0.093750 
0.781250 -0.098193 

0.758692 -0.125000 
0.750000 -0.133955 

0.726570 -0.156250 
0.718750 -0.162515 

0.530466 0.156250 
0.531250 0.157033 

0.531281 0.156250 
0.531250 0.156219 

