0.781232 0.093750 
0.781250 0.094143 

0.765625 0.124263 
0.750000 0.123318 

0.781205 0.109375 
0.781250 0.110477 

0.718191 0.281250 
0.718750 0.281353 

0.233809 -0.031250 
0.234375 -0.037685 

0.235721 -0.031250 
0.234375 -0.036955 

0.718864 0.265625 
0.718750 0.265565 

0.718870 0.265625 
0.718921 0.281250 

0.719364 0.156250 
0.718750 0.156614 

0.749422 0.156250 
0.750000 0.156596 

0.750301 0.234375 
0.750000 0.233098 

0.778263 0.250000 
0.781250 0.234910 

0.718922 0.281250 
0.718750 0.281341 

0.603872 0.031250 
0.606323 0.046875 

0.606479 0.046875 
0.608896 0.062500 

0.720380 0.109375 
0.718750 0.108176 

0.732926 0.109375 
0.734375 0.109815 

0.749415 0.125000 
0.750000 0.122638 

0.788486 0.187500 
0.787100 0.203125 

0.786973 0.203125 
0.784598 0.218750 

0.759969 0.015625 
0.752396 0.000000 

0.759416 0.015625 
0.765625 0.031203 

0.766464 0.031250 
0.765625 0.028886 

0.652496 -0.218750 
0.656250 -0.222504 

0.610834 0.234375 
0.613304 0.218750 

0.608068 0.250000 
0.609375 0.241492 

0.610506 0.234375 
0.609375 0.242083 

0.784430 0.109375 
0.782758 0.093750 

0.785655 0.125000 
0.784347 0.109375 

0.593361 0.343750 
0.593750 0.347207 

0.595628 0.359375 
0.593750 0.349373 

0.594478 0.359375 
0.604412 0.375000 

0.778259 0.250000 
0.774009 0.265625 

0.774008 0.265625 
0.768611 0.281250 

0.615438 0.203125 
0.616985 0.187500 

0.613352 0.218750 
0.615423 0.203125 

0.750933 0.156250 
0.750000 0.157431 

0.611032 -0.046875 
0.625000 -0.058023 

0.602450 -0.031250 
0.609375 -0.044741 

0.612265 -0.046875 
0.609375 -0.042620 

0.656250 0.385754 
0.671875 0.380824 

0.685413 0.375000 
0.671875 0.380408 

0.600374 0.000000 
0.601621 0.015625 

0.601761 0.015625 
0.603811 0.031250 

0.702985 0.046875 
0.703125 0.046635 

0.715377 0.046875 
0.718750 0.046520 

0.702935 0.046875 
0.703125 0.048317 

0.714617 0.046875 
0.718750 0.047891 

0.788850 0.171875 
0.788358 0.156250 

0.788760 0.171875 
0.788354 0.187500 

0.702105 0.156250 
0.703125 0.152243 

0.703750 0.156250 
0.703125 0.150428 

0.761606 0.296875 
0.765625 0.287375 

0.768209 0.281250 
0.765625 0.287748 

0.760888 0.296875 
0.752464 0.312500 

0.617972 0.171875 
0.618355 0.156250 

0.616992 0.187500 
0.617968 0.171875 

0.598142 0.296875 
0.601193 0.281250 

0.595514 0.312500 
0.598059 0.296875 

0.614048 0.093750 
0.615932 0.109375 

0.615947 0.109375 
0.617318 0.125000 

0.593730 0.328125 
0.593750 0.327806 

0.593431 0.343750 
0.593511 0.328125 

0.688096 -0.062500 
0.687500 -0.062695 

0.656250 -0.065873 
0.671875 -0.065642 

0.671875 -0.065169 
0.687500 -0.062646 

0.600006 -0.015625 
0.603171 -0.031250 

0.600145 0.000000 
0.600440 -0.015625 

0.604522 0.375000 
0.609375 0.379565 

0.625000 0.388044 
0.609375 0.379714 

0.733874 0.031250 
0.734375 0.031753 

0.748686 0.031250 
0.750000 0.032342 

0.719186 0.046875 
0.718750 0.048009 

0.749966 0.046875 
0.750000 0.046892 

0.703044 0.156250 
0.703125 0.156256 

0.704112 0.156250 
0.703125 0.156465 

0.784388 0.218750 
0.781699 0.234375 

0.781352 0.234375 
0.781250 0.235017 

0.638482 -0.062500 
0.640625 -0.063155 

0.656250 -0.065517 
0.640625 -0.063223 

0.780430 0.078125 
0.777021 0.062500 

0.780500 0.078125 
0.781250 0.084125 

0.733031 0.203125 
0.734375 0.202363 

0.736337 0.203125 
0.734375 0.202754 

0.732274 0.218750 
0.734375 0.214870 

0.746796 0.218750 
0.734375 0.216907 

0.217479 -0.156250 
0.218750 -0.153082 

0.734303 0.218750 
0.734375 0.218998 

0.750000 0.219537 
0.734375 0.221687 

0.718265 0.109375 
0.718750 0.105933 

0.718705 0.109375 
0.718750 0.109402 

0.742244 0.328125 
0.750000 0.316128 

0.728326 0.343750 
0.734375 0.337223 

0.741768 0.328125 
0.734375 0.337116 

0.752251 0.312500 
0.750000 0.316109 

0.220827 -0.156250 
0.218750 -0.153057 

0.702755 -0.031250 
0.703125 -0.030854 

0.718030 -0.031250 
0.718750 -0.030155 

0.703019 -0.015625 
0.703125 -0.015534 

0.718510 -0.015625 
0.718750 -0.015373 

0.709728 0.359375 
0.718750 0.352607 

0.687500 0.373481 
0.703125 0.364665 

0.710511 0.359375 
0.703125 0.364602 

0.703020 0.015625 
0.703125 0.015530 

0.702883 0.031250 
0.703125 0.030846 

0.717428 0.031250 
0.718750 0.030917 

0.124024 0.000000 
0.125000 0.001015 

0.749541 0.125000 
0.750000 0.126004 

0.718995 0.156250 
0.718750 0.152327 

0.749522 0.140625 
0.750000 0.141104 

0.765625 0.125561 
0.750000 0.126052 

0.781188 0.125000 
0.781250 0.125652 

0.752451 0.140625 
0.750000 0.140679 

0.725779 -0.031250 
0.718750 -0.040436 

0.263585 -0.109375 
0.265625 -0.115336 

0.267792 -0.109375 
0.265625 -0.115025 

0.263285 -0.109375 
0.265625 -0.108111 

0.268384 -0.109375 
0.265625 -0.108015 

0.617327 0.125000 
0.618135 0.140625 

0.618139 0.140625 
0.618355 0.156250 

0.764230 0.031250 
0.765625 0.035326 

0.772038 0.046875 
0.766510 0.031250 

0.765623 0.046875 
0.765625 0.046882 

0.776977 0.062500 
0.772192 0.046875 

0.684492 0.375000 
0.687500 0.373777 

0.640625 0.388816 
0.625000 0.387192 

0.640625 0.388305 
0.656250 0.385948 

0.609286 0.062500 
0.609375 0.063242 

0.611453 0.078125 
0.609375 0.063543 

0.611702 0.078125 
0.614025 0.093750 

0.734136 0.000000 
0.734375 0.000375 

0.746895 0.000000 
0.750000 0.006148 

0.734079 0.015625 
0.734375 0.016552 

0.746752 0.015625 
0.750000 0.020562 

0.782605 0.093750 
0.781250 0.082537 

0.786856 0.140625 
0.785569 0.125000 

0.788172 0.156250 
0.786976 0.140625 

0.728278 0.343750 
0.718750 0.352612 

0.723626 -0.031250 
0.734375 -0.018712 

0.742059 -0.015625 
0.734375 -0.023766 

0.732273 -0.015625 
0.734375 -0.013523 

0.740868 -0.015625 
0.750000 -0.002872 

0.752648 0.000000 
0.750000 -0.004259 

0.638836 -0.062500 
0.625000 -0.057083 

0.688005 -0.062500 
0.703125 -0.056121 

0.715380 -0.046875 
0.703125 -0.056807 

0.702679 -0.046875 
0.703125 -0.046550 

0.714632 -0.046875 
0.718750 -0.042086 

0.593781 0.328125 
0.595376 0.312500 

0.604595 0.265625 
0.607745 0.250000 

0.601262 0.281250 
0.604514 0.265625 

0.233678 -0.031250 
0.234375 -0.030848 

0.236219 -0.031250 
0.234375 -0.030842 

0.656315 -0.218750 
0.656250 -0.218685 

0.220968 -0.156250 
0.218750 -0.157275 

0.218631 -0.031250 
0.218750 -0.033602 

0.218526 -0.031250 
0.218750 -0.031026 

0.718523 0.265625 
0.718750 0.265583 

0.718516 0.265625 
0.718336 0.281250 

0.123541 0.000000 
0.125000 -0.000862 

0.139012 0.000000 
0.140625 0.000815 

0.142007 0.000000 
0.140625 0.001255 

0.701463 0.218750 
0.703125 0.219424 

0.718024 0.218750 
0.718750 0.219052 

0.217137 -0.156250 
0.218750 -0.157478 

0.718124 0.203125 
0.718750 0.202630 

0.702080 0.218750 
0.703125 0.217560 

0.718681 0.203125 
0.718750 0.217103 

0.139415 0.000000 
0.140625 -0.000261 

0.142522 0.000000 
0.140625 -0.000772 

0.686977 0.156250 
0.687500 0.152883 

0.686412 0.156250 
0.687500 0.156834 

