0.031730 0.062500 
0.031250 0.064017 

0.857752 0.062500 
0.858976 0.078125 

0.859062 0.078125 
0.859375 0.084116 

0.860447 0.093750 
0.859375 0.082433 

0.374516 -0.140625 
0.375000 -0.141568 

0.374393 -0.140625 
0.368147 -0.125000 

0.546875 -0.302948 
0.531250 -0.301696 

0.562500 -0.303726 
0.546875 -0.302956 

0.867254 -0.078125 
0.863012 -0.093750 

0.871038 -0.062500 
0.867340 -0.078125 

0.431337 -0.281250 
0.437500 -0.283213 

0.705293 -0.281250 
0.718750 -0.276216 

0.842066 -0.031250 
0.843750 -0.022655 

0.845578 -0.015625 
0.843750 -0.025680 

0.845555 -0.015625 
0.848563 0.000000 

0.454632 -0.218750 
0.468750 -0.224671 

0.359357 -0.093750 
0.358039 -0.078125 

0.357849 -0.078125 
0.357685 -0.062500 

0.378346 -0.250000 
0.375000 -0.247871 

0.783481 -0.156250 
0.794474 -0.140625 

0.794538 -0.140625 
0.796875 -0.136844 

0.804339 -0.125000 
0.796875 -0.137828 

0.884398 0.062500 
0.884169 0.078125 

0.884118 0.078125 
0.883799 0.093750 

0.032314 0.062500 
0.031250 0.061857 

0.578125 -0.303991 
0.562500 -0.303729 

0.578125 -0.304007 
0.593750 -0.303722 

0.304685 -0.171875 
0.312389 -0.187500 

0.297602 -0.156250 
0.304249 -0.171875 

0.421875 -0.277126 
0.406250 -0.269063 

0.432353 -0.281250 
0.421875 -0.277519 

0.126845 0.296875 
0.125000 0.295673 

0.126480 0.296875 
0.125000 0.300200 

0.029714 0.078125 
0.031250 0.076708 

0.001216 0.093750 
0.000000 0.092557 

0.401069 -0.265625 
0.406250 -0.268729 

0.377288 -0.250000 
0.390625 -0.258210 

0.402324 -0.265625 
0.390625 -0.258676 

0.640625 -0.240504 
0.625000 -0.243194 

0.656250 -0.236980 
0.640625 -0.240525 

0.390625 0.107005 
0.375000 0.101598 

0.406250 0.109144 
0.390625 0.107445 

0.856846 0.140625 
0.857268 0.125000 

0.855431 0.140625 
0.859375 0.155414 

0.861309 0.156250 
0.859375 0.153142 

0.876143 -0.031250 
0.875000 -0.041345 

0.188791 0.109375 
0.187500 0.108483 

0.188468 0.109375 
0.187500 0.117956 

0.125001 -0.500000 
0.125000 -0.499999 

0.292096 -0.140625 
0.296875 -0.155637 

0.297087 -0.156250 
0.296875 -0.155551 

0.287434 -0.125000 
0.291761 -0.140625 

0.733102 -0.203125 
0.718750 -0.211462 

0.733082 -0.203125 
0.734375 -0.202317 

0.750000 -0.190669 
0.734375 -0.201841 

0.873981 -0.046875 
0.871078 -0.062500 

0.874122 -0.046875 
0.875000 -0.038889 

0.858605 0.156250 
0.859375 0.157365 

0.875000 0.166868 
0.859375 0.157961 

0.282322 -0.093750 
0.281250 -0.078317 

0.281229 -0.078125 
0.281250 -0.078650 

0.281045 -0.062500 
0.281188 -0.078125 

0.854311 0.031250 
0.856372 0.046875 

0.856321 0.046875 
0.857832 0.062500 

0.840106 -0.156250 
0.843750 -0.146909 

0.031098 0.062500 
0.031250 0.062437 

0.383408 -0.156250 
0.375000 -0.140745 

0.593750 -0.303740 
0.609375 -0.302841 

0.609375 -0.302847 
0.625000 -0.301285 

0.453125 -0.287627 
0.437500 -0.283231 

0.468750 -0.291640 
0.453125 -0.287614 

0.437500 -0.208885 
0.453125 -0.217418 

0.456081 -0.218750 
0.453125 -0.217503 

0.822815 -0.187500 
0.828125 -0.178005 

0.831954 -0.171875 
0.828125 -0.178865 

0.839824 -0.156250 
0.832108 -0.171875 

0.093530 -0.078125 
0.093562 -0.093750 

0.093422 -0.078125 
0.093750 -0.078025 

0.282718 -0.031250 
0.285641 -0.015625 

0.285734 -0.015625 
0.290062 0.000000 

0.753249 -0.187500 
0.765625 -0.176243 

0.769699 -0.171875 
0.765625 -0.176094 

0.769881 -0.171875 
0.781250 -0.158433 

0.234302 -0.031250 
0.234375 -0.030933 

0.250000 -0.029623 
0.234375 -0.029912 

0.656250 -0.295898 
0.671875 -0.292400 

0.671875 -0.292418 
0.687500 -0.287983 

0.059751 -0.156250 
0.062500 -0.156986 

0.281110 -0.062500 
0.281250 -0.054337 

0.250447 -0.031250 
0.250000 -0.032225 

0.372006 0.000000 
0.375000 0.006339 

0.846677 -0.140625 
0.843750 -0.148453 

0.852575 -0.125000 
0.846786 -0.140625 

0.783449 -0.234375 
0.781250 -0.236370 

0.783202 -0.234375 
0.796875 -0.220780 

0.798688 -0.218750 
0.796875 -0.220732 

0.323562 0.062500 
0.328125 0.067715 

0.338437 0.078125 
0.328125 0.068026 

0.338450 0.078125 
0.343750 0.082639 

0.359375 0.093323 
0.343750 0.082956 

0.811480 -0.203125 
0.798909 -0.218750 

0.811471 -0.203125 
0.812500 -0.201725 

0.281425 -0.046875 
0.281250 -0.053154 

0.281322 -0.046875 
0.282779 -0.031250 

0.354366 -0.234375 
0.359375 -0.237956 

0.375000 -0.247970 
0.359375 -0.238023 

0.354308 -0.234375 
0.343750 -0.226405 

0.531250 -0.242579 
0.546875 -0.244814 

0.546875 -0.244830 
0.562500 -0.246129 

0.859634 0.109375 
0.861401 0.093750 

0.857702 0.125000 
0.859174 0.109375 

0.859698 0.109375 
0.859375 0.110783 

0.367912 -0.125000 
0.362912 -0.109375 

0.359359 -0.093750 
0.359375 -0.093861 

0.362882 -0.109375 
0.359659 -0.093750 

0.322565 -0.203125 
0.328125 -0.210258 

0.335671 -0.218750 
0.328125 -0.210074 

0.312824 -0.187500 
0.322450 -0.203125 

0.562500 -0.246089 
0.578125 -0.246499 

0.593750 -0.246125 
0.578125 -0.246473 

0.290166 0.000000 
0.295504 0.015625 

0.295657 0.015625 
0.296875 0.018630 

0.302958 0.031250 
0.296875 0.017346 

0.515625 -0.299985 
0.500000 -0.298038 

0.531250 -0.301664 
0.515625 -0.300009 

0.625000 -0.301308 
0.640625 -0.299025 

0.652286 -0.296875 
0.640625 -0.298697 

0.651807 -0.296875 
0.656250 -0.296203 

0.665302 -0.234375 
0.656250 -0.236536 

0.664807 -0.234375 
0.671875 -0.232632 

0.687500 -0.226800 
0.671875 -0.232303 

0.365688 -0.015625 
0.361264 -0.031250 

0.371921 0.000000 
0.365897 -0.015625 

-0.015625 0.015625 
-0.015625 0.015121 

-0.001381 0.000000 
0.000000 0.001381 

-0.015632 0.015625 
-0.015625 0.015632 

0.093997 -0.093750 
0.093750 -0.093840 

0.109421 -0.093750 
0.109375 -0.093794 

0.125196 -0.093750 
0.125000 -0.094361 

0.764369 -0.250000 
0.765625 -0.249114 

0.765625 -0.248679 
0.781250 -0.236395 

0.704928 -0.218750 
0.718750 -0.211968 

-0.047305 0.171875 
-0.046875 0.169964 

-0.046630 0.171875 
-0.046875 0.169660 

-0.047477 0.171875 
-0.046875 0.172049 

-0.046589 0.171875 
-0.046875 0.172030 

0.063225 -0.156250 
0.062500 -0.153595 

0.015700 -0.015625 
0.015625 -0.015700 

0.001330 0.000000 
0.000000 -0.001329 

0.015626 -0.015625 
0.015625 -0.015166 

-0.002686 0.093750 
0.000000 0.096632 

-0.015625 0.109375 
-0.015625 0.109375 

0.395133 -0.171875 
0.406250 -0.184145 

0.383785 -0.156250 
0.390625 -0.166183 

0.394905 -0.171875 
0.390625 -0.166098 

0.857931 -0.109375 
0.852700 -0.125000 

0.858072 -0.109375 
0.859375 -0.104324 

0.862881 -0.093750 
0.859375 -0.106808 

0.000100 0.093750 
0.000000 0.094283 

0.493735 -0.234375 
0.500000 -0.235915 

0.468750 -0.224840 
0.484375 -0.230825 

0.496310 -0.234375 
0.484375 -0.231038 

0.093566 -0.093750 
0.093750 -0.093806 

0.123013 0.296875 
0.125000 0.295813 

0.123167 0.296875 
0.125000 0.300310 

0.832395 -0.062500 
0.837419 -0.046875 

0.837533 -0.046875 
0.841911 -0.031250 

0.409681 -0.187500 
0.406250 -0.184211 

0.687500 -0.287849 
0.703125 -0.282712 

0.706368 -0.281250 
0.703125 -0.282364 

0.063362 -0.156250 
0.062500 -0.157130 

0.380056 0.015625 
0.375000 0.005517 

0.380425 0.015625 
0.390625 0.030626 

0.391620 0.031250 
0.390625 0.029969 

0.032281 0.343750 
0.031250 0.341877 

0.046922 0.343750 
0.046875 0.342876 

0.407358 0.046875 
0.406250 0.045757 

0.420858 0.062500 
0.407428 0.046875 

0.422442 0.062500 
0.421875 0.061773 

0.411536 0.109375 
0.421875 0.104306 

0.431409 0.093750 
0.421875 0.105569 

0.430243 0.078125 
0.422487 0.062500 

0.432058 0.078125 
0.431173 0.093750 

0.031750 0.343750 
0.031250 0.344190 

0.029534 0.343750 
0.031250 0.344724 

0.820229 -0.093750 
0.826430 -0.078125 

0.826537 -0.078125 
0.828125 -0.073055 

0.832278 -0.062500 
0.828125 -0.075437 

0.323095 0.062500 
0.312500 0.047360 

0.848604 0.000000 
0.851551 0.015625 

0.851638 0.015625 
0.854270 0.031250 

0.812730 -0.109375 
0.812500 -0.109840 

0.813268 -0.109375 
0.820065 -0.093750 

0.804665 -0.125000 
0.812500 -0.109621 

0.405546 0.046875 
0.391707 0.031250 

0.312393 -0.187500 
0.312500 -0.187681 

0.822479 -0.187500 
0.812500 -0.202461 

0.884984 0.109375 
0.883486 0.093750 

0.888111 0.125000 
0.885166 0.109375 

0.335863 -0.218750 
0.343750 -0.226166 

0.500000 -0.235893 
0.515625 -0.239447 

0.515625 -0.239504 
0.531250 -0.242517 

0.609375 -0.245057 
0.593750 -0.246141 

0.625000 -0.243195 
0.609375 -0.245070 

0.703125 -0.220193 
0.687500 -0.226602 

0.705682 -0.218750 
0.703125 -0.219956 

0.875000 0.167938 
0.890625 0.158545 

0.718750 -0.276011 
0.734375 -0.268735 

0.739756 -0.265625 
0.734375 -0.268468 

0.739113 -0.265625 
0.750000 -0.259756 

0.890355 0.140625 
0.888534 0.125000 

0.888613 0.156250 
0.890625 0.151905 

0.890946 0.140625 
0.890625 0.142868 

0.753611 -0.187500 
0.750000 -0.190556 

0.358857 -0.046875 
0.357880 -0.062500 

0.359067 -0.046875 
0.359375 -0.044006 

0.361190 -0.031250 
0.359375 -0.043362 

0.783064 -0.156250 
0.781250 -0.158487 

0.234147 -0.031250 
0.234375 -0.031749 

0.250000 -0.032215 
0.234375 -0.032048 

0.284365 -0.109375 
0.287488 -0.125000 

0.282314 -0.093750 
0.284387 -0.109375 

0.429138 -0.203125 
0.437500 -0.208599 

0.409723 -0.187500 
0.421875 -0.197781 

0.429395 -0.203125 
0.421875 -0.197982 

0.884030 0.046875 
0.883189 0.031250 

0.884389 0.062500 
0.884051 0.046875 

0.359334 0.093750 
0.359375 0.093775 

0.375000 0.101147 
0.359375 0.093810 

0.878122 -0.015625 
0.876156 -0.031250 

0.880153 0.000000 
0.878197 -0.015625 

0.250299 -0.031250 
0.250000 -0.029986 

0.881892 0.015625 
0.880211 0.000000 

0.883177 0.031250 
0.881898 0.015625 

0.764375 -0.250000 
0.750000 -0.259266 

0.491000 -0.296875 
0.500000 -0.298062 

0.484375 -0.295225 
0.468750 -0.291739 

0.494448 -0.296875 
0.484375 -0.295369 

0.303352 0.031250 
0.311834 0.046875 

0.312210 0.046875 
0.312500 0.047314 

0.015611 0.343750 
0.015625 0.343717 

0.030260 0.343750 
0.031250 0.342616 

0.060112 -0.156250 
0.062500 -0.153960 

0.093943 -0.093750 
0.093914 -0.078125 

0.109380 -0.093750 
0.109375 -0.093368 

0.184037 0.109375 
0.187500 0.108627 

0.184803 0.109375 
0.187500 0.116939 

