0.334236 0.000000 
0.343686 0.015625 

0.343684 0.015625 
0.343750 0.015709 

0.546875 -0.284493 
0.531250 -0.283182 

0.562500 -0.285241 
0.546875 -0.284497 

0.855506 -0.078125 
0.850863 -0.093750 

0.858755 -0.062500 
0.855385 -0.078125 

0.697746 -0.265625 
0.687500 -0.268662 

0.696960 -0.265625 
0.703125 -0.263751 

0.703125 -0.263283 
0.718750 -0.256775 

0.562500 -0.212741 
0.578125 -0.213711 

0.578125 -0.213704 
0.593750 -0.213709 

0.818345 -0.031250 
0.823337 -0.015625 

0.823483 -0.015625 
0.827360 0.000000 

0.868509 -0.015625 
0.865668 -0.031250 

0.870743 0.000000 
0.868456 -0.015625 

0.624589 -0.281250 
0.625000 -0.281225 

0.593835 -0.250000 
0.593750 -0.250015 

0.624814 -0.265625 
0.625000 -0.265157 

0.437854 -0.250000 
0.437500 -0.249784 

0.394856 -0.234375 
0.406250 -0.241689 

0.390625 -0.231578 
0.375000 -0.220069 

0.395124 -0.234375 
0.390625 -0.231435 

0.323582 -0.140625 
0.328125 -0.152918 

0.329900 -0.156250 
0.328125 -0.151498 

0.318391 -0.125000 
0.323093 -0.140625 

0.395889 -0.062500 
0.395391 -0.046875 

0.396119 -0.031250 
0.395422 -0.046875 

0.478283 -0.187500 
0.468750 -0.182586 

0.876459 0.078125 
0.875992 0.062500 

0.890642 0.078125 
0.890625 0.078041 

0.876554 0.093750 
0.876456 0.078125 

0.578125 -0.285406 
0.562500 -0.285246 

0.578125 -0.285409 
0.593750 -0.284969 

0.416269 -0.250000 
0.421875 -0.253507 

0.437500 -0.260609 
0.421875 -0.253224 

0.871588 0.187500 
0.871448 0.203125 

0.872583 0.203125 
0.870400 0.218750 

0.625225 -0.250000 
0.625000 -0.244447 

0.274275 0.125000 
0.265625 0.133650 

0.874750 0.140625 
0.875000 0.135468 

0.874598 0.140625 
0.873438 0.156250 

0.640625 -0.207972 
0.625000 -0.210835 

0.656250 -0.204272 
0.640625 -0.207901 

-0.015632 -0.015625 
-0.015625 -0.015632 

-0.006863 -0.015625 
-0.015625 -0.015625 

-0.001379 0.000000 
0.000000 -0.001382 

0.858741 -0.062500 
0.859375 -0.058629 

0.861853 -0.046875 
0.859375 -0.059935 

0.865599 -0.031250 
0.862236 -0.046875 

0.873320 0.156250 
0.872197 0.171875 

0.872083 0.171875 
0.871462 0.187500 

0.314994 -0.093750 
0.315198 -0.078125 

0.315236 -0.078125 
0.316229 -0.062500 

0.874143 0.031250 
0.875000 0.044926 

0.823502 -0.156250 
0.828125 -0.146427 

0.831238 -0.140625 
0.828125 -0.147399 

0.838519 -0.125000 
0.831499 -0.140625 

0.111744 0.109375 
0.109375 0.111744 

0.593750 -0.284952 
0.609375 -0.283941 

0.609375 -0.283926 
0.625000 -0.282409 

0.358396 -0.203125 
0.359375 -0.204324 

0.373241 -0.218750 
0.359375 -0.204294 

0.347767 -0.187500 
0.358667 -0.203125 

0.360209 -0.203125 
0.359375 -0.202067 

0.814411 -0.171875 
0.812500 -0.174841 

0.823176 -0.156250 
0.814415 -0.171875 

0.401069 -0.093750 
0.397685 -0.078125 

0.397699 -0.078125 
0.395830 -0.062500 

0.413323 -0.125000 
0.406342 -0.109375 

0.406296 -0.109375 
0.406250 -0.109210 

0.562708 -0.250000 
0.562500 -0.250422 

0.578444 -0.250000 
0.578125 -0.250075 

0.338323 -0.171875 
0.343750 -0.181596 

0.330182 -0.156250 
0.337940 -0.171875 

0.833646 0.031250 
0.836300 0.046875 

0.836299 0.046875 
0.838503 0.062500 

0.344229 0.015625 
0.343750 0.014932 

0.359375 0.031065 
0.343750 0.016471 

0.732106 -0.250000 
0.734375 -0.248914 

0.734375 -0.248586 
0.750000 -0.239206 

0.609375 -0.212763 
0.593750 -0.213711 

0.625000 -0.210853 
0.609375 -0.212770 

0.790480 -0.203125 
0.781250 -0.212828 

0.790472 -0.203125 
0.796875 -0.195473 

0.803538 -0.187500 
0.796875 -0.195978 

0.312029 -0.062500 
0.312500 -0.057281 

0.311729 -0.046875 
0.312500 -0.043513 

0.373436 -0.218750 
0.375000 -0.220114 

0.841634 0.093750 
0.842610 0.109375 

0.842614 0.109375 
0.843192 0.125000 

0.849155 0.234375 
0.843750 0.231360 

0.873433 0.218750 
0.861466 0.234375 

0.859375 0.238117 
0.843750 0.234639 

0.864953 0.234375 
0.859375 0.237786 

0.560825 -0.250000 
0.562500 -0.249672 

0.451043 -0.265625 
0.453125 -0.266267 

0.468750 -0.271148 
0.453125 -0.266321 

0.453125 -0.265549 
0.437500 -0.260163 

0.456188 -0.265625 
0.453125 -0.264786 

0.315755 -0.109375 
0.318464 -0.125000 

0.314820 -0.093750 
0.315827 -0.109375 

0.033078 0.171875 
0.031250 0.173703 

0.564094 -0.250000 
0.562500 -0.249316 

0.578485 -0.250000 
0.578125 -0.244074 

0.001329 0.000000 
0.000000 0.001329 

0.015730 0.015625 
0.015625 0.015730 

0.843201 0.125000 
0.843353 0.140625 

0.843045 0.156250 
0.843371 0.140625 

0.514038 -0.281250 
0.515625 -0.281418 

0.531250 -0.283052 
0.515625 -0.281447 

0.634105 -0.281250 
0.625000 -0.282254 

0.838495 0.062500 
0.840269 0.078125 

0.840264 0.078125 
0.841634 0.093750 

0.842187 0.171875 
0.843063 0.156250 

0.840805 0.187500 
0.842108 0.171875 

0.839631 0.203125 
0.840408 0.187500 

0.839056 0.203125 
0.840750 0.218750 

0.531250 -0.207735 
0.546875 -0.210777 

0.546875 -0.210774 
0.562500 -0.212760 

0.756151 -0.234375 
0.750000 -0.238753 

0.756204 -0.234375 
0.765625 -0.227431 

0.775087 -0.218750 
0.765625 -0.227018 

0.840783 0.218750 
0.843750 0.225409 

0.321677 -0.031250 
0.326760 -0.015625 

0.326793 -0.015625 
0.328125 -0.012340 

0.334375 0.000000 
0.328125 -0.014241 

0.698185 -0.187500 
0.687500 -0.192243 

0.207068 0.375000 
0.203125 0.378943 

0.718742 -0.343750 
0.718750 -0.343758 

0.718758 -0.343750 
0.718750 -0.343758 

0.718742 -0.343750 
0.718750 -0.343742 

0.718758 -0.343750 
0.718750 -0.343742 

0.347269 -0.187500 
0.343750 -0.181432 

0.015493 0.125000 
0.015625 0.125001 

0.015632 0.125000 
0.015625 0.125007 

0.844963 -0.109375 
0.843750 -0.112958 

0.850453 -0.093750 
0.845113 -0.109375 

0.807109 -0.062500 
0.812500 -0.047289 

-0.015625 0.078124 
0.000000 0.078124 

-0.002573 0.093750 
0.000000 0.090752 

0.000490 0.093750 
0.000000 0.094512 

0.009511 0.109375 
0.015625 0.109600 

0.015665 0.109375 
0.015625 0.109714 

0.499106 -0.250000 
0.500000 -0.249790 

0.827333 0.000000 
0.828125 0.004785 

0.830425 0.015625 
0.828125 0.002748 

0.830599 0.015625 
0.833585 0.031250 

0.302552 0.265625 
0.296875 0.271302 

0.812890 -0.046875 
0.812500 -0.048131 

0.812921 -0.046875 
0.817951 -0.031250 

0.436073 -0.156250 
0.437500 -0.157744 

0.216254 -0.343750 
0.218750 -0.341254 

0.559348 -0.250000 
0.562500 -0.251823 

0.400203 0.000000 
0.398759 0.015625 

0.390435 0.031250 
0.390625 0.031119 

0.400377 0.015625 
0.391512 0.031250 

0.771451 -0.125000 
0.781250 -0.110276 

0.791732 -0.093750 
0.796875 -0.083085 

0.799863 -0.078125 
0.796875 -0.084496 

0.800002 -0.078125 
0.806834 -0.062500 

0.412247 0.078125 
0.406250 0.084122 

0.048662 0.359375 
0.046875 0.361162 

0.697763 -0.187500 
0.703125 -0.185046 

0.718750 -0.175334 
0.703125 -0.184532 

0.872600 0.015625 
0.870726 0.000000 

0.874090 0.031250 
0.872604 0.015625 

0.218767 -0.343750 
0.218750 -0.343767 

0.838866 -0.125000 
0.843750 -0.111792 

0.782484 -0.109375 
0.781250 -0.111250 

0.782473 -0.109375 
0.791426 -0.093750 

0.758373 -0.140625 
0.750000 -0.149398 

0.758276 -0.140625 
0.765625 -0.131772 

0.771400 -0.125000 
0.765625 -0.132346 

0.016964 0.375000 
0.015625 0.376339 

0.375000 0.037947 
0.390625 0.032996 

0.392090 0.031250 
0.390625 0.032593 

0.397800 -0.015625 
0.396269 -0.031250 

0.399444 0.000000 
0.398221 -0.015625 

0.723045 -0.171875 
0.718750 -0.174862 

0.723081 -0.171875 
0.734375 -0.163811 

0.742663 -0.156250 
0.734375 -0.163356 

0.375000 0.036691 
0.359375 0.032169 

0.513236 -0.203125 
0.515625 -0.203764 

0.515625 -0.203817 
0.531250 -0.207551 

0.514852 -0.203125 
0.500000 -0.198417 

0.658917 -0.203125 
0.656250 -0.203812 

0.658604 -0.203125 
0.671875 -0.199157 

0.687500 -0.192559 
0.671875 -0.198886 

0.876549 0.093750 
0.876296 0.109375 

0.876304 0.109375 
0.875694 0.125000 

0.316119 -0.062500 
0.318120 -0.046875 

0.317970 -0.046875 
0.321553 -0.031250 

0.452540 -0.171875 
0.453125 -0.172354 

0.453125 -0.172335 
0.468750 -0.182752 

0.453054 -0.171875 
0.437500 -0.157751 

0.501133 -0.250000 
0.500000 -0.249767 

0.593774 -0.250000 
0.593750 -0.249689 

0.624679 -0.250000 
0.625000 -0.245757 

0.476354 -0.187500 
0.484375 -0.191514 

0.484375 -0.191554 
0.500000 -0.198286 

0.484375 -0.275655 
0.468750 -0.271364 

0.500000 -0.278940 
0.484375 -0.275639 

0.471671 -0.265625 
0.468750 -0.264851 

0.487568 -0.265625 
0.484375 -0.264409 

0.732947 -0.250000 
0.718750 -0.256604 

0.875583 0.125000 
0.875000 0.137028 

0.435924 -0.156250 
0.423348 -0.140625 

0.413683 -0.125000 
0.421875 -0.139043 

0.423080 -0.140625 
0.421875 -0.138742 

0.775100 -0.218750 
0.781250 -0.212857 

0.803627 -0.187500 
0.812500 -0.173934 

0.405830 -0.109375 
0.401235 -0.093750 

0.875163 0.046875 
0.875000 0.043380 

0.875923 0.062500 
0.875222 0.046875 

0.632827 -0.281250 
0.640625 -0.280298 

0.640625 -0.280036 
0.656250 -0.277055 

0.640501 -0.265625 
0.640625 -0.265517 

0.515571 -0.281250 
0.500000 -0.278951 

0.516879 -0.281250 
0.515625 -0.281140 

0.502833 -0.265625 
0.500000 -0.263741 

0.516518 -0.265625 
0.515625 -0.264459 

0.656250 -0.277072 
0.671875 -0.273374 

0.671875 -0.273360 
0.687500 -0.268941 

0.419346 -0.250000 
0.406250 -0.241948 

0.423696 -0.250000 
0.421875 -0.249018 

0.375647 -0.203125 
0.375000 -0.202472 

0.742705 -0.156250 
0.750000 -0.149386 

0.265289 -0.421875 
0.265625 -0.425824 

0.268117 -0.421875 
0.265625 -0.424932 

0.265214 -0.421875 
0.265625 -0.421485 

0.268901 -0.421875 
0.265625 -0.421549 

