0.578125 -0.196383 
0.562500 -0.192960 

0.593750 -0.197774 
0.578125 -0.196282 

0.819191 -0.015625 
0.814207 -0.031250 

0.823968 0.000000 
0.819434 -0.015625 

0.952455 -0.078125 
0.953125 -0.082544 

0.953621 -0.078125 
0.953125 -0.080609 

0.952586 -0.078125 
0.953125 -0.077949 

0.954100 -0.078125 
0.953125 -0.077558 

0.732915 0.296875 
0.734375 0.289052 

0.735903 0.281250 
0.734375 0.289571 

0.728984 0.312500 
0.732390 0.296875 

0.748016 0.156250 
0.748372 0.171875 

0.748176 0.187500 
0.748366 0.171875 

0.720636 0.031250 
0.718750 0.026803 

0.750000 0.356779 
0.765625 0.349272 

0.770841 0.343750 
0.765625 0.348478 

0.720739 0.031250 
0.726943 0.046875 

0.727197 0.046875 
0.732517 0.062500 

0.739467 0.265625 
0.742206 0.250000 

0.736295 0.281250 
0.739432 0.265625 

0.624713 -0.125000 
0.625000 -0.125287 

0.661433 -0.046875 
0.656250 -0.050802 

0.661408 -0.046875 
0.671875 -0.038426 

0.679124 -0.031250 
0.671875 -0.038231 

0.704283 0.000000 
0.712963 0.015625 

0.713157 0.015625 
0.718750 0.028175 

0.625000 -0.196477 
0.640625 -0.194545 

0.640625 -0.194542 
0.656250 -0.191816 

0.257694 0.109375 
0.265625 0.104174 

0.265871 0.109375 
0.265625 0.102152 

0.254752 0.109375 
0.265625 0.109626 

0.265912 0.109375 
0.265625 0.109675 

0.917759 -0.109375 
0.921875 -0.110292 

0.921961 -0.109375 
0.921875 -0.109866 

0.919006 -0.109375 
0.921875 -0.109104 

0.922233 -0.109375 
0.921875 -0.108433 

-0.015628 -0.015625 
-0.015625 -0.015628 

-0.015625 -0.015625 
0.000000 -0.015625 

-0.001379 0.000000 
0.000000 -0.001382 

0.811597 0.281250 
0.812500 0.278578 

0.533854 -0.109375 
0.531250 -0.111615 

0.548168 -0.109375 
0.546875 -0.111761 

0.539311 -0.093750 
0.531250 -0.095463 

0.638766 -0.062500 
0.625000 -0.068954 

0.111744 0.109375 
0.109375 0.111744 

0.726490 0.328125 
0.728403 0.312500 

0.725114 0.328125 
0.728610 0.343750 

0.769521 0.343750 
0.781250 0.330988 

0.578125 -0.084717 
0.562500 -0.088366 

0.593750 -0.080765 
0.578125 -0.084812 

0.832162 0.046875 
0.830005 0.031250 

0.833975 0.062500 
0.832188 0.046875 

0.811174 0.281250 
0.803931 0.296875 

0.794967 0.312500 
0.796875 0.309106 

0.803626 0.296875 
0.796875 0.309517 

0.609375 -0.197659 
0.593750 -0.197651 

0.609375 -0.197580 
0.625000 -0.196508 

0.727474 0.343750 
0.734375 0.352788 

0.750000 0.359266 
0.734375 0.352752 

0.837090 0.109375 
0.836392 0.093750 

0.837392 0.125000 
0.837097 0.109375 

0.638408 -0.062500 
0.640625 -0.061426 

0.656250 -0.051226 
0.640625 -0.060978 

0.717710 -0.046875 
0.718750 -0.047915 

0.843884 0.125000 
0.843750 0.116780 

0.033078 0.171875 
0.031250 0.173703 

0.001329 0.000000 
0.000000 0.001329 

0.015730 0.015625 
0.015625 0.015730 

0.837402 0.125000 
0.837260 0.140625 

0.837261 0.140625 
0.836694 0.156250 

0.740508 0.093750 
0.743407 0.109375 

0.743392 0.109375 
0.745583 0.125000 

0.744469 0.234375 
0.746215 0.218750 

0.742215 0.250000 
0.744468 0.234375 

0.602453 -0.078125 
0.593750 -0.080472 

0.601788 -0.078125 
0.609375 -0.075967 

0.625000 -0.069224 
0.609375 -0.075610 

0.835353 0.078125 
0.833961 0.062500 

0.836387 0.093750 
0.835345 0.078125 

0.745570 0.125000 
0.747106 0.140625 

0.747096 0.140625 
0.748024 0.156250 

0.836694 0.156250 
0.835698 0.171875 

0.835721 0.171875 
0.834249 0.187500 

0.834261 0.187500 
0.832243 0.203125 

0.832219 0.203125 
0.829677 0.218750 

0.546520 -0.187500 
0.546875 -0.187659 

0.562500 -0.192706 
0.546875 -0.187686 

0.732179 -0.156250 
0.734375 -0.154438 

0.749428 -0.140625 
0.734375 -0.154265 

0.749389 -0.140625 
0.750000 -0.140018 

0.826558 0.234375 
0.828125 0.225542 

0.829365 0.218750 
0.828125 0.226312 

0.826304 0.234375 
0.822290 0.250000 

0.794578 0.312500 
0.783789 0.328125 

0.783474 0.328125 
0.781250 0.330884 

0.207068 0.375000 
0.203125 0.378943 

0.250139 0.062500 
0.250000 0.070964 

0.265637 0.078125 
0.265625 0.071421 

0.265671 0.093750 
0.265625 0.093705 

0.537713 -0.093750 
0.546875 -0.091912 

0.562500 -0.088352 
0.546875 -0.091822 

0.822287 0.250000 
0.817400 0.265625 

0.817208 0.265625 
0.812500 0.279389 

0.808191 -0.046875 
0.801428 -0.062500 

0.808429 -0.046875 
0.812500 -0.034862 

-0.015625 0.078124 
0.000000 0.078124 

-0.001351 0.093750 
0.000000 0.092357 

0.001327 0.093750 
0.000000 0.095077 

0.233312 0.062500 
0.234375 0.061711 

0.236972 0.062500 
0.234375 0.062224 

0.827453 0.015625 
0.824081 0.000000 

0.827467 0.015625 
0.828125 0.020612 

0.829865 0.031250 
0.828125 0.018650 

0.673477 -0.187500 
0.687500 -0.183210 

0.302552 0.265625 
0.296875 0.271302 

0.814101 -0.031250 
0.812500 -0.036393 

0.747454 0.203125 
0.748173 0.187500 

0.746216 0.218750 
0.747452 0.203125 

0.531275 -0.125000 
0.531250 -0.125003 

0.546928 -0.125000 
0.546875 -0.125026 

0.678974 -0.031250 
0.687500 -0.021689 

0.506470 -0.109375 
0.500000 -0.119579 

0.518409 -0.109375 
0.515625 -0.111457 

0.505278 -0.109375 
0.515625 -0.100343 

0.531250 -0.094404 
0.515625 -0.101480 

0.763956 -0.125000 
0.765625 -0.122924 

0.775671 -0.109375 
0.765625 -0.123377 

0.775653 -0.109375 
0.781250 -0.099692 

0.793362 -0.078125 
0.785232 -0.093750 

0.793536 -0.078125 
0.796875 -0.070611 

0.801100 -0.062500 
0.796875 -0.072106 

0.412247 0.078125 
0.406250 0.084122 

0.048662 0.359375 
0.046875 0.361162 

0.000715 0.359375 
0.000000 0.360090 

0.693066 -0.015625 
0.687500 -0.022409 

0.692875 -0.015625 
0.703125 -0.000570 

0.704319 0.000000 
0.703125 -0.001794 

0.687500 -0.183066 
0.703125 -0.176173 

0.710285 -0.171875 
0.703125 -0.175795 

0.710199 -0.171875 
0.718750 -0.166989 

0.504319 -0.156250 
0.500000 -0.147381 

0.500002 -0.125000 
0.500000 -0.125047 

0.515649 -0.125000 
0.515625 -0.125052 

0.546875 -0.187040 
0.531250 -0.179292 

0.548336 -0.187500 
0.546875 -0.187037 

0.732697 0.062500 
0.734375 0.069630 

0.736664 0.078125 
0.734375 0.068166 

0.736919 0.078125 
0.740463 0.093750 

0.785176 -0.093750 
0.781250 -0.100660 

-0.016638 0.343750 
-0.015625 0.344668 

-0.014345 0.343750 
-0.015625 0.345351 

0.763766 -0.125000 
0.750000 -0.140105 

0.016757 0.375000 
0.015625 0.376132 

-0.017303 0.343750 
-0.015625 0.342385 

-0.014907 0.343750 
-0.015625 0.342963 

0.732515 -0.156250 
0.718750 -0.166392 

0.497011 -0.140625 
0.500000 -0.148172 

0.495928 -0.140625 
0.496194 -0.125000 

0.520204 -0.171875 
0.531250 -0.179435 

0.504733 -0.156250 
0.515625 -0.168395 

0.521004 -0.171875 
0.515625 -0.167621 

0.496951 -0.125000 
0.500000 -0.118217 

0.656250 -0.191765 
0.671875 -0.188353 

0.673700 -0.187500 
0.671875 -0.187967 

0.233867 0.062500 
0.234375 0.071758 

0.236864 0.062500 
0.234375 0.071126 

