0.495347 0.125000 
0.500000 0.120691 

0.435755 0.343750 
0.437500 0.346380 

0.464226 0.375000 
0.468750 0.378286 

0.484375 0.386971 
0.468750 0.378275 

0.493865 0.390625 
0.484375 0.387156 

0.491237 0.390625 
0.500000 0.393496 

0.513651 0.109375 
0.515625 0.107894 

0.531250 0.097654 
0.515625 0.107561 

0.513781 0.109375 
0.500000 0.120153 

0.537997 0.093750 
0.531250 0.097039 

0.561137 0.171875 
0.562500 0.170182 

0.650314 0.171875 
0.656250 0.170684 

0.652542 0.171875 
0.649110 0.187500 

0.646430 0.187500 
0.656250 0.189743 

0.649470 0.234375 
0.656250 0.233783 

0.648320 0.250000 
0.656250 0.243679 

0.620646 0.375000 
0.625000 0.372591 

0.640625 0.265372 
0.656250 0.264916 

0.640564 0.281250 
0.640625 0.277355 

0.640625 0.275050 
0.656250 0.272103 

0.639105 0.281250 
0.640625 0.282992 

0.656250 0.281771 
0.640625 0.281869 

0.655598 0.328125 
0.656250 0.327453 

0.515625 0.396954 
0.500000 0.393457 

0.531250 0.398643 
0.515625 0.396914 

0.531250 0.398666 
0.546875 0.398664 

0.546875 0.398702 
0.562500 0.396846 

0.586021 0.390625 
0.593750 0.388536 

0.562500 0.396630 
0.578125 0.393274 

0.587759 0.390625 
0.578125 0.393060 

0.467330 0.156250 
0.468750 0.154455 

0.480313 0.140625 
0.484375 0.136195 

0.495178 0.125000 
0.484375 0.135886 

0.479817 0.140625 
0.468750 0.154353 

0.424805 0.234375 
0.430334 0.218750 

0.421256 0.250000 
0.421875 0.246704 

0.424551 0.234375 
0.421875 0.246118 

0.559605 0.328125 
0.562500 0.321949 

0.558873 0.328125 
0.562500 0.330114 

0.702385 0.187500 
0.703125 0.195360 

0.703819 0.203125 
0.703125 0.193445 

0.704187 0.218750 
0.703925 0.203125 

0.418470 0.265625 
0.420683 0.250000 

0.417609 0.281250 
0.418305 0.265625 

0.687643 0.140625 
0.687500 0.140328 

0.693694 0.156250 
0.687688 0.140625 

0.421835 0.312500 
0.421875 0.312646 

0.422055 0.312500 
0.427418 0.328125 

0.427662 0.328125 
0.435485 0.343750 

0.447090 0.359375 
0.437500 0.346216 

0.447548 0.359375 
0.453125 0.365224 

0.464569 0.375000 
0.453125 0.365635 

0.537308 0.093750 
0.546875 0.089313 

0.562500 0.083128 
0.546875 0.089009 

0.582348 0.078125 
0.593750 0.077877 

0.578125 0.079133 
0.562500 0.083104 

0.584847 0.078125 
0.578125 0.078395 

0.577518 0.171875 
0.578125 0.171434 

0.580746 0.171875 
0.578125 0.171743 

0.577899 0.171875 
0.578125 0.181661 

0.578717 0.187500 
0.579202 0.171875 

0.659060 0.171875 
0.656250 0.170246 

0.658046 0.171875 
0.659167 0.187500 

0.660159 0.187500 
0.656250 0.190135 

0.657128 0.234375 
0.656250 0.233606 

0.657107 0.250000 
0.656250 0.240534 

0.565322 0.328125 
0.562500 0.321547 

0.565592 0.328125 
0.562500 0.329941 

0.642883 0.359375 
0.656250 0.346844 

0.625000 0.372505 
0.640625 0.361556 

0.643214 0.359375 
0.640625 0.361554 

0.593750 0.388447 
0.609375 0.381817 

0.621880 0.375000 
0.609375 0.381555 

0.656811 0.265625 
0.656250 0.264611 

0.656275 0.265625 
0.656345 0.281250 

0.699013 0.171875 
0.694003 0.156250 

0.702351 0.187500 
0.699071 0.171875 

0.656771 0.281250 
0.656250 0.281880 

0.680944 0.312500 
0.687500 0.298766 

0.670474 0.328125 
0.671875 0.325864 

0.680359 0.312500 
0.671875 0.327213 

0.671170 0.328125 
0.659453 0.343750 

0.437607 0.203125 
0.445568 0.187500 

0.437542 0.203125 
0.437500 0.203231 

0.719225 0.203125 
0.718750 0.202431 

0.625000 0.086851 
0.640625 0.091547 

0.646376 0.093750 
0.640625 0.091211 

0.668024 0.109375 
0.656250 0.099047 

0.667130 0.109375 
0.671875 0.115156 

0.679207 0.125000 
0.671875 0.114526 

0.577558 0.265625 
0.578125 0.265400 

0.579278 0.265625 
0.578125 0.265303 

0.577622 0.281250 
0.577425 0.265625 

0.578735 0.281250 
0.579095 0.265625 

0.455954 0.171875 
0.466756 0.156250 

0.446193 0.187500 
0.453125 0.175607 

0.455442 0.171875 
0.453125 0.175656 

0.417588 0.281250 
0.418782 0.296875 

0.419003 0.296875 
0.421686 0.312500 

0.659057 0.343750 
0.656250 0.346788 

0.645850 0.093750 
0.656250 0.099104 

0.702113 0.250000 
0.699113 0.265625 

0.699107 0.265625 
0.694708 0.281250 

0.687226 0.140625 
0.679096 0.125000 

0.687393 0.140625 
0.687500 0.140912 

0.594365 0.078125 
0.593750 0.078042 

0.593750 0.078138 
0.609375 0.081600 

0.609375 0.082717 
0.625000 0.087383 

0.704015 0.218750 
0.703532 0.234375 

0.702222 0.250000 
0.703125 0.240184 

0.703597 0.234375 
0.703125 0.241734 

0.430689 0.218750 
0.437095 0.203125 

0.694645 0.281250 
0.688988 0.296875 

0.688378 0.296875 
0.687500 0.298830 

0.562616 0.312500 
0.562500 0.312462 

0.499407 0.234375 
0.500000 0.233706 

0.499378 0.234375 
0.500000 0.234843 

0.531177 0.203125 
0.531140 0.187500 

0.545147 0.281250 
0.546875 0.279522 

0.577237 0.187500 
0.578125 0.188197 

0.579300 0.187500 
0.578125 0.187576 

0.562686 0.218750 
0.562500 0.218480 

0.546850 0.218750 
0.546875 0.221657 

0.556973 0.218750 
0.546875 0.221525 

0.545748 0.234375 
0.546875 0.235575 

0.552052 0.234375 
0.546875 0.234620 

0.543333 0.203125 
0.546875 0.202913 

0.560916 0.203125 
0.562500 0.202671 

0.562500 0.218620 
0.546875 0.218589 

0.500702 0.234375 
0.500000 0.233884 

0.530427 0.234375 
0.531250 0.234108 

0.500711 0.234375 
0.500000 0.234735 

0.531102 0.234375 
0.531250 0.234707 

0.531125 0.187500 
0.531250 0.187486 

