0.441289 0.125000 
0.453125 0.118304 

0.468750 0.110622 
0.453125 0.117850 

0.471079 0.109375 
0.484375 0.105425 

0.500000 0.101396 
0.484375 0.105151 

0.471924 0.109375 
0.468750 0.110322 

0.371814 0.218750 
0.375000 0.207263 

0.368019 0.234375 
0.371411 0.218750 

0.366302 0.250000 
0.368010 0.234375 

0.405773 0.156250 
0.406250 0.155713 

0.421317 0.140625 
0.421875 0.140129 

0.437500 0.127742 
0.421875 0.139462 

0.420783 0.140625 
0.406250 0.155182 

0.393443 0.171875 
0.405085 0.156250 

0.384201 0.187500 
0.390625 0.175894 

0.393044 0.171875 
0.390625 0.176009 

0.366297 0.250000 
0.366302 0.265625 

0.366296 0.265625 
0.368039 0.281250 

0.368048 0.281250 
0.371525 0.296875 

0.371911 0.296875 
0.375000 0.307457 

0.377131 0.312500 
0.384722 0.328125 

0.385023 0.328125 
0.390625 0.337221 

0.394958 0.343750 
0.390625 0.337110 

0.395269 0.343750 
0.406250 0.356587 

0.408996 0.359375 
0.406250 0.356640 

0.409047 0.359375 
0.421875 0.370365 

0.428800 0.375000 
0.421875 0.370495 

0.428053 0.375000 
0.437500 0.380779 

0.453125 0.388318 
0.437500 0.380781 

0.459823 0.390625 
0.453125 0.388514 

0.457345 0.390625 
0.468750 0.393988 

0.484375 0.397495 
0.468750 0.394051 

0.500000 0.399401 
0.484375 0.397527 

0.515625 0.099155 
0.500000 0.101332 

0.531250 0.098685 
0.515625 0.099154 

0.531250 0.098669 
0.546875 0.099943 

0.546875 0.099919 
0.562500 0.103014 

0.562500 0.103139 
0.578125 0.107855 

0.581319 0.109375 
0.578125 0.108051 

0.580576 0.109375 
0.593750 0.115426 

0.606673 0.125000 
0.609375 0.126902 

0.609375 0.125960 
0.625000 0.139700 

0.624202 0.140625 
0.625000 0.141470 

0.608349 0.187500 
0.609375 0.187009 

0.624853 0.187500 
0.625000 0.186886 

0.637966 0.156250 
0.640625 0.160738 

0.647578 0.171875 
0.640625 0.159361 

0.639604 0.171875 
0.640625 0.173749 

0.654534 0.187500 
0.647788 0.171875 

0.638341 0.187500 
0.640625 0.189997 

0.654348 0.187500 
0.656250 0.194400 

0.626184 0.203125 
0.625000 0.203296 

0.594100 0.328125 
0.593750 0.320040 

0.609113 0.343750 
0.609375 0.343480 

0.624814 0.343750 
0.625000 0.343529 

0.592957 0.375000 
0.593750 0.374541 

0.613482 0.359375 
0.625000 0.347658 

0.593750 0.374360 
0.609375 0.363157 

0.613624 0.359375 
0.609375 0.363110 

0.655662 0.296875 
0.656250 0.294468 

0.655105 0.296875 
0.648618 0.312500 

0.640101 0.328125 
0.640625 0.327178 

0.648318 0.312500 
0.640625 0.327327 

0.639576 0.328125 
0.628586 0.343750 

0.515625 0.399634 
0.500000 0.399408 

0.515625 0.399647 
0.531250 0.398183 

0.560797 0.390625 
0.562500 0.390192 

0.531250 0.398147 
0.546875 0.395041 

0.546875 0.394792 
0.562500 0.390642 

0.562500 0.390175 
0.578125 0.383725 

0.593747 0.375000 
0.578125 0.383374 

0.562544 0.390625 
0.562500 0.390641 

0.441587 0.125000 
0.437500 0.127450 

0.499939 0.140625 
0.499927 0.156250 

0.376680 0.203125 
0.383749 0.187500 

0.376280 0.203125 
0.375000 0.207596 

0.376624 0.312500 
0.375000 0.307249 

0.437529 0.359375 
0.437500 0.359346 

0.437642 0.375000 
0.437500 0.374917 

0.495712 0.343750 
0.500000 0.344721 

0.530873 0.140625 
0.531250 0.140502 

0.515484 0.156250 
0.515625 0.151950 

0.530571 0.140625 
0.528614 0.156250 

0.532465 0.140625 
0.531250 0.140209 

0.531643 0.140625 
0.534050 0.156250 

0.608334 0.125000 
0.593750 0.115822 

0.625949 0.140625 
0.625000 0.139632 

0.638289 0.156250 
0.625920 0.140625 

0.607032 0.203125 
0.609375 0.202096 

0.613510 0.203125 
0.609375 0.202141 

0.606677 0.203125 
0.609375 0.208360 

0.611464 0.203125 
0.609375 0.206280 

0.659326 0.203125 
0.656250 0.191426 

0.662678 0.218750 
0.659607 0.203125 

0.664061 0.234375 
0.662522 0.218750 

0.664282 0.250000 
0.664162 0.234375 

0.591530 0.328125 
0.593750 0.322093 

0.590563 0.328125 
0.593750 0.328444 

0.628346 0.343750 
0.625000 0.347645 

0.664364 0.250000 
0.662699 0.265625 

0.662356 0.265625 
0.659432 0.281250 

0.605668 0.265625 
0.609375 0.262055 

0.610811 0.265625 
0.609375 0.261622 

0.605246 0.265625 
0.609375 0.267084 

0.611035 0.265625 
0.609375 0.267322 

0.659530 0.281250 
0.656250 0.295164 

0.500787 0.343750 
0.500000 0.344665 

0.534482 0.156250 
0.531250 0.158437 

0.543622 0.187500 
0.546875 0.177190 

0.547556 0.187500 
0.546875 0.180860 

0.539163 0.187500 
0.546875 0.188595 

0.548604 0.187500 
0.546875 0.189549 

0.533916 0.296875 
0.531250 0.294084 

0.532887 0.296875 
0.531250 0.302311 

0.533826 0.250000 
0.531250 0.248369 

0.533729 0.250000 
0.531250 0.259597 

0.531367 0.265625 
0.531250 0.265713 

0.529191 0.156250 
0.531250 0.157906 

0.501943 0.203125 
0.500000 0.202978 

0.531214 0.187500 
0.531250 0.187594 

0.509697 0.218750 
0.515625 0.215693 

0.515771 0.203125 
0.515625 0.214528 

0.515581 0.296875 
0.515625 0.296823 

0.524258 0.296875 
0.531250 0.295428 

0.514942 0.296875 
0.515625 0.306155 

0.522532 0.296875 
0.531250 0.300837 

0.512693 0.218750 
0.515625 0.219945 

0.516003 0.218750 
0.515625 0.225140 

0.526802 0.250000 
0.531250 0.248200 

0.527962 0.250000 
0.531250 0.258430 

0.499937 0.156250 
0.500000 0.156258 

0.484322 0.187500 
0.484276 0.203125 

0.498283 0.203125 
0.500000 0.201804 

0.484317 0.203125 
0.484375 0.203149 

0.499971 0.203125 
0.500000 0.203495 

0.499757 0.312500 
0.500000 0.311868 

0.482961 0.234375 
0.484375 0.233862 

0.499873 0.218750 
0.500000 0.219099 

0.484126 0.234375 
0.484375 0.247500 

0.485902 0.234375 
0.484375 0.236819 

0.484006 0.265625 
0.484375 0.264701 

0.484953 0.265625 
0.484375 0.264393 

0.483602 0.265625 
0.484375 0.271629 

0.485338 0.265625 
0.484375 0.270878 

0.482507 0.328125 
0.484375 0.327035 

0.499033 0.328125 
0.500000 0.327515 

0.484328 0.328125 
0.484375 0.328427 

0.497562 0.343750 
0.500000 0.340361 

0.468556 0.234375 
0.468750 0.234096 

0.468732 0.234375 
0.468750 0.234656 

0.514283 0.312500 
0.515625 0.313577 

0.520161 0.312500 
0.515625 0.312681 

0.500437 0.343750 
0.500000 0.336885 

0.468703 0.312500 
0.468642 0.328125 

0.468693 0.328125 
0.468750 0.328142 

0.531489 0.312500 
0.531250 0.312665 

