0.814532 -0.015625 
0.812500 -0.022242 

0.819186 0.000000 
0.814550 -0.015625 

0.625000 -0.185908 
0.640625 -0.184896 

0.640625 -0.184885 
0.656250 -0.182303 

0.618520 -0.062500 
0.625000 -0.059851 

0.656250 -0.182291 
0.671875 -0.178188 

0.671875 -0.177980 
0.687500 -0.172794 

0.609375 -0.066436 
0.593750 -0.071409 

0.618611 -0.062500 
0.609375 -0.066062 

0.800332 -0.406250 
0.796875 -0.402793 

0.718878 0.046875 
0.718750 0.046525 

0.734696 0.046875 
0.734375 0.046561 

0.722070 0.062500 
0.718750 0.051347 

0.734704 0.062500 
0.734375 0.062038 

0.689055 -0.171875 
0.687500 -0.172518 

0.688556 -0.171875 
0.703125 -0.165303 

0.717815 -0.156250 
0.703125 -0.164981 

0.807056 0.281250 
0.801494 0.296875 

0.801790 0.296875 
0.797023 0.312500 

0.717814 -0.156250 
0.718750 -0.155632 

0.000000 0.078121 
0.015625 0.078121 

0.000000 0.093702 
0.015625 0.093702 

0.780999 0.000000 
0.781250 0.000251 

0.713553 0.343750 
0.718750 0.347282 

0.664245 -0.031250 
0.656250 -0.038117 

-0.282480 0.406250 
-0.281250 0.407480 

0.763522 -0.109375 
0.750382 -0.125000 

0.763494 -0.109375 
0.765625 -0.106786 

0.776169 -0.093750 
0.765625 -0.107715 

0.710322 0.031250 
0.716768 0.046875 

0.717016 0.046875 
0.718750 0.052675 

0.566680 -0.078125 
0.562500 -0.079318 

0.566887 -0.078125 
0.578125 -0.075081 

0.593750 -0.071085 
0.578125 -0.075189 

0.515708 -0.140625 
0.523539 -0.156250 

0.516764 -0.140625 
0.517823 -0.125000 

0.664373 -0.031250 
0.671875 -0.024205 

0.679859 -0.015625 
0.671875 -0.024072 

0.680188 -0.015625 
0.687500 -0.006377 

0.702582 0.328125 
0.703125 0.326537 

0.707622 0.328125 
0.712699 0.312500 

0.702495 0.328125 
0.703125 0.330316 

0.704959 0.328125 
0.713465 0.343750 

-0.281246 0.406250 
-0.281250 0.406246 

0.539394 -0.093750 
0.546875 -0.087735 

0.562500 -0.079397 
0.546875 -0.087662 

0.758102 0.343750 
0.765625 0.341876 

0.765625 0.342215 
0.781250 0.333924 

0.640625 -0.050189 
0.625000 -0.059174 

0.644777 -0.046875 
0.640625 -0.049761 

0.644572 -0.046875 
0.656250 -0.038551 

0.609375 -0.185324 
0.593750 -0.183537 

0.625000 -0.185862 
0.609375 -0.185376 

0.750122 0.062500 
0.750000 0.063020 

0.750058 0.093750 
0.750000 0.093349 

0.692373 0.000000 
0.687500 -0.006522 

0.826905 0.031250 
0.828125 0.039659 

0.829494 0.046875 
0.828125 0.036386 

0.831219 0.062500 
0.829500 0.046875 

0.776387 -0.093750 
0.781250 -0.086200 

0.734375 0.349327 
0.718750 0.346204 

0.734375 0.347883 
0.750000 0.345982 

0.807738 0.281250 
0.812500 0.267770 

0.518113 -0.125000 
0.525368 -0.109375 

0.526287 -0.109375 
0.531250 -0.102805 

0.833194 0.156250 
0.832007 0.171875 

0.832032 0.171875 
0.830514 0.187500 

-0.015689 0.125000 
-0.015625 0.125064 

0.739584 0.156250 
0.740175 0.171875 

0.740198 0.171875 
0.740205 0.187500 

0.788528 0.328125 
0.796875 0.315719 

0.797513 0.312500 
0.796875 0.313886 

0.788512 0.328125 
0.781250 0.334523 

0.834246 0.109375 
0.833543 0.093750 

0.834502 0.125000 
0.834294 0.109375 

0.584045 -0.328125 
0.578125 -0.322205 

0.675633 -0.390625 
0.671875 -0.386867 

0.722239 0.062500 
0.726913 0.078125 

0.734680 0.078125 
0.734375 0.077352 

0.727069 0.078125 
0.731071 0.093750 

0.734527 0.093750 
0.734375 0.092983 

0.834498 0.125000 
0.834123 0.140625 

0.834075 0.140625 
0.833220 0.156250 

0.578125 -0.180487 
0.562500 -0.176364 

0.593750 -0.183547 
0.578125 -0.180544 

0.832497 0.078125 
0.831181 0.062500 

0.833505 0.093750 
0.832477 0.078125 

0.830468 0.187500 
0.828659 0.203125 

0.826155 0.218750 
0.828125 0.204881 

0.828373 0.203125 
0.828125 0.205305 

0.723269 0.296875 
0.727514 0.281250 

0.723126 0.296875 
0.718750 0.307482 

0.735270 0.296875 
0.734375 0.298170 

0.718750 -0.155178 
0.734375 -0.142329 

0.735972 -0.140625 
0.734375 -0.142178 

0.735542 -0.140625 
0.750000 -0.125371 

0.692734 0.000000 
0.702201 0.015625 

0.702293 0.015625 
0.703125 0.017367 

0.710045 0.031250 
0.703125 0.016431 

0.539300 -0.093750 
0.531250 -0.102212 

0.750001 0.171875 
0.750000 0.171853 

0.734397 -0.453125 
0.734375 -0.453103 

-0.003105 0.109375 
0.000000 0.112480 

0.735880 0.234375 
0.738024 0.218750 

0.733294 0.250000 
0.734375 0.242333 

0.735520 0.234375 
0.734375 0.242782 

0.375072 -0.500000 
0.375000 -0.499928 

0.716353 0.312500 
0.718750 0.307186 

0.730028 0.265625 
0.732934 0.250000 

0.726958 0.281250 
0.730003 0.265625 

0.524841 -0.156250 
0.531250 -0.162652 

0.750153 0.140625 
0.750000 0.140124 

0.750045 0.156250 
0.750000 0.155907 

0.731110 0.093750 
0.734052 0.109375 

0.734471 0.109375 
0.734375 0.108670 

0.734203 0.109375 
0.734375 0.110841 

0.736408 0.125000 
0.734375 0.109779 

0.795226 -0.062500 
0.796875 -0.058416 

0.802164 -0.046875 
0.796875 -0.060039 

0.808313 -0.031250 
0.802189 -0.046875 

0.001852 0.109375 
0.000000 0.106682 

0.823184 0.015625 
0.819149 0.000000 

0.826665 0.031250 
0.823210 0.015625 

0.758238 0.343750 
0.750000 0.345525 

0.686394 0.328125 
0.687500 0.326836 

0.686689 0.328125 
0.687500 0.328917 

0.062507 -0.437500 
0.062500 -0.437493 

0.750451 0.046875 
0.750000 0.046402 

0.750154 0.046875 
0.750000 0.047476 

0.826058 0.218750 
0.822960 0.234375 

0.823042 0.234375 
0.819085 0.250000 

0.736619 0.125000 
0.738447 0.140625 

0.738433 0.140625 
0.739606 0.156250 

0.739549 0.203125 
0.740240 0.187500 

0.738085 0.218750 
0.739556 0.203125 

0.691442 -0.421875 
0.687500 -0.417933 

0.786807 -0.078125 
0.781250 -0.087101 

0.795137 -0.062500 
0.786933 -0.078125 

0.819043 0.250000 
0.814148 0.265625 

0.813620 0.265625 
0.812500 0.269047 

0.548149 -0.171875 
0.562500 -0.176078 

0.545596 -0.171875 
0.531250 -0.163117 

0.547857 -0.171875 
0.546875 -0.171600 

0.750281 -0.125000 
0.750000 -0.125313 

0.750432 0.109375 
0.750000 0.108943 

0.750367 0.125000 
0.750000 0.124401 

0.808444 -0.031250 
0.812500 -0.018937 

0.796783 -0.015625 
0.796875 -0.015533 

0.812467 -0.015625 
0.812500 -0.015498 

0.296877 -0.484375 
0.296875 -0.484376 

0.296336 -0.468750 
0.296875 -0.476599 

0.297101 -0.468750 
0.296875 -0.477234 

0.296153 -0.468750 
0.296875 -0.468608 

0.297213 -0.468750 
0.296875 -0.468564 

0.530466 0.156250 
0.531250 0.157033 

0.531281 0.156250 
0.531250 0.156219 

