0.763398 0.109375 
0.759124 0.093750 

0.764083 0.109375 
0.765625 0.118064 

0.766957 0.125000 
0.765625 0.115531 

0.656221 0.250000 
0.656250 0.250029 

0.701816 0.093750 
0.703125 0.090722 

0.717293 0.093750 
0.718750 0.090779 

0.734249 0.171875 
0.734375 0.171807 

0.734463 0.171875 
0.734375 0.171860 

0.730601 0.187500 
0.734375 0.182283 

0.745039 0.187500 
0.734375 0.183168 

0.552677 0.265625 
0.556298 0.250000 

0.549336 0.281250 
0.552605 0.265625 

0.764144 0.234375 
0.765625 0.224064 

0.766376 0.218750 
0.765625 0.225558 

0.763775 0.234375 
0.760082 0.250000 

0.744670 0.296875 
0.750000 0.282907 

0.744212 0.296875 
0.736045 0.312500 

0.595382 0.031250 
0.593750 0.038463 

0.734375 0.099575 
0.718750 0.099904 

0.746960 0.093750 
0.750000 0.094327 

0.722366 0.109375 
0.718750 0.109388 

0.735829 0.109375 
0.734375 0.109485 

0.573306 0.171875 
0.575867 0.156250 

0.570432 0.187500 
0.573307 0.171875 

0.750725 0.015625 
0.750000 0.014900 

0.581906 0.109375 
0.583734 0.093750 

0.580089 0.125000 
0.581939 0.109375 

0.671545 0.000000 
0.671875 0.000317 

0.686935 0.000000 
0.687500 0.000396 

0.671358 0.015625 
0.671875 0.015999 

0.672100 0.015625 
0.671875 0.015824 

0.638577 -0.015625 
0.640625 -0.016123 

0.642845 -0.015625 
0.656250 -0.016733 

0.638910 -0.015625 
0.625000 -0.010696 

0.644426 -0.015625 
0.640625 -0.015260 

0.781864 0.125000 
0.781250 0.124118 

0.560399 0.234375 
0.562500 0.223665 

0.556362 0.250000 
0.560061 0.234375 

0.567248 0.203125 
0.570422 0.187500 

0.563872 0.218750 
0.567173 0.203125 

0.561859 0.375000 
0.562500 0.375658 

0.578125 0.387717 
0.562500 0.376242 

0.586320 0.390625 
0.578125 0.388048 

0.588259 0.390625 
0.593750 0.391883 

0.760094 0.250000 
0.755607 0.265625 

0.755295 0.265625 
0.750613 0.281250 

0.796513 0.031250 
0.796875 0.031459 

0.766795 0.156250 
0.766766 0.171875 

0.767162 0.187500 
0.766994 0.171875 

0.578099 0.140625 
0.578125 0.140340 

0.578241 0.140625 
0.580000 0.125000 

0.575966 0.156250 
0.578017 0.140625 

0.670895 0.375000 
0.656250 0.381453 

0.600713 0.015625 
0.609375 0.002108 

0.611856 0.000000 
0.609375 0.002986 

0.595177 0.031250 
0.601256 0.015625 

0.796753 0.031250 
0.796875 0.022388 

0.797306 0.031250 
0.796875 0.018500 

0.563481 0.218750 
0.562500 0.224141 

0.689623 0.140625 
0.687500 0.138552 

0.691547 0.140625 
0.687500 0.142057 

0.750603 0.281250 
0.750000 0.283078 

0.711875 0.343750 
0.718750 0.335993 

0.544791 0.328125 
0.544867 0.312500 

0.544842 0.328125 
0.546357 0.343750 

0.585561 0.078125 
0.588108 0.062500 

0.583666 0.093750 
0.585673 0.078125 

0.656250 -0.017349 
0.671875 -0.016750 

0.674455 -0.015625 
0.671875 -0.016115 

0.671070 -0.015625 
0.671875 -0.015579 

0.673927 -0.015625 
0.687500 -0.012149 

0.660388 0.250000 
0.656250 0.245862 

0.610787 0.000000 
0.625000 -0.010996 

0.546683 0.343750 
0.546875 0.344576 

0.551091 0.359375 
0.546875 0.346014 

0.550634 0.359375 
0.561158 0.375000 

0.609375 0.392572 
0.593750 0.392057 

0.609375 0.392153 
0.625000 0.390902 

0.733460 0.031250 
0.734375 0.032826 

0.743029 0.046875 
0.734430 0.031250 

0.743587 0.046875 
0.750000 0.060950 

0.700971 0.156250 
0.703125 0.156273 

0.718627 0.171875 
0.718750 0.171755 

0.718550 0.187500 
0.718750 0.187026 

0.756042 0.078125 
0.751767 0.062500 

0.758845 0.093750 
0.755160 0.078125 

0.731012 0.187500 
0.734375 0.194290 

0.744947 0.187500 
0.734375 0.193665 

0.749702 0.234375 
0.750000 0.233998 

0.725269 0.328125 
0.734375 0.314083 

0.735366 0.312500 
0.734375 0.314058 

0.724950 0.328125 
0.718750 0.335888 

0.686298 0.125000 
0.687500 0.124517 

0.687500 -0.012156 
0.703125 -0.004899 

0.710581 0.000000 
0.703125 -0.005398 

0.693755 0.359375 
0.703125 0.351986 

0.711708 0.343750 
0.703125 0.351983 

0.694480 0.359375 
0.687500 0.364549 

0.703094 0.000000 
0.703125 0.000018 

0.710058 0.000000 
0.718750 0.008148 

0.734075 0.125000 
0.734375 0.126703 

0.749153 0.125000 
0.750000 0.125764 

0.765583 0.125000 
0.765625 0.126219 

0.767801 0.140625 
0.767140 0.125000 

0.767307 0.140625 
0.766962 0.156250 

0.767143 0.187500 
0.767088 0.203125 

0.767363 0.203125 
0.766572 0.218750 

0.546845 0.296875 
0.546875 0.296611 

0.549132 0.281250 
0.546875 0.296125 

0.545094 0.312500 
0.546409 0.296875 

0.702471 0.093750 
0.703125 0.094381 

0.717724 0.093750 
0.718750 0.097764 

0.688718 0.125000 
0.687500 0.124743 

0.591557 0.046875 
0.593750 0.036776 

0.588156 0.062500 
0.591373 0.046875 

0.751683 0.062500 
0.750000 0.058505 

0.767143 0.062500 
0.765625 0.060815 

0.670197 0.375000 
0.671875 0.374244 

0.671875 0.373914 
0.687500 0.364609 

0.625558 0.390625 
0.640625 0.387464 

0.640625 0.387395 
0.656250 0.381840 

0.626509 0.390625 
0.625000 0.390846 

0.686323 0.140625 
0.687500 0.136564 

0.749818 0.062500 
0.750000 0.063412 

0.734375 0.090276 
0.718750 0.090166 

0.749495 0.078125 
0.750000 0.086217 

0.724142 0.015625 
0.718750 0.008815 

0.733784 0.031250 
0.723866 0.015625 

0.735175 0.031250 
0.734375 0.029972 

0.718019 0.187500 
0.718750 0.189903 

0.718750 0.000000 
0.718750 -0.000000 

0.734375 0.000000 
0.734375 -0.000000 

0.750000 -0.000000 
0.765625 -0.000000 

0.687318 0.093750 
0.687500 0.090079 

0.734171 -0.109375 
0.734375 -0.109841 

0.744754 -0.109375 
0.734375 -0.109744 

0.734144 -0.109375 
0.734375 -0.108549 

0.743622 -0.109375 
0.734375 -0.108806 

