0.937115 -0.171875 
0.937500 -0.172167 

0.937210 -0.171875 
0.937500 -0.168385 

0.568410 -0.203125 
0.578125 -0.204157 

0.593750 -0.205151 
0.578125 -0.204277 

0.570173 -0.203125 
0.562500 -0.202139 

0.824242 -0.015625 
0.819296 -0.031250 

0.827923 0.000000 
0.824352 -0.015625 

0.828130 0.000000 
0.828125 -0.000027 

0.740997 0.296875 
0.744526 0.281250 

0.737578 0.312500 
0.740740 0.296875 

0.723916 0.015625 
0.718750 0.005082 

0.724128 0.015625 
0.731131 0.031250 

0.750000 0.352233 
0.765625 0.351599 

0.774854 0.343750 
0.765625 0.350365 

0.752886 0.234375 
0.754626 0.218750 

0.750740 0.250000 
0.752821 0.234375 

0.731308 0.031250 
0.734375 0.040450 

0.736916 0.046875 
0.734375 0.038867 

0.737115 0.046875 
0.742005 0.062500 

0.488881 -0.156250 
0.500000 -0.170552 

0.748038 0.265625 
0.750000 0.252900 

0.744600 0.281250 
0.747834 0.265625 

0.624713 -0.125000 
0.625000 -0.125287 

0.750435 0.250000 
0.750000 0.253380 

0.656851 -0.062500 
0.671875 -0.051982 

0.677396 -0.046875 
0.671875 -0.051605 

0.677312 -0.046875 
0.687500 -0.037176 

0.274276 0.125000 
0.265625 0.133651 

0.715284 0.000000 
0.718750 0.006912 

0.656867 -0.062500 
0.656250 -0.062912 

0.634968 -0.203125 
0.625000 -0.203935 

0.633763 -0.203125 
0.640625 -0.202499 

0.640625 -0.202388 
0.656250 -0.199757 

-0.015628 -0.015625 
-0.015625 -0.015628 

-0.015625 -0.015625 
0.000000 -0.015625 

-0.001379 0.000000 
0.000000 -0.001382 

0.754331 0.125000 
0.755755 0.140625 

0.755747 0.140625 
0.756589 0.156250 

0.533064 -0.109375 
0.531250 -0.110060 

0.547202 -0.109375 
0.546875 -0.109577 

0.546875 -0.095309 
0.531250 -0.096965 

0.562451 -0.093750 
0.546875 -0.095289 

0.627023 -0.078125 
0.625000 -0.078898 

0.626854 -0.078125 
0.640625 -0.072338 

0.656250 -0.063416 
0.640625 -0.071921 

0.111744 0.109375 
0.109375 0.111744 

0.813753 0.281250 
0.812500 0.284244 

0.735909 0.328125 
0.736968 0.312500 

0.740907 0.343750 
0.734375 0.330992 

0.772059 0.343750 
0.781250 0.335264 

0.578125 -0.091442 
0.562500 -0.093555 

0.593750 -0.088450 
0.578125 -0.091464 

0.835666 0.046875 
0.833489 0.031250 

0.837408 0.062500 
0.835650 0.046875 

0.806840 0.296875 
0.812500 0.284096 

0.806448 0.296875 
0.797856 0.312500 

0.593750 -0.205109 
0.609375 -0.205023 

0.609375 -0.204982 
0.625000 -0.204104 

0.738595 0.343750 
0.750000 0.352524 

0.840464 0.109375 
0.839821 0.093750 

0.840679 0.125000 
0.840461 0.109375 

0.693119 -0.031250 
0.687500 -0.037330 

0.843849 0.125000 
0.843750 0.113809 

0.756582 0.156250 
0.756874 0.171875 

0.756635 0.187500 
0.756870 0.171875 

0.033078 0.171875 
0.031250 0.173703 

0.001329 0.000000 
0.000000 0.001329 

0.015730 0.015625 
0.015625 0.015730 

0.840679 0.125000 
0.840478 0.140625 

0.840486 0.140625 
0.839885 0.156250 

0.749814 0.093750 
0.750000 0.095215 

0.609375 -0.084447 
0.593750 -0.088494 

0.625000 -0.079369 
0.609375 -0.084357 

0.838785 0.078125 
0.837399 0.062500 

0.839814 0.093750 
0.838789 0.078125 

0.755886 0.203125 
0.756632 0.187500 

0.754634 0.218750 
0.755885 0.203125 

0.839898 0.156250 
0.838856 0.171875 

0.838876 0.171875 
0.837330 0.187500 

0.752115 0.109375 
0.750000 0.094501 

0.752310 0.109375 
0.754330 0.125000 

0.837335 0.187500 
0.835231 0.203125 

0.835219 0.203125 
0.832573 0.218750 

0.546875 -0.197895 
0.531250 -0.191616 

0.562500 -0.202128 
0.546875 -0.197963 

0.741269 -0.156250 
0.750000 -0.148425 

0.832554 0.218750 
0.829430 0.234375 

0.825420 0.250000 
0.828125 0.238320 

0.829036 0.234375 
0.828125 0.238859 

0.786745 0.328125 
0.796875 0.313051 

0.797234 0.312500 
0.796875 0.313048 

0.786565 0.328125 
0.781250 0.334752 

0.694496 -0.187500 
0.687500 -0.190320 

0.207068 0.375000 
0.203125 0.378943 

0.561603 -0.093750 
0.562500 -0.093675 

0.825166 0.250000 
0.820200 0.265625 

0.820182 0.265625 
0.814356 0.281250 

0.563265 -0.109375 
0.562500 -0.110144 

0.807169 -0.062500 
0.812500 -0.048513 

-0.015625 0.078124 
0.000000 0.078124 

-0.001351 0.093750 
0.000000 0.092357 

0.001327 0.093750 
0.000000 0.095077 

0.827844 0.000000 
0.828125 0.001954 

0.830735 0.015625 
0.828130 0.000000 

0.833462 0.031250 
0.830885 0.015625 

0.302552 0.265625 
0.296875 0.271302 

0.813488 -0.046875 
0.812500 -0.049727 

0.818942 -0.031250 
0.813550 -0.046875 

0.502638 -0.109375 
0.500000 -0.110977 

0.520224 -0.109375 
0.515625 -0.110724 

0.515625 -0.097584 
0.500000 -0.104699 

0.531250 -0.096440 
0.515625 -0.098989 

0.770996 -0.125000 
0.781250 -0.109391 

0.791008 -0.093750 
0.796875 -0.082037 

0.799479 -0.078125 
0.796875 -0.083415 

0.806828 -0.062500 
0.799591 -0.078125 

0.412247 0.078125 
0.406250 0.084122 

0.048662 0.359375 
0.046875 0.361162 

0.000715 0.359375 
0.000000 0.360090 

0.693023 -0.031250 
0.703125 -0.018231 

0.705887 -0.015625 
0.703125 -0.019326 

0.705781 -0.015625 
0.715456 0.000000 

0.694148 -0.187500 
0.703125 -0.183649 

0.703125 -0.183099 
0.718750 -0.174047 

0.742094 0.062500 
0.746332 0.078125 

0.746439 0.078125 
0.749631 0.093750 

0.781756 -0.109375 
0.781250 -0.110161 

0.790640 -0.093750 
0.781752 -0.109375 

-0.015851 0.343750 
-0.015625 0.343880 

-0.013904 0.343750 
-0.015625 0.344580 

0.757771 -0.140625 
0.750000 -0.148489 

0.757701 -0.140625 
0.765625 -0.131230 

0.771002 -0.125000 
0.765625 -0.131828 

0.016757 0.375000 
0.015625 0.376132 

-0.016652 0.343750 
-0.015625 0.340843 

-0.014807 0.343750 
-0.015625 0.342050 

0.720973 -0.171875 
0.718750 -0.173419 

0.720983 -0.171875 
0.734375 -0.162426 

0.741170 -0.156250 
0.734375 -0.161909 

0.482219 -0.140625 
0.484375 -0.147283 

0.488367 -0.156250 
0.484375 -0.146467 

0.481000 -0.140625 
0.482269 -0.125000 

0.859373 -0.234375 
0.859375 -0.234378 

0.859375 -0.234415 
0.875000 -0.234415 

0.859375 -0.234216 
0.875000 -0.234216 

0.501467 -0.171875 
0.515625 -0.183007 

0.524953 -0.187500 
0.515625 -0.182477 

0.502094 -0.171875 
0.500000 -0.169814 

0.483396 -0.125000 
0.484375 -0.123144 

0.495248 -0.109375 
0.484375 -0.123791 

0.493743 -0.109375 
0.500000 -0.103947 

0.523301 -0.187500 
0.531250 -0.191577 

0.656250 -0.199797 
0.671875 -0.195955 

0.671875 -0.196009 
0.687500 -0.190767 

0.939004 -0.171875 
0.937500 -0.172116 

0.938646 -0.171875 
0.937500 -0.168952 

