0.865547 0.078125 
0.864755 0.062500 

0.865922 0.093750 
0.865519 0.078125 

0.368034 -0.140625 
0.374468 -0.156250 

0.362809 -0.125000 
0.367264 -0.140625 

0.843824 -0.062500 
0.843750 -0.062856 

0.575688 -0.187500 
0.578125 -0.188471 

0.530285 -0.453125 
0.531250 -0.455039 

0.530067 -0.453125 
0.531250 -0.451780 

0.855576 -0.015625 
0.852174 -0.031250 

0.858224 0.000000 
0.855595 -0.015625 

0.593750 -0.262958 
0.609375 -0.261950 

0.609375 -0.261960 
0.625000 -0.260236 

0.468750 -0.242139 
0.453125 -0.234375 

0.453125 -0.232493 
0.437500 -0.223915 

0.457625 -0.234375 
0.453125 -0.232014 

0.362379 -0.093750 
0.363808 -0.078125 

0.363037 -0.078125 
0.367057 -0.062500 

0.811916 -0.140625 
0.802951 -0.156250 

0.812429 -0.140625 
0.812500 -0.140484 

0.379503 -0.046875 
0.375000 -0.049718 

0.406067 -0.046875 
0.406250 -0.046932 

0.375885 -0.046875 
0.390625 -0.041957 

0.390625 -0.042523 
0.406250 -0.045986 

0.484347 -0.156250 
0.484375 -0.156278 

0.890663 0.078125 
0.890625 0.078087 

0.875289 0.093750 
0.875000 0.084756 

0.786251 -0.031250 
0.792369 -0.015625 

0.792558 -0.015625 
0.796875 -0.001309 

0.797608 0.000000 
0.796875 -0.002828 

0.805966 0.031250 
0.809428 0.046875 

0.809530 0.046875 
0.812165 0.062500 

0.858115 0.203125 
0.859375 0.193883 

0.860299 0.187500 
0.859375 0.194923 

0.857845 0.203125 
0.854887 0.218750 

0.418171 -0.156250 
0.421875 -0.167903 

0.426369 -0.156250 
0.421875 -0.166859 

0.797641 0.000000 
0.801756 0.015625 

0.801924 0.015625 
0.805923 0.031250 

0.274275 0.125000 
0.265625 0.133650 

0.865732 0.125000 
0.865066 0.140625 

0.865073 0.140625 
0.864002 0.156250 

0.639649 -0.203125 
0.640625 -0.204101 

-0.015630 -0.015625 
-0.015625 -0.015630 

-0.004754 -0.015625 
-0.015625 -0.015625 

-0.001379 0.000000 
0.000000 -0.001382 

0.739577 -0.218750 
0.750000 -0.212160 

0.847664 -0.046875 
0.843837 -0.062500 

0.852136 -0.031250 
0.848074 -0.046875 

0.864009 0.156250 
0.862504 0.171875 

0.862496 0.171875 
0.860560 0.187500 

0.640625 -0.166090 
0.625000 -0.169334 

0.656250 -0.161587 
0.640625 -0.166082 

0.700148 -0.140625 
0.687500 -0.147731 

0.699862 -0.140625 
0.703125 -0.138675 

0.718750 -0.126930 
0.703125 -0.138264 

0.810477 0.265625 
0.810883 0.250000 

0.809902 0.265625 
0.812500 0.276823 

-0.015625 0.218615 
0.000000 0.218615 

0.811703 0.250000 
0.812500 0.242052 

0.863583 0.046875 
0.862039 0.031250 

0.864765 0.062500 
0.863595 0.046875 

0.820155 -0.125000 
0.812500 -0.140548 

0.111744 0.109375 
0.109375 0.111744 

0.828125 0.291982 
0.812500 0.284213 

0.843478 0.281250 
0.828125 0.290763 

0.466733 -0.125000 
0.468750 -0.126889 

0.375275 -0.156250 
0.375000 -0.155570 

0.778155 -0.187500 
0.781250 -0.184179 

0.578125 -0.263264 
0.562500 -0.262806 

0.578125 -0.263258 
0.593750 -0.262968 

0.718750 -0.230905 
0.734375 -0.222397 

0.739559 -0.218750 
0.734375 -0.221976 

0.569653 -0.171875 
0.578125 -0.172407 

0.578125 -0.172015 
0.593750 -0.172118 

0.562500 -0.170098 
0.578125 -0.171761 

0.586095 -0.171875 
0.578125 -0.171706 

0.812288 0.062500 
0.812500 0.064498 

0.816275 0.093750 
0.817706 0.109375 

0.817703 0.109375 
0.818706 0.125000 

0.848797 0.250000 
0.845775 0.265625 

0.846591 0.265625 
0.843750 0.273515 

0.854791 0.218750 
0.851640 0.234375 

0.851547 0.234375 
0.848583 0.250000 

0.561022 -0.218750 
0.562500 -0.220228 

0.865982 0.109375 
0.865929 0.093750 

0.866007 0.109375 
0.865729 0.125000 

0.670644 -0.156250 
0.671875 -0.155844 

0.687500 -0.148121 
0.671875 -0.155475 

0.440840 -0.093750 
0.437500 -0.088573 

0.033078 0.171875 
0.031250 0.173703 

0.361634 -0.109375 
0.363057 -0.125000 

0.362004 -0.109375 
0.362378 -0.093750 

0.001329 0.000000 
0.000000 0.001329 

0.015730 0.015625 
0.015625 0.015730 

0.818704 0.125000 
0.819289 0.140625 

0.819288 0.140625 
0.819461 0.156250 

0.671867 -0.250000 
0.671875 -0.249998 

0.671875 -0.249974 
0.687500 -0.245028 

0.814263 0.078125 
0.812500 0.063518 

0.814425 0.078125 
0.816262 0.093750 

0.406250 -0.047305 
0.421875 -0.062054 

0.819224 0.171875 
0.819463 0.156250 

0.818566 0.187500 
0.819229 0.171875 

0.817460 0.203125 
0.818574 0.187500 

0.815876 0.218750 
0.817464 0.203125 

0.813835 0.234375 
0.815847 0.218750 

0.813438 0.234375 
0.812500 0.243074 

0.207068 0.375000 
0.203125 0.378943 

0.718742 -0.343750 
0.718750 -0.343758 

0.718758 -0.343750 
0.718750 -0.343758 

0.718742 -0.343750 
0.718750 -0.343742 

0.718758 -0.343750 
0.718750 -0.343742 

0.382110 -0.171875 
0.390625 -0.186564 

0.391297 -0.187500 
0.390625 -0.186460 

0.375518 -0.156250 
0.382703 -0.171875 

0.813959 0.281250 
0.812500 0.279019 

0.839692 0.281250 
0.843750 0.275493 

0.785940 -0.031250 
0.781250 -0.042877 

-0.015625 0.078124 
0.000000 0.078124 

-0.001351 0.093750 
0.000000 0.092357 

0.001327 0.093750 
0.000000 0.095077 

0.484375 -0.248129 
0.468750 -0.242100 

0.492495 -0.250000 
0.484375 -0.247893 

0.671393 -0.156250 
0.656250 -0.161371 

0.302552 0.265625 
0.296875 0.271302 

0.216254 -0.343750 
0.218750 -0.341254 

0.546875 -0.261608 
0.531250 -0.259587 

0.562500 -0.262806 
0.546875 -0.261587 

0.750654 -0.093750 
0.750000 -0.094574 

0.412247 0.078125 
0.406250 0.084122 

0.048662 0.359375 
0.046875 0.361162 

0.839669 -0.078125 
0.834305 -0.093750 

0.843666 -0.062500 
0.839656 -0.078125 

0.515116 -0.156250 
0.500000 -0.149307 

0.858275 0.000000 
0.859375 0.009995 

0.860139 0.015625 
0.859375 0.007944 

0.861954 0.031250 
0.860232 0.015625 

0.544140 -0.171875 
0.546875 -0.172601 

0.531250 -0.162715 
0.546875 -0.167141 

0.546875 -0.167112 
0.562500 -0.170142 

0.218767 -0.343750 
0.218750 -0.343767 

0.827564 -0.109375 
0.820644 -0.125000 

0.827871 -0.109375 
0.828125 -0.108654 

0.833841 -0.093750 
0.828125 -0.109120 

0.016964 0.375000 
0.015625 0.376339 

0.452450 -0.109375 
0.453125 -0.110180 

0.466938 -0.125000 
0.453125 -0.110167 

0.452334 -0.109375 
0.441003 -0.093750 

0.484219 -0.140625 
0.484375 -0.140740 

0.485430 -0.140625 
0.500000 -0.149234 

0.468750 -0.126818 
0.484375 -0.139215 

0.487378 -0.140625 
0.484375 -0.138670 

0.513780 -0.156250 
0.515625 -0.157031 

0.515625 -0.157058 
0.531250 -0.162528 

0.687136 -0.187500 
0.687500 -0.187864 

0.720574 -0.125000 
0.734375 -0.112249 

0.737103 -0.109375 
0.734375 -0.112230 

0.737146 -0.109375 
0.750000 -0.093949 

0.607327 -0.218750 
0.609375 -0.220798 

0.687500 -0.244802 
0.703125 -0.238580 

0.712345 -0.234375 
0.703125 -0.238230 

0.711877 -0.234375 
0.718750 -0.231418 

0.489462 -0.250000 
0.500000 -0.252680 

0.750642 -0.093750 
0.761329 -0.078125 

0.761430 -0.078125 
0.765625 -0.070839 

0.771013 -0.062500 
0.765625 -0.072155 

0.417708 -0.156250 
0.421875 -0.153812 

0.427665 -0.156250 
0.421875 -0.153597 

0.761216 -0.203125 
0.750000 -0.211701 

0.761210 -0.203125 
0.765625 -0.199443 

0.778142 -0.187500 
0.765625 -0.199350 

0.365593 -0.062500 
0.375000 -0.048798 

0.791671 -0.171875 
0.781250 -0.184311 

0.791628 -0.171875 
0.796875 -0.164395 

0.802816 -0.156250 
0.796875 -0.165092 

0.430870 -0.078125 
0.437500 -0.088795 

0.420664 -0.062500 
0.421875 -0.064216 

0.430927 -0.078125 
0.421875 -0.064189 

-0.015625 0.218802 
0.000000 0.218802 

0.407224 -0.203125 
0.421875 -0.214234 

0.428660 -0.218750 
0.421875 -0.214579 

0.407424 -0.203125 
0.406250 -0.202137 

0.771112 -0.062500 
0.778905 -0.046875 

0.778967 -0.046875 
0.781250 -0.041212 

0.625000 -0.260260 
0.640625 -0.257753 

0.640625 -0.257735 
0.656250 -0.254433 

0.515625 -0.256642 
0.500000 -0.252847 

0.531250 -0.259616 
0.515625 -0.256690 

0.598836 -0.171875 
0.593750 -0.172034 

0.597566 -0.171875 
0.609375 -0.171266 

0.625000 -0.169334 
0.609375 -0.171308 

0.656250 -0.254313 
0.671875 -0.250494 

0.427579 -0.218750 
0.437500 -0.224537 

0.391541 -0.187500 
0.406250 -0.202977 

0.720593 -0.125000 
0.718750 -0.126571 

0.533539 -0.453125 
0.531250 -0.455019 

0.533489 -0.453125 
0.531250 -0.452054 

