0.863446 0.078125 
0.862579 0.062500 

0.863868 0.093750 
0.863421 0.078125 

0.372971 -0.125000 
0.375000 -0.139719 

0.576493 -0.187500 
0.578125 -0.188951 

0.852756 -0.015625 
0.849191 -0.031250 

0.855682 0.000000 
0.852729 -0.015625 

0.593750 -0.258638 
0.609375 -0.257659 

0.609375 -0.257652 
0.625000 -0.255912 

0.466162 -0.234375 
0.468750 -0.235513 

0.453125 -0.227727 
0.437500 -0.219183 

0.468750 -0.233880 
0.453125 -0.227154 

0.371752 -0.093750 
0.373431 -0.078125 

0.372355 -0.078125 
0.375000 -0.071373 

0.811383 0.218750 
0.812500 0.205745 

0.808360 -0.140625 
0.798969 -0.156250 

0.808604 -0.140625 
0.812500 -0.132773 

0.379870 -0.062500 
0.390625 -0.054934 

0.406250 -0.054271 
0.390625 -0.055173 

0.499997 -0.156250 
0.500000 -0.156253 

0.890663 0.078125 
0.890625 0.078087 

0.875373 0.093750 
0.875000 0.086774 

0.785670 -0.015625 
0.781250 -0.027835 

0.785954 -0.015625 
0.791599 0.000000 

0.811359 0.093750 
0.812500 0.107334 

0.800298 0.031250 
0.803793 0.046875 

0.803829 0.046875 
0.806843 0.062500 

0.858660 0.187500 
0.856218 0.203125 

0.856179 0.203125 
0.853121 0.218750 

0.791804 0.000000 
0.796313 0.015625 

0.796329 0.015625 
0.796875 0.018372 

0.800093 0.031250 
0.796875 0.016674 

0.274275 0.125000 
0.265625 0.133650 

0.863729 0.125000 
0.863106 0.140625 

0.863110 0.140625 
0.862091 0.156250 

0.639649 -0.203125 
0.640625 -0.204101 

-0.015630 -0.015625 
-0.015625 -0.015630 

-0.004302 -0.015625 
-0.015625 -0.015625 

-0.001379 0.000000 
0.000000 -0.001382 

0.731780 -0.218750 
0.734375 -0.217291 

0.734375 -0.216975 
0.750000 -0.206717 

0.844980 -0.046875 
0.843750 -0.053100 

0.848943 -0.031250 
0.845209 -0.046875 

0.862091 0.156250 
0.860666 0.171875 

0.858864 0.187500 
0.859375 0.182308 

0.860514 0.171875 
0.859375 0.183448 

0.640625 -0.158190 
0.625000 -0.161329 

0.647154 -0.156250 
0.640625 -0.157798 

0.703125 -0.129576 
0.687500 -0.139094 

0.708699 -0.125000 
0.703125 -0.129105 

0.804676 0.265625 
0.806566 0.250000 

0.803533 0.265625 
0.805026 0.281250 

0.809286 0.234375 
0.811280 0.218750 

0.806894 0.250000 
0.809225 0.234375 

0.861259 0.046875 
0.859873 0.031250 

0.862567 0.062500 
0.861344 0.046875 

0.816757 -0.125000 
0.812500 -0.133776 

0.111744 0.109375 
0.109375 0.111744 

0.815348 0.296875 
0.812500 0.296392 

0.840602 0.281250 
0.828125 0.296254 

0.828125 0.298142 
0.812500 0.297282 

0.830288 0.296875 
0.828125 0.298229 

0.375110 -0.140625 
0.382399 -0.156250 

0.375277 -0.140625 
0.375000 -0.138953 

0.438116 -0.218750 
0.437500 -0.218372 

0.381611 -0.062500 
0.375000 -0.071807 

0.772265 -0.187500 
0.781250 -0.178122 

0.578125 -0.258817 
0.562500 -0.258224 

0.578125 -0.258833 
0.593750 -0.258647 

0.803541 0.281250 
0.812500 0.294913 

0.732384 -0.218750 
0.718750 -0.226046 

0.576294 -0.171875 
0.578125 -0.172172 

0.578125 -0.171973 
0.593750 -0.172333 

0.562500 -0.162045 
0.578125 -0.163893 

0.578125 -0.163818 
0.593750 -0.164214 

0.806833 0.062500 
0.809313 0.078125 

0.809310 0.078125 
0.811281 0.093750 

0.812699 0.109375 
0.812500 0.106228 

0.812805 0.109375 
0.813737 0.125000 

0.845638 0.250000 
0.843750 0.260112 

0.853062 0.218750 
0.849586 0.234375 

0.849464 0.234375 
0.845929 0.250000 

0.561022 -0.218750 
0.562500 -0.220228 

0.863945 0.109375 
0.863865 0.093750 

0.863968 0.109375 
0.863724 0.125000 

0.671875 -0.147175 
0.656250 -0.153339 

0.685663 -0.140625 
0.671875 -0.146911 

0.685175 -0.140625 
0.687500 -0.139534 

0.446834 -0.093750 
0.437500 -0.082194 

0.033078 0.171875 
0.031250 0.173703 

0.372358 -0.109375 
0.373303 -0.125000 

0.372102 -0.093750 
0.372221 -0.109375 

0.001329 0.000000 
0.000000 0.001329 

0.015730 0.015625 
0.015625 0.015730 

0.813800 0.125000 
0.814443 0.140625 

0.814443 0.140625 
0.814669 0.156250 

0.656341 -0.250000 
0.671875 -0.245990 

0.671875 -0.245785 
0.687500 -0.240489 

0.421037 -0.062500 
0.406250 -0.055299 

0.814475 0.171875 
0.814669 0.156250 

0.813865 0.187500 
0.814473 0.171875 

0.812882 0.203125 
0.813829 0.187500 

0.812713 0.203125 
0.812500 0.206348 

-0.015625 0.265439 
0.000000 0.265439 

-0.015625 0.265626 
0.000000 0.265626 

0.207068 0.375000 
0.203125 0.378943 

0.718742 -0.343750 
0.718750 -0.343758 

0.718758 -0.343750 
0.718750 -0.343758 

0.718742 -0.343750 
0.718750 -0.343742 

0.718758 -0.343750 
0.718750 -0.343742 

0.393018 -0.171875 
0.402016 -0.187500 

0.384659 -0.156250 
0.390625 -0.166918 

0.393304 -0.171875 
0.390625 -0.167014 

0.842768 0.265625 
0.843750 0.260102 

0.843098 0.265625 
0.838152 0.281250 

-0.015625 0.078124 
0.000000 0.078124 

-0.001351 0.093750 
0.000000 0.092357 

0.001327 0.093750 
0.000000 0.095077 

0.484375 -0.241976 
0.468750 -0.235496 

0.500000 -0.247354 
0.484375 -0.241928 

0.475962 -0.234375 
0.468750 -0.231635 

0.491356 -0.234375 
0.484375 -0.231264 

0.646514 -0.156250 
0.656250 -0.153664 

0.302552 0.265625 
0.296875 0.271302 

0.841475 -0.062500 
0.843750 -0.051663 

0.538149 -0.156250 
0.531250 -0.154559 

0.779404 -0.031250 
0.781250 -0.026060 

0.216254 -0.343750 
0.218750 -0.341254 

0.546875 -0.256898 
0.531250 -0.254619 

0.562500 -0.258245 
0.546875 -0.256864 

0.412247 0.078125 
0.406250 0.084122 

0.048662 0.359375 
0.046875 0.361162 

0.836640 -0.078125 
0.830965 -0.093750 

0.841583 -0.062500 
0.836924 -0.078125 

0.500000 -0.140826 
0.515625 -0.148209 

0.515625 -0.148435 
0.531250 -0.154411 

0.501703 -0.140625 
0.500000 -0.139790 

0.858061 0.015625 
0.855698 0.000000 

0.858142 0.015625 
0.859375 0.027830 

0.859798 0.031250 
0.859375 0.026129 

0.545217 -0.171875 
0.546875 -0.173073 

0.536461 -0.156250 
0.546875 -0.158685 

0.546875 -0.158948 
0.562500 -0.162006 

0.218767 -0.343750 
0.218750 -0.343767 

0.824222 -0.109375 
0.817026 -0.125000 

0.824436 -0.109375 
0.828125 -0.099445 

0.830664 -0.093750 
0.828125 -0.100842 

0.567363 -0.453125 
0.562500 -0.453962 

0.566764 -0.453125 
0.562500 -0.452010 

0.016964 0.375000 
0.015625 0.376339 

0.460387 -0.109375 
0.468750 -0.117539 

0.446719 -0.093750 
0.453125 -0.101229 

0.460701 -0.109375 
0.453125 -0.101142 

0.499647 -0.140625 
0.500000 -0.140833 

0.476982 -0.125000 
0.484375 -0.130651 

0.484375 -0.130447 
0.500000 -0.140075 

0.478118 -0.125000 
0.468750 -0.117292 

0.687136 -0.187500 
0.687500 -0.187864 

0.726930 -0.109375 
0.718750 -0.116908 

0.726876 -0.109375 
0.734375 -0.101604 

0.741548 -0.093750 
0.734375 -0.101904 

0.447908 -0.171875 
0.453125 -0.172753 

0.454913 -0.171875 
0.453125 -0.174283 

0.444308 -0.171875 
0.453125 -0.168951 

0.453262 -0.171875 
0.453125 -0.171291 

0.511620 -0.250000 
0.500000 -0.247084 

0.516280 -0.250000 
0.515625 -0.249892 

0.504584 -0.234375 
0.500000 -0.230407 

0.516942 -0.234375 
0.515625 -0.231656 

0.607327 -0.218750 
0.609375 -0.220798 

0.687500 -0.240346 
0.703125 -0.234497 

0.702150 -0.234375 
0.703125 -0.234021 

0.703125 -0.233800 
0.718750 -0.226419 

0.753581 -0.078125 
0.750000 -0.083101 

0.753541 -0.078125 
0.763265 -0.062500 

0.754091 -0.203125 
0.750000 -0.206259 

0.754142 -0.203125 
0.765625 -0.193973 

0.772248 -0.187500 
0.765625 -0.193660 

0.787030 -0.171875 
0.781250 -0.178470 

0.787069 -0.171875 
0.796875 -0.158405 

0.798992 -0.156250 
0.796875 -0.159248 

0.434145 -0.078125 
0.437500 -0.082202 

0.419715 -0.062500 
0.421875 -0.063779 

0.435106 -0.078125 
0.421875 -0.064719 

0.417639 -0.203125 
0.421875 -0.206360 

0.437500 -0.217374 
0.421875 -0.206539 

0.415985 -0.203125 
0.406250 -0.193647 

0.763389 -0.062500 
0.765625 -0.058244 

0.772099 -0.046875 
0.765625 -0.059664 

0.772316 -0.046875 
0.779388 -0.031250 

0.708742 -0.125000 
0.718750 -0.117267 

0.741478 -0.093750 
0.750000 -0.082224 

0.625000 -0.255886 
0.640625 -0.253453 

0.640625 -0.253378 
0.656250 -0.250452 

0.509013 -0.250000 
0.515625 -0.251365 

0.531250 -0.254527 
0.515625 -0.251468 

0.609375 -0.163314 
0.593750 -0.164212 

0.625000 -0.161366 
0.609375 -0.163368 

0.656374 -0.250000 
0.656250 -0.250026 

0.436852 -0.218750 
0.437500 -0.219222 

0.400941 -0.187500 
0.406250 -0.194233 

0.562024 -0.453125 
0.562500 -0.454062 

0.561927 -0.453125 
0.562500 -0.451556 

