0.858779 0.078125 
0.857767 0.062500 

0.859223 0.093750 
0.858734 0.078125 

0.847692 -0.015625 
0.844602 -0.031250 

0.850462 0.000000 
0.847739 -0.015625 

0.464488 -0.218750 
0.468750 -0.221127 

0.789457 -0.156250 
0.796875 -0.145870 

0.800686 -0.140625 
0.796875 -0.146141 

0.810079 -0.125000 
0.800944 -0.140625 

0.421875 -0.078616 
0.406250 -0.083674 

0.421875 -0.079897 
0.437500 -0.081611 

0.792164 0.296875 
0.781250 0.282846 

0.798319 0.296875 
0.796875 0.296753 

0.791478 0.296875 
0.796875 0.299379 

0.796875 0.297742 
0.812500 0.297653 

0.562500 -0.145650 
0.578125 -0.147568 

0.578125 -0.147548 
0.593750 -0.148081 

0.000000 0.078121 
0.015625 0.078121 

0.001852 0.093750 
0.000000 0.092937 

0.625000 -0.244136 
0.640625 -0.240553 

0.640625 -0.240374 
0.656250 -0.236501 

0.747090 -0.062500 
0.750000 -0.057856 

-0.282480 0.406250 
-0.281250 0.407480 

0.859245 0.125000 
0.858813 0.140625 

0.858837 0.140625 
0.857984 0.156250 

0.803094 0.125000 
0.803665 0.140625 

0.803652 0.140625 
0.803923 0.156250 

0.125001 -0.500000 
0.125000 -0.499999 

0.718750 -0.214776 
0.734375 -0.205596 

0.737671 -0.203125 
0.734375 -0.205406 

0.736914 -0.203125 
0.750000 -0.194018 

0.844508 -0.031250 
0.843750 -0.035180 

0.857994 0.156250 
0.856654 0.171875 

0.856674 0.171875 
0.854787 0.187500 

0.780559 0.281250 
0.781250 0.283329 

0.501302 -0.125000 
0.515625 -0.131909 

0.515625 -0.132213 
0.531250 -0.138295 

0.856148 0.046875 
0.854464 0.031250 

0.857696 0.062500 
0.856212 0.046875 

0.061706 -0.343750 
0.062500 -0.340677 

0.395810 -0.140625 
0.403370 -0.156250 

0.390250 -0.125000 
0.390625 -0.126627 

0.395216 -0.140625 
0.390625 -0.125914 

0.441984 -0.203125 
0.453125 -0.211550 

0.464947 -0.218750 
0.453125 -0.211904 

0.441978 -0.203125 
0.437500 -0.199345 

0.395018 -0.093750 
0.406250 -0.083523 

0.765275 -0.031250 
0.765625 -0.030413 

0.765974 -0.031250 
0.772582 -0.015625 

0.772678 -0.015625 
0.778771 0.000000 

0.757557 -0.187500 
0.765625 -0.180671 

0.774887 -0.171875 
0.765625 -0.180634 

0.774958 -0.171875 
0.781250 -0.165282 

0.802499 0.203125 
0.803450 0.187500 

0.801122 0.218750 
0.802450 0.203125 

0.679075 -0.125000 
0.687500 -0.120459 

0.625010 -0.421875 
0.625000 -0.421865 

0.844837 0.250000 
0.843750 0.262133 

0.843848 0.265625 
0.843750 0.265915 

0.800650 0.093750 
0.802164 0.109375 

0.802152 0.109375 
0.803138 0.125000 

0.789775 0.265625 
0.795925 0.250000 

0.783648 0.281250 
0.787011 0.265625 

0.501912 -0.125000 
0.500000 -0.124035 

0.720758 -0.093750 
0.734375 -0.079012 

0.735091 -0.078125 
0.734375 -0.078962 

0.735467 -0.078125 
0.746996 -0.062500 

0.546875 -0.245643 
0.531250 -0.242872 

0.562500 -0.247455 
0.546875 -0.245674 

0.859325 0.109375 
0.859177 0.093750 

0.859329 0.109375 
0.859219 0.125000 

0.250012 -0.406250 
0.250000 -0.406238 

0.609375 -0.147282 
0.593750 -0.148067 

0.625000 -0.145174 
0.609375 -0.147315 

0.675633 -0.390625 
0.671875 -0.386867 

0.413676 -0.171875 
0.421875 -0.182731 

0.425801 -0.187500 
0.421875 -0.182786 

0.413318 -0.171875 
0.406250 -0.160115 

0.578125 -0.248229 
0.562500 -0.247409 

0.578125 -0.248265 
0.593750 -0.248144 

0.664639 -0.234375 
0.656250 -0.236117 

0.664165 -0.234375 
0.671875 -0.232789 

0.671875 -0.232634 
0.687500 -0.228346 

0.461761 -0.093750 
0.468750 -0.098388 

0.848341 0.218750 
0.845495 0.234375 

0.845507 0.234375 
0.844124 0.250000 

0.778920 0.000000 
0.781250 0.007779 

0.608878 -0.453125 
0.609375 -0.453910 

0.617095 -0.453125 
0.609375 -0.453462 

0.609361 -0.453125 
0.609375 -0.453038 

0.620668 -0.453125 
0.609375 -0.452332 

0.711126 -0.218750 
0.718750 -0.215322 

-0.002205 0.109375 
0.000000 0.107130 

-0.015663 0.109375 
-0.015625 0.109484 

-0.003042 0.109375 
0.000000 0.110918 

0.403781 -0.156250 
0.406250 -0.160451 

0.703123 -0.109375 
0.687500 -0.119894 

0.703123 -0.109375 
0.703125 -0.109373 

0.718750 -0.095795 
0.703125 -0.108924 

0.001070 0.109375 
0.000000 0.106311 

0.001171 0.109375 
0.000000 0.110833 

0.497914 -0.234375 
0.500000 -0.235032 

0.484375 -0.228527 
0.468750 -0.221284 

0.499728 -0.234375 
0.484375 -0.228793 

0.437500 -0.081721 
0.453125 -0.087427 

0.464022 -0.093750 
0.453125 -0.087176 

0.840338 -0.046875 
0.835979 -0.062500 

0.840444 -0.046875 
0.843750 -0.032291 

0.539443 -0.140625 
0.546875 -0.142230 

0.546875 -0.142488 
0.562500 -0.145468 

0.540064 -0.140625 
0.531250 -0.138497 

0.720683 -0.093750 
0.718750 -0.095613 

0.784465 0.015625 
0.781250 0.004606 

0.784412 0.015625 
0.788846 0.031250 

0.015390 -0.328125 
0.015625 -0.328564 

0.015775 -0.328125 
0.015625 -0.328792 

0.015232 -0.328125 
0.015625 -0.327990 

0.015687 -0.328125 
0.015625 -0.328083 

0.812500 0.296704 
0.828125 0.288371 

0.836305 0.281250 
0.828125 0.288962 

0.803897 0.171875 
0.803946 0.156250 

0.803452 0.187500 
0.803925 0.171875 

0.843373 0.265625 
0.843750 0.262549 

0.836344 0.281250 
0.843750 0.267844 

0.640625 -0.141726 
0.625000 -0.145056 

0.642973 -0.140625 
0.640625 -0.141240 

0.642804 -0.140625 
0.656250 -0.136461 

0.854856 0.187500 
0.852245 0.203125 

0.852165 0.203125 
0.848849 0.218750 

0.825100 -0.093750 
0.828125 -0.084768 

0.831005 -0.078125 
0.828125 -0.087050 

0.835997 -0.062500 
0.831106 -0.078125 

0.852713 0.015625 
0.850470 0.000000 

0.854515 0.031250 
0.852657 0.015625 

0.818061 -0.109375 
0.812500 -0.121566 

0.824863 -0.093750 
0.818149 -0.109375 

0.810226 -0.125000 
0.812500 -0.120137 

0.480756 -0.109375 
0.484375 -0.112410 

0.484375 -0.113148 
0.500000 -0.123924 

0.481706 -0.109375 
0.468750 -0.098919 

0.796406 0.062500 
0.796875 0.066343 

0.798527 0.078125 
0.796875 0.065175 

0.798648 0.078125 
0.800588 0.093750 

0.799368 0.234375 
0.801270 0.218750 

0.796465 0.250000 
0.796875 0.247975 

0.799434 0.234375 
0.796875 0.248077 

0.757002 -0.046875 
0.750000 -0.058712 

0.757237 -0.046875 
0.765265 -0.031250 

0.389547 -0.437500 
0.390625 -0.426222 

0.390834 -0.437500 
0.390625 -0.422840 

0.610645 -0.437500 
0.609375 -0.437500 

0.584045 -0.328125 
0.578125 -0.322205 

0.515625 -0.239212 
0.500000 -0.235042 

0.531250 -0.242805 
0.515625 -0.239239 

0.593750 -0.248227 
0.609375 -0.246925 

0.609375 -0.246910 
0.625000 -0.244294 

0.671875 -0.129316 
0.656250 -0.136231 

0.679295 -0.125000 
0.671875 -0.128870 

0.687500 -0.228534 
0.703125 -0.222874 

0.711604 -0.218750 
0.703125 -0.222396 

0.757688 -0.187500 
0.750000 -0.193706 

0.789171 -0.156250 
0.781250 -0.165382 

0.389266 -0.109375 
0.389604 -0.125000 

0.389339 -0.109375 
0.390625 -0.105052 

0.394894 -0.093750 
0.390625 -0.102549 

0.788867 0.031250 
0.792893 0.046875 

0.793094 0.046875 
0.796269 0.062500 

-0.281246 0.406250 
-0.281250 0.406246 

0.425895 -0.187500 
0.437500 -0.199210 

0.063088 -0.343750 
0.062500 -0.340538 

0.061481 -0.343750 
0.062500 -0.344123 

0.063253 -0.343750 
0.062500 -0.344137 

0.389073 -0.437500 
0.390625 -0.437678 

0.390857 -0.437500 
0.390625 -0.437661 

