0.578125 -0.211442 
0.562500 -0.209579 

0.593750 -0.212227 
0.578125 -0.211443 

0.563341 -0.203125 
0.562500 -0.203033 

0.578474 -0.203125 
0.578125 -0.203106 

0.827967 -0.015625 
0.824059 -0.031250 

0.828167 -0.015625 
0.828125 -0.015841 

0.827868 -0.015625 
0.828125 -0.014046 

0.831147 0.000000 
0.828168 -0.015625 

0.749229 0.296875 
0.750000 0.292395 

0.745832 0.312500 
0.748504 0.296875 

0.726671 0.000000 
0.734018 0.015625 

0.734575 0.015625 
0.734375 0.015172 

0.733987 0.015625 
0.734375 0.016658 

0.734574 0.015625 
0.740684 0.031250 

0.750353 0.343750 
0.765625 0.349013 

0.778751 0.343750 
0.765625 0.348630 

0.760788 0.234375 
0.762560 0.218750 

0.758512 0.250000 
0.760789 0.234375 

0.740973 0.031250 
0.746606 0.046875 

0.746814 0.046875 
0.750000 0.058979 

0.485168 -0.171875 
0.500000 -0.185130 

0.473986 -0.156250 
0.484375 -0.171212 

0.485325 -0.171875 
0.484375 -0.170771 

0.765142 -0.343750 
0.765625 -0.343391 

0.767264 -0.343750 
0.765625 -0.343466 

0.624713 -0.125000 
0.625000 -0.125287 

0.755734 0.265625 
0.758504 0.250000 

0.752512 0.281250 
0.755706 0.265625 

0.674061 -0.062500 
0.687500 -0.051519 

0.752152 0.281250 
0.750000 0.292829 

0.274276 0.125000 
0.265625 0.133651 

0.843779 0.125000 
0.843750 0.128251 

0.671875 -0.064627 
0.656250 -0.074526 

0.674097 -0.062500 
0.671875 -0.064200 

0.625000 -0.211506 
0.640625 -0.209921 

0.640625 -0.209906 
0.656250 -0.207195 

-0.015629 -0.015625 
-0.015625 -0.015629 

-0.015625 -0.015625 
0.000000 -0.015625 

-0.001379 0.000000 
0.000000 -0.001382 

0.762615 0.125000 
0.763918 0.140625 

0.763910 0.140625 
0.764663 0.156250 

0.937818 -0.218750 
0.937500 -0.218365 

0.531250 -0.099887 
0.546875 -0.099895 

0.562500 -0.099498 
0.546875 -0.099927 

0.640625 -0.082788 
0.625000 -0.088868 

0.650118 -0.078125 
0.640625 -0.082441 

0.649801 -0.078125 
0.656250 -0.075060 

0.111744 0.109375 
0.109375 0.111744 

0.816376 0.281250 
0.812500 0.290520 

0.467782 -0.140625 
0.468750 -0.144041 

0.466623 -0.140625 
0.467926 -0.125000 

0.744849 0.312500 
0.745176 0.328125 

0.744258 0.328125 
0.750000 0.340381 

0.752330 0.343750 
0.750000 0.341796 

0.773881 0.343750 
0.781250 0.339589 

0.932595 -0.218750 
0.937500 -0.218577 

0.750250 -0.156250 
0.750000 -0.156486 

0.609320 -0.093750 
0.593750 -0.096412 

0.839043 0.046875 
0.836917 0.031250 

0.840762 0.062500 
0.839032 0.046875 

0.809577 0.296875 
0.812500 0.290104 

0.809056 0.296875 
0.800398 0.312500 

0.593750 -0.212109 
0.609375 -0.212052 

0.609375 -0.212062 
0.625000 -0.211379 

0.604170 -0.203125 
0.609375 -0.203098 

0.624106 -0.203125 
0.625000 -0.203084 

0.562694 -0.187500 
0.562500 -0.187332 

0.593693 -0.187500 
0.593750 -0.187002 

0.843644 0.109375 
0.843082 0.093750 

0.843634 0.109375 
0.843750 0.121395 

0.692056 -0.046875 
0.687500 -0.051302 

0.692043 -0.046875 
0.703125 -0.034375 

0.706223 -0.031250 
0.703125 -0.035014 

0.843751 0.109375 
0.843750 0.109312 

0.843828 0.125000 
0.843751 0.109375 

0.764658 0.156250 
0.764888 0.171875 

0.764607 0.187500 
0.764885 0.171875 

0.033078 0.171875 
0.031250 0.173703 

0.562867 -0.140625 
0.562500 -0.142079 

0.562974 -0.140625 
0.562500 -0.140126 

0.001329 0.000000 
0.000000 0.001329 

0.015730 0.015625 
0.015625 0.015730 

0.843542 0.140625 
0.843750 0.127409 

0.843557 0.140625 
0.842908 0.156250 

0.608498 -0.093750 
0.609375 -0.093609 

0.625000 -0.088965 
0.609375 -0.093349 

0.842115 0.078125 
0.840763 0.062500 

0.843082 0.093750 
0.842120 0.078125 

0.763831 0.203125 
0.764606 0.187500 

0.762558 0.218750 
0.763831 0.203125 

0.842920 0.156250 
0.841812 0.171875 

0.841821 0.171875 
0.840214 0.187500 

0.758234 0.093750 
0.760752 0.109375 

0.760738 0.109375 
0.762625 0.125000 

0.840221 0.187500 
0.838084 0.203125 

0.838102 0.203125 
0.835384 0.218750 

0.534344 -0.203125 
0.546875 -0.206375 

0.562500 -0.209672 
0.546875 -0.206552 

0.536808 -0.203125 
0.531250 -0.201640 

0.547598 -0.203125 
0.546875 -0.203016 

0.835375 0.218750 
0.832058 0.234375 

0.827960 0.250000 
0.828125 0.249209 

0.831930 0.234375 
0.828291 0.250000 

0.751309 0.062500 
0.754923 0.078125 

0.755053 0.078125 
0.758241 0.093750 

0.789858 0.328125 
0.796875 0.317327 

0.799872 0.312500 
0.796875 0.317236 

0.790125 0.328125 
0.781250 0.338335 

0.687500 -0.197351 
0.703125 -0.190191 

0.707032 -0.187500 
0.703125 -0.189626 

0.207068 0.375000 
0.203125 0.378943 

0.827798 0.250000 
0.822983 0.265625 

0.822836 0.265625 
0.816745 0.281250 

0.578125 -0.098498 
0.562500 -0.099567 

0.593750 -0.096585 
0.578125 -0.098564 

0.608909 -0.187500 
0.609375 -0.185354 

0.609649 -0.187500 
0.609375 -0.184748 

0.812121 -0.062500 
0.812500 -0.061400 

-0.015625 0.078124 
0.000000 0.078124 

-0.001351 0.093750 
0.000000 0.092357 

0.001327 0.093750 
0.000000 0.095077 

0.834322 0.015625 
0.831324 0.000000 

0.836934 0.031250 
0.834355 0.015625 

0.302552 0.265625 
0.296875 0.271302 

0.818144 -0.046875 
0.812500 -0.062300 

0.823937 -0.031250 
0.818569 -0.046875 

0.532459 -0.140625 
0.531250 -0.142057 

0.548057 -0.140625 
0.546875 -0.142183 

0.532620 -0.140625 
0.531250 -0.140072 

0.548146 -0.140625 
0.546875 -0.140146 

0.515625 -0.098965 
0.500000 -0.100507 

0.515625 -0.099658 
0.531250 -0.099736 

0.776819 -0.125000 
0.781250 -0.118181 

0.804828 -0.078125 
0.797154 -0.093750 

0.811953 -0.062500 
0.805208 -0.078125 

0.412247 0.078125 
0.406250 0.084122 

0.048662 0.359375 
0.046875 0.361162 

0.014945 0.375000 
0.015625 0.374546 

0.015659 0.375000 
0.015625 0.374991 

0.706110 -0.031250 
0.716974 -0.015625 

0.716671 -0.015625 
0.718750 -0.012113 

0.706971 -0.187500 
0.718750 -0.180956 

0.515551 -0.140625 
0.515625 -0.140893 

0.529444 -0.140625 
0.531250 -0.142589 

0.529194 -0.140625 
0.531250 -0.139875 

0.531570 -0.187500 
0.531250 -0.187212 

0.547189 -0.187500 
0.546875 -0.187193 

0.787283 -0.109375 
0.781250 -0.118947 

0.796426 -0.093750 
0.787543 -0.109375 

0.797157 -0.093750 
0.796875 -0.094248 

-0.014147 0.343750 
-0.015625 0.344247 

0.764984 -0.140625 
0.750253 -0.156250 

0.765063 -0.140625 
0.765625 -0.139946 

0.776814 -0.125000 
0.765625 -0.140032 

0.015439 0.375000 
0.015625 0.375803 

0.016450 0.375000 
0.015625 0.376619 

-0.016228 0.343750 
-0.015625 0.339241 

-0.014824 0.343750 
-0.015625 0.340783 

0.468404 -0.125000 
0.468750 -0.124335 

0.731453 -0.171875 
0.718750 -0.180388 

0.731294 -0.171875 
0.734375 -0.169630 

0.734375 -0.169469 
0.750000 -0.156527 

0.473522 -0.156250 
0.468750 -0.143497 

0.469060 -0.125000 
0.468750 -0.127105 

0.485185 -0.125000 
0.484375 -0.126546 

0.505392 -0.187500 
0.500000 -0.184030 

0.515989 -0.187500 
0.515625 -0.187281 

0.468896 -0.125000 
0.481155 -0.109375 

0.484498 -0.109375 
0.484375 -0.109444 

0.480220 -0.109375 
0.484375 -0.105889 

0.500000 -0.099360 
0.484375 -0.106204 

0.503189 -0.187500 
0.515625 -0.194894 

0.531250 -0.201730 
0.515625 -0.194835 

0.656250 -0.207083 
0.671875 -0.203498 

0.671749 -0.203125 
0.671875 -0.203099 

0.671875 -0.202992 
0.687500 -0.197586 

0.726519 0.000000 
0.718750 -0.014010 

0.751134 0.062500 
0.750000 0.057596 

0.937625 -0.218750 
0.937500 -0.220221 

0.953142 -0.218750 
0.953125 -0.218817 

0.932785 -0.218750 
0.937500 -0.220023 

0.765274 -0.343750 
0.765625 -0.347613 

0.766898 -0.343750 
0.765625 -0.347077 

