0.720641 0.250000 
0.718750 0.261289 

0.718791 0.265625 
0.718750 0.265800 

0.697369 0.093750 
0.687500 0.080764 

0.725677 0.171875 
0.722517 0.156250 

0.726388 0.187500 
0.725083 0.171875 

0.609375 0.056079 
0.593750 0.059238 

0.609375 0.056537 
0.625000 0.057041 

0.454158 0.296875 
0.454513 0.281250 

0.454075 0.296875 
0.455680 0.312500 

0.719088 0.109375 
0.718750 0.109025 

0.490857 0.375000 
0.500000 0.381672 

0.521617 0.125000 
0.531250 0.111433 

0.532956 0.109375 
0.546440 0.093750 

0.532789 0.109375 
0.531250 0.111365 

0.639655 0.156250 
0.640625 0.158221 

0.656250 0.157453 
0.640625 0.157945 

0.640680 0.218750 
0.640625 0.218706 

0.625000 0.233811 
0.640625 0.231735 

0.642381 0.234375 
0.640625 0.230989 

0.625000 0.234835 
0.640625 0.238555 

0.642194 0.234375 
0.640625 0.239792 

0.633420 0.250000 
0.640625 0.250456 

0.641451 0.250000 
0.640625 0.250729 

0.631708 0.296875 
0.625000 0.296609 

0.628149 0.312500 
0.625000 0.305365 

0.630233 0.312500 
0.625000 0.312939 

0.515625 0.389839 
0.500000 0.381767 

0.517966 0.390625 
0.515625 0.389953 

0.531250 0.394953 
0.515625 0.390672 

0.546875 0.397272 
0.531250 0.394928 

0.562500 0.397680 
0.546875 0.397264 

0.562500 0.397720 
0.578125 0.396145 

0.578125 0.395869 
0.593750 0.392772 

0.455610 0.312500 
0.459482 0.328125 

0.459533 0.328125 
0.465710 0.343750 

0.687596 0.203125 
0.687500 0.203122 

0.701212 0.218750 
0.687500 0.218014 

0.623985 0.312500 
0.625000 0.313556 

0.701526 0.125000 
0.703125 0.128629 

0.714685 0.140625 
0.708319 0.125000 

0.715975 0.140625 
0.718750 0.148221 

0.698829 0.312500 
0.689428 0.328125 

0.689110 0.328125 
0.687500 0.330322 

0.465994 0.343750 
0.468750 0.348681 

0.475324 0.359375 
0.468750 0.348578 

0.475723 0.359375 
0.484375 0.369151 

0.490825 0.375000 
0.484375 0.369487 

0.511301 0.140625 
0.515625 0.133765 

0.521147 0.125000 
0.515625 0.133715 

0.501693 0.156250 
0.510761 0.140625 

0.546545 0.093750 
0.546875 0.093412 

0.562500 0.079156 
0.546875 0.093305 

0.563070 0.078125 
0.578125 0.067950 

0.588649 0.062500 
0.578125 0.067373 

0.563795 0.078125 
0.562500 0.079135 

0.639638 0.156250 
0.640625 0.152413 

0.656250 0.154398 
0.640625 0.153442 

0.656795 0.156250 
0.656250 0.157423 

0.686693 0.218750 
0.687500 0.218042 

0.685616 0.234375 
0.687500 0.219790 

0.687341 0.234375 
0.687500 0.234596 

0.624797 0.296875 
0.625000 0.296672 

0.624695 0.312500 
0.625000 0.306694 

0.637078 0.375000 
0.640625 0.373135 

0.640625 0.372958 
0.656250 0.362512 

0.600420 0.390625 
0.609375 0.388337 

0.609375 0.388259 
0.625000 0.381922 

0.602000 0.390625 
0.593750 0.392541 

0.686045 0.296875 
0.687500 0.294612 

0.676870 0.343750 
0.687500 0.330321 

0.727004 0.203125 
0.726409 0.187500 

0.727230 0.203125 
0.726620 0.218750 

0.726641 0.218750 
0.724419 0.234375 

0.724016 0.234375 
0.720981 0.250000 

0.639971 0.062500 
0.640625 0.062612 

0.645595 0.062500 
0.656250 0.064749 

0.640149 0.078125 
0.640625 0.080252 

0.648750 0.078125 
0.656250 0.083715 

0.656578 0.093750 
0.656250 0.093876 

0.687086 0.093750 
0.687500 0.094315 

0.671421 0.109375 
0.671875 0.112793 

0.686566 0.109375 
0.687500 0.110526 

0.470224 0.218750 
0.468750 0.223540 

0.722088 0.156250 
0.718750 0.146222 

0.625000 0.057257 
0.640625 0.060077 

0.649650 0.062500 
0.640625 0.060686 

0.456666 0.265625 
0.460125 0.250000 

0.454574 0.281250 
0.456604 0.265625 

0.493113 0.171875 
0.500000 0.158487 

0.484863 0.187500 
0.492505 0.171875 

0.656250 0.063482 
0.671875 0.069168 

0.684910 0.078125 
0.671875 0.068961 

0.669064 0.078125 
0.671875 0.079436 

0.683263 0.078125 
0.687500 0.082048 

0.696943 0.093750 
0.703125 0.107494 

0.703978 0.109375 
0.703125 0.107187 

0.701907 0.109375 
0.703125 0.113708 

0.708817 0.125000 
0.703764 0.109375 

0.588448 0.062500 
0.593750 0.060269 

0.465311 0.234375 
0.468750 0.223291 

0.460186 0.250000 
0.464827 0.234375 

0.659589 0.359375 
0.671875 0.348609 

0.676503 0.343750 
0.671875 0.348529 

0.660118 0.359375 
0.656250 0.362503 

0.638219 0.375000 
0.625000 0.381619 

0.718619 0.265625 
0.718750 0.264473 

0.713601 0.281250 
0.718750 0.265763 

0.656870 0.156250 
0.656250 0.153707 

0.703125 0.229800 
0.687500 0.224338 

0.717821 0.234375 
0.718750 0.231696 

0.703125 0.236611 
0.687500 0.237389 

0.718635 0.234375 
0.718750 0.237336 

0.701323 0.296875 
0.703125 0.292231 

0.712271 0.281250 
0.705708 0.296875 

0.699559 0.312500 
0.703125 0.304046 

0.706170 0.296875 
0.703125 0.304512 

0.501193 0.156250 
0.500000 0.158523 

0.477568 0.203125 
0.484344 0.187500 

0.484442 0.187500 
0.484375 0.187659 

0.470701 0.218750 
0.477122 0.203125 

