0.604362 -0.031250 
0.593750 -0.041291 

0.800332 -0.406250 
0.796875 -0.402793 

0.661191 0.031250 
0.669393 0.046875 

0.669462 0.046875 
0.671875 0.052614 

0.676735 0.062500 
0.671875 0.050819 

0.794135 0.281250 
0.786952 0.296875 

0.785905 0.296875 
0.781250 0.307417 

0.687500 -0.133760 
0.703125 -0.127061 

0.706172 -0.125000 
0.703125 -0.126699 

0.809077 0.046875 
0.805084 0.031250 

0.809382 0.046875 
0.812500 0.061976 

0.000000 0.078121 
0.015625 0.078121 

0.000000 0.093702 
0.015625 0.093702 

0.639720 0.000000 
0.640625 0.001127 

0.651017 0.015625 
0.640625 0.001210 

0.639982 0.015625 
0.640625 0.016421 

0.651258 0.015625 
0.656250 0.023915 

0.406258 0.312500 
0.406250 0.312508 

0.697850 0.203125 
0.698244 0.187500 

0.696927 0.218750 
0.697816 0.203125 

0.703125 0.363244 
0.687500 0.363191 

0.703125 0.362721 
0.718750 0.361054 

-0.282480 0.406250 
-0.281250 0.407480 

0.531281 0.156250 
0.531250 0.156219 

0.705715 -0.125000 
0.718750 -0.117404 

0.687730 0.093750 
0.690875 0.109375 

0.691154 0.109375 
0.693923 0.125000 

0.778868 0.312500 
0.781250 0.306895 

0.569651 -0.093750 
0.572863 -0.078125 

0.573508 -0.078125 
0.578125 -0.064273 

0.578838 -0.062500 
0.578125 -0.064605 

0.728781 -0.109375 
0.718750 -0.117053 

0.728812 -0.109375 
0.734375 -0.104610 

0.744680 -0.093750 
0.734375 -0.104480 

0.689039 0.312500 
0.687500 0.316345 

0.687524 0.328125 
0.687500 0.328149 

0.417291 -0.484375 
0.406250 -0.484480 

0.406250 -0.484051 
0.421875 -0.484372 

0.171877 0.093750 
0.171875 0.093752 

-0.281246 0.406250 
-0.281250 0.406246 

0.597726 -0.140625 
0.609375 -0.143290 

0.625000 -0.144292 
0.609375 -0.143266 

0.596880 -0.140625 
0.593750 -0.139747 

0.660902 0.031250 
0.656250 0.023363 

0.778898 0.312500 
0.771622 0.328125 

0.761593 0.343750 
0.765625 0.338984 

0.772326 0.328125 
0.765625 0.338610 

0.811559 0.218750 
0.812500 0.211953 

0.695485 0.234375 
0.697053 0.218750 

0.692980 0.250000 
0.695492 0.234375 

0.660498 -0.140625 
0.656250 -0.141201 

0.661024 -0.140625 
0.671875 -0.138774 

0.671875 -0.138706 
0.687500 -0.133894 

0.681554 0.296875 
0.685325 0.281250 

0.678341 0.312500 
0.681154 0.296875 

0.812946 0.062500 
0.812500 0.059765 

0.685795 0.281250 
0.687500 0.272921 

0.756258 -0.078125 
0.750000 -0.087067 

0.765287 -0.062500 
0.756393 -0.078125 

0.697187 0.156250 
0.698013 0.171875 

0.698048 0.171875 
0.698272 0.187500 

0.604442 -0.031250 
0.609375 -0.027217 

0.624415 -0.015625 
0.609375 -0.028008 

0.624442 -0.015625 
0.625000 -0.015127 

0.729673 0.359375 
0.734375 0.358567 

0.734375 0.358786 
0.750000 0.352360 

0.729666 0.359375 
0.718750 0.361023 

0.804558 0.250000 
0.800009 0.265625 

0.794497 0.281250 
0.796875 0.273938 

0.799600 0.265625 
0.796875 0.274374 

0.818822 0.156250 
0.817840 0.171875 

0.817874 0.171875 
0.816312 0.187500 

-0.015689 0.125000 
-0.015625 0.125064 

0.639686 0.000000 
0.625000 -0.015452 

0.818966 0.109375 
0.817618 0.093750 

0.819509 0.125000 
0.818955 0.109375 

0.677023 0.062500 
0.683039 0.078125 

0.683263 0.078125 
0.687500 0.093489 

0.689589 0.265625 
0.692899 0.250000 

0.689066 0.265625 
0.687500 0.273425 

0.000007 -0.500000 
0.000000 -0.499993 

0.584045 -0.328125 
0.578125 -0.322205 

0.675633 -0.390625 
0.671875 -0.386867 

0.765283 -0.062500 
0.765625 -0.061810 

0.773408 -0.046875 
0.765772 -0.062500 

0.781027 -0.031250 
0.773607 -0.046875 

0.671154 -0.046875 
0.671875 -0.047518 

0.672910 -0.046875 
0.671875 -0.047501 

0.671157 -0.046875 
0.671875 -0.045791 

0.672791 -0.046875 
0.671875 -0.045929 

0.663078 0.343750 
0.670540 0.359375 

0.674158 0.359375 
0.671875 0.357504 

0.671023 0.359375 
0.671875 0.360055 

0.672687 0.359375 
0.687500 0.364595 

0.819445 0.125000 
0.819358 0.140625 

0.819325 0.140625 
0.818790 0.156250 

0.593800 0.281250 
0.593750 0.281200 

0.815415 0.078125 
0.812981 0.062500 

0.817560 0.093750 
0.815513 0.078125 

0.693847 0.125000 
0.695832 0.140625 

0.695818 0.140625 
0.697198 0.156250 

0.816288 0.187500 
0.814126 0.203125 

0.813787 0.203125 
0.812500 0.212502 

0.569424 -0.109375 
0.575886 -0.125000 

0.569334 -0.093750 
0.570034 -0.109375 

0.576638 -0.125000 
0.578125 -0.126900 

0.593750 -0.140550 
0.578125 -0.127758 

0.734397 -0.453125 
0.734375 -0.453103 

-0.003105 0.109375 
0.000000 0.112480 

0.406067 -0.484375 
0.406250 -0.484640 

0.781794 -0.031250 
0.781250 -0.032403 

0.001852 0.109375 
0.000000 0.106682 

0.761883 0.343750 
0.750000 0.352936 

0.674873 0.328125 
0.680600 0.312500 

0.664514 0.343750 
0.668902 0.328125 

0.672343 0.328125 
0.671875 0.329438 

0.795625 0.000000 
0.796875 0.004335 

0.801025 0.015625 
0.796875 0.001391 

0.805138 0.031250 
0.800925 0.015625 

0.530466 0.156250 
0.531250 0.157033 

0.691442 -0.421875 
0.687500 -0.417933 

0.578744 -0.062500 
0.588104 -0.046875 

0.587971 -0.046875 
0.593750 -0.040277 

0.402406 0.312500 
0.406250 0.308656 

0.744930 -0.093750 
0.750000 -0.087073 

0.623394 0.031250 
0.625000 0.032856 

0.811306 0.218750 
0.808231 0.234375 

0.808247 0.234375 
0.804505 0.250000 

0.765107 -0.031250 
0.765625 -0.030731 

0.780995 -0.031250 
0.781250 -0.030676 

0.750019 -0.015625 
0.750000 -0.015620 

0.789038 -0.015625 
0.782061 -0.031250 

0.795497 0.000000 
0.789258 -0.015625 

0.625000 -0.143989 
0.640625 -0.143259 

0.640625 -0.143137 
0.656250 -0.141500 

0.590524 0.281250 
0.593750 0.284476 

0.171620 0.093750 
0.171621 0.078125 

0.171877 0.093750 
0.171877 0.078125 

0.438814 -0.500000 
0.437500 -0.498686 

0.718904 -0.015625 
0.718750 -0.015663 

0.719016 -0.015625 
0.718750 -0.014263 

0.734697 -0.015625 
0.734375 -0.015084 

0.718295 -0.015625 
0.718750 -0.015777 

0.718488 -0.015625 
0.718750 -0.014299 

0.687673 -0.046875 
0.687500 -0.047279 

0.687597 -0.046875 
0.687500 -0.046561 

0.703128 -0.031250 
0.703125 -0.031255 

