0.771600 0.218750 
0.768994 0.234375 

0.765344 0.250000 
0.765625 0.248572 

0.768636 0.234375 
0.765625 0.248751 

0.690516 0.218750 
0.687500 0.218766 

0.573240 0.296875 
0.575746 0.281250 

0.567182 0.312500 
0.571863 0.296875 

0.594052 0.125000 
0.593750 0.139948 

0.609492 0.125000 
0.609375 0.125179 

0.593861 0.140625 
0.593750 0.147848 

0.624713 0.156250 
0.625000 0.156202 

0.800332 -0.406250 
0.796875 -0.402793 

0.640624 0.062500 
0.640611 0.078125 

0.655382 0.078125 
0.656250 0.077671 

0.655847 0.078125 
0.656250 0.080367 

0.139925 -0.375000 
0.140625 -0.374724 

0.141410 -0.375000 
0.140625 -0.374728 

0.656250 -0.031066 
0.671875 -0.029939 

0.671875 -0.029705 
0.687500 -0.022969 

0.594992 0.250000 
0.593750 0.251942 

0.615790 0.265625 
0.625000 0.265506 

0.622150 0.281250 
0.625000 0.278976 

0.750176 -0.328125 
0.750000 -0.329461 

0.750230 -0.328125 
0.750000 -0.327820 

0.766654 -0.328125 
0.765625 -0.326480 

0.156304 -0.203125 
0.156250 -0.203153 

0.157481 -0.187500 
0.156250 -0.188474 

0.171928 -0.187500 
0.171875 -0.187516 

0.000000 0.078121 
0.015625 0.078121 

0.000000 0.093702 
0.015625 0.093702 

0.625309 0.000000 
0.625000 0.000316 

0.625132 0.015625 
0.625000 0.015758 

0.640774 0.015625 
0.640625 0.015827 

0.717906 0.343750 
0.705288 0.359375 

0.687500 0.374479 
0.703125 0.362464 

0.705664 0.359375 
0.703125 0.362012 

0.601959 0.015625 
0.609375 0.002691 

0.610771 0.000000 
0.609375 0.002225 

0.594998 0.031250 
0.601772 0.015625 

0.609432 0.015625 
0.609375 0.015723 

-0.282480 0.406250 
-0.281250 0.407480 

0.705533 -0.281250 
0.703125 -0.278842 

0.609375 0.382878 
0.593750 0.381591 

0.625000 0.382792 
0.609375 0.382554 

0.624556 0.218750 
0.625000 0.218336 

0.632875 -0.312500 
0.625000 -0.304625 

0.589856 0.062500 
0.590839 0.078125 

0.591222 0.078125 
0.592884 0.093750 

0.753716 0.281250 
0.750000 0.291000 

0.625894 0.296875 
0.625000 0.302550 

0.733637 -0.109375 
0.734375 -0.109973 

0.738093 -0.109375 
0.734375 -0.109744 

0.733927 -0.109375 
0.734375 -0.098908 

0.737264 -0.109375 
0.734375 -0.100483 

0.717665 0.343750 
0.718750 0.342260 

0.656250 0.312435 
0.671875 0.312435 

-0.281246 0.406250 
-0.281250 0.406246 

0.564110 0.328125 
0.566151 0.312500 

0.564766 0.328125 
0.566116 0.343750 

0.578158 0.343750 
0.578125 0.343621 

0.656250 0.382464 
0.671875 0.380000 

0.687369 0.375000 
0.671875 0.380260 

0.656666 -0.375000 
0.656250 -0.375539 

0.656623 -0.375000 
0.656250 -0.371669 

0.656309 -0.359375 
0.656250 -0.359322 

0.669663 0.125000 
0.671875 0.126402 

0.672421 0.125000 
0.671875 0.126749 

0.754177 0.062500 
0.750000 0.047991 

0.715937 0.000000 
0.718750 0.002693 

0.610951 0.000000 
0.625000 -0.015327 

0.590738 0.046875 
0.593750 0.032347 

0.589575 0.062500 
0.590598 0.046875 

-0.015689 0.125000 
-0.015625 0.125064 

0.625049 -0.015625 
0.640625 -0.025668 

0.656250 -0.031059 
0.640625 -0.026124 

0.625085 -0.015625 
0.625000 -0.015559 

0.667262 0.218750 
0.671875 0.218744 

0.671921 0.218750 
0.671875 0.218744 

0.357833 -0.421875 
0.359375 -0.428863 

0.359873 -0.421875 
0.359375 -0.430055 

0.357291 -0.421875 
0.359375 -0.421497 

0.360038 -0.421875 
0.359375 -0.421443 

0.577050 -0.312500 
0.578125 -0.310259 

0.581330 -0.312500 
0.578125 -0.310908 

0.593738 0.140625 
0.593750 0.139566 

0.593523 0.156250 
0.593750 0.149898 

0.140582 -0.203125 
0.140625 -0.203168 

0.155954 -0.203125 
0.156250 -0.203184 

0.156060 -0.203125 
0.156250 -0.190536 

0.656319 0.343750 
0.656250 0.344114 

0.686408 0.375000 
0.687500 0.374588 

0.327708 -0.484375 
0.328125 -0.484761 

0.341620 -0.484375 
0.343750 -0.485109 

0.327411 -0.484375 
0.328125 -0.482102 

0.340977 -0.484375 
0.343750 -0.483459 

0.625112 0.312500 
0.625000 0.312553 

0.640386 0.343750 
0.640625 0.343439 

0.649471 0.343750 
0.656250 0.343484 

0.640320 0.343750 
0.640625 0.345966 

0.646558 0.343750 
0.640625 0.344793 

0.747596 0.296875 
0.750000 0.290628 

0.747322 0.296875 
0.739428 0.312500 

0.772881 0.187500 
0.772762 0.203125 

0.772844 0.203125 
0.771582 0.218750 

0.484262 -0.359375 
0.484375 -0.359377 

0.499995 -0.359375 
0.500000 -0.359453 

0.473453 -0.343750 
0.484375 -0.344364 

0.484708 -0.343750 
0.484375 -0.344580 

0.764873 0.250000 
0.760194 0.265625 

0.760079 0.265625 
0.754227 0.281250 

0.697175 -0.015625 
0.687500 -0.021973 

0.697216 -0.015625 
0.703125 -0.011485 

0.715833 0.000000 
0.703125 -0.010868 

0.603559 -0.187500 
0.609375 -0.189433 

0.610467 -0.187500 
0.609375 -0.190003 

0.734397 -0.453125 
0.734375 -0.453103 

0.513929 -0.375000 
0.515625 -0.373157 

0.520577 -0.375000 
0.515625 -0.373399 

0.516934 -0.359375 
0.515625 -0.359159 

-0.003105 0.109375 
0.000000 0.112480 

0.577465 0.265625 
0.578125 0.261719 

0.579993 0.250000 
0.578125 0.262232 

0.573544 0.281250 
0.575524 0.265625 

0.627746 0.218750 
0.625000 0.222497 

0.671585 0.171875 
0.671875 0.171490 

0.685885 0.171875 
0.687500 0.171306 

0.671655 0.171875 
0.671875 0.173261 

0.686295 0.171875 
0.687500 0.174477 

0.593236 0.093750 
0.593750 0.101622 

0.001852 0.109375 
0.000000 0.106682 

0.217875 -0.421875 
0.218750 -0.428921 

0.217525 -0.421875 
0.218750 -0.421821 

0.596086 -0.250000 
0.593750 -0.247664 

0.757978 0.078125 
0.754320 0.062500 

0.760615 0.093750 
0.757856 0.078125 

0.772107 0.171875 
0.770697 0.156250 

0.772806 0.187500 
0.772096 0.171875 

0.171814 -0.187500 
0.171875 -0.187462 

0.186048 -0.171875 
0.187500 -0.173722 

0.312141 -0.484375 
0.312500 -0.484805 

0.628600 0.218750 
0.625000 0.218429 

0.729429 0.328125 
0.734375 0.320105 

0.739088 0.312500 
0.734375 0.320359 

0.728458 0.328125 
0.718750 0.342289 

0.730662 0.015625 
0.718750 0.002499 

0.730879 0.015625 
0.734375 0.020548 

0.741497 0.031250 
0.734375 0.020311 

0.516409 0.156250 
0.515625 0.157034 

0.691442 -0.421875 
0.687500 -0.417933 

0.691879 0.218750 
0.687500 0.218326 

0.499800 -0.484375 
0.500000 -0.484921 

0.594519 0.031250 
0.593750 0.034588 

0.609737 0.031250 
0.609375 0.031630 

0.593805 0.046875 
0.593750 0.048160 

0.610322 0.046875 
0.609375 0.047829 

0.784758 -0.140625 
0.781250 -0.137117 

0.656975 0.078125 
0.656250 0.082198 

0.640380 -0.375000 
0.640625 -0.373125 

0.643186 -0.375000 
0.656250 -0.373477 

0.655188 -0.359375 
0.656250 -0.359355 

0.621909 0.296875 
0.625000 0.295583 

0.609219 0.312500 
0.609375 0.311162 

0.622239 0.296875 
0.625000 0.300720 

0.511987 -0.484375 
0.500000 -0.484682 

0.500000 -0.484126 
0.515625 -0.484351 

0.515642 -0.484375 
0.515625 -0.484320 

0.656456 0.312500 
0.656250 0.312861 

0.656871 0.343750 
0.656250 0.342751 

0.624399 0.062500 
0.625000 0.062626 

0.626395 0.265625 
0.625000 0.264036 

0.625219 0.265625 
0.625000 0.268207 

0.626050 0.171875 
0.625000 0.161848 

0.625649 0.171875 
0.625000 0.172236 

0.001718 -0.015625 
0.000000 -0.017343 

0.474801 -0.343750 
0.484375 -0.342699 

0.484783 -0.343750 
0.484375 -0.342244 

0.594126 0.109375 
0.593750 0.101703 

0.594351 0.109375 
0.594410 0.125000 

0.609468 0.125000 
0.609375 0.122414 

0.625988 0.156250 
0.625000 0.155886 

0.765543 0.125000 
0.765625 0.125679 

0.768298 0.140625 
0.765905 0.125000 

0.770707 0.156250 
0.768556 0.140625 

0.625000 0.382746 
0.640625 0.382673 

0.640625 0.382896 
0.656250 0.382157 

0.593847 0.343750 
0.593877 0.359375 

0.593942 0.375000 
0.593750 0.374983 

0.603194 -0.187500 
0.609375 -0.185841 

0.610405 -0.187500 
0.609375 -0.185543 

0.031382 -0.046875 
0.031250 -0.047007 

0.017309 -0.031250 
0.015625 -0.032934 

-0.001693 -0.015625 
0.000000 -0.013931 

-0.015626 0.000000 
-0.015625 0.000001 

-0.015625 0.000000 
0.000000 0.000000 

0.624664 0.218750 
0.625000 0.223544 

0.202253 -0.171875 
0.203125 -0.172554 

0.205358 -0.171875 
0.203125 -0.171993 

0.202390 -0.156250 
0.203125 -0.163795 

0.214745 -0.156250 
0.203125 -0.161470 

0.607479 0.312500 
0.609375 0.314327 

0.609699 0.312500 
0.609375 0.312524 

0.762927 0.109375 
0.760408 0.093750 

0.765475 0.125000 
0.763071 0.109375 

0.720197 0.171875 
0.718750 0.171003 

0.719738 0.171875 
0.718750 0.173582 

0.567064 0.343750 
0.568088 0.359375 

0.579412 0.359375 
0.578125 0.348017 

0.562880 0.359375 
0.572038 0.375000 

0.578436 0.375000 
0.578125 0.374825 

0.668534 0.218750 
0.671875 0.220041 

0.671927 0.218750 
0.671875 0.218936 

0.623231 0.171875 
0.625000 0.164976 

0.621837 0.171875 
0.625000 0.172871 

0.749328 0.046875 
0.741858 0.031250 

0.749467 0.046875 
0.750000 0.048745 

0.596082 -0.296875 
0.593750 -0.294543 

0.576894 -0.312500 
0.578125 -0.313865 

0.580663 -0.312500 
0.578125 -0.313661 

0.202081 -0.156250 
0.203125 -0.154948 

0.217991 -0.156250 
0.203125 -0.155282 

0.065460 -0.343750 
0.062500 -0.343204 

0.500288 -0.421875 
0.500000 -0.433334 

0.500392 -0.421875 
0.500000 -0.421797 

0.592312 0.171875 
0.593105 0.156250 

0.591444 0.187500 
0.592817 0.171875 

0.093809 -0.359375 
0.093750 -0.359434 

0.639948 -0.375000 
0.640625 -0.375943 

0.640625 -0.375154 
0.656250 -0.375137 

0.750000 -0.329410 
0.734375 -0.328807 

0.734352 -0.328125 
0.734375 -0.328092 

0.750000 -0.327855 
0.734375 -0.327950 

0.573474 0.375000 
0.578125 0.378250 

0.593750 0.382606 
0.578125 0.377593 

0.140111 -0.375000 
0.140625 -0.381868 

0.141202 -0.375000 
0.140625 -0.381756 

0.066675 -0.343750 
0.062500 -0.344892 

0.078446 -0.343750 
0.078125 -0.345965 

0.046046 -0.406250 
0.046875 -0.404572 

0.051572 -0.406250 
0.046875 -0.405038 

0.124032 -0.437500 
0.125000 -0.428897 

0.000000 -0.484453 
-0.015625 -0.484453 

0.000000 -0.484283 
-0.015625 -0.484283 

0.125286 -0.437500 
0.125000 -0.426791 

0.123611 -0.437500 
0.125000 -0.437725 

0.046834 -0.343750 
0.046875 -0.343858 

0.061995 -0.343750 
0.062500 -0.345329 

0.125003 -0.453125 
0.125000 -0.453127 

0.125335 -0.437500 
0.125000 -0.437708 

0.046314 -0.406250 
0.046875 -0.407206 

0.052527 -0.406250 
0.046875 -0.407340 

0.030685 -0.406250 
0.031250 -0.404153 

0.062502 -0.500000 
0.062500 -0.499998 

0.030727 -0.406250 
0.031250 -0.406593 

0.514104 -0.375000 
0.515625 -0.379532 

0.520015 -0.375000 
0.515625 -0.378910 

0.296591 -0.437500 
0.296875 -0.438907 

0.301188 -0.437500 
0.296875 -0.438450 

0.588806 0.203125 
0.591120 0.187500 

0.586145 0.218750 
0.588861 0.203125 

0.061619 -0.343750 
0.062500 -0.342643 

0.499870 -0.421875 
0.500000 -0.434225 

0.499806 -0.421875 
0.500000 -0.421775 

0.296682 -0.437500 
0.296875 -0.437188 

0.302509 -0.437500 
0.296875 -0.437160 

0.000001 -0.484375 
0.000000 -0.484377 

0.015625 -0.500000 
0.015625 -0.484375 

0.656321 0.093750 
0.656250 0.093767 

0.668515 0.125000 
0.671875 0.124552 

0.582857 0.234375 
0.586206 0.218750 

0.579381 0.250000 
0.582227 0.234375 

0.671515 0.265625 
0.671875 0.265368 

0.672754 0.265625 
0.671875 0.265417 

0.671608 0.265625 
0.671875 0.267485 

0.672584 0.265625 
0.671875 0.267304 

0.218810 -0.421875 
0.218750 -0.431207 

0.218837 -0.421875 
0.218750 -0.421800 

0.345035 -0.484375 
0.343750 -0.485591 

0.344853 -0.484375 
0.343750 -0.482812 

0.687603 0.140625 
0.687500 0.126560 

0.687584 0.140625 
0.687500 0.140708 

0.689453 0.171875 
0.687500 0.171608 

0.715174 0.171875 
0.718750 0.171723 

0.689415 0.171875 
0.687500 0.173320 

0.705314 0.171875 
0.703125 0.172962 

