0.865227 0.078125 
0.864428 0.062500 

0.865771 0.093750 
0.865232 0.078125 

0.609375 -0.172071 
0.593750 -0.172638 

0.609493 -0.171875 
0.609375 -0.171885 

0.625000 -0.169773 
0.609375 -0.171861 

0.369303 -0.140625 
0.374919 -0.156250 

0.364412 -0.125000 
0.369038 -0.140625 

0.844735 -0.062500 
0.843750 -0.066621 

0.855083 -0.015625 
0.852185 -0.031250 

0.857559 0.000000 
0.854995 -0.015625 

0.593750 -0.259125 
0.609375 -0.257886 

0.609375 -0.257938 
0.625000 -0.256805 

0.452737 -0.234375 
0.453125 -0.234574 

0.468750 -0.241547 
0.453125 -0.235017 

0.452915 -0.234375 
0.437500 -0.226093 

0.359519 -0.093750 
0.360489 -0.078125 

0.365821 -0.062500 
0.359375 -0.077258 

0.803842 -0.156250 
0.812500 -0.141419 

0.389065 -0.046875 
0.375000 -0.052131 

0.390625 -0.047863 
0.406250 -0.051873 

0.421674 -0.078125 
0.421875 -0.078342 

0.435013 -0.078125 
0.437500 -0.082365 

0.435825 -0.078125 
0.422327 -0.062500 

0.000000 0.078121 
0.015625 0.078121 

0.001212 0.093750 
0.000000 0.092509 

0.640625 -0.166216 
0.625000 -0.169725 

0.656250 -0.161363 
0.640625 -0.166232 

0.034377 -0.218750 
0.031250 -0.218059 

0.698951 -0.140625 
0.687500 -0.146979 

0.698860 -0.140625 
0.703125 -0.138141 

0.718750 -0.126607 
0.703125 -0.137634 

-0.282480 0.406250 
-0.281250 0.407480 

0.865800 0.125000 
0.865111 0.140625 

0.865098 0.140625 
0.863989 0.156250 

0.750606 -0.093750 
0.750000 -0.094502 

0.531250 -0.163100 
0.546875 -0.167660 

0.546875 -0.167689 
0.562500 -0.170694 

0.125001 -0.500000 
0.125000 -0.499999 

0.015441 -0.203125 
0.015625 -0.204880 

0.030840 -0.218750 
0.031250 -0.217710 

0.015106 -0.203125 
0.015625 -0.202919 

0.737759 -0.218750 
0.750000 -0.211332 

0.848721 -0.046875 
0.844916 -0.062500 

0.852186 -0.031250 
0.848778 -0.046875 

0.864053 0.156250 
0.862423 0.171875 

0.862368 0.171875 
0.860200 0.187500 

0.514399 -0.156250 
0.500000 -0.149514 

0.863382 0.046875 
0.861999 0.031250 

0.864439 0.062500 
0.863370 0.046875 

0.813025 -0.140625 
0.812500 -0.141537 

0.821311 -0.125000 
0.813531 -0.140625 

0.202295 -0.375000 
0.203125 -0.379021 

0.205744 -0.375000 
0.203125 -0.378386 

0.035187 -0.218750 
0.031250 -0.219291 

0.778341 -0.187500 
0.781250 -0.184485 

0.513488 -0.156250 
0.515625 -0.157180 

0.515625 -0.157278 
0.531250 -0.162864 

0.562500 -0.261271 
0.578125 -0.260642 

0.578125 -0.260461 
0.593750 -0.259236 

0.812533 0.062500 
0.812500 0.062205 

0.485654 -0.140625 
0.500000 -0.149091 

0.468750 -0.127096 
0.484375 -0.139480 

0.486105 -0.140625 
0.484375 -0.139510 

0.466846 -0.125000 
0.468750 -0.126807 

0.514119 -0.453125 
0.515625 -0.456794 

0.516704 -0.453125 
0.515625 -0.456806 

0.513874 -0.453125 
0.515625 -0.452390 

0.517017 -0.453125 
0.515625 -0.452288 

0.718750 -0.229530 
0.734375 -0.221332 

0.738356 -0.218750 
0.734375 -0.221138 

0.856065 0.250000 
0.845605 0.265625 

0.845689 0.265625 
0.843750 0.267367 

0.802330 0.250000 
0.804075 0.265625 

0.801957 0.265625 
0.812500 0.276643 

0.031001 -0.218750 
0.031250 -0.219204 

0.819120 0.171875 
0.819337 0.156250 

0.818483 0.187500 
0.819110 0.171875 

0.669649 -0.156250 
0.656250 -0.160970 

0.202151 -0.375000 
0.203125 -0.374133 

0.206354 -0.375000 
0.203125 -0.374230 

0.816016 0.093750 
0.817460 0.109375 

0.817493 0.109375 
0.818545 0.125000 

0.866010 0.109375 
0.865799 0.093750 

0.866035 0.109375 
0.865811 0.125000 

0.675633 -0.390625 
0.671875 -0.386867 

0.361298 -0.109375 
0.364421 -0.125000 

0.359765 -0.093750 
0.361193 -0.109375 

0.818538 0.125000 
0.819144 0.140625 

0.819134 0.140625 
0.819327 0.156250 

0.593764 -0.437500 
0.593750 -0.437486 

0.669265 -0.250000 
0.671875 -0.249460 

0.671875 -0.248990 
0.687500 -0.243887 

0.812553 0.062500 
0.814233 0.078125 

0.814296 0.078125 
0.815968 0.093750 

0.452307 -0.109375 
0.453125 -0.110482 

0.466320 -0.125000 
0.453125 -0.109591 

0.453096 -0.109375 
0.443648 -0.093750 

0.576383 -0.171875 
0.578125 -0.171989 

0.578125 -0.172280 
0.593750 -0.172642 

0.575104 -0.171875 
0.562500 -0.170663 

0.436247 -0.109375 
0.437500 -0.110644 

0.855996 0.234375 
0.855941 0.218750 

0.857669 0.234375 
0.855103 0.250000 

0.011215 0.203125 
0.015625 0.202996 

0.015836 0.203125 
0.015625 0.202874 

0.011800 0.203125 
0.015625 0.204228 

0.015729 0.203125 
0.015625 0.204518 

-0.003105 0.093750 
0.000000 0.096855 

-0.015689 0.109375 
-0.015625 0.109439 

0.374938 -0.156250 
0.375000 -0.156382 

0.383629 -0.171875 
0.390625 -0.182719 

0.393984 -0.187500 
0.390625 -0.182673 

0.375412 -0.156250 
0.383292 -0.171875 

0.786865 -0.031250 
0.781250 -0.045093 

0.484375 -0.247406 
0.468750 -0.241679 

0.493670 -0.250000 
0.484375 -0.247563 

0.751018 -0.093750 
0.761876 -0.078125 

0.762030 -0.078125 
0.765625 -0.072003 

0.771571 -0.062500 
0.765625 -0.073022 

0.443706 -0.093750 
0.437500 -0.082765 

0.720238 -0.125000 
0.734375 -0.112376 

0.737119 -0.109375 
0.734375 -0.112182 

0.737318 -0.109375 
0.750000 -0.094507 

0.798684 0.000000 
0.802796 0.015625 

0.802738 0.015625 
0.806409 0.031250 

0.720557 -0.125000 
0.718750 -0.126500 

0.546875 -0.260794 
0.531250 -0.258921 

0.562500 -0.261381 
0.546875 -0.260831 

0.812504 0.234375 
0.815945 0.218750 

0.812502 0.234375 
0.812500 0.234383 

0.828125 0.277089 
0.812500 0.274298 

0.828125 0.275317 
0.843750 0.267076 

0.857427 0.203125 
0.859375 0.188580 

0.859774 0.187500 
0.859375 0.190823 

0.856908 0.203125 
0.855647 0.218750 

0.839874 -0.078125 
0.834669 -0.093750 

0.840045 -0.078125 
0.843750 -0.064444 

0.857607 0.000000 
0.859375 0.013382 

0.860311 0.015625 
0.859375 0.007447 

0.862011 0.031250 
0.860266 0.015625 

0.821659 -0.125000 
0.828125 -0.109846 

0.828486 -0.109375 
0.828125 -0.110286 

0.834623 -0.093750 
0.828988 -0.109375 

0.812446 0.062500 
0.812500 0.063094 

0.812500 0.234375 
0.812500 0.234374 

0.805768 0.250000 
0.810992 0.234375 

0.786938 -0.031250 
0.792974 -0.015625 

0.793129 -0.015625 
0.796875 -0.003389 

0.798744 0.000000 
0.796875 -0.006716 

0.771743 -0.062500 
0.779667 -0.046875 

0.779745 -0.046875 
0.781250 -0.043162 

0.584045 -0.328125 
0.578125 -0.322205 

0.669479 -0.156250 
0.671875 -0.155416 

0.687500 -0.147421 
0.671875 -0.154911 

0.687500 -0.243700 
0.703125 -0.237376 

0.709005 -0.234375 
0.703125 -0.236848 

0.708375 -0.234375 
0.718750 -0.229871 

0.490705 -0.250000 
0.500000 -0.252268 

0.760779 -0.203125 
0.750000 -0.211011 

0.760747 -0.203125 
0.765625 -0.199271 

0.778312 -0.187500 
0.765625 -0.199130 

0.394285 -0.187500 
0.406250 -0.201152 

0.365402 -0.062500 
0.375000 -0.052583 

0.792144 -0.171875 
0.781250 -0.184495 

0.792193 -0.171875 
0.796875 -0.165502 

0.803537 -0.156250 
0.796875 -0.165842 

0.817494 0.203125 
0.818459 0.187500 

0.815930 0.218750 
0.817806 0.203125 

0.806430 0.031250 
0.809735 0.046875 

0.809951 0.046875 
0.812417 0.062500 

0.406250 -0.052396 
0.421875 -0.062127 

0.422286 -0.062500 
0.421875 -0.062142 

-0.281246 0.406250 
-0.281250 0.406246 

0.408310 -0.203125 
0.421875 -0.214817 

0.427284 -0.218750 
0.421875 -0.214909 

0.408213 -0.203125 
0.406250 -0.201194 

0.625000 -0.256979 
0.640625 -0.255499 

0.640625 -0.255680 
0.656250 -0.253143 

0.515625 -0.255837 
0.500000 -0.252273 

0.531250 -0.258810 
0.515625 -0.255909 

0.669541 -0.250000 
0.656250 -0.252797 

0.426984 -0.218750 
0.437500 -0.225737 

