0.853806 0.078125 
0.852709 0.062500 

0.854515 0.093750 
0.853802 0.078125 

0.671875 -0.109814 
0.656250 -0.116738 

0.671819 -0.109375 
0.671875 -0.109350 

0.687500 -0.100042 
0.671875 -0.109235 

0.563602 -0.218750 
0.562500 -0.216546 

0.578302 -0.218750 
0.578125 -0.212017 

0.562527 -0.203125 
0.562500 -0.203100 

0.841638 -0.015625 
0.837979 -0.031250 

0.841666 -0.015625 
0.843750 -0.002694 

0.844352 0.000000 
0.843750 -0.004464 

0.791213 0.203125 
0.792120 0.187500 

0.789841 0.218750 
0.791217 0.203125 

0.789540 -0.140625 
0.781250 -0.151432 

0.789609 -0.140625 
0.796875 -0.129401 

0.800353 -0.125000 
0.796875 -0.130433 

0.484375 -0.156596 
0.468750 -0.156614 

0.484421 -0.156250 
0.484375 -0.156386 

0.787824 0.093750 
0.789762 0.109375 

0.789755 0.109375 
0.791177 0.125000 

0.609375 -0.129406 
0.593750 -0.130627 

0.625000 -0.126895 
0.609375 -0.129385 

0.780070 0.281250 
0.781250 0.273144 

0.782274 0.062500 
0.781250 0.056614 

0.850420 0.187500 
0.848158 0.203125 

0.848149 0.203125 
0.845398 0.218750 

0.430177 -0.171875 
0.437500 -0.181092 

0.421607 -0.156250 
0.421875 -0.156798 

0.430126 -0.171875 
0.421875 -0.156775 

0.625000 -0.236910 
0.640625 -0.234739 

0.640696 -0.234375 
0.640625 -0.234386 

0.640661 -0.234375 
0.656250 -0.231077 

0.792561 0.156250 
0.792566 0.171875 

0.792118 0.187500 
0.792566 0.171875 

0.777636 0.296875 
0.779281 0.281250 

0.776653 0.296875 
0.779008 0.312500 

0.274275 0.125000 
0.265625 0.133650 

0.854795 0.125000 
0.854337 0.140625 

0.859488 0.125000 
0.859375 0.130699 

0.854342 0.140625 
0.853469 0.156250 

0.859549 0.140625 
0.859375 0.144545 

-0.015629 -0.015625 
-0.015625 -0.015629 

-0.002052 -0.015625 
-0.015625 -0.015625 

-0.001379 0.000000 
0.000000 -0.001382 

0.695523 -0.093750 
0.703125 -0.087815 

0.713242 -0.078125 
0.703125 -0.087539 

0.713093 -0.078125 
0.718750 -0.072114 

0.722707 -0.203125 
0.718750 -0.205512 

0.722704 -0.203125 
0.734375 -0.195950 

0.744923 -0.187500 
0.734375 -0.195434 

0.853481 0.156250 
0.852171 0.171875 

0.859526 0.156250 
0.859375 0.158244 

0.852184 0.171875 
0.850412 0.187500 

0.782881 0.265625 
0.785588 0.250000 

0.782468 0.265625 
0.781250 0.273840 

0.542575 -0.125000 
0.531250 -0.122447 

0.787982 0.234375 
0.789845 0.218750 

0.785634 0.250000 
0.787973 0.234375 

0.851219 0.046875 
0.849287 0.031250 

0.852716 0.062500 
0.851213 0.046875 

0.111744 0.109375 
0.109375 0.111744 

0.763362 0.000000 
0.765625 0.007006 

0.769048 0.015625 
0.765625 0.004975 

0.769223 0.015625 
0.774322 0.031250 

0.826069 0.281250 
0.820006 0.296875 

0.820700 0.296875 
0.812751 0.312500 

0.468639 -0.156250 
0.468750 -0.155924 

0.778746 0.312500 
0.781250 0.316847 

0.462267 -0.203125 
0.468750 -0.207770 

0.444348 -0.187500 
0.453125 -0.195067 

0.465026 -0.203125 
0.453125 -0.194497 

0.793285 -0.406250 
0.796875 -0.408222 

0.797253 -0.406250 
0.796875 -0.408870 

0.414547 -0.125000 
0.416662 -0.109375 

0.415404 -0.109375 
0.421875 -0.097987 

0.428332 -0.093750 
0.421875 -0.099412 

0.762351 -0.171875 
0.750000 -0.183143 

0.762302 -0.171875 
0.765625 -0.168545 

0.776934 -0.156250 
0.765625 -0.168570 

0.631764 -0.125000 
0.640625 -0.122954 

0.656250 -0.116954 
0.640625 -0.122654 

0.727125 -0.062500 
0.734375 -0.052295 

0.738869 -0.046875 
0.734375 -0.053397 

0.738772 -0.046875 
0.747992 -0.031250 

0.593796 -0.218750 
0.593750 -0.212078 

0.562555 -0.187500 
0.562500 -0.182619 

0.782441 0.062500 
0.785252 0.078125 

0.785352 0.078125 
0.787826 0.093750 

0.791171 0.125000 
0.792104 0.140625 

0.792100 0.140625 
0.792563 0.156250 

0.845140 0.218750 
0.843750 0.226496 

0.843879 0.234375 
0.843750 0.235003 

0.547976 -0.234375 
0.562500 -0.236189 

0.546875 -0.233959 
0.531250 -0.230903 

0.550354 -0.234375 
0.546875 -0.233964 

0.854848 0.109375 
0.854512 0.093750 

0.859441 0.109375 
0.859375 0.105308 

0.854847 0.109375 
0.854793 0.125000 

0.859410 0.109375 
0.859384 0.125000 

0.437500 -0.089692 
0.453125 -0.089797 

0.465234 -0.093750 
0.453125 -0.090773 

0.033078 0.171875 
0.031250 0.173703 

0.562500 -0.129088 
0.578125 -0.130538 

0.578125 -0.130531 
0.593750 -0.130633 

0.578125 -0.237999 
0.562500 -0.236361 

0.593750 -0.238851 
0.578125 -0.238088 

0.563685 -0.234375 
0.562500 -0.234298 

0.578658 -0.234375 
0.578125 -0.234357 

0.001329 0.000000 
0.000000 0.001329 

0.015730 0.015625 
0.015625 0.015730 

0.656250 -0.230904 
0.671875 -0.226381 

0.671875 -0.226348 
0.687500 -0.221017 

0.283092 -0.375000 
0.281250 -0.373726 

0.534175 -0.218750 
0.531250 -0.216718 

0.547840 -0.218750 
0.546875 -0.216680 

0.539040 -0.203125 
0.546875 -0.200338 

0.546909 -0.203125 
0.546875 -0.201093 

0.841964 0.234375 
0.843750 0.225230 

0.841687 0.234375 
0.837352 0.250000 

0.796085 0.328125 
0.781250 0.319831 

0.796875 0.326072 
0.812500 0.315537 

0.692012 -0.218750 
0.703125 -0.214369 

0.703125 -0.213977 
0.718750 -0.205978 

0.207068 0.375000 
0.203125 0.378943 

0.837316 0.250000 
0.832241 0.265625 

0.826527 0.281250 
0.828125 0.276217 

0.831910 0.265625 
0.828125 0.277332 

-0.015625 0.078124 
0.000000 0.078124 

-0.001351 0.093750 
0.000000 0.092357 

0.001327 0.093750 
0.000000 0.095077 

0.491641 -0.218750 
0.500000 -0.221595 

0.632564 -0.125000 
0.625000 -0.126546 

0.685868 -0.156250 
0.687500 -0.157882 

0.302552 0.265625 
0.296875 0.271302 

0.832926 -0.046875 
0.828457 -0.062500 

0.837902 -0.031250 
0.833344 -0.046875 

0.541117 -0.125000 
0.546875 -0.126116 

0.546875 -0.126395 
0.562500 -0.128968 

0.756371 -0.015625 
0.750000 -0.028894 

0.756611 -0.015625 
0.763334 0.000000 

0.500000 -0.110795 
0.515625 -0.116809 

0.515625 -0.117044 
0.531250 -0.122248 

0.412247 0.078125 
0.406250 0.084122 

0.048662 0.359375 
0.046875 0.361162 

0.823334 -0.078125 
0.817091 -0.093750 

0.823472 -0.078125 
0.828125 -0.062967 

0.828418 -0.062500 
0.828125 -0.063623 

0.846800 0.015625 
0.844420 0.000000 

0.849261 0.031250 
0.846939 0.015625 

0.541026 -0.187500 
0.546875 -0.186653 

0.548360 -0.187500 
0.546875 -0.185391 

0.816830 -0.093750 
0.812500 -0.103715 

0.809102 -0.109375 
0.800390 -0.125000 

0.809368 -0.109375 
0.812500 -0.102357 

0.776931 -0.156250 
0.781250 -0.151000 

0.016964 0.375000 
0.015625 0.376339 

-0.016080 0.328125 
-0.015625 0.326679 

-0.012497 0.328125 
-0.015625 0.327250 

-0.015768 0.328125 
-0.015625 0.328392 

-0.011148 0.328125 
-0.015625 0.328661 

0.463523 -0.093750 
0.468750 -0.095204 

0.744901 -0.187500 
0.750000 -0.183355 

0.468750 -0.155934 
0.484375 -0.155864 

0.484568 -0.156250 
0.484375 -0.155676 

0.496651 -0.109375 
0.500000 -0.110700 

0.468750 -0.096167 
0.484375 -0.102951 

0.498726 -0.109375 
0.484375 -0.103400 

0.502468 -0.218750 
0.500000 -0.218061 

0.519000 -0.218750 
0.515625 -0.217664 

0.814435 0.312500 
0.812500 0.315091 

0.747924 -0.031250 
0.750000 -0.027036 

0.774455 0.031250 
0.778853 0.046875 

0.779017 0.046875 
0.781250 0.058148 

0.443902 -0.187500 
0.437500 -0.180894 

0.437593 -0.171875 
0.437500 -0.171752 

0.453561 -0.171875 
0.453125 -0.171747 

0.515625 -0.226710 
0.500000 -0.221691 

0.531250 -0.230860 
0.515625 -0.226747 

0.593750 -0.238875 
0.609375 -0.238532 

0.609375 -0.238502 
0.625000 -0.237062 

0.608877 -0.234375 
0.609375 -0.234368 

0.484375 -0.215726 
0.468750 -0.207428 

0.494498 -0.218750 
0.484375 -0.215161 

0.692317 -0.218750 
0.687500 -0.220524 

0.280417 -0.375000 
0.281250 -0.376089 

0.875933 0.140625 
0.875000 0.140019 

0.890655 0.140625 
0.890625 0.140578 

0.876139 0.140625 
0.875000 0.142410 

0.416451 -0.140625 
0.420676 -0.156250 

0.415212 -0.125000 
0.416692 -0.140625 

0.426297 -0.093750 
0.437500 -0.088666 

0.792379 -0.406250 
0.796875 -0.405830 

0.797297 -0.406250 
0.796875 -0.405745 

0.695468 -0.093750 
0.687500 -0.099570 

0.727281 -0.062500 
0.718750 -0.072476 

0.283159 -0.375000 
0.281250 -0.375966 

0.624111 -0.171875 
0.625000 -0.172764 

0.718742 -0.343750 
0.718750 -0.343758 

0.718758 -0.343750 
0.718750 -0.343758 

0.718742 -0.343750 
0.718750 -0.343742 

0.718758 -0.343750 
0.718750 -0.343742 

0.280453 -0.375000 
0.281250 -0.373576 

