0.867353 0.078125 
0.866521 0.062500 

0.867904 0.093750 
0.867378 0.078125 

0.609375 -0.179348 
0.593750 -0.180320 

0.625000 -0.177177 
0.609375 -0.179359 

0.360563 -0.140625 
0.366425 -0.156250 

0.356485 -0.125000 
0.359375 -0.137512 

0.360156 -0.140625 
0.359375 -0.137265 

0.847240 -0.062500 
0.843750 -0.076289 

0.857362 -0.015625 
0.854470 -0.031250 

0.857392 -0.015625 
0.859375 -0.002219 

0.860342 0.000000 
0.859375 -0.007503 

0.593750 -0.263221 
0.609375 -0.262906 

0.609375 -0.263081 
0.625000 -0.262357 

0.439651 -0.234375 
0.453125 -0.240613 

0.468750 -0.247268 
0.453125 -0.240759 

0.440770 -0.234375 
0.437500 -0.232816 

0.351617 -0.093750 
0.351626 -0.078125 

0.351179 -0.078125 
0.353987 -0.062500 

0.807678 -0.156250 
0.812500 -0.147619 

0.390625 -0.035463 
0.375000 -0.035791 

0.390625 -0.036518 
0.406250 -0.044314 

0.436285 -0.093750 
0.429691 -0.078125 

0.430361 -0.078125 
0.422549 -0.062500 

0.015010 -0.187500 
0.015625 -0.186785 

0.030329 -0.187500 
0.031250 -0.187223 

0.015338 -0.171875 
0.015625 -0.171811 

0.000000 0.078121 
0.015625 0.078121 

0.001212 0.093750 
0.000000 0.092509 

0.640625 -0.173819 
0.625000 -0.177122 

0.646702 -0.171875 
0.640625 -0.173310 

0.646366 -0.171875 
0.656250 -0.169298 

0.031713 -0.187500 
0.031250 -0.193661 

0.703125 -0.146808 
0.687500 -0.155470 

0.711832 -0.140625 
0.703125 -0.146436 

0.711693 -0.140625 
0.718750 -0.135694 

-0.282480 0.406250 
-0.281250 0.407480 

0.867660 0.125000 
0.866906 0.140625 

0.866930 0.140625 
0.865781 0.156250 

0.758964 -0.093750 
0.750000 -0.105294 

0.531794 -0.171875 
0.546875 -0.175315 

0.546875 -0.175562 
0.562500 -0.178468 

0.532794 -0.171875 
0.531250 -0.171543 

0.125001 -0.500000 
0.125000 -0.499999 

0.015419 -0.187500 
0.015625 -0.188116 

0.030706 -0.187500 
0.031250 -0.190377 

0.746825 -0.218750 
0.750000 -0.216794 

0.851210 -0.046875 
0.847365 -0.062500 

0.854535 -0.031250 
0.851220 -0.046875 

0.865864 0.156250 
0.864106 0.171875 

0.864025 0.171875 
0.861655 0.187500 

0.160246 -0.343750 
0.156250 -0.340483 

0.865446 0.046875 
0.864067 0.031250 

0.866523 0.062500 
0.865433 0.046875 

0.816849 -0.140625 
0.812500 -0.148599 

0.824695 -0.125000 
0.816962 -0.140625 

0.500000 -0.158319 
0.515625 -0.165520 

0.515625 -0.165878 
0.531250 -0.171409 

0.562500 -0.264088 
0.578125 -0.263618 

0.578125 -0.263545 
0.593750 -0.263150 

0.814701 0.046875 
0.812500 0.032872 

0.814682 0.046875 
0.816959 0.062500 

0.473831 -0.140625 
0.484375 -0.148465 

0.497157 -0.156250 
0.484375 -0.148851 

0.473758 -0.140625 
0.468750 -0.136529 

0.457245 -0.125000 
0.468750 -0.136363 

0.719498 -0.234375 
0.718750 -0.234736 

0.718750 -0.234311 
0.734375 -0.226474 

0.746894 -0.218750 
0.734375 -0.226011 

0.856597 0.250000 
0.843750 0.263095 

0.806954 0.250000 
0.812500 0.265132 

0.783512 -0.187500 
0.781250 -0.189913 

0.156005 -0.343750 
0.156250 -0.339454 

0.823632 0.171875 
0.823902 0.156250 

0.822962 0.187500 
0.823601 0.171875 

0.671875 -0.163105 
0.656250 -0.169028 

0.687009 -0.156250 
0.671875 -0.162776 

0.820912 0.093750 
0.822306 0.109375 

0.822289 0.109375 
0.823214 0.125000 

0.496644 -0.156250 
0.500000 -0.158128 

0.868045 0.109375 
0.867934 0.093750 

0.868041 0.109375 
0.867687 0.125000 

0.675633 -0.390625 
0.671875 -0.386867 

0.353285 -0.109375 
0.356137 -0.125000 

0.351792 -0.093750 
0.353336 -0.109375 

0.823191 0.125000 
0.823726 0.140625 

0.823744 0.140625 
0.823898 0.156250 

0.593764 -0.437500 
0.593750 -0.437486 

0.681003 -0.250000 
0.687500 -0.248117 

0.816938 0.062500 
0.819009 0.078125 

0.819053 0.078125 
0.820871 0.093750 

0.445080 -0.109375 
0.453125 -0.120360 

0.456912 -0.125000 
0.453125 -0.120411 

0.444726 -0.109375 
0.437500 -0.095877 

0.562500 -0.178539 
0.578125 -0.180138 

0.578125 -0.180089 
0.593750 -0.180336 

0.436410 -0.093750 
0.437500 -0.095921 

0.859329 0.234375 
0.859375 0.230554 

0.860000 0.234375 
0.859942 0.218750 

0.856383 0.250000 
0.859375 0.241663 

0.861043 0.234375 
0.859375 0.241769 

0.468668 -0.453125 
0.468750 -0.453782 

0.012551 0.218750 
0.015625 0.218198 

0.016086 0.218750 
0.015625 0.217805 

-0.003105 0.093750 
0.000000 0.096855 

-0.015689 0.109375 
-0.015625 0.109439 

0.374244 -0.171875 
0.375000 -0.173112 

0.366650 -0.156250 
0.374122 -0.171875 

0.011753 0.218750 
0.015625 0.219453 

0.015841 0.218750 
0.015625 0.219351 

0.384730 -0.187500 
0.375000 -0.172430 

0.468750 -0.453567 
0.484375 -0.453275 

0.484390 -0.453125 
0.484375 -0.453243 

0.468750 -0.453023 
0.484375 -0.453058 

0.484435 -0.453125 
0.484375 -0.453031 

0.786443 -0.046875 
0.781250 -0.058595 

0.786520 -0.046875 
0.793118 -0.031250 

0.477023 -0.250000 
0.468750 -0.247465 

0.759162 -0.093750 
0.765625 -0.083816 

0.769652 -0.078125 
0.765625 -0.084416 

0.769845 -0.078125 
0.778585 -0.062500 

0.731178 -0.125000 
0.734375 -0.122021 

0.746387 -0.109375 
0.734375 -0.121909 

0.746421 -0.109375 
0.750000 -0.105139 

0.803796 0.000000 
0.807907 0.015625 

0.807995 0.015625 
0.811565 0.031250 

0.731131 -0.125000 
0.718750 -0.135374 

0.546875 -0.264488 
0.531250 -0.263450 

0.546875 -0.264317 
0.562500 -0.264259 

0.814830 0.234375 
0.819737 0.218750 

0.813202 0.234375 
0.812500 0.238124 

0.817242 0.265625 
0.812500 0.261420 

0.836505 0.265625 
0.843750 0.262888 

0.813082 0.265625 
0.828125 0.269929 

0.836848 0.265625 
0.828125 0.268007 

0.859350 0.203125 
0.859375 0.202757 

0.861145 0.187500 
0.859375 0.202878 

0.859175 0.203125 
0.859102 0.218750 

0.842534 -0.078125 
0.837529 -0.093750 

0.842639 -0.078125 
0.843750 -0.073513 

0.862364 0.015625 
0.860318 0.000000 

0.864074 0.031250 
0.862366 0.015625 

0.824936 -0.125000 
0.828125 -0.116835 

0.831655 -0.109375 
0.828125 -0.118716 

0.837448 -0.093750 
0.831738 -0.109375 

0.809207 0.250000 
0.811820 0.234375 

0.793316 -0.031250 
0.796875 -0.020524 

0.799261 -0.015625 
0.796875 -0.023324 

0.799264 -0.015625 
0.803854 0.000000 

0.778718 -0.062500 
0.781250 -0.056903 

0.584045 -0.328125 
0.578125 -0.322205 

0.686979 -0.156250 
0.687500 -0.156025 

0.687500 -0.247764 
0.703125 -0.241714 

0.703125 -0.241406 
0.718750 -0.234813 

0.474563 -0.250000 
0.484375 -0.252869 

0.500000 -0.257222 
0.484375 -0.252921 

0.750000 -0.216411 
0.765625 -0.204988 

0.767746 -0.203125 
0.765625 -0.204957 

0.767395 -0.203125 
0.781250 -0.190025 

0.398968 -0.203125 
0.406250 -0.210052 

0.385093 -0.187500 
0.390625 -0.194243 

0.398755 -0.203125 
0.390625 -0.194109 

0.353881 -0.062500 
0.359375 -0.050140 

0.360489 -0.046875 
0.359375 -0.048578 

0.375000 -0.035300 
0.359375 -0.046780 

0.796459 -0.171875 
0.783701 -0.187500 

0.796452 -0.171875 
0.796875 -0.171304 

0.807382 -0.156250 
0.796935 -0.171875 

0.821943 0.203125 
0.823036 0.187500 

0.819792 0.218750 
0.822396 0.203125 

0.811757 0.031250 
0.812500 0.036099 

0.408711 -0.046875 
0.421875 -0.061242 

0.422675 -0.062500 
0.421875 -0.061363 

0.408945 -0.046875 
0.406250 -0.044667 

-0.281246 0.406250 
-0.281250 0.406246 

0.416813 -0.218750 
0.406250 -0.210364 

0.625000 -0.262488 
0.640625 -0.260744 

0.640625 -0.260762 
0.656250 -0.257703 

0.515625 -0.260859 
0.500000 -0.257289 

0.531250 -0.263434 
0.515625 -0.260987 

0.656250 -0.257654 
0.671875 -0.253346 

0.681572 -0.250000 
0.671875 -0.252793 

0.416716 -0.218750 
0.421875 -0.222637 

0.437500 -0.232697 
0.421875 -0.223054 

0.155895 -0.343750 
0.156250 -0.344117 

0.161439 -0.343750 
0.156250 -0.344001 

