0.848818 0.062500 
0.850369 0.078125 

0.850357 0.078125 
0.851510 0.093750 

0.316293 0.015625 
0.312500 0.006138 

0.316639 0.015625 
0.325478 0.031250 

0.546875 -0.293984 
0.531250 -0.292814 

0.562500 -0.294569 
0.546875 -0.294003 

0.856770 -0.093750 
0.859375 -0.083014 

0.861114 -0.078125 
0.859375 -0.085768 

0.864994 -0.062500 
0.861244 -0.078125 

0.687500 -0.278970 
0.703125 -0.273598 

0.703125 -0.273396 
0.718750 -0.267155 

0.830943 -0.031250 
0.835003 -0.015625 

0.835012 -0.015625 
0.838674 0.000000 

0.873982 -0.015625 
0.871483 -0.031250 

0.874067 -0.015625 
0.875000 -0.006688 

0.390625 -0.248544 
0.375000 -0.238800 

0.393498 -0.250000 
0.390625 -0.248697 

0.789879 -0.125000 
0.781250 -0.137951 

0.377836 -0.046875 
0.377176 -0.062500 

0.380028 -0.031250 
0.377694 -0.046875 

0.880927 0.078125 
0.880535 0.062500 

0.880971 0.078125 
0.880809 0.093750 

0.125000 -0.312721 
0.109375 -0.312560 

0.578125 -0.294533 
0.562500 -0.294530 

0.578125 -0.294508 
0.593750 -0.294073 

0.233333 -0.343750 
0.234375 -0.347836 

0.235840 -0.343750 
0.234375 -0.347575 

0.311613 -0.156250 
0.312500 -0.158308 

0.428996 -0.265625 
0.437500 -0.268595 

0.421875 -0.262333 
0.406250 -0.255973 

0.430988 -0.265625 
0.421875 -0.262429 

0.000000 0.078121 
0.015625 0.078121 

0.001209 0.093750 
0.000000 0.092505 

0.392605 -0.250000 
0.406250 -0.256010 

0.640625 -0.225228 
0.625000 -0.228073 

0.656250 -0.221423 
0.640625 -0.225215 

-0.282480 0.406250 
-0.281250 0.407480 

0.852344 0.140625 
0.853068 0.125000 

0.850106 0.156250 
0.852343 0.140625 

0.125001 -0.500000 
0.125000 -0.499999 

0.306232 -0.140625 
0.311420 -0.156250 

0.302237 -0.125000 
0.306207 -0.140625 

0.729560 -0.187500 
0.718750 -0.194285 

0.868455 -0.046875 
0.865036 -0.062500 

0.871455 -0.031250 
0.868461 -0.046875 

0.847091 0.171875 
0.849371 0.156250 

0.850027 0.187500 
0.843750 0.172920 

0.295865 -0.078125 
0.296597 -0.093750 

0.295833 -0.078125 
0.296130 -0.062500 

0.844890 0.031250 
0.846921 0.046875 

0.846910 0.046875 
0.848754 0.062500 

0.839841 -0.140625 
0.832607 -0.156250 

0.840122 -0.140625 
0.843750 -0.130772 

0.397983 -0.140625 
0.406250 -0.154091 

0.389927 -0.125000 
0.390625 -0.126587 

0.397554 -0.140625 
0.390625 -0.126024 

0.593750 -0.294090 
0.609375 -0.293230 

0.609375 -0.293259 
0.625000 -0.291882 

0.468401 -0.281250 
0.468750 -0.281358 

0.353168 -0.218750 
0.343750 -0.207569 

0.462704 -0.203125 
0.468750 -0.206129 

0.438388 -0.187500 
0.453125 -0.197357 

0.463534 -0.203125 
0.453125 -0.197738 

0.823781 -0.171875 
0.814234 -0.187500 

0.824067 -0.171875 
0.828125 -0.163877 

0.832512 -0.156250 
0.828125 -0.165140 

0.200666 -0.140625 
0.203125 -0.140688 

0.203224 -0.140625 
0.203125 -0.140715 

0.201355 -0.140625 
0.202847 -0.125000 

0.203199 -0.140625 
0.203157 -0.125000 

0.380179 -0.093750 
0.377869 -0.078125 

0.377922 -0.078125 
0.377163 -0.062500 

0.300478 -0.031250 
0.304627 -0.015625 

0.304738 -0.015625 
0.309765 0.000000 

0.765625 -0.156564 
0.750000 -0.171615 

0.765894 -0.156250 
0.765625 -0.156537 

0.656250 -0.287193 
0.671875 -0.283612 

0.679841 -0.281250 
0.671875 -0.283123 

0.375000 0.075724 
0.390625 0.074457 

0.405744 0.062500 
0.390625 0.075156 

0.319907 -0.171875 
0.328125 -0.186659 

0.328641 -0.187500 
0.328125 -0.186628 

0.319340 -0.171875 
0.312500 -0.157094 

0.846419 -0.125000 
0.843750 -0.132616 

0.788035 -0.218750 
0.781250 -0.225410 

0.353948 0.062500 
0.359375 0.066608 

0.375000 0.074636 
0.359375 0.067595 

0.788061 -0.218750 
0.796875 -0.209121 

0.802076 -0.203125 
0.796875 -0.209206 

0.802473 -0.203125 
0.812500 -0.189271 

0.296364 -0.062500 
0.296875 -0.054562 

0.297505 -0.046875 
0.296875 -0.054523 

0.297555 -0.046875 
0.300355 -0.031250 

0.369919 -0.234375 
0.375000 -0.238378 

0.353299 -0.218750 
0.359375 -0.224930 

0.369991 -0.234375 
0.359375 -0.225294 

0.843369 0.171875 
0.843750 0.173898 

0.531250 -0.226193 
0.546875 -0.228775 

0.546875 -0.228813 
0.562500 -0.230400 

0.453125 -0.274928 
0.437500 -0.268768 

0.468750 -0.280882 
0.453125 -0.275322 

0.851464 0.093750 
0.852334 0.109375 

0.852472 0.109375 
0.852875 0.125000 

0.339899 -0.203125 
0.343750 -0.207949 

0.329186 -0.187500 
0.339733 -0.203125 

0.562500 -0.230341 
0.578125 -0.230974 

0.593750 -0.230801 
0.578125 -0.230942 

0.407710 -0.156250 
0.406250 -0.154086 

0.309750 0.000000 
0.312500 0.007452 

0.515625 -0.291167 
0.500000 -0.288918 

0.531250 -0.292785 
0.515625 -0.291107 

0.031706 -0.031250 
0.031250 -0.031573 

0.625000 -0.291910 
0.640625 -0.289900 

0.640625 -0.289926 
0.656250 -0.287175 

0.664898 -0.218750 
0.656250 -0.220949 

-0.001381 0.000000 
0.000000 0.001381 

-0.015633 0.015625 
-0.015625 0.015633 

0.031424 -0.031250 
0.031250 -0.027953 

0.750000 -0.249568 
0.765625 -0.239116 

0.771309 -0.234375 
0.765625 -0.238938 

0.770909 -0.234375 
0.781250 -0.225562 

0.406550 0.031250 
0.406250 0.030322 

0.703125 -0.203631 
0.687500 -0.210343 

0.703946 -0.203125 
0.703125 -0.203547 

0.718750 -0.194764 
0.703125 -0.203080 

0.015099 -0.015625 
0.015625 -0.017317 

0.016842 -0.015625 
0.015625 -0.017912 

0.014004 -0.015625 
0.015625 -0.015091 

-0.002782 0.093750 
0.000000 0.096532 

-0.015625 0.109375 
-0.015625 0.109375 

0.851863 -0.109375 
0.846570 -0.125000 

0.856606 -0.093750 
0.851836 -0.109375 

0.499421 -0.218750 
0.500000 -0.218914 

0.838661 0.000000 
0.841934 0.015625 

0.842113 0.015625 
0.843750 0.026405 

0.438704 -0.187500 
0.437500 -0.186596 

0.820588 -0.062500 
0.825877 -0.046875 

0.826007 -0.046875 
0.828125 -0.038803 

0.830882 -0.031250 
0.828125 -0.041931 

0.421133 -0.171875 
0.421875 -0.172639 

0.421875 -0.172679 
0.437500 -0.186589 

0.421054 -0.171875 
0.408070 -0.156250 

0.078125 0.124938 
0.062500 0.124986 

0.078195 0.125000 
0.078125 0.124919 

0.390345 0.000000 
0.390625 0.000674 

0.398053 0.015625 
0.391177 0.000000 

0.405135 0.031250 
0.398952 0.015625 

0.408086 0.046875 
0.406487 0.031250 

0.408761 0.046875 
0.406250 0.058339 

0.807563 -0.093750 
0.812500 -0.081773 

0.351112 -0.390625 
0.343750 -0.390832 

0.354065 -0.390625 
0.343750 -0.390598 

0.847067 0.187500 
0.859375 0.196612 

0.859375 0.196355 
0.875000 0.193430 

0.814569 -0.078125 
0.812500 -0.083422 

0.814711 -0.078125 
0.820552 -0.062500 

0.325881 0.031250 
0.328125 0.034427 

0.337491 0.046875 
0.328125 0.034436 

0.337991 0.046875 
0.343750 0.052981 

0.844942 0.031250 
0.843750 0.022359 

0.880313 0.187500 
0.875000 0.192488 

0.790169 -0.125000 
0.796875 -0.113030 

0.799289 -0.109375 
0.796875 -0.113737 

0.799490 -0.109375 
0.807282 -0.093750 

0.766026 -0.156250 
0.778895 -0.140625 

0.778897 -0.140625 
0.781250 -0.137376 

0.405278 0.062500 
0.406250 0.060116 

0.384303 -0.015625 
0.380044 -0.031250 

0.390156 0.000000 
0.384576 -0.015625 

0.391104 0.000000 
0.390625 -0.001387 

0.729476 -0.187500 
0.734375 -0.184252 

0.749923 -0.171875 
0.734375 -0.183859 

0.749927 -0.171875 
0.750000 -0.171812 

0.354332 0.062500 
0.343750 0.053522 

0.501452 -0.218750 
0.500000 -0.218427 

0.813802 -0.187500 
0.812500 -0.189338 

0.664415 -0.218750 
0.671875 -0.216783 

0.687500 -0.210627 
0.671875 -0.216483 

0.880745 0.093750 
0.880069 0.109375 

0.879799 0.109375 
0.879277 0.125000 

0.500000 -0.218950 
0.515625 -0.222733 

0.515625 -0.222780 
0.531250 -0.226106 

0.609375 -0.229910 
0.593750 -0.230841 

0.625000 -0.228078 
0.609375 -0.229940 

0.468750 -0.206216 
0.484375 -0.212872 

0.484375 -0.213089 
0.500000 -0.218385 

0.470062 -0.281250 
0.468750 -0.280930 

0.884877 0.171875 
0.883636 0.156250 

0.886988 0.171875 
0.879776 0.187500 

0.721666 -0.265625 
0.718750 -0.266934 

0.720785 -0.265625 
0.734375 -0.259234 

0.734375 -0.258739 
0.750000 -0.250070 

0.879703 0.140625 
0.879022 0.125000 

0.882124 0.156250 
0.879677 0.140625 

0.389644 -0.125000 
0.384346 -0.109375 

0.384155 -0.109375 
0.380169 -0.093750 

0.063383 0.125000 
0.078125 0.125968 

0.078180 0.125000 
0.078125 0.126367 

0.299323 -0.109375 
0.302449 -0.125000 

0.296785 -0.093750 
0.296875 -0.094703 

0.296877 -0.093750 
0.299066 -0.109375 

0.879673 0.046875 
0.878615 0.031250 

0.880504 0.062500 
0.879710 0.046875 

0.876074 0.000000 
0.875000 -0.011215 

0.679128 -0.281250 
0.687500 -0.279195 

0.877413 0.015625 
0.876038 0.000000 

0.878596 0.031250 
0.877387 0.015625 

0.750102 -0.250000 
0.750000 -0.250066 

0.484375 -0.285851 
0.468750 -0.281757 

0.500000 -0.289010 
0.484375 -0.285886 

0.015547 0.281250 
0.015625 0.277357 

0.016402 0.281250 
0.015625 0.275342 

0.015302 0.281250 
0.015625 0.281535 

0.343725 -0.390625 
0.343750 -0.390929 

0.343741 -0.390625 
0.343750 -0.390613 

-0.281246 0.406250 
-0.281250 0.406246 

0.125119 -0.312500 
0.125000 -0.312078 

0.233117 -0.343750 
0.234375 -0.343011 

0.236219 -0.343750 
0.234375 -0.343021 

0.125000 -0.312198 
0.109375 -0.312437 

0.125116 -0.312500 
0.125000 -0.312791 

