0.845569 0.062500 
0.847069 0.078125 

0.847110 0.078125 
0.848327 0.093750 

0.316989 0.000000 
0.324503 0.015625 

0.324730 0.015625 
0.328125 0.021358 

0.334384 0.031250 
0.328125 0.021044 

0.546875 -0.290868 
0.531250 -0.289759 

0.562500 -0.291445 
0.546875 -0.290866 

0.858807 -0.078125 
0.854681 -0.093750 

0.858856 -0.078125 
0.859375 -0.075501 

0.862888 -0.062500 
0.859405 -0.078125 

0.687500 -0.275855 
0.703125 -0.270343 

0.714398 -0.265625 
0.703125 -0.269819 

0.713987 -0.265625 
0.718750 -0.263858 

0.826758 -0.031250 
0.828125 -0.025346 

0.831260 -0.015625 
0.828125 -0.028757 

0.831319 -0.015625 
0.834968 0.000000 

0.872104 -0.015625 
0.869482 -0.031250 

0.874295 0.000000 
0.872121 -0.015625 

0.376470 -0.234375 
0.390625 -0.244372 

0.400369 -0.250000 
0.390625 -0.244831 

0.376851 -0.234375 
0.375000 -0.232901 

0.317433 -0.156250 
0.312500 -0.141098 

0.784523 -0.125000 
0.781250 -0.129642 

0.383852 -0.046875 
0.383326 -0.062500 

0.386163 -0.031250 
0.383866 -0.046875 

0.879457 0.078125 
0.878956 0.062500 

0.879561 0.093750 
0.879509 0.078125 

0.578125 -0.291480 
0.562500 -0.291460 

0.578125 -0.291465 
0.593750 -0.290927 

0.421875 -0.259851 
0.406250 -0.253350 

0.437500 -0.265180 
0.421875 -0.259914 

0.000334 0.078125 
0.000000 0.077790 

0.000974 0.093750 
0.000000 0.092206 

0.399729 -0.250000 
0.406250 -0.253289 

0.640625 -0.219818 
0.625000 -0.222445 

0.644065 -0.218750 
0.640625 -0.219387 

-0.282480 0.406250 
-0.281250 0.407480 

0.849884 0.140625 
0.849944 0.125000 

0.848685 0.156250 
0.850078 0.140625 

0.643639 -0.218750 
0.656250 -0.215978 

0.125001 -0.500000 
0.125000 -0.499999 

0.312193 -0.140625 
0.312500 -0.141743 

0.308014 -0.125000 
0.311979 -0.140625 

0.720351 -0.187500 
0.718750 -0.188528 

0.866434 -0.046875 
0.863011 -0.062500 

0.869482 -0.031250 
0.866447 -0.046875 

0.845622 0.171875 
0.848631 0.156250 

0.843992 0.171875 
0.843750 0.176752 

0.301579 -0.078125 
0.302270 -0.093750 

0.301575 -0.078125 
0.302175 -0.062500 

0.843941 0.046875 
0.843750 0.045094 

0.843910 0.046875 
0.845530 0.062500 

0.837346 -0.140625 
0.830084 -0.156250 

0.837626 -0.140625 
0.843750 -0.125159 

0.405759 -0.140625 
0.406250 -0.141402 

0.405638 -0.140625 
0.397892 -0.125000 

0.593750 -0.290906 
0.609375 -0.289884 

0.609375 -0.289892 
0.625000 -0.288411 

0.346285 -0.203125 
0.359375 -0.218328 

0.359776 -0.218750 
0.359375 -0.218332 

0.346000 -0.203125 
0.343750 -0.200208 

0.450161 -0.187500 
0.453125 -0.189596 

0.453125 -0.189985 
0.468750 -0.199050 

0.820938 -0.171875 
0.812500 -0.185601 

0.821285 -0.171875 
0.828125 -0.158833 

0.829736 -0.156250 
0.828125 -0.159379 

0.387179 -0.093750 
0.384511 -0.078125 

0.384526 -0.078125 
0.383398 -0.062500 

0.017842 -0.046875 
0.015625 -0.046915 

0.015238 -0.031250 
0.015625 -0.034742 

0.016276 -0.046875 
0.015625 -0.042662 

0.307379 -0.031250 
0.311181 -0.015625 

0.311165 -0.015625 
0.312500 -0.010992 

0.758645 -0.156250 
0.750000 -0.164495 

0.667857 -0.281250 
0.656250 -0.283414 

0.376211 0.062500 
0.375000 0.062747 

0.324875 -0.171875 
0.328125 -0.177635 

0.334227 -0.187500 
0.328125 -0.176961 

0.317477 -0.156250 
0.324545 -0.171875 

0.841356 0.031250 
0.843668 0.046875 

0.843692 0.046875 
0.843750 0.047544 

0.843888 -0.125000 
0.843750 -0.125381 

0.784517 -0.218750 
0.781250 -0.221920 

0.743741 -0.250000 
0.750000 -0.246408 

0.160523 -0.375000 
0.171875 -0.374590 

0.172100 -0.375000 
0.171875 -0.374403 

0.233883 -0.218750 
0.234375 -0.217536 

0.234375 -0.217910 
0.250000 -0.218655 

0.374942 0.062500 
0.375000 0.062514 

0.784461 -0.218750 
0.796875 -0.205185 

0.798609 -0.203125 
0.796875 -0.205152 

0.810629 -0.187500 
0.798986 -0.203125 

0.302165 -0.062500 
0.304085 -0.046875 

0.304176 -0.046875 
0.307253 -0.031250 

0.359656 -0.218750 
0.375000 -0.232883 

0.842597 0.187500 
0.843482 0.171875 

0.531250 -0.220399 
0.546875 -0.222760 

0.546875 -0.222853 
0.562500 -0.224593 

0.437729 -0.265625 
0.453125 -0.270271 

0.468750 -0.275654 
0.453125 -0.270436 

0.439108 -0.265625 
0.437500 -0.265193 

0.848307 0.093750 
0.849198 0.109375 

0.849210 0.109375 
0.849790 0.125000 

0.334748 -0.187500 
0.343750 -0.200209 

0.562500 -0.224642 
0.578125 -0.225477 

0.593750 -0.225329 
0.578125 -0.225454 

0.416613 -0.156250 
0.406250 -0.140709 

0.515625 -0.288121 
0.500000 -0.285409 

0.531250 -0.289825 
0.515625 -0.288051 

0.031991 -0.046875 
0.031250 -0.047556 

0.031457 -0.046875 
0.031250 -0.045823 

0.625000 -0.288442 
0.640625 -0.286423 

0.640625 -0.286476 
0.656250 -0.283753 

0.061710 0.046875 
0.062500 0.045626 

0.061537 0.046875 
0.062500 0.049281 

0.750000 -0.245962 
0.765625 -0.235377 

0.766916 -0.234375 
0.765625 -0.235389 

0.766434 -0.234375 
0.781250 -0.222030 

0.316634 0.000000 
0.312500 -0.012350 

0.690871 -0.203125 
0.687500 -0.204521 

0.690226 -0.203125 
0.703125 -0.197457 

0.718750 -0.188621 
0.703125 -0.197064 

0.014787 -0.031250 
0.015625 -0.030828 

-0.015632 0.093750 
-0.015625 0.094310 

-0.003170 0.093750 
0.000000 0.096255 

-0.015625 0.109375 
-0.015625 0.109375 

0.515548 -0.421875 
0.515625 -0.422919 

0.517528 -0.421875 
0.515625 -0.422665 

0.515507 -0.421875 
0.515625 -0.421739 

0.517999 -0.421875 
0.515625 -0.421788 

0.849718 -0.109375 
0.844483 -0.125000 

0.854610 -0.093750 
0.849789 -0.109375 

-0.015628 0.078125 
-0.015625 0.078069 

-0.001286 0.078125 
0.000000 0.076951 

-0.015633 0.093750 
-0.015625 0.093738 

-0.000892 0.093750 
0.000000 0.093532 

0.834947 0.000000 
0.838217 0.015625 

0.838198 0.015625 
0.841167 0.031250 

0.450203 -0.187500 
0.437500 -0.178044 

0.233958 -0.218750 
0.234375 -0.220087 

0.234375 -0.219773 
0.250000 -0.218882 

0.816467 -0.062500 
0.821854 -0.046875 

0.821892 -0.046875 
0.826675 -0.031250 

0.431282 -0.171875 
0.437500 -0.177588 

0.416948 -0.156250 
0.421875 -0.162124 

0.431031 -0.171875 
0.421875 -0.162076 

0.160217 -0.375000 
0.171875 -0.375452 

0.172069 -0.375000 
0.171875 -0.375598 

0.401357 0.015625 
0.396426 0.000000 

0.404163 0.031250 
0.402194 0.015625 

0.802762 -0.093750 
0.809847 -0.078125 

0.810028 -0.078125 
0.812500 -0.071237 

0.851443 0.203125 
0.843750 0.195437 

0.868239 0.203125 
0.875000 0.198952 

0.848582 0.203125 
0.859375 0.207125 

0.869980 0.203125 
0.859375 0.206245 

0.250042 -0.218750 
0.250000 -0.218894 

0.816397 -0.062500 
0.812500 -0.073526 

0.334750 0.031250 
0.343750 0.042261 

0.874375 0.000000 
0.875000 0.007133 

0.882612 0.187500 
0.875000 0.199532 

0.784832 -0.125000 
0.794254 -0.109375 

0.794393 -0.109375 
0.796875 -0.104360 

0.802629 -0.093750 
0.796875 -0.105696 

0.758703 -0.156250 
0.765625 -0.148905 

0.772833 -0.140625 
0.765625 -0.148967 

0.773126 -0.140625 
0.781250 -0.129391 

0.405203 0.031250 
0.400455 0.046875 

0.380286 0.062500 
0.390625 0.058624 

0.401107 0.046875 
0.390625 0.058482 

0.389989 -0.015625 
0.386370 -0.031250 

0.390806 -0.015625 
0.390625 -0.016481 

0.389955 -0.015625 
0.390625 -0.013142 

0.395823 0.000000 
0.390879 -0.015625 

0.719570 -0.187500 
0.734375 -0.177807 

0.741514 -0.171875 
0.734375 -0.177491 

0.741313 -0.171875 
0.750000 -0.164644 

0.347568 0.046875 
0.343750 0.043056 

0.347625 0.046875 
0.359375 0.056196 

0.373780 0.062500 
0.359375 0.057355 

0.500000 -0.212328 
0.515625 -0.216970 

0.523879 -0.218750 
0.515625 -0.217199 

0.671875 -0.210885 
0.656250 -0.215812 

0.687500 -0.204904 
0.671875 -0.210743 

0.879585 0.093750 
0.879036 0.109375 

0.878894 0.109375 
0.877980 0.125000 

0.521768 -0.218750 
0.531250 -0.220357 

0.609375 -0.224317 
0.593750 -0.225303 

0.625000 -0.222500 
0.609375 -0.224340 

0.476071 -0.203125 
0.484375 -0.206507 

0.484375 -0.206537 
0.500000 -0.212205 

0.477453 -0.203125 
0.468750 -0.199376 

0.484375 -0.280749 
0.468750 -0.275913 

0.486461 -0.281250 
0.484375 -0.280799 

0.881281 0.171875 
0.878924 0.156250 

0.882974 0.171875 
0.881643 0.187500 

0.718750 -0.263555 
0.734375 -0.255878 

0.744053 -0.250000 
0.734375 -0.255382 

0.877693 0.125000 
0.877271 0.140625 

0.878249 0.156250 
0.876939 0.140625 

0.810661 -0.187500 
0.812500 -0.184736 

0.840643 0.187500 
0.843750 0.196334 

0.397609 -0.125000 
0.391590 -0.109375 

0.387499 -0.093750 
0.390625 -0.107251 

0.391156 -0.109375 
0.390625 -0.107081 

0.304373 -0.109375 
0.307743 -0.125000 

0.302224 -0.093750 
0.304291 -0.109375 

0.878128 0.046875 
0.877192 0.031250 

0.878920 0.062500 
0.878147 0.046875 

0.667418 -0.281250 
0.671875 -0.280437 

0.671875 -0.280116 
0.687500 -0.275842 

0.876148 0.015625 
0.875000 0.002069 

0.877222 0.031250 
0.876102 0.015625 

0.483473 -0.281250 
0.484375 -0.281487 

0.500000 -0.285361 
0.484375 -0.281702 

0.015309 0.265625 
0.015625 0.265082 

0.018471 0.265625 
0.015625 0.264881 

0.015027 0.265625 
0.015625 0.267040 

0.017717 0.265625 
0.015625 0.266510 

0.325600 -0.390625 
0.328125 -0.391534 

0.329177 -0.390625 
0.328125 -0.391489 

0.326136 -0.390625 
0.328125 -0.387838 

0.329146 -0.390625 
0.328125 -0.387300 

-0.281246 0.406250 
-0.281250 0.406246 

0.067009 0.046875 
0.062500 0.045636 

0.066293 0.046875 
0.062500 0.048628 

