0.855061 0.062500 
0.856315 0.078125 

0.856148 0.078125 
0.857342 0.093750 

0.374807 -0.125000 
0.375000 -0.125498 

0.546875 -0.299840 
0.531250 -0.298767 

0.562500 -0.300576 
0.546875 -0.299865 

0.865214 -0.078125 
0.861066 -0.093750 

0.869068 -0.062500 
0.865276 -0.078125 

0.698380 -0.281250 
0.703125 -0.279861 

0.703125 -0.279570 
0.718750 -0.273274 

0.838382 -0.031250 
0.842317 -0.015625 

0.842429 -0.015625 
0.843750 -0.008098 

0.874924 -0.031250 
0.875000 -0.030310 

0.845767 0.000000 
0.843750 -0.011744 

0.468629 -0.218750 
0.468750 -0.218803 

0.366417 -0.093750 
0.364564 -0.078125 

0.364597 -0.078125 
0.364146 -0.062500 

0.383888 -0.250000 
0.375000 -0.245287 

0.789621 -0.140625 
0.781250 -0.152218 

0.789866 -0.140625 
0.796875 -0.129159 

0.799755 -0.125000 
0.796875 -0.129737 

0.883289 0.078125 
0.883282 0.062500 

0.883217 0.078125 
0.882823 0.093750 

0.093746 0.250000 
0.093750 0.250004 

0.031401 0.046875 
0.031250 0.046797 

0.031324 0.046875 
0.031250 0.061827 

0.578125 -0.300855 
0.562500 -0.300595 

0.578125 -0.300867 
0.593750 -0.300615 

-0.094190 0.265625 
-0.093750 0.265073 

-0.094166 0.265625 
-0.093750 0.266318 

0.309525 -0.171875 
0.312500 -0.177810 

0.302247 -0.156250 
0.309103 -0.171875 

0.410302 -0.265625 
0.421875 -0.271426 

0.437500 -0.279174 
0.421875 -0.271883 

0.412180 -0.265625 
0.406250 -0.262618 

0.015450 0.078125 
0.015625 0.077484 

0.001209 0.093750 
0.000000 0.092505 

0.383166 -0.250000 
0.390625 -0.253923 

0.406250 -0.262532 
0.390625 -0.254132 

0.640625 -0.235647 
0.625000 -0.238274 

0.645398 -0.234375 
0.640625 -0.235217 

0.644949 -0.234375 
0.656250 -0.232092 

0.390625 0.098207 
0.375000 0.094355 

0.390625 0.099389 
0.406250 0.097756 

0.168429 0.031250 
0.171875 0.032160 

0.173399 0.031250 
0.171875 0.032280 

0.854789 0.140625 
0.856660 0.125000 

0.853873 0.156250 
0.853899 0.140625 

0.875053 -0.031250 
0.875000 -0.031717 

0.125001 -0.500000 
0.125000 -0.499999 

0.296570 -0.140625 
0.296875 -0.141712 

0.296886 -0.140625 
0.302090 -0.156250 

0.292540 -0.125000 
0.296396 -0.140625 

0.723948 -0.203125 
0.718750 -0.206233 

0.723410 -0.203125 
0.734375 -0.196480 

0.746155 -0.187500 
0.734375 -0.196083 

0.872353 -0.046875 
0.869093 -0.062500 

0.874906 -0.031250 
0.872476 -0.046875 

0.851843 0.156250 
0.859346 0.171875 

0.862202 0.171875 
0.859375 0.170174 

0.858732 0.171875 
0.859375 0.172466 

0.875000 0.176526 
0.859375 0.172921 

0.285927 -0.078125 
0.287139 -0.093750 

0.285454 -0.062500 
0.285868 -0.078125 

0.851052 0.031250 
0.853319 0.046875 

0.853362 0.046875 
0.855113 0.062500 

0.837821 -0.156250 
0.843750 -0.142039 

0.031227 0.046875 
0.031250 0.046871 

0.030916 0.062500 
0.031250 0.055427 

0.382378 -0.140625 
0.390625 -0.155589 

0.391030 -0.156250 
0.390625 -0.155571 

0.381983 -0.140625 
0.375201 -0.125000 

0.593750 -0.300632 
0.609375 -0.299810 

0.609375 -0.299837 
0.625000 -0.298359 

0.441153 -0.281250 
0.453125 -0.284827 

0.468750 -0.288765 
0.453125 -0.284786 

0.438917 -0.203125 
0.453125 -0.211029 

0.453125 -0.211397 
0.468750 -0.218664 

0.439636 -0.203125 
0.437500 -0.201852 

0.820097 -0.187500 
0.828125 -0.173568 

0.829212 -0.171875 
0.828125 -0.173786 

0.837457 -0.156250 
0.829666 -0.171875 

0.288236 -0.031250 
0.291645 -0.015625 

0.291762 -0.015625 
0.296041 0.000000 

0.095006 0.234375 
0.093750 0.234351 

0.094640 0.234375 
0.093816 0.250000 

0.763811 -0.171875 
0.750000 -0.184304 

0.763835 -0.171875 
0.765625 -0.170067 

0.777874 -0.156250 
0.765625 -0.170049 

0.656250 -0.293261 
0.671875 -0.289603 

0.671875 -0.289646 
0.687500 -0.285101 

0.317799 -0.187500 
0.312500 -0.177193 

0.169157 0.031250 
0.171875 0.024392 

0.173064 0.031250 
0.171875 0.023591 

0.844521 -0.140625 
0.843750 -0.142614 

0.850560 -0.125000 
0.844927 -0.140625 

0.795472 -0.218750 
0.781250 -0.232676 

-0.092870 0.265625 
-0.093750 0.265134 

-0.092889 0.265625 
-0.093750 0.266263 

0.332381 0.062500 
0.343750 0.073252 

0.349995 0.078125 
0.343750 0.073469 

0.349957 0.078125 
0.359375 0.084613 

0.375000 0.093193 
0.359375 0.085040 

0.795473 -0.218750 
0.796875 -0.217214 

0.808578 -0.203125 
0.796875 -0.217341 

0.808582 -0.203125 
0.812500 -0.197685 

0.285351 -0.062500 
0.286061 -0.046875 

0.286023 -0.046875 
0.288141 -0.031250 

0.358194 -0.234375 
0.359375 -0.235268 

0.375000 -0.245200 
0.359375 -0.235403 

0.358119 -0.234375 
0.343750 -0.222125 

0.531250 -0.237266 
0.546875 -0.239445 

0.546875 -0.239515 
0.562500 -0.241019 

0.443137 -0.281250 
0.437500 -0.279486 

0.857855 0.093750 
0.858296 0.109375 

0.857038 0.125000 
0.858214 0.109375 

0.374690 -0.125000 
0.370067 -0.109375 

0.369800 -0.109375 
0.366356 -0.093750 

0.327963 -0.203125 
0.328125 -0.203346 

0.328175 -0.203125 
0.340615 -0.218750 

0.318253 -0.187500 
0.327962 -0.203125 

0.562500 -0.241052 
0.578125 -0.241676 

0.593750 -0.241370 
0.578125 -0.241658 

0.296078 0.000000 
0.296875 0.002475 

0.302393 0.015625 
0.296875 0.000627 

0.302669 0.015625 
0.309964 0.031250 

0.509959 -0.296875 
0.515625 -0.297442 

0.531250 -0.298763 
0.515625 -0.297385 

0.513789 -0.296875 
0.500000 -0.295086 

0.636130 -0.296875 
0.625000 -0.298102 

0.635703 -0.296875 
0.640625 -0.296328 

0.640625 -0.296092 
0.656250 -0.293285 

0.671875 -0.227364 
0.656250 -0.231920 

0.687500 -0.221716 
0.671875 -0.227324 

0.093717 0.234375 
0.093750 0.234345 

0.093723 0.234375 
0.093740 0.250000 

0.372194 -0.015625 
0.368014 -0.031250 

0.372329 -0.015625 
0.375000 -0.007329 

-0.001381 0.000000 
0.000000 0.001381 

-0.015633 0.015625 
-0.015625 0.015633 

0.759384 -0.250000 
0.765625 -0.245716 

0.779419 -0.234375 
0.765625 -0.245380 

0.779434 -0.234375 
0.781250 -0.232776 

0.693359 -0.218750 
0.703125 -0.214852 

0.718750 -0.206507 
0.703125 -0.214525 

0.015704 -0.015625 
0.015625 -0.015704 

0.001329 0.000000 
0.000000 -0.001329 

-0.002782 0.093750 
0.000000 0.096532 

-0.015625 0.109375 
-0.015625 0.109375 

0.403266 -0.171875 
0.406250 -0.175219 

0.403055 -0.171875 
0.391558 -0.156250 

0.265625 -0.109835 
0.250000 -0.109445 

0.281122 -0.109375 
0.281250 -0.109692 

0.252750 -0.109375 
0.265625 -0.104690 

0.280617 -0.093750 
0.281250 -0.098491 

0.855875 -0.109375 
0.850587 -0.125000 

0.856087 -0.109375 
0.859375 -0.097464 

0.860903 -0.093750 
0.859375 -0.099767 

0.468750 -0.219237 
0.484375 -0.224922 

0.484375 -0.225038 
0.500000 -0.230129 

0.828907 -0.062500 
0.833705 -0.046875 

0.833775 -0.046875 
0.838296 -0.031250 

0.418749 -0.187500 
0.406250 -0.175201 

0.125201 -0.171875 
0.125000 -0.172169 

0.125083 -0.171875 
0.125000 -0.171144 

0.698843 -0.281250 
0.687500 -0.284633 

0.386561 0.015625 
0.378279 0.000000 

0.386926 0.015625 
0.390625 0.021253 

0.397839 0.031250 
0.390625 0.020641 

0.031326 0.328125 
0.031250 0.328057 

0.031295 0.328125 
0.031250 0.334856 

0.411348 0.046875 
0.406250 0.039843 

0.419613 0.062500 
0.411578 0.046875 

0.412147 0.093750 
0.406250 0.097306 

0.420538 0.062500 
0.421875 0.073600 

0.422191 0.078125 
0.421875 0.073770 

0.414037 0.093750 
0.421875 0.083597 

0.422596 0.078125 
0.421875 0.080201 

0.816244 -0.093750 
0.822608 -0.078125 

0.822796 -0.078125 
0.828125 -0.062777 

0.828624 -0.062500 
0.828125 -0.064110 

0.319354 0.046875 
0.312500 0.035168 

0.319743 0.046875 
0.328125 0.057696 

0.332219 0.062500 
0.328125 0.057827 

0.109002 -0.171875 
0.109375 -0.172316 

0.114926 -0.171875 
0.109375 -0.172252 

0.109004 -0.171875 
0.109375 -0.168899 

0.113546 -0.171875 
0.109375 -0.169800 

0.845725 0.000000 
0.848416 0.015625 

0.848425 0.015625 
0.850982 0.031250 

0.816184 -0.093750 
0.812500 -0.102446 

0.800012 -0.125000 
0.808477 -0.109375 

0.808741 -0.109375 
0.812500 -0.100790 

0.777868 -0.156250 
0.781250 -0.151908 

0.398454 0.031250 
0.406250 0.042011 

0.377982 0.000000 
0.375000 -0.008491 

0.746156 -0.187500 
0.750000 -0.184465 

0.062500 -0.203130 
0.078125 -0.203130 

0.062500 -0.202805 
0.078125 -0.202805 

0.819752 -0.187500 
0.812500 -0.198184 

0.882558 0.109375 
0.882435 0.093750 

0.884071 0.125000 
0.882461 0.109375 

0.340694 -0.218750 
0.343750 -0.221926 

0.514026 -0.234375 
0.515625 -0.234681 

0.515625 -0.234611 
0.531250 -0.237213 

0.500000 -0.230315 
0.515625 -0.234190 

0.516591 -0.234375 
0.515625 -0.234232 

0.609375 -0.240228 
0.593750 -0.241347 

0.625000 -0.238319 
0.609375 -0.240232 

0.468990 -0.218750 
0.468750 -0.218667 

0.693931 -0.218750 
0.687500 -0.221203 

0.881602 0.171875 
0.890625 0.159976 

0.883469 0.171875 
0.875000 0.176374 

0.718750 -0.272848 
0.734375 -0.265770 

0.734628 -0.265625 
0.734375 -0.265760 

0.734375 -0.265305 
0.750000 -0.256699 

0.887043 0.140625 
0.884392 0.125000 

0.888918 0.156250 
0.888218 0.140625 

0.365107 -0.046875 
0.364071 -0.062500 

0.367823 -0.031250 
0.365065 -0.046875 

0.289182 -0.109375 
0.292381 -0.125000 

0.287064 -0.093750 
0.289195 -0.109375 

0.418921 -0.187500 
0.421875 -0.190077 

0.421875 -0.190487 
0.437500 -0.201804 

0.882723 0.046875 
0.881731 0.031250 

0.883271 0.062500 
0.882742 0.046875 

0.374414 0.093750 
0.375000 0.094028 

0.876876 -0.015625 
0.875145 -0.031250 

0.878601 0.000000 
0.876873 -0.015625 

0.880288 0.015625 
0.878645 0.000000 

0.881713 0.031250 
0.880333 0.015625 

0.759605 -0.250000 
0.750000 -0.256293 

0.484375 -0.292062 
0.468750 -0.288695 

0.500000 -0.294952 
0.484375 -0.292068 

0.310139 0.031250 
0.312500 0.035450 

0.015620 0.328125 
0.015625 0.328120 

0.029991 0.328125 
0.031250 0.328084 

0.015623 0.328125 
0.015625 0.328401 

0.030341 0.328125 
0.031250 0.333218 

