0.874791 0.078125 
0.874416 0.062500 

0.874862 0.093750 
0.874742 0.078125 

0.342152 0.000000 
0.343750 0.002343 

0.558610 -0.281250 
0.562500 -0.281493 

0.852632 -0.078125 
0.848080 -0.093750 

0.856621 -0.062500 
0.852606 -0.078125 

0.687500 -0.264434 
0.703125 -0.259299 

0.703125 -0.259223 
0.718750 -0.252858 

0.814319 -0.031250 
0.818695 -0.015625 

0.818690 -0.015625 
0.822624 0.000000 

0.866136 -0.015625 
0.863452 -0.031250 

0.868481 0.000000 
0.866146 -0.015625 

0.593750 -0.281211 
0.609375 -0.280031 

0.609375 -0.279993 
0.625000 -0.278132 

0.401276 -0.234375 
0.406250 -0.237788 

0.381310 -0.218750 
0.390625 -0.226542 

0.401494 -0.234375 
0.390625 -0.226790 

0.330120 -0.140625 
0.336139 -0.156250 

0.326142 -0.125000 
0.328125 -0.134040 

0.329778 -0.140625 
0.328125 -0.133688 

0.402036 -0.062500 
0.401755 -0.046875 

0.402583 -0.031250 
0.402142 -0.046875 

0.703125 -0.177731 
0.687500 -0.185553 

0.712482 -0.171875 
0.703125 -0.177293 

0.712297 -0.171875 
0.718750 -0.168003 

0.407590 -0.093750 
0.406250 -0.087615 

0.578125 -0.281839 
0.562500 -0.281578 

0.578125 -0.281769 
0.593750 -0.281379 

0.425489 -0.250000 
0.437500 -0.255289 

0.000000 0.078121 
0.015625 0.078121 

0.001212 0.093750 
0.000000 0.092509 

0.296431 -0.437500 
0.296875 -0.436880 

0.302141 -0.437500 
0.296875 -0.436895 

-0.282480 0.406250 
-0.281250 0.407480 

0.874345 0.125000 
0.873211 0.140625 

0.873060 0.140625 
0.871554 0.156250 

0.765135 -0.125000 
0.765625 -0.124388 

0.776789 -0.109375 
0.765625 -0.124890 

0.776976 -0.109375 
0.781250 -0.102366 

0.631518 -0.203125 
0.625000 -0.204037 

0.631342 -0.203125 
0.640625 -0.201641 

0.656250 -0.197463 
0.640625 -0.201421 

0.125001 -0.500000 
0.125000 -0.499999 

0.856734 -0.062500 
0.859375 -0.049487 

0.860372 -0.046875 
0.859375 -0.052469 

0.863418 -0.031250 
0.860471 -0.046875 

0.871098 0.156250 
0.870433 0.171875 

0.871542 0.187500 
0.870409 0.171875 

0.321541 -0.078125 
0.321759 -0.093750 

0.321470 -0.078125 
0.322575 -0.062500 

0.576021 -0.406250 
0.578125 -0.404325 

0.579789 -0.406250 
0.578125 -0.404433 

0.873576 0.046875 
0.872198 0.031250 

0.874481 0.062500 
0.873622 0.046875 

0.821417 -0.156250 
0.828125 -0.142404 

0.829237 -0.140625 
0.828125 -0.142991 

0.836319 -0.125000 
0.829640 -0.140625 

0.594102 -0.281250 
0.593750 -0.281267 

0.069171 -0.109375 
0.062500 -0.109401 

0.067168 -0.109375 
0.062500 -0.106109 

0.365758 -0.203125 
0.375000 -0.212920 

0.353667 -0.187500 
0.359375 -0.195389 

0.365507 -0.203125 
0.359375 -0.195206 

0.500847 -0.328125 
0.500000 -0.326689 

0.821047 -0.156250 
0.812500 -0.171441 

0.404344 -0.078125 
0.406250 -0.087771 

0.403904 -0.078125 
0.401946 -0.062500 

0.062437 -0.093750 
0.062500 -0.093694 

0.343718 -0.171875 
0.343750 -0.171932 

0.336545 -0.156250 
0.343719 -0.171875 

0.829810 0.031250 
0.832291 0.046875 

0.832254 0.046875 
0.834414 0.062500 

0.446217 -0.156250 
0.437500 -0.146545 

0.354998 0.015625 
0.343750 0.004971 

0.355910 0.015625 
0.359375 0.017763 

0.375000 0.020660 
0.359375 0.019346 

0.723421 -0.250000 
0.734375 -0.244780 

0.734375 -0.244336 
0.750000 -0.235206 

0.537822 -0.203125 
0.546875 -0.204381 

0.546875 -0.204527 
0.562500 -0.206333 

0.538704 -0.203125 
0.531250 -0.201959 

0.787028 -0.203125 
0.781250 -0.209053 

0.787229 -0.203125 
0.796875 -0.191846 

0.800514 -0.187500 
0.796875 -0.191971 

0.839378 0.171875 
0.839993 0.156250 

0.837442 0.187500 
0.839704 0.171875 

0.683451 -0.187500 
0.687500 -0.186007 

0.014637 -0.093750 
0.015625 -0.093052 

0.837905 0.093750 
0.838967 0.109375 

0.838947 0.109375 
0.839552 0.125000 

0.466390 -0.265625 
0.468750 -0.266146 

0.453125 -0.261422 
0.437500 -0.255373 

0.467424 -0.265625 
0.453125 -0.261702 

0.468750 -0.175032 
0.484375 -0.184149 

0.491620 -0.187500 
0.484375 -0.184397 

0.874900 0.093750 
0.874787 0.109375 

0.874843 0.109375 
0.874310 0.125000 

0.323076 -0.109375 
0.325729 -0.125000 

0.321771 -0.093750 
0.323148 -0.109375 

0.432652 -0.140625 
0.437500 -0.146586 

0.421706 -0.125000 
0.421875 -0.125276 

0.432316 -0.140625 
0.422215 -0.125000 

0.839508 0.125000 
0.839785 0.140625 

0.839794 0.140625 
0.839813 0.156250 

0.834423 0.062500 
0.836319 0.078125 

0.836360 0.078125 
0.837893 0.093750 

0.562500 -0.206452 
0.578125 -0.207441 

0.593750 -0.207375 
0.578125 -0.207438 

0.421634 -0.125000 
0.414167 -0.109375 

0.413872 -0.109375 
0.407975 -0.093750 

0.843770 0.234375 
0.859375 0.231158 

0.871179 0.218750 
0.859375 0.230798 

0.843773 0.234375 
0.843750 0.234378 

0.594652 -0.406250 
0.593750 -0.407946 

0.751187 -0.234375 
0.750000 -0.235193 

0.750443 -0.234375 
0.765625 -0.223567 

0.771025 -0.218750 
0.765625 -0.223349 

0.328600 -0.031250 
0.333946 -0.015625 

0.334192 -0.015625 
0.341796 0.000000 

0.015246 -0.093750 
0.015625 -0.095497 

0.017604 -0.093750 
0.015625 -0.095357 

-0.015625 0.109375 
-0.015625 0.108896 

-0.003106 0.093750 
0.000000 0.096855 

-0.015688 0.109375 
-0.015625 0.109438 

0.344287 -0.171875 
0.353429 -0.187500 

0.014886 0.250000 
0.015625 0.248042 

0.016429 0.250000 
0.015625 0.246801 

0.482588 -0.328125 
0.484375 -0.333314 

0.487784 -0.328125 
0.484375 -0.332688 

0.482223 -0.328125 
0.484375 -0.326460 

0.488325 -0.328125 
0.484375 -0.326755 

0.847948 -0.093750 
0.843750 -0.107620 

0.802460 -0.062500 
0.808539 -0.046875 

0.808719 -0.046875 
0.812500 -0.034738 

0.822558 0.000000 
0.826190 0.015625 

0.826371 0.015625 
0.828125 0.025457 

0.829844 0.031250 
0.828125 0.020929 

0.464896 -0.171875 
0.468750 -0.174643 

0.446521 -0.156250 
0.453125 -0.162459 

0.464921 -0.171875 
0.453125 -0.162913 

0.814257 -0.031250 
0.812500 -0.037402 

0.750000 -0.142020 
0.734375 -0.155978 

0.546875 -0.279804 
0.531250 -0.277173 

0.558938 -0.281250 
0.546875 -0.280086 

0.031282 -0.109375 
0.031250 -0.109396 

0.062477 -0.109375 
0.062500 -0.109396 

0.031275 -0.093750 
0.031271 -0.109375 

0.062474 -0.109375 
0.062500 -0.104840 

0.384714 0.015625 
0.390625 0.011187 

0.397554 0.000000 
0.390625 0.009524 

0.383811 0.015625 
0.375000 0.019773 

0.826943 0.218750 
0.828125 0.221804 

0.840713 0.234375 
0.828125 0.221503 

0.839874 0.234375 
0.843750 0.235914 

0.296360 -0.437500 
0.296875 -0.439932 

0.301030 -0.437500 
0.296875 -0.439239 

0.609375 -0.206303 
0.593750 -0.207338 

0.625000 -0.204400 
0.609375 -0.206276 

0.787033 -0.093750 
0.795159 -0.078125 

0.795261 -0.078125 
0.796875 -0.074196 

0.802388 -0.062500 
0.796875 -0.075982 

0.575757 -0.406250 
0.578125 -0.407682 

0.579725 -0.406250 
0.578125 -0.407407 

0.873525 0.203125 
0.872538 0.187500 

0.870435 0.218750 
0.875000 0.204723 

0.870459 0.015625 
0.868468 0.000000 

0.872152 0.031250 
0.870440 0.015625 

0.842420 -0.109375 
0.836472 -0.125000 

0.842539 -0.109375 
0.843750 -0.105222 

0.786857 -0.093750 
0.781250 -0.103260 

0.751306 -0.140625 
0.750000 -0.141941 

0.751343 -0.140625 
0.765148 -0.125000 

0.403302 -0.031250 
0.402252 -0.015625 

0.402915 -0.015625 
0.397613 0.000000 

0.734375 -0.156300 
0.718750 -0.167525 

0.734432 -0.156250 
0.734375 -0.156297 

0.500000 -0.191571 
0.515625 -0.197254 

0.515625 -0.197461 
0.531250 -0.201794 

0.671875 -0.192281 
0.656250 -0.197493 

0.683721 -0.187500 
0.671875 -0.191845 

0.322646 -0.062500 
0.325072 -0.046875 

0.325336 -0.046875 
0.328125 -0.032716 

0.328511 -0.031250 
0.328125 -0.033288 

0.490215 -0.187500 
0.500000 -0.191501 

0.484375 -0.269169 
0.468750 -0.266271 

0.500000 -0.271688 
0.484375 -0.269105 

0.724123 -0.250000 
0.718750 -0.252466 

0.770708 -0.218750 
0.781250 -0.209136 

0.811680 -0.171875 
0.800922 -0.187500 

0.811698 -0.171875 
0.812500 -0.170544 

0.833051 0.203125 
0.837270 0.187500 

0.829851 0.218750 
0.830419 0.203125 

-0.281246 0.406250 
-0.281250 0.406246 

0.625000 -0.278129 
0.640625 -0.275669 

0.640625 -0.275668 
0.656250 -0.272618 

0.515625 -0.274176 
0.500000 -0.271597 

0.531250 -0.276957 
0.515625 -0.274156 

0.594164 -0.406250 
0.593750 -0.405584 

0.656250 -0.272650 
0.671875 -0.268950 

0.684234 -0.265625 
0.671875 -0.268603 

0.683881 -0.265625 
0.687500 -0.264789 

0.421875 -0.247393 
0.406250 -0.238193 

0.427065 -0.250000 
0.421875 -0.247634 

0.381251 -0.218750 
0.375000 -0.212977 

0.014189 0.250000 
0.015625 0.250676 

