0.687501 0.062500 
0.687500 0.062499 

0.107787 -0.234375 
0.109375 -0.234498 

0.109556 -0.234375 
0.109375 -0.234519 

0.108241 -0.234375 
0.109375 -0.227822 

0.109516 -0.234375 
0.109375 -0.225862 

0.594274 -0.046875 
0.595456 -0.062500 

0.594354 -0.046875 
0.595303 -0.031250 

0.640625 -0.108436 
0.625000 -0.104711 

0.640625 -0.107696 
0.656250 -0.106395 

0.599052 -0.078125 
0.609172 -0.093750 

0.594880 -0.062500 
0.599503 -0.078125 

0.800332 -0.406250 
0.796875 -0.402793 

0.640510 0.062500 
0.640625 0.062910 

0.645480 0.078125 
0.640625 0.062526 

0.645797 0.078125 
0.650690 0.093750 

0.781427 0.281250 
0.781250 0.281723 

0.789169 0.046875 
0.784157 0.031250 

0.793721 0.062500 
0.789301 0.046875 

0.000000 0.078121 
0.015625 0.078121 

0.000000 0.093702 
0.015625 0.093702 

0.626151 0.031250 
0.625000 0.029263 

0.701465 0.187500 
0.703125 0.187933 

0.703506 0.187500 
0.703125 0.187762 

0.687500 0.371070 
0.703125 0.369429 

0.703125 0.369777 
0.718750 0.365940 

0.604848 0.000000 
0.609375 0.007805 

0.615831 0.015625 
0.609375 0.004635 

0.616321 0.015625 
0.625000 0.030422 

-0.282480 0.406250 
-0.281250 0.407480 

0.805334 0.140625 
0.804253 0.125000 

0.805533 0.156250 
0.805338 0.140625 

0.191746 -0.250000 
0.187500 -0.251770 

0.203303 -0.250000 
0.203125 -0.250477 

0.531281 0.156250 
0.531250 0.156219 

0.693226 -0.093750 
0.687500 -0.095973 

0.781204 0.281250 
0.774638 0.296875 

0.774085 0.296875 
0.766085 0.312500 

0.644725 0.296875 
0.649214 0.281250 

0.640823 0.312500 
0.644041 0.296875 

0.625000 -0.104991 
0.609375 -0.094200 

-0.281246 0.406250 
-0.281250 0.406246 

0.764953 0.312500 
0.756490 0.328125 

0.765931 0.312500 
0.765625 0.313047 

0.756679 0.328125 
0.750000 0.339469 

0.803424 0.187500 
0.801416 0.203125 

0.801426 0.203125 
0.798795 0.218750 

0.704501 0.234375 
0.703125 0.233165 

0.688101 0.250000 
0.687500 0.246676 

0.703300 0.250000 
0.703125 0.249217 

0.186197 -0.250000 
0.187500 -0.247501 

0.657749 0.125000 
0.656250 0.115317 

0.656914 0.281250 
0.656250 0.283118 

0.671934 0.296875 
0.671875 0.281584 

0.656300 0.296875 
0.656250 0.296954 

0.671919 0.296875 
0.671875 0.296938 

0.656312 0.250000 
0.656250 0.250501 

0.672282 0.250000 
0.671875 0.250239 

0.702877 0.171875 
0.703125 0.171690 

0.703168 0.171875 
0.703125 0.171812 

0.702052 0.187500 
0.703125 0.184926 

0.703607 0.187500 
0.703125 0.184012 

0.595054 -0.031250 
0.598472 -0.015625 

0.598391 -0.015625 
0.604938 0.000000 

0.732563 0.359375 
0.734375 0.358314 

0.748006 0.343750 
0.734375 0.358056 

0.733016 0.359375 
0.718750 0.366469 

0.802233 0.109375 
0.799791 0.093750 

0.804218 0.125000 
0.802328 0.109375 

0.791402 0.250000 
0.786731 0.265625 

0.786524 0.265625 
0.781518 0.281250 

-0.015689 0.125000 
-0.015625 0.125064 

0.685635 0.062500 
0.687500 0.064365 

0.660471 0.203125 
0.661162 0.187500 

0.659687 0.218750 
0.660644 0.203125 

0.689145 0.250000 
0.687500 0.250280 

0.704350 0.250000 
0.703125 0.251576 

0.703231 0.265625 
0.703125 0.265636 

0.501898 0.296875 
0.500000 0.296077 

0.501435 0.296875 
0.500000 0.301677 

0.584045 -0.328125 
0.578125 -0.322205 

0.675633 -0.390625 
0.671875 -0.386867 

0.750789 -0.046875 
0.750000 -0.047983 

0.760004 -0.031250 
0.751117 -0.046875 

0.656250 0.371972 
0.671875 0.371967 

0.671875 0.371571 
0.687500 0.370711 

0.639698 0.328125 
0.640625 0.317437 

0.641168 0.312500 
0.640625 0.318617 

0.636415 0.343750 
0.640625 0.330980 

0.640715 0.328125 
0.640625 0.328542 

0.630076 0.343750 
0.630129 0.359375 

0.630449 0.359375 
0.640625 0.370197 

0.656250 0.374314 
0.640625 0.367987 

0.702088 0.140625 
0.703125 0.140208 

0.703985 0.140625 
0.703125 0.140088 

0.702124 0.140625 
0.703125 0.142131 

0.703733 0.140625 
0.703125 0.141983 

0.031092 -0.171875 
0.031250 -0.175830 

0.030864 -0.171875 
0.031250 -0.171672 

0.656250 -0.105971 
0.671875 -0.101971 

0.671875 -0.101721 
0.687500 -0.096372 

0.062496 -0.437500 
0.062500 -0.437504 

0.062504 -0.437500 
0.062500 -0.437504 

0.062496 -0.437500 
0.062500 -0.437496 

0.062504 -0.437500 
0.062500 -0.437496 

0.734397 -0.453125 
0.734375 -0.453103 

-0.003105 0.109375 
0.000000 0.112480 

0.656112 0.250000 
0.656250 0.248688 

0.661440 0.156250 
0.661893 0.171875 

0.671886 0.171875 
0.671875 0.171644 

0.661336 0.187500 
0.661760 0.171875 

0.001852 0.109375 
0.000000 0.106682 

0.469151 0.312500 
0.468750 0.312799 

0.499754 0.312500 
0.500000 0.312583 

0.658033 0.125000 
0.660091 0.140625 

0.672052 0.140625 
0.671875 0.140163 

0.659991 0.140625 
0.661293 0.156250 

0.671941 0.156250 
0.671875 0.155819 

0.657314 0.312500 
0.656250 0.313690 

0.784152 0.031250 
0.781250 0.021805 

0.719005 0.140625 
0.718750 0.140203 

0.718941 0.140625 
0.718750 0.141224 

0.747301 0.343750 
0.750000 0.339470 

0.530466 0.156250 
0.531250 0.157033 

0.691442 -0.421875 
0.687500 -0.417933 

0.805511 0.156250 
0.804856 0.171875 

0.804818 0.171875 
0.803436 0.187500 

0.390625 0.296846 
0.375000 0.296869 

0.390661 0.296875 
0.390625 0.296836 

0.376411 0.296875 
0.390625 0.297874 

0.390652 0.296875 
0.390625 0.298285 

0.738684 -0.062500 
0.750000 -0.048079 

0.720923 -0.078125 
0.718750 -0.079757 

0.720778 -0.078125 
0.734375 -0.066817 

0.738201 -0.062500 
0.734375 -0.066407 

0.375740 -0.296875 
0.375000 -0.301798 

0.390731 -0.296875 
0.390625 -0.297948 

0.375937 -0.296875 
0.375000 -0.296083 

0.390768 -0.296875 
0.390625 -0.296685 

0.793935 0.062500 
0.796875 0.077141 

0.797075 0.078125 
0.796875 0.076829 

0.799621 0.093750 
0.797158 0.078125 

0.623844 0.031250 
0.625000 0.033480 

0.795631 0.234375 
0.796875 0.227298 

0.798422 0.218750 
0.796875 0.227802 

0.795315 0.234375 
0.791412 0.250000 

0.760327 -0.031250 
0.765625 -0.018799 

0.767358 -0.015625 
0.765625 -0.020060 

0.772726 0.000000 
0.767302 -0.015625 

0.693194 -0.093750 
0.703125 -0.089608 

0.703125 -0.089248 
0.718750 -0.080033 

0.778010 0.015625 
0.772583 0.000000 

0.778167 0.015625 
0.781250 0.025475 

0.658145 0.234375 
0.659661 0.218750 

0.671895 0.218750 
0.671875 0.218825 

0.657964 0.234375 
0.656250 0.249078 

0.673737 0.234375 
0.671875 0.237294 

0.626329 0.031250 
0.634053 0.046875 

0.634366 0.046875 
0.640453 0.062500 

0.452838 -0.484375 
0.453125 -0.485078 

0.461749 -0.484375 
0.453125 -0.484757 

0.465506 -0.484375 
0.453125 -0.484008 

0.312438 -0.281250 
0.312500 -0.281188 

0.563008 -0.250000 
0.562500 -0.243088 

0.578132 -0.250000 
0.578125 -0.249824 

0.653179 0.265625 
0.655838 0.250000 

0.649516 0.281250 
0.653278 0.265625 

0.650843 0.093750 
0.654826 0.109375 

0.654944 0.109375 
0.656250 0.117333 

0.001718 -0.015625 
0.000000 -0.017343 

0.558469 -0.250000 
0.562500 -0.250468 

0.624700 0.359375 
0.625000 0.355222 

0.624060 0.359375 
0.625000 0.360933 

0.046533 -0.187500 
0.046875 -0.183483 

0.047772 -0.187500 
0.046875 -0.184398 

0.031382 -0.046875 
0.031250 -0.047007 

0.017309 -0.031250 
0.015625 -0.032934 

-0.001693 -0.015625 
0.000000 -0.013931 

-0.015625 0.000000 
-0.015625 0.000000 

-0.015625 0.000000 
0.000000 0.000000 

0.559528 -0.250000 
0.562500 -0.244655 

0.465834 0.312500 
0.468750 0.312450 

0.046566 -0.187500 
0.046875 -0.187647 

0.048219 -0.187500 
0.046875 -0.187784 

0.314288 -0.281250 
0.312500 -0.283038 

0.563084 -0.250000 
0.562500 -0.250501 

0.191664 -0.250000 
0.187500 -0.247847 

0.186139 -0.250000 
0.187500 -0.252111 

0.498544 0.296875 
0.500000 0.296137 

0.484229 0.312500 
0.484375 0.312256 

0.498793 0.296875 
0.500000 0.302080 

0.372212 -0.296875 
0.375000 -0.301059 

0.371519 -0.296875 
0.375000 -0.296213 

0.718756 0.187500 
0.718750 0.187272 

0.466193 0.312500 
0.468750 0.314655 

