0.851083 0.078125 
0.849908 0.062500 

0.851855 0.093750 
0.851078 0.078125 

0.671875 -0.099036 
0.656250 -0.106880 

0.679940 -0.093750 
0.671875 -0.098661 

0.838321 -0.015625 
0.834297 -0.031250 

0.841627 0.000000 
0.838348 -0.015625 

0.784964 0.203125 
0.785837 0.187500 

0.783627 0.218750 
0.784959 0.203125 

0.779620 0.250000 
0.781250 0.237438 

0.783762 -0.140625 
0.781250 -0.143847 

0.794452 -0.125000 
0.783765 -0.140625 

0.471241 -0.171875 
0.468750 -0.167698 

0.484414 -0.156250 
0.484375 -0.156384 

0.781272 0.093750 
0.782973 0.109375 

0.783123 0.109375 
0.784637 0.125000 

0.776642 0.265625 
0.779441 0.250000 

0.773503 0.281250 
0.776544 0.265625 

0.848051 0.187500 
0.845846 0.203125 

0.845675 0.203125 
0.843750 0.216041 

0.433354 -0.156250 
0.437500 -0.163983 

0.625000 -0.231491 
0.640625 -0.229143 

0.640625 -0.229146 
0.656250 -0.225700 

0.786186 0.156250 
0.786244 0.171875 

0.785836 0.187500 
0.786243 0.171875 

0.770699 0.296875 
0.773219 0.281250 

0.769810 0.296875 
0.770155 0.312500 

0.274275 0.125000 
0.265625 0.133650 

0.852259 0.125000 
0.851859 0.140625 

0.851863 0.140625 
0.851037 0.156250 

0.679923 -0.093750 
0.687500 -0.088940 

0.639750 -0.187500 
0.640625 -0.188375 

0.390482 -0.406250 
0.390625 -0.406059 

0.397929 -0.406250 
0.390625 -0.406107 

-0.015629 -0.015625 
-0.015625 -0.015629 

-0.001344 -0.015625 
-0.015625 -0.015625 

-0.001379 0.000000 
0.000000 -0.001382 

0.700464 -0.078125 
0.687500 -0.088485 

0.700348 -0.078125 
0.703125 -0.075621 

0.715985 -0.062500 
0.703125 -0.075628 

0.718750 -0.199825 
0.734375 -0.189963 

0.736984 -0.187500 
0.734375 -0.189460 

0.851039 0.156250 
0.849773 0.171875 

0.849783 0.171875 
0.848054 0.187500 

0.390505 -0.406250 
0.390625 -0.407458 

0.396415 -0.406250 
0.390625 -0.407117 

0.531250 -0.115338 
0.546875 -0.118776 

0.546875 -0.118798 
0.562500 -0.121091 

0.781896 0.234375 
0.783577 0.218750 

0.781635 0.234375 
0.781250 0.237991 

0.848300 0.046875 
0.846344 0.031250 

0.849910 0.062500 
0.848323 0.046875 

0.111744 0.109375 
0.109375 0.111744 

0.755168 0.000000 
0.761502 0.015625 

0.761705 0.015625 
0.765625 0.028402 

0.766819 0.031250 
0.765625 0.026866 

0.823664 0.281250 
0.816974 0.296875 

0.816749 0.296875 
0.812500 0.306332 

0.437546 -0.156250 
0.437500 -0.156062 

0.453289 -0.156250 
0.453125 -0.156168 

0.767296 0.312500 
0.778006 0.328125 

0.776600 0.328125 
0.781250 0.331198 

0.455948 -0.187500 
0.468750 -0.197869 

0.426629 -0.125000 
0.430866 -0.109375 

0.430316 -0.109375 
0.437500 -0.100874 

0.755480 -0.171875 
0.750000 -0.176906 

0.755497 -0.171875 
0.765625 -0.161690 

0.770766 -0.156250 
0.765625 -0.161862 

0.609375 -0.120464 
0.593750 -0.122010 

0.625000 -0.117530 
0.609375 -0.120475 

0.640625 -0.113159 
0.625000 -0.117537 

0.650882 -0.109375 
0.640625 -0.112780 

0.650354 -0.109375 
0.656250 -0.107333 

0.728521 -0.046875 
0.718750 -0.059486 

0.728372 -0.046875 
0.734375 -0.037513 

0.739178 -0.031250 
0.734375 -0.038935 

0.809967 0.312500 
0.812500 0.307100 

0.606441 -0.187500 
0.609375 -0.190434 

0.781268 0.093750 
0.781250 0.093587 

0.784639 0.125000 
0.785661 0.140625 

0.785657 0.140625 
0.786189 0.156250 

0.546875 -0.227539 
0.531250 -0.224215 

0.562500 -0.229965 
0.546875 -0.227526 

0.715726 -0.062500 
0.718750 -0.058944 

0.687517 -0.375000 
0.687500 -0.374983 

0.687511 -0.125000 
0.687500 -0.125011 

0.852245 0.109375 
0.851853 0.093750 

0.852253 0.125000 
0.852248 0.109375 

0.451786 -0.093750 
0.453125 -0.093333 

0.033078 0.171875 
0.031250 0.173703 

0.576815 -0.125000 
0.578125 -0.125059 

0.578125 -0.231568 
0.562500 -0.229942 

0.593750 -0.232434 
0.578125 -0.231561 

0.001329 0.000000 
0.000000 0.001329 

0.015730 0.015625 
0.015625 0.015730 

0.656250 -0.225638 
0.671875 -0.221212 

0.678513 -0.218750 
0.671875 -0.220767 

0.781229 0.093750 
0.781250 0.093979 

0.843214 0.218750 
0.843750 0.215001 

0.531279 -0.218750 
0.531250 -0.218745 

0.547076 -0.218750 
0.546875 -0.218707 

0.546872 -0.203125 
0.546861 -0.187500 

0.547043 -0.187500 
0.547243 -0.203125 

0.842932 0.218750 
0.839521 0.234375 

0.839480 0.234375 
0.835214 0.250000 

0.775281 0.062500 
0.778556 0.078125 

0.778651 0.078125 
0.781069 0.093750 

0.811203 0.312500 
0.797168 0.328125 

0.781250 0.331429 
0.796875 0.330889 

0.800414 0.328125 
0.796875 0.330663 

0.687500 -0.215224 
0.703125 -0.208360 

0.713419 -0.203125 
0.703125 -0.208068 

0.713085 -0.203125 
0.718750 -0.200310 

0.207068 0.375000 
0.203125 0.378943 

0.835179 0.250000 
0.830211 0.265625 

0.824150 0.281250 
0.828125 0.269932 

0.829675 0.265625 
0.828125 0.270363 

0.562500 -0.121105 
0.578125 -0.122180 

0.593750 -0.121992 
0.578125 -0.122196 

-0.015625 0.078124 
0.000000 0.078124 

-0.001351 0.093750 
0.000000 0.092357 

0.001327 0.093750 
0.000000 0.095077 

0.841705 0.000000 
0.843750 0.013886 

0.685868 -0.156250 
0.687500 -0.157882 

0.302552 0.265625 
0.296875 0.271302 

0.825411 -0.062500 
0.828125 -0.051895 

0.829618 -0.046875 
0.828125 -0.053132 

0.834056 -0.031250 
0.829821 -0.046875 

0.754941 0.000000 
0.750000 -0.011575 

0.510301 -0.109375 
0.515625 -0.110763 

0.515625 -0.110994 
0.531250 -0.115146 

0.512169 -0.109375 
0.500000 -0.105892 

0.412247 0.078125 
0.406250 0.084122 

0.048662 0.359375 
0.046875 0.361162 

0.819395 -0.078125 
0.812918 -0.093750 

0.825411 -0.062500 
0.819786 -0.078125 

0.500467 -0.156250 
0.500000 -0.151620 

0.844140 0.015625 
0.843750 0.012293 

0.846214 0.031250 
0.844192 0.015625 

0.546819 -0.187500 
0.546875 -0.187316 

0.531605 -0.171875 
0.531250 -0.163157 

0.812915 -0.093750 
0.812500 -0.094621 

0.794767 -0.125000 
0.796875 -0.121510 

0.804212 -0.109375 
0.796875 -0.122246 

0.812328 -0.093750 
0.804568 -0.109375 

0.770783 -0.156250 
0.781250 -0.143135 

0.016964 0.375000 
0.015625 0.376339 

-0.016190 0.328125 
-0.015625 0.327483 

-0.013165 0.328125 
-0.015625 0.327785 

-0.015914 0.328125 
-0.015625 0.329813 

-0.013114 0.328125 
-0.015625 0.329776 

0.452032 -0.093750 
0.437500 -0.102040 

0.453125 -0.094964 
0.468750 -0.095039 

0.736996 -0.187500 
0.750000 -0.177350 

0.470882 -0.156250 
0.468750 -0.156166 

0.485964 -0.156250 
0.484375 -0.155271 

0.500279 -0.156250 
0.500000 -0.156300 

0.530880 -0.156250 
0.531250 -0.156940 

0.468750 -0.095777 
0.484375 -0.099714 

0.484375 -0.100266 
0.500000 -0.105482 

0.513119 -0.218750 
0.500000 -0.214505 

0.502019 -0.203125 
0.500000 -0.201625 

0.677992 -0.218750 
0.687500 -0.215647 

0.739110 -0.031250 
0.747470 -0.015625 

0.747383 -0.015625 
0.750000 -0.009549 

0.766928 0.031250 
0.771197 0.046875 

0.771346 0.046875 
0.775274 0.062500 

0.442835 -0.171875 
0.453125 -0.184193 

0.457000 -0.187500 
0.453125 -0.183757 

0.442341 -0.171875 
0.437500 -0.163613 

0.455069 -0.171875 
0.453125 -0.169781 

0.511071 -0.218750 
0.515625 -0.220015 

0.531250 -0.224113 
0.515625 -0.220082 

0.609375 -0.232531 
0.593750 -0.232470 

0.609375 -0.232664 
0.625000 -0.231573 

0.476326 -0.203125 
0.484375 -0.207846 

0.500000 -0.214816 
0.484375 -0.207538 

0.479661 -0.203125 
0.468750 -0.196655 

0.488879 -0.203125 
0.484375 -0.200689 

0.428379 -0.140625 
0.432254 -0.156250 

0.429129 -0.125000 
0.429914 -0.140625 

0.827872 -0.390625 
0.828125 -0.391229 

0.837342 -0.390625 
0.828125 -0.391099 

0.827841 -0.390625 
0.828125 -0.389703 

0.836538 -0.390625 
0.828125 -0.389984 

