0.856150 0.078125 
0.855017 0.062500 

0.856896 0.093750 
0.856198 0.078125 

0.015603 -0.343750 
0.015625 -0.344283 

0.015889 -0.343750 
0.015625 -0.344648 

0.708498 -0.093750 
0.718750 -0.084135 

0.841355 -0.031250 
0.843750 -0.019047 

0.449515 -0.437500 
0.453125 -0.438432 

0.454020 -0.437500 
0.453125 -0.438391 

0.845050 -0.015625 
0.843750 -0.023009 

0.847863 0.000000 
0.845080 -0.015625 

0.795359 -0.140625 
0.783299 -0.156250 

0.795390 -0.140625 
0.796875 -0.138419 

0.805621 -0.125000 
0.796875 -0.139191 

0.250012 -0.437500 
0.250000 -0.437488 

0.450315 -0.437500 
0.453125 -0.434662 

0.454060 -0.437500 
0.453125 -0.433860 

0.416835 -0.093750 
0.421875 -0.090680 

0.437500 -0.086946 
0.421875 -0.090340 

0.796875 0.306938 
0.781250 0.300236 

0.796875 0.304730 
0.812500 0.301279 

0.562500 -0.137380 
0.578125 -0.138906 

0.578125 -0.138916 
0.593750 -0.139317 

0.437675 -0.187500 
0.437500 -0.187317 

0.000000 0.078121 
0.015625 0.078121 

0.003066 0.093750 
0.000000 0.093259 

0.625000 -0.240220 
0.640625 -0.236796 

0.648320 -0.234375 
0.640625 -0.236182 

0.647512 -0.234375 
0.656250 -0.232237 

0.737753 -0.062500 
0.748142 -0.046875 

0.748200 -0.046875 
0.750000 -0.043658 

-0.282480 0.406250 
-0.281250 0.407480 

0.856898 0.125000 
0.856458 0.140625 

0.856487 0.140625 
0.855698 0.156250 

0.797532 0.125000 
0.798144 0.140625 

0.798130 0.140625 
0.798342 0.156250 

0.671712 -0.437500 
0.671875 -0.442915 

0.674414 -0.437500 
0.671875 -0.441629 

0.125001 -0.500000 
0.125000 -0.499999 

0.729375 -0.203125 
0.718750 -0.209054 

0.729164 -0.203125 
0.734375 -0.200070 

0.734375 -0.199467 
0.750000 -0.188284 

0.855724 0.156250 
0.854478 0.171875 

0.854492 0.171875 
0.852709 0.187500 

0.765624 0.281250 
0.765625 0.281316 

0.775384 0.281250 
0.777849 0.296875 

0.777314 0.296875 
0.781250 0.301468 

0.517016 -0.125000 
0.531250 -0.129964 

0.853625 0.046875 
0.852079 0.031250 

0.854964 0.062500 
0.853598 0.046875 

0.405039 -0.140625 
0.406250 -0.143340 

0.401044 -0.125000 
0.404200 -0.140625 

0.671628 -0.437500 
0.671875 -0.437267 

0.675286 -0.437500 
0.671875 -0.437345 

0.671920 -0.421875 
0.671875 -0.421873 

0.454856 -0.203125 
0.468750 -0.212472 

0.437569 -0.187500 
0.453125 -0.201565 

0.455142 -0.203125 
0.453125 -0.201606 

0.757448 -0.031250 
0.764820 -0.015625 

0.764855 -0.015625 
0.765625 -0.013540 

0.771512 0.000000 
0.765625 -0.015554 

0.750284 -0.187500 
0.765625 -0.174339 

0.768070 -0.171875 
0.765625 -0.174225 

0.768075 -0.171875 
0.781250 -0.158018 

0.796977 0.203125 
0.797718 0.187500 

0.795572 0.218750 
0.796802 0.203125 

0.796900 0.203125 
0.796875 0.203596 

0.660374 -0.125000 
0.671875 -0.120037 

0.687500 -0.110630 
0.671875 -0.119546 

0.794980 0.093750 
0.796461 0.109375 

0.796548 0.109375 
0.796875 0.115486 

0.797392 0.125000 
0.796875 0.114722 

0.786196 0.265625 
0.791740 0.250000 

0.784360 0.265625 
0.781250 0.274372 

0.500000 -0.115705 
0.515625 -0.124054 

0.517862 -0.125000 
0.515625 -0.124218 

0.724308 -0.078125 
0.718750 -0.083977 

0.724609 -0.078125 
0.734375 -0.066178 

0.737390 -0.062500 
0.734375 -0.066343 

0.546875 -0.239633 
0.531250 -0.236853 

0.562500 -0.241758 
0.546875 -0.239698 

0.857087 0.109375 
0.856874 0.093750 

0.857050 0.109375 
0.856898 0.125000 

0.609375 -0.138516 
0.593750 -0.139374 

0.625000 -0.136264 
0.609375 -0.138536 

0.675633 -0.390625 
0.671875 -0.386867 

0.424521 -0.171875 
0.437500 -0.187313 

0.413765 -0.156250 
0.421875 -0.168606 

0.424198 -0.171875 
0.421875 -0.168625 

0.578125 -0.242936 
0.562500 -0.241791 

0.593750 -0.243106 
0.578125 -0.242932 

0.413025 -0.156250 
0.406250 -0.142462 

0.656250 -0.231797 
0.671875 -0.227020 

0.671875 -0.227010 
0.687500 -0.222014 

0.467515 -0.093750 
0.468750 -0.094146 

0.415413 -0.093750 
0.406250 -0.103150 

0.846395 0.218750 
0.843750 0.231963 

0.771537 0.000000 
0.777140 0.015625 

0.777386 0.015625 
0.781250 0.029081 

0.778575 0.281250 
0.781250 0.272895 

0.696879 -0.218750 
0.703125 -0.216802 

0.703125 -0.216638 
0.718750 -0.209507 

-0.001509 0.109375 
0.000000 0.108232 

-0.015645 0.109375 
-0.015625 0.109579 

-0.003467 0.109375 
0.000000 0.111659 

0.689026 -0.109375 
0.687500 -0.110434 

0.688447 -0.109375 
0.703125 -0.098825 

0.708569 -0.093750 
0.703125 -0.098463 

0.001512 0.109375 
0.000000 0.106309 

0.000468 0.109375 
0.000000 0.110123 

0.479485 -0.218750 
0.484375 -0.221130 

0.500000 -0.227548 
0.484375 -0.221183 

0.093888 -0.375000 
0.093750 -0.367502 

0.437500 -0.087421 
0.453125 -0.088866 

0.468460 -0.093750 
0.453125 -0.089214 

0.837382 -0.046875 
0.832932 -0.062500 

0.841267 -0.031250 
0.837342 -0.046875 

0.531250 -0.130216 
0.546875 -0.134635 

0.546875 -0.134635 
0.562500 -0.137494 

0.782522 0.031250 
0.781250 0.026189 

0.015521 -0.343750 
0.015625 -0.343655 

0.819747 0.296875 
0.828125 0.290498 

0.836184 0.281250 
0.828125 0.291367 

0.819471 0.296875 
0.812500 0.300700 

0.843257 0.234375 
0.843750 0.231451 

0.842578 0.234375 
0.840516 0.250000 

0.798201 0.171875 
0.798320 0.156250 

0.797768 0.187500 
0.798225 0.171875 

0.841005 0.250000 
0.839425 0.265625 

0.841043 0.265625 
0.835731 0.281250 

0.640625 -0.132512 
0.625000 -0.136289 

0.656250 -0.127252 
0.640625 -0.132437 

0.852765 0.187500 
0.850302 0.203125 

0.850349 0.203125 
0.847002 0.218750 

0.827332 -0.078125 
0.821439 -0.093750 

0.827397 -0.078125 
0.828125 -0.075575 

0.832815 -0.062500 
0.828125 -0.077948 

0.850251 0.015625 
0.847893 0.000000 

0.852133 0.031250 
0.850243 0.015625 

0.814241 -0.109375 
0.812500 -0.112908 

0.821281 -0.093750 
0.814471 -0.109375 

0.805965 -0.125000 
0.812500 -0.112146 

0.490630 -0.109375 
0.500000 -0.115252 

0.468750 -0.095057 
0.484375 -0.103654 

0.493020 -0.109375 
0.484375 -0.103927 

0.789919 0.062500 
0.792852 0.078125 

0.792858 0.078125 
0.795026 0.093750 

0.793804 0.234375 
0.795536 0.218750 

0.791297 0.250000 
0.794148 0.234375 

0.757208 -0.031250 
0.750000 -0.044791 

0.077801 -0.375000 
0.078125 -0.375107 

0.078588 -0.375000 
0.078125 -0.375085 

0.584045 -0.328125 
0.578125 -0.322205 

0.519292 -0.234375 
0.531250 -0.236810 

0.515625 -0.232908 
0.500000 -0.227711 

0.521527 -0.234375 
0.515625 -0.233127 

0.593750 -0.243140 
0.609375 -0.242282 

0.609375 -0.242354 
0.625000 -0.240253 

0.480328 -0.218750 
0.468750 -0.212831 

0.660642 -0.125000 
0.656250 -0.126759 

0.697189 -0.218750 
0.687500 -0.221724 

0.750908 -0.187500 
0.750000 -0.188249 

0.782868 -0.156250 
0.781250 -0.158061 

0.400425 -0.125000 
0.402836 -0.109375 

0.403563 -0.109375 
0.406250 -0.104759 

0.782448 0.031250 
0.786276 0.046875 

0.786319 0.046875 
0.789831 0.062500 

-0.281246 0.406250 
-0.281250 0.406246 

0.077886 -0.375000 
0.078125 -0.364376 

0.078455 -0.375000 
0.078125 -0.367753 

0.093961 -0.375000 
0.093750 -0.375117 

