0.765289 0.093750 
0.765625 0.095803 

0.780974 0.093750 
0.781250 0.095948 

0.237936 0.046875 
0.234375 0.050436 

0.730071 0.250000 
0.734375 0.250277 

0.734798 0.250000 
0.734375 0.250404 

0.749723 0.171875 
0.750000 0.171082 

0.732803 0.187500 
0.734375 0.186115 

0.749345 0.171875 
0.750000 0.174634 

0.749194 0.296875 
0.750000 0.296063 

0.609927 0.031250 
0.613848 0.046875 

0.614110 0.046875 
0.618286 0.062500 

0.793725 0.187500 
0.792300 0.203125 

0.792266 0.203125 
0.789925 0.218750 

0.760738 0.000000 
0.765625 0.012261 

0.768778 0.015625 
0.765625 0.007782 

0.763739 0.015625 
0.765625 0.020313 

0.775086 0.031250 
0.768821 0.015625 

0.652496 -0.218750 
0.656250 -0.222504 

0.623829 0.250000 
0.625000 0.241851 

0.790595 0.109375 
0.788780 0.093750 

0.792247 0.125000 
0.790516 0.109375 

0.607924 0.343750 
0.609375 0.357754 

0.609597 0.359375 
0.609375 0.357922 

0.618648 0.375000 
0.609375 0.361109 

0.626422 0.234375 
0.628667 0.218750 

0.626112 0.234375 
0.625000 0.242478 

0.779298 0.265625 
0.781250 0.257624 

0.779191 0.265625 
0.773506 0.281250 

0.783496 0.062500 
0.781250 0.051189 

0.750000 0.170345 
0.765625 0.170068 

0.780466 0.171875 
0.781250 0.170780 

0.750000 0.173861 
0.765625 0.174195 

0.780939 0.187500 
0.781250 0.173287 

0.599411 -0.046875 
0.608215 -0.062500 

0.609894 -0.062500 
0.609375 -0.061837 

0.597507 -0.031250 
0.600189 -0.046875 

0.656250 0.386126 
0.671875 0.382251 

0.671875 0.381626 
0.687500 0.375866 

0.602009 0.000000 
0.605628 0.015625 

0.605938 0.015625 
0.609375 0.030748 

0.609743 0.031250 
0.609375 0.029385 

0.794978 0.156250 
0.794740 0.171875 

0.794471 0.171875 
0.793550 0.187500 

0.765183 0.296875 
0.765625 0.295832 

0.773121 0.281250 
0.766382 0.296875 

0.757713 0.312500 
0.765625 0.297315 

0.765851 0.296875 
0.765625 0.297324 

0.234196 0.000000 
0.234375 0.000100 

0.235136 0.000000 
0.234375 0.000129 

0.613998 0.296875 
0.617133 0.281250 

0.611146 0.312500 
0.613924 0.296875 

0.632303 0.156250 
0.632347 0.171875 

0.631740 0.187500 
0.632341 0.171875 

-0.000096 -0.015625 
0.000000 -0.015644 

-0.000752 0.000000 
0.000000 -0.002535 

0.688405 -0.078125 
0.687500 -0.078464 

0.688293 -0.078125 
0.703125 -0.070891 

0.712726 -0.062500 
0.703125 -0.070793 

0.656250 -0.081599 
0.671875 -0.081193 

0.671875 -0.080886 
0.687500 -0.078253 

0.598046 -0.031250 
0.598866 -0.015625 

0.599147 -0.015625 
0.601828 0.000000 

0.618873 0.375000 
0.625000 0.380253 

0.749789 0.031250 
0.750000 0.031592 

0.749555 0.046875 
0.750000 0.049001 

0.783222 0.250000 
0.781250 0.258434 

0.095566 0.031250 
0.093750 0.033234 

0.109547 0.031250 
0.109375 0.034534 

0.625321 0.093750 
0.625000 0.091614 

0.789748 0.218750 
0.786910 0.234375 

0.787130 0.234375 
0.783705 0.250000 

0.637213 -0.078125 
0.640625 -0.079059 

0.656250 -0.081430 
0.640625 -0.079331 

0.637895 -0.078125 
0.625000 -0.073724 

0.764783 0.062500 
0.765625 0.062869 

0.781181 0.062500 
0.781250 0.063013 

0.750579 0.093750 
0.750000 0.093637 

0.781151 0.078125 
0.781250 0.078943 

0.731081 0.250000 
0.734375 0.245706 

0.734662 0.250000 
0.734375 0.244491 

0.733073 0.187500 
0.734375 0.189444 

0.747879 0.187500 
0.750000 0.189242 

0.747187 0.328125 
0.750000 0.324082 

0.733226 0.343750 
0.734375 0.342596 

0.746882 0.328125 
0.734375 0.342654 

0.757417 0.312500 
0.750000 0.324047 

0.630210 0.125000 
0.631599 0.140625 

0.631597 0.140625 
0.632307 0.156250 

0.714763 0.359375 
0.718750 0.356509 

0.688366 0.375000 
0.703125 0.367635 

0.715354 0.359375 
0.703125 0.367390 

0.074690 0.031250 
0.078125 0.031491 

0.093265 0.031250 
0.093750 0.033096 

0.718748 0.015625 
0.718750 0.015616 

0.748852 0.156250 
0.750000 0.154772 

0.750466 0.140625 
0.750000 0.140579 

0.781242 0.125000 
0.781250 0.125043 

0.765625 0.156207 
0.750000 0.155798 

0.781250 0.156250 
0.781250 0.155256 

0.750265 0.187500 
0.750000 0.187509 

0.724309 -0.046875 
0.718750 -0.053076 

0.724537 -0.046875 
0.734375 -0.036770 

0.742203 -0.031250 
0.734375 -0.039089 

0.764141 0.031250 
0.765625 0.033905 

0.779960 0.046875 
0.775096 0.031250 

0.764060 0.046875 
0.765625 0.048558 

0.779880 0.046875 
0.781250 0.053640 

0.640625 0.387100 
0.625000 0.380394 

0.656250 0.386607 
0.640625 0.386386 

0.748907 0.062500 
0.750000 0.063314 

0.618342 0.062500 
0.622139 0.078125 

0.622333 0.078125 
0.625000 0.092452 

0.625561 0.093750 
0.627990 0.109375 

0.628142 0.109375 
0.630207 0.125000 

0.733660 0.015625 
0.734375 0.012181 

0.748393 0.000000 
0.750000 0.002508 

0.733275 0.015625 
0.734375 0.016813 

0.748457 0.015625 
0.750000 0.017403 

0.786634 0.078125 
0.783700 0.062500 

0.788884 0.093750 
0.786627 0.078125 

0.793898 0.140625 
0.792381 0.125000 

0.794842 0.156250 
0.793988 0.140625 

0.689328 0.375000 
0.687500 0.375848 

0.733228 0.343750 
0.718750 0.356471 

0.741688 -0.031250 
0.750000 -0.020324 

0.748792 -0.015625 
0.750000 -0.013490 

0.754108 -0.015625 
0.750000 -0.021708 

0.761633 0.000000 
0.753786 -0.015625 

0.712180 -0.062500 
0.718750 -0.055557 

0.189659 0.171875 
0.187500 0.171280 

0.203935 0.171875 
0.203125 0.170940 

0.189594 0.171875 
0.187500 0.173397 

0.203698 0.171875 
0.203125 0.173442 

0.609245 0.328125 
0.609375 0.326645 

0.610911 0.312500 
0.609375 0.325480 

0.608172 0.343750 
0.608656 0.328125 

0.620492 0.265625 
0.623523 0.250000 

0.617194 0.281250 
0.620415 0.265625 

0.233562 -0.015625 
0.234375 -0.016075 

0.234803 -0.015625 
0.234375 -0.015703 

0.233968 -0.015625 
0.234179 0.000000 

0.235207 -0.015625 
0.235030 0.000000 

0.656315 -0.218750 
0.656250 -0.218685 

0.140535 0.000000 
0.140625 -0.000418 

0.154449 0.000000 
0.156250 -0.001390 

0.014180 0.000000 
0.015625 0.000561 

0.017215 0.015625 
0.015625 0.014708 

0.030500 0.015625 
0.031250 0.016079 

0.630514 0.203125 
0.631732 0.187500 

0.628710 0.218750 
0.630500 0.203125 

0.608207 -0.062500 
0.609375 -0.063751 

0.625000 -0.074643 
0.609375 -0.063386 

0.171232 0.000000 
0.171875 -0.001518 

0.178145 0.000000 
0.171875 -0.001443 

0.186136 0.171875 
0.187500 0.170866 

0.186399 0.171875 
0.187500 0.173962 

0.140444 0.000000 
0.140625 0.000352 

0.154202 0.000000 
0.156250 0.000591 

0.031922 0.015625 
0.031250 0.015345 

0.045107 0.015625 
0.046875 0.016472 

0.048071 0.031250 
0.046875 0.030149 

0.061253 0.031250 
0.062500 0.031460 

0.001118 0.000000 
0.000000 -0.000855 

0.171210 0.000000 
0.171875 0.000697 

0.178964 0.000000 
0.171875 0.000707 

0.187502 0.000000 
0.187500 0.000005 

0.095399 0.031250 
0.093750 0.031128 

0.109708 0.031250 
0.109375 0.030969 

0.063597 0.031250 
0.062500 0.030665 

0.092845 0.031250 
0.093750 0.030974 

