0.848221 0.078125 
0.846974 0.062500 

0.849068 0.093750 
0.848223 0.078125 

0.661444 -0.093750 
0.656250 -0.096332 

0.575554 -0.187500 
0.578125 -0.191117 

0.578672 -0.187500 
0.578125 -0.192451 

0.834660 -0.015625 
0.830790 -0.031250 

0.838254 0.000000 
0.834764 -0.015625 

0.746268 0.000000 
0.750000 0.009762 

0.775215 0.234375 
0.777026 0.218750 

0.772905 0.250000 
0.775218 0.234375 

0.788946 -0.125000 
0.781250 -0.135985 

0.470920 -0.187500 
0.468750 -0.185582 

0.770103 0.265625 
0.772889 0.250000 

0.766966 0.281250 
0.770013 0.265625 

0.845440 0.187500 
0.843750 0.201964 

0.625000 -0.225335 
0.640625 -0.223367 

0.640625 -0.223336 
0.656250 -0.220300 

0.763926 0.296875 
0.765625 0.285918 

0.766419 0.281250 
0.765625 0.286437 

0.761949 0.312500 
0.762958 0.296875 

0.274276 0.125000 
0.265625 0.133651 

0.849576 0.125000 
0.849235 0.140625 

0.849243 0.140625 
0.848473 0.156250 

0.661304 -0.093750 
0.671875 -0.088268 

0.686183 -0.078125 
0.671875 -0.087745 

0.685960 -0.078125 
0.687500 -0.076962 

-0.015629 -0.015625 
-0.015625 -0.015629 

-0.000559 -0.015625 
-0.015625 -0.015625 

-0.001379 0.000000 
0.000000 -0.001382 

0.703125 -0.063091 
0.687500 -0.076794 

0.703634 -0.062500 
0.703125 -0.063010 

0.728559 -0.187500 
0.718750 -0.193600 

0.848477 0.156250 
0.847253 0.171875 

0.847246 0.171875 
0.845575 0.187500 

0.777739 0.125000 
0.778843 0.140625 

0.778837 0.140625 
0.779436 0.156250 

0.531447 -0.109375 
0.546875 -0.111469 

0.546875 -0.111745 
0.562500 -0.113403 

0.531716 -0.109375 
0.531250 -0.109319 

0.845215 0.046875 
0.843750 0.032448 

0.846947 0.062500 
0.845357 0.046875 

0.111744 0.109375 
0.109375 0.111744 

0.752838 0.015625 
0.750000 0.007901 

0.752972 0.015625 
0.758673 0.031250 

0.821399 0.281250 
0.814495 0.296875 

0.813823 0.296875 
0.812500 0.299671 

0.440700 -0.140625 
0.446097 -0.156250 

0.439815 -0.125000 
0.439897 -0.140625 

0.453159 -0.140625 
0.453125 -0.136939 

0.761003 0.312500 
0.765159 0.328125 

0.764954 0.328125 
0.765625 0.329116 

0.781250 0.339520 
0.765625 0.331667 

0.764288 -0.156250 
0.750000 -0.170503 

0.609375 -0.111511 
0.593750 -0.113391 

0.620479 -0.109375 
0.609375 -0.111247 

0.619478 -0.109375 
0.625000 -0.108379 

0.640625 -0.103258 
0.625000 -0.108093 

0.656250 -0.096763 
0.640625 -0.103164 

0.728780 -0.031250 
0.718750 -0.045757 

0.843526 0.031250 
0.843750 0.033779 

0.806278 0.312500 
0.812500 0.299653 

0.593832 -0.187500 
0.593750 -0.189858 

0.574610 -0.187500 
0.578125 -0.186959 

0.578530 -0.187500 
0.578125 -0.187137 

0.577456 -0.171875 
0.578125 -0.171774 

0.578662 -0.171875 
0.578125 -0.171458 

0.535598 -0.218750 
0.546875 -0.220736 

0.562500 -0.223339 
0.546875 -0.220950 

0.703629 -0.062500 
0.717434 -0.046875 

0.717226 -0.046875 
0.718750 -0.044888 

0.687517 -0.375000 
0.687500 -0.374983 

0.718739 -0.156250 
0.718750 -0.156239 

0.849512 0.109375 
0.849065 0.093750 

0.849570 0.125000 
0.849511 0.109375 

0.779433 0.156250 
0.779546 0.171875 

0.779181 0.187500 
0.779545 0.171875 

0.033078 0.171875 
0.031250 0.173703 

0.577071 -0.125000 
0.578125 -0.125073 

0.578125 -0.224908 
0.562500 -0.223320 

0.593750 -0.225784 
0.578125 -0.224855 

0.001329 0.000000 
0.000000 0.001329 

0.015730 0.015625 
0.015625 0.015730 

0.661138 -0.218750 
0.656250 -0.219870 

0.778341 0.203125 
0.779181 0.187500 

0.777023 0.218750 
0.778343 0.203125 

0.773923 0.093750 
0.776123 0.109375 

0.776113 0.109375 
0.777747 0.125000 

0.843512 0.203125 
0.843750 0.200892 

0.843304 0.203125 
0.840652 0.218750 

0.537537 -0.218750 
0.531250 -0.217613 

0.840620 0.218750 
0.837151 0.234375 

0.837144 0.234375 
0.832936 0.250000 

0.767764 0.062500 
0.771065 0.078125 

0.771127 0.078125 
0.773931 0.093750 

0.806752 0.312500 
0.796875 0.327024 

0.781250 0.337942 
0.796875 0.330108 

0.798420 0.328125 
0.796875 0.329833 

0.702533 -0.203125 
0.687500 -0.209355 

0.701659 -0.203125 
0.703125 -0.202520 

0.703125 -0.202207 
0.718750 -0.193948 

0.207068 0.375000 
0.203125 0.378943 

0.827770 0.265625 
0.828125 0.264334 

0.832783 0.250000 
0.828176 0.265625 

0.827528 0.265625 
0.821636 0.281250 

0.562500 -0.113442 
0.578125 -0.114005 

0.593750 -0.113382 
0.578125 -0.114019 

-0.015625 0.078124 
0.000000 0.078124 

-0.001351 0.093750 
0.000000 0.092357 

0.001327 0.093750 
0.000000 0.095077 

0.841166 0.015625 
0.838245 0.000000 

0.843454 0.031250 
0.841248 0.015625 

0.685868 -0.156250 
0.687500 -0.157882 

0.302552 0.265625 
0.296875 0.271302 

0.826798 -0.046875 
0.821821 -0.062500 

0.826724 -0.046875 
0.828125 -0.040430 

0.830525 -0.031250 
0.828125 -0.041966 

0.500000 -0.102239 
0.515625 -0.105832 

0.515625 -0.106052 
0.531250 -0.109029 

0.807828 -0.093750 
0.812500 -0.083016 

0.412247 0.078125 
0.406250 0.084122 

0.048662 0.359375 
0.046875 0.361162 

0.015439 0.375000 
0.015625 0.374847 

0.815145 -0.078125 
0.812500 -0.084455 

0.821522 -0.062500 
0.815325 -0.078125 

0.534973 -0.171875 
0.531250 -0.172566 

0.534502 -0.171875 
0.531250 -0.170587 

0.789116 -0.125000 
0.796875 -0.112118 

0.799220 -0.109375 
0.796875 -0.113279 

0.807529 -0.093750 
0.799237 -0.109375 

0.764257 -0.156250 
0.765625 -0.154735 

0.777338 -0.140625 
0.765625 -0.154797 

0.777394 -0.140625 
0.781250 -0.135432 

0.015570 0.375000 
0.015625 0.378107 

0.015973 0.375000 
0.015625 0.379571 

-0.015893 0.328125 
-0.015625 0.327942 

-0.014945 0.328125 
-0.015625 0.328043 

-0.015763 0.328125 
-0.015625 0.336398 

-0.015063 0.328125 
-0.015625 0.336290 

0.438737 -0.125000 
0.447732 -0.109375 

0.453250 -0.109375 
0.453125 -0.109469 

0.447243 -0.109375 
0.453125 -0.104005 

0.468750 -0.097495 
0.453125 -0.104557 

0.728535 -0.187500 
0.734375 -0.183684 

0.748739 -0.171875 
0.734375 -0.183301 

0.748505 -0.171875 
0.750000 -0.170534 

0.472294 -0.125000 
0.468750 -0.126109 

0.530736 -0.171875 
0.531250 -0.172678 

0.530723 -0.171875 
0.531250 -0.170178 

0.472513 -0.109375 
0.468750 -0.109486 

0.499999 -0.109375 
0.500000 -0.109375 

0.484375 -0.098232 
0.468750 -0.098568 

0.484375 -0.098947 
0.500000 -0.101762 

0.515625 -0.212878 
0.500000 -0.206635 

0.531250 -0.217539 
0.515625 -0.212925 

0.660565 -0.218750 
0.671875 -0.215768 

0.671875 -0.215417 
0.687500 -0.209573 

0.728633 -0.031250 
0.734375 -0.021201 

0.738480 -0.015625 
0.734375 -0.022922 

0.738495 -0.015625 
0.746197 0.000000 

0.758875 0.031250 
0.763742 0.046875 

0.763899 0.046875 
0.765625 0.054873 

0.767547 0.062500 
0.765625 0.053240 

0.456005 -0.171875 
0.468750 -0.186075 

0.446284 -0.156250 
0.453125 -0.168421 

0.455476 -0.171875 
0.453125 -0.168108 

0.609375 -0.226082 
0.593750 -0.225865 

0.609375 -0.226161 
0.625000 -0.225349 

0.492711 -0.203125 
0.500000 -0.206717 

0.469866 -0.187500 
0.484375 -0.198318 

0.494623 -0.203125 
0.484375 -0.197823 

0.874805 -0.343750 
0.875000 -0.343428 

0.514499 -0.421875 
0.515625 -0.422381 

0.516765 -0.421875 
0.515625 -0.422548 

0.514540 -0.421875 
0.515625 -0.419186 

0.516431 -0.421875 
0.515625 -0.419421 

0.890417 -0.359375 
0.890625 -0.359396 

0.887436 -0.343750 
0.890625 -0.345629 

0.891133 -0.343750 
0.890625 -0.346915 

0.885640 -0.343750 
0.890625 -0.343289 

0.593885 -0.187500 
0.593750 -0.187331 

0.593967 -0.171875 
0.593750 -0.171205 

0.874813 -0.343750 
0.875000 -0.344854 

