0.860412 0.062500 
0.862060 0.078125 

0.861631 0.093750 
0.862410 0.078125 

0.367904 -0.140625 
0.375000 -0.154733 

0.367511 -0.140625 
0.361073 -0.125000 

0.546875 -0.306009 
0.531250 -0.304756 

0.562500 -0.306768 
0.546875 -0.306009 

0.869333 -0.078125 
0.865142 -0.093750 

0.872732 -0.062500 
0.869394 -0.078125 

0.422800 -0.281250 
0.437500 -0.285742 

0.712786 -0.281250 
0.718750 -0.279161 

0.844979 -0.031250 
0.848284 -0.015625 

0.848402 -0.015625 
0.851772 0.000000 

0.607143 -0.250000 
0.593750 -0.250710 

0.443132 -0.218750 
0.453125 -0.223621 

0.453125 -0.223731 
0.468750 -0.230587 

0.353052 -0.093750 
0.351344 -0.078125 

0.351317 -0.078125 
0.351070 -0.062500 

0.788602 -0.156250 
0.796875 -0.143986 

0.799334 -0.140625 
0.796875 -0.144302 

0.799689 -0.140625 
0.808765 -0.125000 

0.885310 0.062500 
0.884850 0.078125 

0.886129 0.093750 
0.884825 0.078125 

0.578125 -0.307012 
0.562500 -0.306788 

0.578125 -0.307027 
0.593750 -0.306649 

0.032353 0.109375 
0.031250 0.108934 

0.032332 0.109375 
0.031250 0.111008 

0.299593 -0.171875 
0.307406 -0.187500 

0.293261 -0.156250 
0.296875 -0.165944 

0.299303 -0.171875 
0.296875 -0.165452 

0.421875 -0.280647 
0.406250 -0.274220 

0.423840 -0.281250 
0.421875 -0.280687 

0.000985 0.093750 
0.000000 0.092671 

0.016058 0.093750 
0.015625 0.093146 

0.406250 -0.274077 
0.390625 -0.265683 

0.390625 -0.264670 
0.375000 -0.253677 

0.392096 -0.265625 
0.390625 -0.264763 

0.640625 -0.245259 
0.625000 -0.247881 

0.656250 -0.241774 
0.640625 -0.245298 

0.390625 0.114368 
0.375000 0.109691 

0.406250 0.117879 
0.390625 0.114762 

0.858502 0.125000 
0.859375 0.131394 

0.862240 0.140625 
0.859375 0.129617 

0.859260 0.140625 
0.859375 0.140862 

0.874885 0.156250 
0.859375 0.140960 

0.875065 -0.046875 
0.875000 -0.047447 

0.877286 -0.031250 
0.875190 -0.046875 

-0.000428 0.000000 
0.000000 -0.000398 

0.125001 -0.500000 
0.125000 -0.499999 

0.287199 -0.140625 
0.292715 -0.156250 

0.282941 -0.125000 
0.287176 -0.140625 

0.734375 -0.207733 
0.718750 -0.216860 

0.740705 -0.203125 
0.734375 -0.207519 

0.740301 -0.203125 
0.750000 -0.196167 

0.872779 -0.062500 
0.875000 -0.047184 

0.844978 -0.031250 
0.843750 -0.038081 

0.873400 0.156250 
0.875000 0.157052 

0.276518 -0.078125 
0.277628 -0.093750 

0.276308 -0.062500 
0.276533 -0.078125 

0.857259 0.031250 
0.858958 0.046875 

0.858905 0.046875 
0.859375 0.053278 

0.860601 0.062500 
0.859375 0.052494 

0.842069 -0.156250 
0.843750 -0.151792 

0.375836 -0.156250 
0.375000 -0.154668 

0.593750 -0.306649 
0.609375 -0.305640 

0.609375 -0.305642 
0.625000 -0.303998 

0.453125 -0.290682 
0.437500 -0.285912 

0.468750 -0.294933 
0.453125 -0.290829 

0.252356 0.062500 
0.250000 0.074414 

0.444365 -0.218750 
0.437500 -0.215281 

0.825398 -0.187500 
0.828125 -0.182518 

0.834293 -0.171875 
0.828125 -0.183595 

0.841918 -0.156250 
0.834492 -0.171875 

0.284066 0.000000 
0.281250 -0.013235 

0.759725 -0.187500 
0.765625 -0.181970 

0.775275 -0.171875 
0.765625 -0.181919 

0.775334 -0.171875 
0.781250 -0.164941 

0.664068 -0.296875 
0.656250 -0.298318 

0.663349 -0.296875 
0.671875 -0.295234 

0.671875 -0.295085 
0.687500 -0.290768 

0.046817 -0.078125 
0.046875 -0.078175 

0.048367 -0.078125 
0.046875 -0.078196 

0.046810 -0.078125 
0.046875 -0.064239 

0.047880 -0.078125 
0.046875 -0.069023 

0.562500 -0.250717 
0.578125 -0.251129 

0.593750 -0.250858 
0.578125 -0.251169 

0.276309 -0.062500 
0.276938 -0.046875 

0.276958 -0.046875 
0.278397 -0.031250 

0.373357 0.015625 
0.365511 0.000000 

0.373649 0.015625 
0.375000 0.017742 

0.848601 -0.140625 
0.843750 -0.153368 

0.854703 -0.125000 
0.848747 -0.140625 

0.786747 -0.234375 
0.781250 -0.239398 

0.786619 -0.234375 
0.796875 -0.224148 

0.801838 -0.218750 
0.796875 -0.224174 

0.443774 0.093750 
0.439181 0.109375 

0.315476 0.062500 
0.328125 0.077591 

0.328564 0.078125 
0.328125 0.077671 

0.328580 0.078125 
0.343750 0.091440 

0.346622 0.093750 
0.343750 0.091780 

0.802109 -0.218750 
0.812500 -0.205595 

0.350639 -0.234375 
0.359375 -0.240865 

0.371828 -0.250000 
0.359375 -0.240834 

0.350551 -0.234375 
0.343750 -0.229176 

0.253075 0.062500 
0.250000 0.060916 

0.531250 -0.247810 
0.546875 -0.249697 

0.551619 -0.250000 
0.546875 -0.249735 

0.859867 0.109375 
0.862697 0.093750 

0.859275 0.125000 
0.859375 0.120340 

0.860511 0.109375 
0.859375 0.121924 

0.356664 -0.109375 
0.359375 -0.120094 

0.360750 -0.125000 
0.359375 -0.119739 

0.356206 -0.109375 
0.353013 -0.093750 

0.317764 -0.203125 
0.328125 -0.215286 

0.331568 -0.218750 
0.328125 -0.215285 

0.317550 -0.203125 
0.312500 -0.195290 

0.284237 0.000000 
0.289397 0.015625 

0.289522 0.015625 
0.295870 0.031250 

0.000385 0.000000 
0.000000 0.000414 

0.515625 -0.302965 
0.500000 -0.300726 

0.531250 -0.304767 
0.515625 -0.302999 

0.625000 -0.304008 
0.640625 -0.301709 

0.640625 -0.301694 
0.656250 -0.298750 

0.671875 -0.237286 
0.656250 -0.241761 

0.679994 -0.234375 
0.671875 -0.236756 

0.679419 -0.234375 
0.687500 -0.231927 

0.358985 -0.015625 
0.355278 -0.031250 

0.359399 -0.015625 
0.359375 -0.015733 

0.359048 -0.015625 
0.359375 -0.014577 

0.365202 0.000000 
0.359401 -0.015625 

-0.015627 0.000000 
-0.015625 0.000037 

-0.001326 0.000000 
0.000000 0.001311 

0.767899 -0.250000 
0.781250 -0.239560 

0.715805 -0.218750 
0.718750 -0.217360 

0.218750 0.187500 
0.218750 0.203125 

0.001265 0.000000 
0.000000 -0.001271 

0.015642 0.000000 
0.015625 -0.000365 

-0.015625 0.093750 
-0.015625 0.093751 

-0.003517 0.093750 
0.000000 0.095570 

0.246896 0.062500 
0.250000 0.074154 

0.387094 -0.171875 
0.390625 -0.176147 

0.401148 -0.187500 
0.390625 -0.175900 

0.386903 -0.171875 
0.376378 -0.156250 

0.280084 -0.109375 
0.281250 -0.116852 

0.277609 -0.093750 
0.279675 -0.109375 

0.371340 -0.250000 
0.375000 -0.252844 

0.854995 -0.125000 
0.859375 -0.111098 

0.860149 -0.109375 
0.859375 -0.112142 

0.864944 -0.093750 
0.860419 -0.109375 

-0.002630 0.093750 
0.000000 0.093241 

0.000319 0.093750 
0.000000 0.095117 

0.030456 0.109375 
0.031250 0.109019 

0.030672 0.109375 
0.031250 0.110768 

0.477537 -0.234375 
0.484375 -0.236427 

0.484375 -0.236478 
0.500000 -0.240907 

0.479580 -0.234375 
0.468750 -0.230830 

0.836199 -0.062500 
0.841053 -0.046875 

0.841260 -0.046875 
0.843750 -0.035670 

0.687500 -0.290721 
0.703125 -0.285327 

0.713283 -0.281250 
0.703125 -0.284807 

0.551117 -0.250000 
0.562500 -0.250575 

0.442270 0.093750 
0.437500 0.079462 

0.384287 0.031250 
0.375000 0.017467 

0.045621 0.343750 
0.046875 0.343643 

0.047672 0.343750 
0.046875 0.343136 

0.418163 0.062500 
0.406250 0.052845 

0.406250 0.118805 
0.421875 0.117721 

0.421875 0.118673 
0.437500 0.109633 

0.418981 0.062500 
0.421875 0.064883 

0.435147 0.078125 
0.421875 0.064081 

0.436775 0.078125 
0.437500 0.079788 

0.031729 0.359375 
0.031250 0.355238 

0.047232 0.343750 
0.046875 0.345063 

0.015613 0.359375 
0.015625 0.359337 

0.030606 0.359375 
0.031250 0.357844 

0.029889 0.359375 
0.031250 0.360057 

0.246112 0.062500 
0.250000 0.061036 

0.824185 -0.093750 
0.828125 -0.082925 

0.830423 -0.078125 
0.828125 -0.084759 

0.830591 -0.078125 
0.836059 -0.062500 

0.315441 0.062500 
0.312500 0.058204 

0.851869 0.000000 
0.854875 0.015625 

0.854914 0.015625 
0.857282 0.031250 

0.077954 0.015625 
0.078125 0.015210 

0.082875 0.015625 
0.093750 0.015182 

0.077957 0.015625 
0.078125 0.016225 

0.084334 0.015625 
0.093750 0.016308 

0.816925 -0.109375 
0.812500 -0.118981 

0.817012 -0.109375 
0.823936 -0.093750 

0.809005 -0.125000 
0.812500 -0.117616 

0.384787 0.031250 
0.390625 0.038025 

0.399121 0.046875 
0.390625 0.038181 

0.399342 0.046875 
0.406250 0.053027 

0.094046 0.015625 
0.093750 0.014967 

0.094093 0.015625 
0.093750 0.016788 

0.046752 -0.062500 
0.046875 -0.062398 

0.307533 -0.187500 
0.312500 -0.195619 

0.814484 -0.203125 
0.812500 -0.205709 

0.825227 -0.187500 
0.814942 -0.203125 

0.888994 0.109375 
0.885673 0.093750 

0.889203 0.109375 
0.890625 0.118702 

0.891297 0.125000 
0.890625 0.118193 

0.331780 -0.218750 
0.343750 -0.229250 

0.500000 -0.240990 
0.515625 -0.244795 

0.515625 -0.244838 
0.531250 -0.247769 

0.607044 -0.250000 
0.609375 -0.249868 

0.625000 -0.247883 
0.609375 -0.249677 

0.703125 -0.225182 
0.687500 -0.231720 

0.715973 -0.218750 
0.703125 -0.224705 

0.883997 0.156250 
0.875000 0.158215 

0.718750 -0.278910 
0.734375 -0.271650 

0.745066 -0.265625 
0.734375 -0.271161 

0.744791 -0.265625 
0.750000 -0.262841 

0.892005 0.125000 
0.891714 0.140625 

0.881317 0.156250 
0.890625 0.150373 

0.892383 0.140625 
0.890625 0.145033 

0.759758 -0.187500 
0.750000 -0.195877 

0.352345 -0.046875 
0.351063 -0.062500 

0.355116 -0.031250 
0.352402 -0.046875 

0.788305 -0.156250 
0.781250 -0.165087 

0.282745 -0.125000 
0.281250 -0.116325 

0.419761 -0.203125 
0.421875 -0.204716 

0.421875 -0.205120 
0.437500 -0.215033 

0.419799 -0.203125 
0.406250 -0.192407 

0.885111 0.046875 
0.884577 0.031250 

0.885352 0.046875 
0.884989 0.062500 

0.346621 0.093750 
0.359375 0.101694 

0.375000 0.109280 
0.359375 0.102051 

0.374591 0.109375 
0.375000 0.109544 

0.879716 -0.015625 
0.877437 -0.031250 

0.881791 0.000000 
0.879799 -0.015625 

0.278463 -0.031250 
0.280537 -0.015625 

0.280534 -0.015625 
0.281250 -0.011320 

0.883341 0.015625 
0.881782 0.000000 

0.884484 0.031250 
0.883342 0.015625 

0.401392 -0.187500 
0.406250 -0.192084 

0.750000 -0.262387 
0.765625 -0.252296 

0.768557 -0.250000 
0.765625 -0.252221 

0.476392 -0.296875 
0.484375 -0.298135 

0.500000 -0.300649 
0.484375 -0.298159 

0.478804 -0.296875 
0.468750 -0.295093 

0.296308 0.031250 
0.296875 0.032374 

0.304738 0.046875 
0.296875 0.031850 

0.305070 0.046875 
0.312500 0.058537 

0.219788 0.187500 
0.219788 0.203125 

0.234375 0.187500 
0.234375 0.203125 

0.169224 0.359375 
0.171875 0.353513 

0.171876 0.359375 
0.171875 0.356307 

0.171935 0.359375 
0.171875 0.359435 

