0.856401 0.078125 
0.855377 0.062500 

0.857058 0.093750 
0.856394 0.078125 

0.659471 -0.125000 
0.671875 -0.119772 

0.687500 -0.110682 
0.671875 -0.119315 

0.841204 -0.031250 
0.843750 -0.017312 

0.844214 -0.015625 
0.843750 -0.018724 

0.846953 0.000000 
0.844276 -0.015625 

0.797166 0.203125 
0.797989 0.187500 

0.795773 0.218750 
0.796875 0.204993 

0.797015 0.203125 
0.796875 0.205478 

0.794828 -0.140625 
0.783308 -0.156250 

0.795168 -0.140625 
0.796875 -0.138015 

0.805086 -0.125000 
0.796875 -0.138580 

0.468924 -0.187500 
0.468750 -0.183239 

0.890663 0.093750 
0.890625 0.093712 

0.794240 0.093750 
0.796034 0.109375 

0.796115 0.109375 
0.796875 0.120117 

0.797234 0.125000 
0.796875 0.118787 

0.734184 -0.437500 
0.734236 -0.421875 

0.734557 -0.437500 
0.734513 -0.421875 

0.609375 -0.138214 
0.593750 -0.139255 

0.625000 -0.135795 
0.609375 -0.138226 

0.781706 0.031250 
0.785329 0.046875 

0.785518 0.046875 
0.788986 0.062500 

0.852686 0.187500 
0.850354 0.203125 

0.850347 0.203125 
0.847457 0.218750 

0.418704 -0.171875 
0.421875 -0.175979 

0.432529 -0.187500 
0.421875 -0.175627 

0.409939 -0.156250 
0.418324 -0.171875 

0.625000 -0.242069 
0.640625 -0.239536 

0.640625 -0.239493 
0.656250 -0.236175 

0.781650 0.031250 
0.781250 0.029521 

0.798521 0.171875 
0.798569 0.156250 

0.798034 0.187500 
0.798518 0.171875 

0.274275 0.125000 
0.265625 0.133650 

0.857193 0.125000 
0.856681 0.140625 

0.856688 0.140625 
0.855779 0.156250 

-0.015630 -0.015625 
-0.015625 -0.015630 

-0.002693 -0.015625 
-0.015625 -0.015625 

-0.001379 0.000000 
0.000000 -0.001382 

0.709050 -0.093750 
0.718750 -0.084594 

0.732037 -0.203125 
0.718750 -0.211010 

0.731562 -0.203125 
0.734375 -0.201328 

0.734375 -0.201015 
0.750000 -0.189595 

0.855786 0.156250 
0.854453 0.171875 

0.854466 0.171875 
0.852667 0.187500 

0.788666 0.265625 
0.791368 0.250000 

0.785957 0.281250 
0.788466 0.265625 

0.793807 0.234375 
0.795697 0.218750 

0.791432 0.250000 
0.793799 0.234375 

0.853981 0.046875 
0.852148 0.031250 

0.855384 0.062500 
0.853972 0.046875 

0.111744 0.109375 
0.109375 0.111744 

0.771109 0.000000 
0.776797 0.015625 

0.777008 0.015625 
0.781250 0.030765 

0.823387 0.296875 
0.828125 0.283614 

0.828875 0.281250 
0.828125 0.283601 

0.824776 0.296875 
0.814055 0.312500 

0.437501 -0.140625 
0.437502 -0.125000 

0.405648 -0.140625 
0.406250 -0.143400 

0.403564 -0.125000 
0.405611 -0.140625 

0.449283 -0.203125 
0.453125 -0.206223 

0.468750 -0.215217 
0.453125 -0.205845 

0.451613 -0.203125 
0.437500 -0.191405 

0.454701 -0.203125 
0.453125 -0.201891 

0.409293 -0.093750 
0.406250 -0.099295 

0.751971 -0.187500 
0.765625 -0.175389 

0.769068 -0.171875 
0.765625 -0.175312 

0.769100 -0.171875 
0.781250 -0.158201 

0.737561 -0.062500 
0.747750 -0.046875 

0.747764 -0.046875 
0.750000 -0.042830 

0.784740 0.296875 
0.785261 0.281250 

0.781770 0.296875 
0.790569 0.312500 

0.576896 -0.171875 
0.578125 -0.173104 

0.789001 0.062500 
0.791908 0.078125 

0.791895 0.078125 
0.794236 0.093750 

0.797356 0.125000 
0.798136 0.140625 

0.798171 0.140625 
0.798570 0.156250 

0.847356 0.218750 
0.844124 0.234375 

0.546875 -0.240235 
0.531250 -0.237091 

0.562500 -0.242626 
0.546875 -0.240287 

0.532850 -0.234375 
0.531250 -0.234147 

0.548416 -0.234375 
0.546875 -0.234167 

0.857316 0.109375 
0.857050 0.093750 

0.859523 0.109375 
0.859375 0.095186 

0.857319 0.109375 
0.857179 0.125000 

0.859439 0.109375 
0.859375 0.116803 

0.659709 -0.125000 
0.656250 -0.126341 

0.437500 -0.083313 
0.453125 -0.088509 

0.462099 -0.093750 
0.453125 -0.089374 

0.033078 0.171875 
0.031250 0.173703 

0.562500 -0.137294 
0.578125 -0.138943 

0.578125 -0.138939 
0.593750 -0.139247 

0.578125 -0.244016 
0.562500 -0.242648 

0.593750 -0.244358 
0.578125 -0.244016 

0.001329 0.000000 
0.000000 0.001329 

0.015730 0.015625 
0.015625 0.015730 

0.662481 -0.234375 
0.656250 -0.235780 

0.661809 -0.234375 
0.671875 -0.231866 

0.671875 -0.231520 
0.687500 -0.226113 

0.533703 -0.218750 
0.531250 -0.218479 

0.548288 -0.218750 
0.546875 -0.216373 

0.843680 0.234375 
0.843750 0.233979 

0.843617 0.234375 
0.839535 0.250000 

0.787683 0.312500 
0.796875 0.319240 

0.796875 0.319335 
0.812500 0.317197 

0.704094 -0.218750 
0.718750 -0.211462 

0.207068 0.375000 
0.203125 0.378943 

0.718742 -0.343750 
0.718750 -0.343758 

0.718758 -0.343750 
0.718750 -0.343758 

0.718742 -0.343750 
0.718750 -0.343742 

0.718758 -0.343750 
0.718750 -0.343742 

0.839306 0.250000 
0.834375 0.265625 

0.834209 0.265625 
0.829216 0.281250 

-0.015625 0.078124 
0.000000 0.078124 

-0.001351 0.093750 
0.000000 0.092357 

0.001327 0.093750 
0.000000 0.095077 

0.475758 -0.218750 
0.484375 -0.222401 

0.500000 -0.228517 
0.484375 -0.222448 

0.640625 -0.131964 
0.625000 -0.135784 

0.656250 -0.126847 
0.640625 -0.131896 

0.685868 -0.156250 
0.687500 -0.157882 

0.302552 0.265625 
0.296875 0.271302 

0.836889 -0.046875 
0.831862 -0.062500 

0.841219 -0.031250 
0.837085 -0.046875 

0.531250 -0.129829 
0.546875 -0.134268 

0.546875 -0.134278 
0.562500 -0.137314 

0.757097 -0.031250 
0.764321 -0.015625 

0.764265 -0.015625 
0.765625 -0.011916 

0.770849 0.000000 
0.765625 -0.013867 

0.216253 -0.343750 
0.218750 -0.341253 

0.500000 -0.116901 
0.515625 -0.123786 

0.519052 -0.125000 
0.515625 -0.123911 

0.412247 0.078125 
0.406250 0.084122 

0.048662 0.359375 
0.046875 0.361162 

0.826547 -0.078125 
0.820828 -0.093750 

0.826502 -0.078125 
0.828125 -0.072341 

0.831411 -0.062500 
0.828125 -0.073648 

0.517414 -0.125000 
0.531250 -0.129504 

0.849834 0.015625 
0.847135 0.000000 

0.852157 0.031250 
0.849867 0.015625 

0.218767 -0.343750 
0.218750 -0.343767 

0.813839 -0.109375 
0.812500 -0.112129 

0.820523 -0.093750 
0.813855 -0.109375 

0.805427 -0.125000 
0.812500 -0.110967 

0.016964 0.375000 
0.015625 0.376339 

-0.015760 0.328125 
-0.015625 0.324403 

-0.013706 0.328125 
-0.015625 0.325541 

-0.012843 0.328125 
-0.015625 0.328259 

0.453088 -0.109375 
0.453125 -0.109412 

0.453034 -0.093750 
0.453125 -0.093781 

0.460855 -0.093750 
0.468750 -0.097749 

0.529761 -0.171875 
0.531250 -0.173364 

0.485747 -0.109375 
0.500000 -0.116594 

0.468750 -0.098528 
0.484375 -0.107545 

0.487539 -0.109375 
0.484375 -0.107711 

0.515781 -0.218750 
0.515625 -0.218616 

0.816749 0.312500 
0.812500 0.316417 

0.875515 0.109375 
0.875000 0.104326 

0.441148 -0.187500 
0.437500 -0.184433 

0.457685 -0.187500 
0.453125 -0.182482 

0.519330 -0.234375 
0.531250 -0.236856 

0.515625 -0.233106 
0.500000 -0.228468 

0.521904 -0.234375 
0.515625 -0.233101 

0.593750 -0.244338 
0.609375 -0.243694 

0.609375 -0.243702 
0.625000 -0.242095 

0.608791 -0.234375 
0.609375 -0.234345 

0.479436 -0.218750 
0.468750 -0.214142 

0.486166 -0.218750 
0.484375 -0.218044 

0.687500 -0.226051 
0.703125 -0.219831 

0.704134 -0.218750 
0.703125 -0.219230 

0.409980 -0.156250 
0.406250 -0.142933 

0.406720 -0.140625 
0.406250 -0.136561 

0.425330 -0.140625 
0.421875 -0.136910 

0.751959 -0.187500 
0.750000 -0.189148 

0.783299 -0.156250 
0.781250 -0.158680 

0.406888 -0.093750 
0.421875 -0.082368 

0.437500 -0.082106 
0.421875 -0.083443 

0.402929 -0.125000 
0.403086 -0.109375 

0.402233 -0.109375 
0.406250 -0.097012 

0.432853 -0.187500 
0.437500 -0.191838 

0.756936 -0.031250 
0.750000 -0.044412 

0.688690 -0.109375 
0.687500 -0.110176 

0.688677 -0.109375 
0.703125 -0.099257 

0.709052 -0.093750 
0.703125 -0.098812 

0.724891 -0.078125 
0.718750 -0.084706 

0.724800 -0.078125 
0.734375 -0.065975 

0.737626 -0.062500 
0.734375 -0.066785 

0.624111 -0.171875 
0.625000 -0.172764 

0.734180 -0.437500 
0.734375 -0.437564 

0.734531 -0.437500 
0.734375 -0.437553 

