0.843750 0.062500 -0.055701 -0.998447 0.776907
0.843750 0.078125 0.998842 -0.048104 0.830472
0.656250 -0.125000 -0.412856 0.910797 0.132813
0.671875 -0.125000 -0.485897 0.874016 0.640099
0.828125 -0.031250 0.983700 -0.179818 0.927326
0.843750 -0.031250 0.983700 -0.179818 0.002945
0.843750 -0.015625 0.987384 -0.158344 0.119309
0.796875 0.187500 -0.998946 -0.045905 0.955045
0.781250 0.203125 -0.997049 -0.076763 0.031045
0.796875 0.203125 -0.997049 -0.076763 0.999327
0.781250 -0.156250 0.821350 -0.570425 0.500351
0.781250 -0.140625 0.821407 -0.570343 0.990875
0.796875 -0.140625 0.822264 -0.569106 0.228357
0.468750 -0.187500 -0.726601 0.687060 0.998484
0.890625 0.078125 0.498833 -0.866698 0.000003
0.781250 0.093750 -0.993422 0.114510 0.111251
0.781250 0.109375 -0.997241 0.074238 0.016711
0.796875 0.109375 -0.997241 0.074238 0.995432
0.718750 -0.437500 0.014700 -0.999892 0.010543
0.734375 -0.437500 0.014701 -0.999892 0.010246
0.593750 -0.140625 -0.997279 -0.073716 0.121002
0.609375 -0.140625 -0.997039 -0.076893 0.231328
0.781250 0.031250 -0.977310 0.211815 0.854863
0.781250 0.046875 -0.048008 0.998847 0.615854
0.843750 0.187500 -0.120587 0.992703 0.497297
0.843750 0.203125 0.977980 0.208700 0.329721
0.406250 -0.187500 -0.774031 -0.633148 0.026651
0.421875 -0.187500 -0.742325 -0.670040 0.740946
0.406250 -0.171875 -0.879290 -0.476286 0.495560
0.625000 -0.250000 0.988433 0.151656 0.411361
0.640625 -0.250000 0.207347 -0.978268 0.221381
0.781250 0.015625 -0.963873 0.266362 0.998582
0.796875 0.156250 -0.910093 -0.414404 0.893115
0.796875 0.171875 -0.137537 -0.990497 0.910331
0.265625 0.125000 -0.899508 -0.436904 0.153250
0.843750 0.125000 0.999298 0.037467 0.843941
0.843750 0.140625 -0.175314 0.984513 0.798929
-0.031250 -0.031250 -0.000956 -1.000000 0.000000
-0.015625 -0.031250 -0.000959 -1.000000 0.000004
-0.015625 -0.015625 0.267250 -0.963627 0.003903
0.703125 -0.093750 -0.692201 0.721704 0.181879
0.718750 -0.218750 0.565652 -0.824644 0.214566
0.718750 -0.203125 0.563298 -0.826254 0.989645
0.734375 -0.203125 0.566541 -0.824034 0.499520
0.843750 0.156250 -0.144380 0.989522 0.727636
0.843750 0.171875 -0.128980 0.991647 0.628271
0.781250 0.250000 0.105305 -0.994440 0.438897
0.781250 0.265625 0.103734 -0.994605 0.618464
0.781250 0.218750 -0.992394 -0.123104 0.135858
0.781250 0.234375 0.103058 -0.994675 0.272593
0.843750 0.031250 -0.019284 -0.999814 0.596138
0.843750 0.046875 -0.031936 -0.999490 0.699407
0.109375 0.109375 -0.707107 -0.707107 0.011496
0.765625 0.000000 -0.921480 0.388426 0.467015
0.765625 0.015625 -0.963873 0.266362 0.131519
0.812500 0.281250 0.935632 0.352976 0.871331
0.828125 0.281250 0.935632 0.352976 0.003611
0.812500 0.296875 0.820708 0.571348 0.442597
0.437500 -0.140625 -0.999995 -0.003138 0.999915
0.390625 -0.156250 -0.968028 -0.250840 0.003422
0.390625 -0.140625 -0.993626 -0.112729 0.106399
0.437500 -0.218750 -0.649110 -0.760695 0.024371
0.453125 -0.218750 -0.517711 -0.855555 0.473975
0.437500 -0.203125 -0.611585 -0.791179 0.661257
0.453125 -0.203125 -0.619910 -0.784673 0.996016
0.406250 -0.109375 -0.884636 0.466282 0.965447
0.750000 -0.187500 0.665602 -0.746307 0.661356
0.765625 -0.187500 0.706499 -0.707714 0.024232
0.765625 -0.171875 0.746176 -0.665749 0.659746
0.734375 -0.062500 -0.848467 0.529249 0.470056
0.734375 -0.046875 -0.858315 0.513122 0.018522
0.781250 0.281250 -0.016156 -0.999869 0.759946
0.781250 0.296875 -0.454615 0.890688 0.685160
0.562500 -0.187500 -0.953780 0.300506 0.996909
0.781250 0.062500 -0.051423 0.998677 0.410918
0.781250 0.078125 -0.054656 0.998505 0.243801
0.796875 0.125000 -0.998913 0.046604 0.944255
0.796875 0.140625 -0.326353 0.945248 0.904279
0.843750 0.218750 0.981392 0.192014 0.127353
0.531250 -0.250000 -0.138266 -0.990395 0.274408
0.546875 -0.250000 -0.187756 -0.982216 0.453238
0.531250 -0.234375 -0.179284 -0.983797 0.999252
0.546875 -0.234375 -0.197445 -0.980314 0.999342
0.843750 0.093750 0.999889 -0.014886 0.859687
0.859375 0.093750 0.987494 0.157657 0.004294
0.843750 0.109375 0.999967 0.008125 0.863955
0.859375 0.109375 0.999908 0.013538 0.000978
0.656250 -0.140625 -0.412856 0.910796 0.990499
0.437500 -0.093750 0.363694 0.931519 0.501715
0.453125 -0.093750 0.443743 0.896154 0.080433
0.031250 0.171875 -0.212430 -0.977176 0.006844
0.562500 -0.140625 0.996965 0.077851 0.160417
0.578125 -0.140625 0.996014 0.089201 0.098019
0.562500 -0.250000 -0.161074 -0.986942 0.573253
0.578125 -0.250000 -0.058760 -0.998272 0.627939
0.000000 0.000000 0.707107 0.707107 0.003618
0.015625 0.015625 0.707107 0.707107 0.000023
0.656250 -0.250000 0.263131 -0.964760 0.017935
0.656250 -0.234375 0.263131 -0.964760 0.948277
0.671875 -0.234375 0.339417 -0.940636 0.644235
0.531250 -0.218750 -0.574202 -0.818713 0.998639
0.546875 -0.218750 0.621879 0.783113 0.993121
0.828125 0.218750 0.981392 0.192014 0.999943
0.828125 0.234375 0.971126 0.238568 0.860861
0.781250 0.312500 -0.397914 0.917423 0.126878
0.796875 0.312500 0.211617 0.977353 0.369023
0.703125 -0.218750 0.482483 -0.875905 0.781259
0.203125 0.375000 -0.482605 -0.875838 0.031842
0.828125 0.250000 -0.138888 0.990308 0.557789
0.828125 0.265625 0.954295 0.298867 0.229586
-0.015625 0.062500 -0.000547 -1.000000 0.000054
-0.015625 0.078125 0.728885 -0.684636 0.003852
0.000000 0.093750 0.725614 0.688102 0.003607
0.468750 -0.234375 -0.381992 -0.924166 0.064428
0.484375 -0.234375 -0.407214 -0.913333 0.430879
0.625000 -0.140625 -0.996914 -0.078498 0.432065
0.640625 -0.140625 -0.308587 0.951196 0.720222
0.671875 -0.171875 -0.972082 0.234641 0.994544
0.296875 0.265625 -0.744242 -0.667910 0.066005
0.828125 -0.062500 0.944031 -0.329858 0.400041
0.828125 -0.046875 0.962726 -0.270477 0.705742
0.531250 -0.140625 0.314278 0.949331 0.548911
0.546875 -0.140625 0.997128 0.075738 0.309059
0.750000 -0.031250 -0.897742 0.440521 0.314613
0.750000 -0.015625 -0.925438 0.378899 0.010331
0.765625 -0.015625 -0.925438 0.378899 0.851645
0.203125 -0.343750 0.732647 -0.680609 0.012764
0.500000 -0.125000 0.429549 0.903043 0.298016
0.515625 -0.125000 0.334485 0.942401 0.007646
0.406250 0.078125 -0.979134 -0.203216 0.073651
0.046875 0.359375 -0.147311 -0.989090 0.006543
0.812500 -0.093750 0.939203 -0.343361 0.716005
0.812500 -0.078125 0.950871 -0.309586 0.980778
0.828125 -0.078125 0.950871 -0.309586 0.075022
0.515625 -0.140625 0.334485 0.942401 0.872374
0.843750 0.000000 -0.009347 -0.999956 0.303029
0.843750 0.015625 -0.012354 -0.999924 0.464750
0.812500 -0.125000 0.877897 -0.478850 0.007551
0.812500 -0.109375 0.916173 -0.400782 0.300094
0.796875 -0.125000 0.870322 -0.492484 0.796738
0.015625 0.375000 -0.061110 -0.998131 0.003672
-0.031250 0.312500 -0.696925 0.717144 0.001029
-0.015625 0.312500 -0.696925 0.717144 0.010154
-0.015625 0.328125 -0.696926 0.717143 0.000764
0.437500 -0.125000 0.999998 -0.002052 0.999997
0.437500 -0.109375 0.451369 0.892337 0.999994
0.453125 -0.109375 0.493188 0.869923 0.935340
0.515625 -0.187500 -0.945822 0.324685 0.995460
0.484375 -0.125000 0.494643 0.869096 0.789273
0.468750 -0.109375 0.492595 0.870258 0.405676
0.484375 -0.109375 0.494643 0.869096 0.010784
0.515625 -0.218750 -0.930611 -0.366011 0.999957
0.812500 0.312500 0.634033 0.773306 0.034082
0.875000 0.093750 0.789409 0.613867 0.005323
0.437500 -0.187500 -0.668899 -0.743353 0.977084
0.453125 -0.187500 -0.566503 -0.824060 0.953138
0.515625 -0.250000 -0.162151 -0.986766 0.060557
0.500000 -0.234375 -0.197504 -0.980302 0.770365
0.515625 -0.234375 -0.034034 -0.999421 0.983623
0.593750 -0.250000 0.101732 -0.994812 0.617044
0.609375 -0.250000 0.266135 -0.963936 0.545487
0.593750 -0.234375 0.101732 -0.994812 0.999964
0.468750 -0.218750 -0.434917 -0.900470 0.899159
0.484375 -0.218750 -0.407212 -0.913334 0.997413
0.687500 -0.234375 0.373654 -0.927568 0.268212
0.703125 -0.234375 0.471305 -0.881971 0.000993
0.406250 -0.156250 -0.988409 -0.151817 0.898281
0.406250 -0.140625 -0.999983 -0.005914 0.996089
0.421875 -0.140625 -0.039058 -0.999237 0.973717
0.750000 -0.203125 0.653326 -0.757077 0.006614
0.781250 -0.171875 0.755751 -0.654859 0.010195
0.406250 -0.093750 -0.702655 0.711531 0.349366
0.421875 -0.093750 -0.099999 0.994988 0.702413
0.390625 -0.125000 -0.999945 0.010489 0.207518
0.390625 -0.109375 -0.922677 0.385575 0.101700
0.421