0.843750 0.062500 0.011727 -0.999931 0.246241
0.843750 0.078125 -0.001002 -1.000000 0.313299
0.656250 -0.109375 -0.493762 0.869597 0.972530
0.562500 -0.203125 -0.642465 -0.766315 0.980955
0.578125 -0.203125 -0.631182 -0.775635 0.994455
0.828125 -0.031250 0.967713 -0.252053 0.294406
0.828125 -0.015625 -0.021878 -0.999761 0.536563
0.734375 0.000000 -0.921352 0.388728 0.074602
0.765625 0.218750 0.087203 -0.996191 0.328277
0.765625 0.234375 0.092747 -0.995690 0.460073
0.781250 -0.140625 0.783380 -0.621543 0.173151
0.468750 -0.187500 -0.679208 -0.733946 0.991473
0.765625 0.250000 0.097429 -0.995242 0.624281
0.765625 0.265625 -0.982058 -0.188578 0.816687
0.843750 0.187500 0.992576 0.121625 0.050076
0.625000 -0.234375 0.989607 0.143799 0.358471
0.640625 -0.234375 0.186259 -0.982501 0.196350
0.750000 0.281250 -0.984498 -0.175398 0.038132
0.765625 0.281250 -0.984498 -0.175398 0.991565
0.750000 0.296875 -0.997708 -0.067661 0.202980
0.265625 0.125000 -0.899508 -0.436904 0.153254
0.843750 0.125000 -0.186975 0.982365 0.361965
0.843750 0.140625 -0.122016 0.992528 0.326918
0.656250 -0.093750 -0.522202 0.852822 0.118679
0.671875 -0.093750 -0.594711 0.803940 0.718123
0.671875 -0.078125 -0.616718 0.787184 0.003667
-0.031250 -0.031250 -0.000962 -1.000000 0.000000
-0.015625 -0.031250 -0.000965 -1.000000 0.000004
-0.015625 -0.015625 0.267245 -0.963629 0.003903
0.687500 -0.078125 -0.642405 0.766365 0.523702
0.703125 -0.078125 -0.708796 0.705413 0.999468
0.718750 -0.203125 0.576128 -0.817360 0.122534
0.843750 0.156250 -0.105362 0.994434 0.263371
0.843750 0.171875 0.993683 0.112224 0.170277
0.765625 0.125000 -0.085417 0.996345 0.189386
0.765625 0.140625 -0.100074 0.994980 0.135254
0.531250 -0.125000 0.135770 0.990740 0.933843
0.546875 -0.125000 0.172441 0.985020 0.795257
0.531250 -0.109375 0.135771 0.990740 0.000053
0.843750 0.031250 0.994633 -0.103461 0.043293
0.843750 0.046875 0.994374 -0.105926 0.153714
0.109375 0.109375 -0.707107 -0.707107 0.011496
0.750000 0.000000 -0.921352 0.388728 0.955104
0.750000 0.015625 -0.933601 0.358315 0.627373
0.812500 0.281250 0.910441 0.413640 0.348618
0.812500 0.296875 0.882450 0.470407 0.007576
0.437500 -0.156250 -0.930778 -0.365585 0.622492
0.437500 -0.140625 -0.999897 -0.014317 0.849240
0.453125 -0.140625 -0.989533 -0.144307 0.999741
0.750000 0.312500 -0.976464 0.215680 0.162817
0.750000 0.328125 -0.947130 0.320851 0.001362
0.765625 0.328125 -0.944721 0.327877 0.477980
0.750000 -0.171875 0.706257 -0.707955 0.417079
0.593750 -0.125000 -0.124451 0.992226 0.803129
0.609375 -0.125000 -0.196782 0.980447 0.957438
0.609375 -0.109375 -0.196782 0.980447 0.011258
0.625000 -0.109375 -0.291580 0.956546 0.236757
0.640625 -0.109375 -0.395992 0.918254 0.602331
0.718750 -0.046875 -0.799505 0.600660 0.702018
0.828125 0.031250 0.994633 -0.103461 0.998840
0.796875 0.296875 0.882450 0.470407 0.836297
0.593750 -0.203125 -0.695070 -0.718942 0.999606
0.562500 -0.187500 -0.681880 -0.731464 0.996103
0.578125 -0.187500 -0.680007 -0.733206 0.999699
0.562500 -0.171875 -0.672820 -0.739806 0.999862
0.578125 -0.171875 -0.636895 -0.770951 0.999541
0.531250 -0.234375 -0.199160 -0.979967 0.045866
0.546875 -0.234375 -0.157573 -0.987507 0.217235
0.703125 -0.062500 -0.762767 0.646673 0.525971
0.703125 -0.046875 -0.783523 0.621362 0.006202
0.843750 0.093750 -0.043034 -0.999074 0.354468
0.843750 0.109375 -0.566643 -0.823963 0.370578
0.765625 0.156250 -0.203584 0.979057 0.112681
0.765625 0.171875 0.044426 -0.999013 0.120794
0.031250 0.171875 -0.212430 -0.977176 0.006844
0.562500 -0.140625 0.140916 0.990021 0.999842
0.562500 -0.234375 -0.993779 -0.111370 0.343279
0.578125 -0.234375 -0.994722 -0.102603 0.420452
0.000000 0.000000 0.707107 0.707107 0.003618
0.015625 0.015625 0.707107 0.707107 0.000023
0.656250 -0.234375 0.270294 -0.962778 0.011212
0.765625 0.187500 0.070504 -0.997512 0.159276
0.765625 0.203125 0.080470 -0.996757 0.228265
0.765625 0.093750 -0.071044 0.997473 0.398542
0.765625 0.109375 -0.077317 0.997007 0.276496
0.828125 0.187500 0.992576 0.121625 0.998913
0.828125 0.203125 0.987276 0.159016 0.886585
0.531250 -0.218750 -0.199160 -0.979967 0.985361
0.828125 0.218750 -0.133570 0.991039 0.688665
0.828125 0.234375 0.952441 0.304725 0.442541
0.765625 0.062500 -0.977258 0.212054 0.757469
0.765625 0.078125 -0.065525 0.997851 0.558143
0.796875 0.312500 0.822356 0.568974 0.293809
0.781250 0.328125 0.696985 0.717086 0.377602
0.796875 0.328125 0.790465 0.612507 0.005402
0.687500 -0.218750 0.411942 -0.911210 0.191813
0.687500 -0.203125 0.411942 -0.911210 0.998183
0.703125 -0.203125 0.471404 -0.881917 0.676936
0.203125 0.375000 -0.482605 -0.875838 0.031842
0.812500 0.250000 0.956476 0.291810 0.999061
0.828125 0.250000 0.956476 0.291810 0.150682
0.812500 0.265625 0.938188 0.346127 0.773260
0.562500 -0.125000 0.140918 0.990021 0.721673
0.578125 -0.125000 -0.138498 0.990363 0.723197
-0.015625 0.062500 -0.000547 -1.000000 0.000054
-0.015625 0.078125 0.728885 -0.684636 0.003852
0.000000 0.093750 0.725614 0.688102 0.003607
0.828125 0.000000 -0.026143 -0.999658 0.741137
0.828125 0.015625 0.991275 -0.131809 0.910473
0.671875 -0.171875 -0.919247 0.393681 0.994544
0.296875 0.265625 -0.744242 -0.667910 0.066009
0.812500 -0.062500 0.953604 -0.301065 0.755799
0.812500 -0.046875 0.969770 -0.244020 0.981501
0.828125 -0.046875 0.969770 -0.244020 0.052676
0.500000 -0.109375 0.476241 0.879315 0.341706
0.515625 -0.109375 0.176686 0.984267 0.117400
0.796875 -0.093750 0.902105 -0.431517 0.897306
0.406250 0.078125 -0.979134 -0.203216 0.073651
0.046875 0.359375 -0.147311 -0.989090 0.006543
0.000000 0.359375 -0.994929 -0.100583 0.000058
0.812500 -0.093750 0.902105 -0.431517 0.034284
0.812500 -0.078125 0.923471 -0.383668 0.379130
0.531250 -0.187500 0.933338 0.358998 0.994733
0.531250 -0.171875 0.933340 0.358995 0.991422
0.781250 -0.125000 0.830692 -0.556732 0.795288
0.796875 -0.125000 0.835877 -0.548916 0.018744
0.796875 -0.109375 0.881431 -0.472313 0.416510
0.750000 -0.156250 0.724519 -0.689255 0.995756
0.765625 -0.156250 0.760352 -0.649511 0.339978
0.765625 -0.140625 0.765100 -0.643912 0.958986
0.000000 0.375000 -0.994929 -0.100583 0.000352
0.015625 0.375000 -0.994929 -0.100583 0.003262
-0.031250 0.312500 -0.522971 -0.852351 0.000101
-0.015625 0.312500 -0.522972 -0.852350 0.000114
-0.031250 0.328125 -0.522972 -0.852350 0.002339
-0.015625 0.328125 -0.522971 -0.852350 0.009392
0.437500 -0.125000 -0.725131 0.688610 0.632978
0.453125 -0.125000 -0.597318 0.802005 0.999976
0.437500 -0.109375 -0.629060 0.777357 0.064693
0.453125 -0.109375 -0.492449 0.870341 0.534358
0.718750 -0.187500 0.608702 -0.793399 0.954356
0.734375 -0.187500 0.639122 -0.769105 0.336114
0.734375 -0.171875 0.687727 -0.725970 0.995894
0.468750 -0.140625 0.316811 -0.948489 0.991954
0.515625 -0.187500 0.933341 0.358992 0.999154
0.515625 -0.171875 0.933341 0.358991 0.998169
0.468750 -0.125000 -0.129537 0.991575 0.999145
0.484375 -0.125000 0.583884 0.811837 1.000000
0.468750 -0.109375 -0.027186 0.999630 0.702393
0.484375 -0.109375 0.348915 0.937154 0.577306
0.500000 -0.218750 -0.397803 -0.917471 0.424407
0.515625 -0.218750 -0.279682 -0.960093 0.774860
0.656250 -0.218750 0.270294 -0.962778 0.930928
0.671875 -0.218750 0.393633 -0.919268 0.599657
0.718750 -0.031250 -0.829680 0.558239 0.118175
0.734375 -0.031250 -0.846361 0.532610 0.938649
0.734375 -0.015625 -0.891567 0.452889 0.489855
0.750000 0.031250 -0.953935 0.300013 0.276235
0.750000 0.046875 -0.971781 0.235884 0.028267
0.765625 0.046875 -0.971781 0.235884 0.963546
0.453125 -0.187500 -0.737874 -0.674938 0.370657
0.437500 -0.171875 -0.836451 -0.548041 0.170526
0.453125 -0.171875 -0.808651 -0.588289 0.981858
0.593750 -0.234375 -0.999749 -0.022417 0.462299
0.609375 -0.234375 0.987372 0.158418 0.448321
0.484375 -0.218750 -0.489701 -0.871890 0.053623
0.468750 -0.203125 -0.628208 -0.778045 0.321436
0.484375 -0.203125 -0.521405 -0.853310 0.888721
0.859375 -0.343750 -0.902019 0.431697 0.000128
0.500000 -0.437500 0.204474 -0.978872 0.001167
0.515625 -0.437500 0.204473 -0.978872 0.001570
0.500000 -0.421875 0.204472 -0.978872 0.005976
0.515625 -0.421875 0.204474 -0.978872 0.004050
0.875000 -0.375000 -0.260366 -0.965510 0.000009
0.875000 -0.359375 -0.901149 -0.433509 0.012275
0.890625 