0.859375 0.062500 0.994854 -0.101320 0.088383
0.859375 0.078125 0.964707 -0.263326 0.134697
0.578125 -0.203125 -0.700004 0.714139 0.999995
0.843750 -0.031250 0.973790 -0.227449 0.271874
0.843750 -0.015625 -0.022420 -0.999749 0.488950
0.593750 -0.265625 0.987445 0.157964 0.230820
0.609375 -0.265625 0.106380 -0.994326 0.151428
0.437500 -0.234375 -0.562454 -0.826829 0.022203
0.453125 -0.234375 -0.420544 -0.907272 0.416382
0.796875 0.187500 0.063263 -0.997997 0.263103
0.796875 0.203125 0.074391 -0.997229 0.342557
0.781250 -0.156250 0.809382 -0.587283 0.977765
0.796875 -0.156250 0.806909 -0.590675 0.194645
0.796875 -0.140625 0.866042 -0.499971 0.772925
0.468750 -0.187500 -0.815672 -0.578515 0.998991
0.468750 -0.171875 -0.815675 -0.578510 0.996850
0.890625 0.062500 0.495901 -0.868379 0.000003
0.875000 0.078125 0.949722 -0.313095 0.005323
0.781250 -0.015625 -0.942636 0.333823 0.917338
0.796875 0.093750 -0.077721 0.996975 0.372732
0.796875 0.109375 -0.087427 0.996171 0.284780
0.593750 -0.156250 -0.029494 0.999565 0.037381
0.609375 -0.156250 -0.122077 0.992521 0.132250
0.781250 0.031250 -0.978109 0.208093 0.045813
0.796875 0.031250 -0.978109 0.208093 0.984110
0.796875 0.046875 -0.983809 0.179220 0.822882
0.843750 0.187500 -0.132149 0.991230 0.758340
0.843750 0.203125 -0.125564 0.992086 0.583449
0.406250 -0.187500 -0.852036 -0.523483 0.808917
0.406250 -0.171875 -0.813476 -0.581599 0.999974
0.625000 -0.250000 -0.123376 -0.992360 0.988452
0.640625 -0.250000 0.071225 -0.997460 0.825886
0.625000 -0.234375 0.762402 -0.647104 0.999993
0.640625 -0.234375 0.901930 -0.431882 0.998734
0.781250 0.000000 -0.942099 0.335336 0.596548
0.781250 0.015625 -0.960523 0.278200 0.283829
0.796875 0.156250 -0.083876 -0.996476 0.189671
0.796875 0.171875 0.041632 -0.999133 0.212495
0.265625 0.125000 -0.899508 -0.436904 0.153247
0.859375 0.125000 -0.090108 0.995932 0.126080
0.859375 0.140625 0.998260 0.058968 0.077099
0.625000 -0.218750 0.928430 -0.371506 0.999998
0.640625 -0.218750 0.929861 -0.367911 0.999877
0.625000 -0.203125 0.588253 0.808677 0.999998
-0.031250 -0.031250 -0.000952 -1.000000 0.000000
-0.015625 -0.031250 -0.000955 -1.000000 0.000004
-0.015625 -0.015625 0.267255 -0.963626 0.003903
0.718750 -0.218750 0.546389 -0.837532 0.850742
0.734375 -0.218750 0.600757 -0.799431 0.229884
0.734375 -0.203125 0.610367 -0.792119 0.986746
0.843750 -0.046875 0.978686 -0.205360 0.051719
0.843750 0.156250 0.996605 0.082330 0.990522
0.859375 0.156250 0.996605 0.082330 0.010664
0.843750 0.171875 0.993150 0.116844 0.895068
0.625000 -0.187500 0.874041 0.485851 0.998590
0.687500 -0.140625 -0.568483 0.822695 0.920992
0.796875 0.250000 0.086201 -0.996278 0.754649
0.796875 0.265625 0.008221 -0.999966 0.881671
0.796875 0.218750 0.082245 -0.996612 0.452464
0.796875 0.234375 0.087632 -0.996153 0.593696
0.843750 0.031250 0.995650 -0.093168 0.932424
0.843750 0.046875 0.997715 -0.067556 0.998333
0.859375 0.046875 0.997715 -0.067556 0.022091
0.812500 -0.140625 0.870949 -0.491374 0.004359
0.109375 0.109375 -0.707107 -0.707107 0.011496
0.828125 0.281250 0.811635 0.584165 0.284447
0.812500 0.296875 0.524317 0.851523 0.409159
0.828125 0.296875 0.825768 0.564009 0.015726
0.375000 -0.156250 -0.959477 -0.281787 0.290866
0.390625 -0.156250 -0.975531 -0.219862 0.998446
0.375000 -0.140625 -0.993753 -0.111603 0.306373
0.390625 -0.140625 -1.000000 0.000942 0.997442
0.437500 -0.218750 -0.532737 -0.846281 0.727234
0.453125 -0.218750 -0.540864 -0.841110 0.984234
0.437500 -0.203125 -0.741572 -0.670874 0.999841
0.375000 -0.093750 -0.915422 0.402496 0.465773
0.375000 -0.078125 -0.842636 0.538484 0.073896
0.390625 -0.078125 -0.757063 0.653342 0.687118
0.765625 -0.187500 0.713721 -0.700430 0.520633
0.562500 -0.265625 -0.045255 -0.998975 0.241094
0.578125 -0.265625 0.006851 -0.999977 0.263138
0.796875 0.281250 -0.137468 0.990506 0.855815
0.796875 0.296875 -0.225752 0.974185 0.274434
0.718750 -0.234375 0.526789 -0.849996 0.021088
0.578125 -0.187500 -0.917770 0.397113 0.991223
0.578125 -0.171875 -0.074563 0.997216 0.996440
0.796875 0.062500 -0.064162 0.997939 0.640994
0.796875 0.078125 -0.070334 0.997523 0.490853
0.796875 0.125000 -0.103795 0.994599 0.225552
0.796875 0.140625 -0.156920 0.987611 0.194033
0.843750 0.218750 0.966810 0.255496 0.366866
0.843750 0.234375 0.975389 0.220491 0.122520
0.531250 -0.250000 0.127656 -0.991818 0.995070
0.546875 -0.250000 -0.004940 -0.999988 0.999475
0.546875 -0.234375 -0.337532 0.941314 0.972637
0.859375 0.093750 0.998154 -0.060734 0.154117
0.859375 0.109375 -0.136008 0.990708 0.150900
0.656250 -0.156250 -0.376004 0.926618 0.913597
0.656250 -0.140625 -0.376004 0.926618 0.020109
0.671875 -0.140625 -0.460443 0.887689 0.407790
0.437500 -0.093750 0.667521 0.744591 0.445273
0.031250 0.171875 -0.212430 -0.977176 0.006844
0.562500 -0.156250 0.114606 0.993411 0.096534
0.578125 -0.156250 0.024371 0.999703 0.025570
0.562500 -0.250000 0.031417 -0.999506 0.999908
0.562500 -0.234375 -0.573134 0.819462 0.994651
0.000000 0.000000 0.707107 0.707107 0.003618
0.015625 0.015625 0.707107 0.707107 0.000023
0.656250 -0.250000 0.858349 -0.513066 0.582808
0.671875 -0.250000 0.310346 -0.950624 0.280545
0.828125 0.234375 0.975389 0.220491 0.999239
0.203125 0.375000 -0.482605 -0.875838 0.031841
0.390625 -0.187500 -0.845007 -0.534756 0.009965
0.390625 -0.171875 -0.823788 -0.566898 0.535905
0.828125 0.250000 0.974936 0.222484 0.847216
0.828125 0.265625 -0.148577 0.988901 0.591186
-0.015625 0.062500 -0.000547 -1.000000 0.000054
-0.015625 0.078125 0.728885 -0.684636 0.003852
0.000000 0.093750 0.725614 0.688102 0.003607
0.468750 -0.250000 -0.373149 -0.927771 0.009274
0.484375 -0.250000 -0.317424 -0.948284 0.252153
0.468750 -0.234375 -0.299329 -0.954150 0.848889
0.625000 -0.156250 -0.244058 0.969761 0.311361
0.640625 -0.156250 -0.323296 0.946298 0.576158
0.296875 0.265625 -0.744242 -0.667910 0.066003
0.828125 -0.062500 0.971043 -0.238905 0.815348
0.828125 -0.046875 0.978686 -0.205360 0.988199
0.531250 -0.156250 0.337846 0.941202 0.501897
0.546875 -0.156250 0.996512 0.083446 0.252863
0.765625 -0.031250 -0.909335 0.416064 0.336549
0.765625 -0.015625 -0.942636 0.333823 0.026099
0.203125 -0.343750 0.732647 -0.680609 0.012764
0.531250 -0.265625 -0.096636 -0.995320 0.048714
0.546875 -0.265625 -0.058342 -0.998297 0.173698
0.406250 0.078125 -0.979134 -0.203216 0.073651
0.046875 0.359375 -0.147311 -0.989090 0.006543
0.812500 -0.093750 0.938733 -0.344644 0.996443
0.828125 -0.093750 0.938733 -0.344644 0.143699
0.828125 -0.078125 0.928576 -0.371141 0.517115
0.515625 -0.156250 0.357022 0.934096 0.843711
0.500000 -0.140625 0.452955 0.891533 0.304370
0.515625 -0.140625 0.357022 0.934096 0.005230
0.843750 0.000000 -0.027298 -0.999627 0.667225
0.843750 0.015625 -0.035204 -0.999380 0.813993
0.531250 -0.187500 -0.948683 0.316228 0.995933
0.812500 -0.125000 0.906858 -0.421436 0.293298
0.812500 -0.109375 0.929452 -0.368943 0.743713
0.015625 0.375000 -0.061110 -0.998131 0.003672
0.453125 -0.125000 0.665723 0.746199 0.999346
0.437500 -0.109375 0.701912 0.712264 0.997566
0.453125 -0.109375 0.665423 0.746467 0.475516
0.484375 -0.140625 0.561643 0.827380 0.832338
0.468750 -0.125000 0.588717 0.808339 0.586723
0.484375 -0.125000 0.561643 0.827380 0.042857
-0.015625 0.281250 0.002402 0.999997 0.010376
-0.015625 0.296875 0.002402 0.999997 0.001570
0.515625 -0.218750 -0.927519 0.373776 0.994909
0.656250 -0.203125 -0.647154 0.762360 0.999066
0.718750 -0.109375 -0.707011 0.707203 0.653396
0.437500 -0.187500 -0.401837 -0.915711 0.989424
0.453125 -0.187500 0.179962 -0.983674 0.977039
0.437500 -0.171875 0.498009 -0.867172 0.999957
0.453125 -0.171875 -0.176787 -0.984249 0.995621
0.500000 -0.250000 -0.994063 -0.108803 0.580958
0.515625 -0.250000 -0.209471 -0.977815 0.848566
0.468750 -0.218750 -0.526269 -0.850318 0.991340
0.687500 -0.250000 0.383415 -0.923576 0.009803
0.687500 -0.234375 0.383416 -0.923576 0.882139
0.703125 -0.234375 0.451427 -0.892308 0.428593
0.750000 -0.078125 -0.809606 0.586974 0.902122
0.406250 -0.140625 -0.928786 0.370617 0.999957
0.750000 -0.203125 0.611258 -0.791431 0.441203
0.765625 -0.203125 0.678524 -0.734579 0.000349
0.781250 -0.187500 0.742230 -0.670145 0.000325
0.781250 -0.171875 0.800039 -0.599948 0.419593
0.421875 -0.0