0.328125 0.000000 -0.851960 0.523607 0.306504
0.328125 0.015625 -0.839836 0.542840 0.000011
0.531250 -0.296875 -0.089781 -0.995962 0.165621
0.546875 -0.296875 -0.991810 -0.127724 0.231594
0.843750 -0.093750 -0.057155 -0.998365 0.603818
0.843750 -0.078125 0.979307 -0.202378 0.852485
0.687500 -0.281250 0.323664 -0.946172 0.063729
0.687500 -0.265625 0.323664 -0.946172 0.976337
0.703125 -0.265625 0.415792 -0.909460 0.641865
0.562500 -0.218750 0.991114 0.133018 0.353517
0.578125 -0.218750 0.294199 0.955744 0.322772
0.812500 -0.031250 -0.000109 1.000000 0.466170
0.812500 -0.015625 -0.972268 0.233868 0.173045
0.859375 -0.031250 -0.031980 -0.999488 0.493673
0.859375 -0.015625 -0.037907 -0.999281 0.654394
0.609375 -0.281250 -0.061378 -0.998115 0.999979
0.593750 -0.265625 -0.097082 0.995276 0.999997
0.609375 -0.265625 0.808384 -0.588656 0.999822
0.437500 -0.250000 -0.528919 -0.848672 0.999843
0.390625 -0.250000 -0.591048 -0.806636 0.170664
0.375000 -0.234375 -0.572424 -0.819957 0.452731
0.390625 -0.234375 -0.577017 -0.816732 0.972911
0.312500 -0.156250 -0.923609 -0.383336 0.114369
0.328125 -0.156250 -0.923609 -0.383336 0.982726
0.312500 -0.140625 -0.944304 -0.329074 0.472538
0.390625 -0.062500 -0.039895 0.999204 0.320960
0.390625 -0.046875 -0.055893 -0.998437 0.329309
0.468750 -0.187500 0.493131 0.869955 0.095943
0.875000 0.062500 0.920763 -0.390121 0.078422
0.890625 0.062500 0.920764 -0.390121 0.000003
0.875000 0.078125 0.997087 -0.076271 0.096341
0.562500 -0.296875 -0.998697 -0.051030 0.260888
0.578125 -0.296875 0.982113 0.188291 0.252069
0.406250 -0.265625 -0.555849 -0.831283 0.040256
0.421875 -0.265625 -0.386346 -0.922354 0.442643
0.859375 0.187500 -0.609579 0.792725 0.777149
0.859375 0.203125 0.952463 0.304654 0.775450
0.625000 -0.250000 -0.074050 0.997255 0.997440
0.265625 0.125000 -0.899508 -0.436904 0.153234
0.859375 0.125000 0.998445 0.055744 0.997357
0.859375 0.140625 0.997463 0.071185 0.937165
0.625000 -0.218750 -0.993206 -0.116366 0.598189
0.640625 -0.218750 -0.217584 0.976042 0.810454
-0.031250 -0.031250 -0.000931 -1.000000 0.000000
-0.015625 -0.031250 -0.000934 -1.000000 0.000004
-0.015625 -0.015625 0.267276 -0.963620 0.003903
0.843750 -0.062500 0.981039 -0.193810 0.994974
0.859375 -0.062500 0.981039 -0.193810 0.066266
0.859375 -0.046875 0.974342 -0.225071 0.290718
0.859375 0.156250 -0.171442 0.985194 0.856564
0.859375 0.171875 -0.239354 0.970932 0.793442
0.312500 -0.093750 -0.249771 0.968305 0.833848
0.312500 -0.078125 -0.995837 0.091153 0.793124
0.859375 0.031250 0.998197 -0.060028 0.976000
0.812500 -0.156250 0.886563 -0.462608 0.906993
0.828125 -0.156250 0.886563 -0.462608 0.043181
0.828125 -0.140625 0.901978 -0.431782 0.440578
0.109375 0.109375 -0.707107 -0.707107 0.011495
0.593750 -0.296875 0.074008 -0.997258 0.204576
0.609375 -0.296875 0.084199 -0.996449 0.122714
0.343750 -0.218750 -0.767841 -0.640640 0.002405
0.359375 -0.218750 -0.693363 -0.720589 0.589488
0.343750 -0.203125 -0.827205 -0.561900 0.394116
0.359375 -0.203125 -0.634833 -0.772650 0.998193
0.812500 -0.187500 0.821702 -0.569917 0.011611
0.812500 -0.171875 0.873386 -0.487029 0.402918
0.390625 -0.093750 0.966033 0.258418 0.560135
0.390625 -0.078125 0.005098 0.999987 0.392929
0.406250 -0.125000 0.900813 0.434207 0.229304
0.406250 -0.109375 0.957892 0.287130 0.000016
0.562500 -0.265625 -0.830124 -0.557579 0.999820
0.578125 -0.265625 -0.270601 0.962692 0.999951
0.328125 -0.187500 -0.844871 -0.534971 0.108034
0.328125 -0.171875 -0.890998 -0.454008 0.620086
0.828125 0.031250 -0.045035 0.998985 0.561724
0.828125 0.046875 -0.049513 0.998774 0.406333
0.343750 0.000000 -0.816059 0.577969 0.999319
0.343750 0.015625 -0.644280 0.764790 0.521152
0.718750 -0.250000 0.461520 -0.887130 0.994954
0.734375 -0.250000 0.503236 -0.864149 0.609363
0.593750 -0.218750 -0.994831 -0.101540 0.352825
0.609375 -0.218750 -0.993711 -0.111973 0.444058
0.781250 -0.218750 0.717744 -0.696307 0.183427
0.781250 -0.203125 0.746908 -0.664927 0.899666
0.796875 -0.203125 0.753285 -0.657694 0.115697
0.296875 -0.062500 -0.986495 0.163792 0.005039
0.296875 -0.046875 -0.954598 0.297898 0.005310
0.359375 -0.234375 -0.662655 -0.748925 0.004369
0.828125 0.093750 -0.063690 0.997970 0.104195
0.828125 0.109375 -0.070574 0.997507 0.054214
0.843750 0.218750 -0.586662 0.809832 0.966622
0.859375 0.218750 0.586587 0.809886 0.516772
0.843750 0.234375 -0.320296 0.947317 0.128196
0.859375 0.234375 0.379006 0.925394 0.038967
0.546875 -0.250000 -0.773345 -0.633985 0.998875
0.437500 -0.281250 -0.315389 -0.948962 0.002735
0.453125 -0.281250 -0.233480 -0.972362 0.198978
0.437500 -0.265625 -0.363323 -0.931663 0.822790
0.453125 -0.265625 -0.360627 -0.932710 0.994740
0.312500 -0.125000 -0.051404 -0.998678 0.704979
0.312500 -0.109375 -0.084573 -0.996417 0.819290
0.031250 0.171875 -0.212430 -0.977176 0.006844
0.562500 -0.250000 -0.830101 -0.557613 0.997768
0.578125 -0.250000 -0.270644 0.962680 0.995627
0.000000 0.000000 0.707107 0.707107 0.003618
0.015625 0.015625 0.707107 0.707107 0.000023
0.828125 0.125000 -0.096217 0.995360 0.030282
0.828125 0.140625 0.056122 -0.998424 0.034701
0.500000 -0.296875 -0.123499 -0.992345 0.000546
0.515625 -0.296875 -0.086677 -0.996236 0.063959
0.625000 -0.296875 0.098285 -0.995158 0.018716
0.828125 0.062500 -0.054048 0.998538 0.279546
0.828125 0.078125 -0.058644 0.998279 0.179243
0.828125 0.156250 0.068974 -0.997618 0.071994
0.828125 0.171875 0.074151 -0.997247 0.146810
0.828125 0.187500 0.063396 -0.997988 0.238760
0.828125 0.203125 -0.993860 0.110641 0.246187
0.531250 -0.218750 0.992984 0.118247 0.607617
0.546875 -0.218750 0.992438 0.122743 0.446912
0.750000 -0.250000 0.613531 -0.789671 0.055145
0.750000 -0.234375 0.628229 -0.778029 0.866034
0.765625 -0.234375 0.677211 -0.735789 0.160219
0.828125 0.218750 -0.871128 0.491055 0.040464
0.312500 -0.031250 -0.930660 0.365885 0.250002
0.312500 -0.015625 -0.906738 0.421695 0.008963
0.328125 -0.015625 -0.896330 0.443388 0.817717
0.687500 -0.203125 -0.451542 0.892250 0.896202
0.203125 0.375000 -0.482605 -0.875838 0.031839
0.343750 -0.187500 -0.816559 -0.577263 0.956276
0.000000 0.125000 0.700077 0.714067 0.000000
0.015625 0.125000 0.700077 0.714068 0.000000
0.843750 -0.125000 0.930457 -0.366401 0.008902
0.843750 -0.109375 0.946796 -0.321833 0.258100
0.796875 -0.062500 -0.940552 0.339649 0.167944
-0.015625 0.062500 -0.000549 -1.000000 0.000054
-0.015625 0.078125 0.890285 -0.455404 0.015799
0.000000 0.093750 0.885331 0.464961 0.000764
0.000000 0.109375 0.956790 0.290779 0.002815
0.015625 0.109375 0.956790 0.290779 0.000028
0.484375 -0.250000 0.282974 -0.959128 0.999616
0.812500 0.000000 -0.981987 0.188951 0.007760
0.828125 0.000000 -0.981987 0.188951 0.939339
0.828125 0.015625 -0.980012 0.198936 0.746123
0.296875 0.265625 -0.744242 -0.667910 0.065995
0.812500 -0.062500 -0.940552 0.339649 0.998997
0.812500 -0.046875 -0.954978 0.296676 0.812108
0.421875 -0.171875 0.721163 0.692765 0.995633
0.203125 -0.343750 0.732647 -0.680609 0.012763
0.546875 -0.265625 -0.773344 -0.633986 0.988231
0.390625 0.000000 0.988890 0.148647 0.566765
0.375000 0.015625 0.495549 0.868580 0.999949
0.390625 0.015625 0.812338 0.583187 0.340428
0.765625 -0.125000 -0.821827 0.569736 0.295476
0.781250 -0.093750 -0.882916 0.469532 0.112328
0.796875 -0.093750 -0.882916 0.469532 0.961013
0.796875 -0.078125 -0.904279 0.426943 0.581267
0.406250 0.078125 -0.979134 -0.203216 0.073650
0.046875 0.359375 -0.147311 -0.989090 0.006543
0.687500 -0.187500 -0.451542 0.892250 0.026953
0.703125 -0.187500 -0.496230 0.868191 0.484301
0.859375 0.000000 -0.046280 -0.998928 0.786427
0.859375 0.015625 0.995347 -0.096354 0.894225
0.828125 -0.125000 0.930457 -0.366401 0.867899
0.781250 -0.125000 -0.819789 0.572666 0.995262
0.781250 -0.109375 -0.868704 0.495331 0.635236
0.750000 -0.156250 -0.716151 0.697945 0.849552
0.750000 -0.140625 -0.750705 0.660638 0.133250
0.765625 -0.140625 -0.751057 0.660238 0.913125
0.015625 0.375000 -0.061110 -0.998131 0.003672
0.375000 0.031250 0.324626 0.945843 0.270173
0.390625 0.031250 0.655596 0.755112 0.004030
0.390625 -0.031250 -0.031161 -0.999514 0.410234
0.390625 -0.015625 -0.037036 -0.999314 0.525284
0.718750 -0.187500 -0.600482 0.799638 0.973721
0.718750 -0.171875 -0.611393 0.791327 0.1