0.859375 0.062500 0.980895 -0.194539 0.232797
0.859375 0.078125 0.994023 -0.109175 0.273237
0.359375 -0.140625 -0.986016 -0.166649 0.061165
0.562500 -0.203125 0.975841 -0.218482 0.995152
0.843750 -0.031250 -0.026706 -0.999643 0.462293
0.843750 -0.015625 -0.030660 -0.999530 0.669138
0.593750 -0.265625 0.984885 0.173211 0.521492
0.609375 -0.265625 0.986914 0.161251 0.434057
0.453125 -0.250000 -0.419700 -0.907663 0.006030
0.437500 -0.234375 -0.497002 -0.867749 0.301133
0.453125 -0.234375 -0.430491 -0.902595 0.753081
0.359375 -0.093750 -0.996132 0.087875 0.154136
0.359375 -0.078125 -0.897092 0.441845 0.036572
0.796875 0.203125 -0.996373 -0.085099 0.029748
0.796875 -0.156250 0.862767 -0.505602 0.434530
0.796875 -0.140625 0.876362 -0.481654 0.937347
0.375000 -0.062500 -0.636851 0.770987 0.166646
0.390625 -0.062500 -0.066956 0.997756 0.497792
0.484375 -0.171875 1.000000 0.000607 1.000000
0.890625 0.062500 0.495901 -0.868379 0.000003
0.875000 0.078125 0.999575 -0.029152 0.005323
0.781250 -0.031250 -0.928269 0.371910 0.889464
0.781250 -0.015625 -0.925166 0.379562 0.518324
0.796875 0.093750 -0.996704 0.081129 0.031733
0.796875 0.031250 -0.970522 0.241014 0.669105
0.796875 0.046875 -0.045273 0.998975 0.458501
0.843750 0.187500 0.988660 0.150169 0.876120
0.843750 0.203125 -0.130053 0.991507 0.697586
0.781250 0.000000 -0.963534 0.267587 0.180249
0.781250 0.015625 -0.974837 0.222917 0.003073
0.796875 0.015625 -0.974837 0.222917 0.903922
0.265625 0.125000 -0.899508 -0.436904 0.153245
0.859375 0.125000 -0.113586 0.993528 0.258718
0.859375 0.140625 -0.096463 0.995337 0.206428
0.625000 -0.218750 -0.948683 0.316228 0.998048
-0.031250 -0.031250 -0.000950 -1.000000 0.000000
-0.015625 -0.031250 -0.000952 -1.000000 0.000004
-0.015625 -0.015625 0.267257 -0.963625 0.003903
0.718750 -0.218750 0.518933 -0.854815 0.992246
0.734375 -0.218750 0.529639 -0.848223 0.558151
0.843750 -0.062500 0.973991 -0.226587 0.015682
0.843750 -0.046875 0.973063 -0.230537 0.212859
0.859375 0.156250 0.995695 0.092695 0.128207
0.843750 0.171875 0.993619 0.112789 0.994564
0.859375 0.171875 0.993619 0.112789 0.026989
0.625000 -0.171875 -0.197210 0.980361 0.775399
0.640625 -0.171875 -0.277475 0.960733 0.979308
0.687500 -0.140625 -0.506925 0.861990 0.402546
0.703125 -0.140625 -0.623035 0.782194 0.953147
0.796875 0.250000 0.099130 -0.995075 0.440277
0.796875 0.265625 -0.990595 0.136824 0.526100
0.796875 0.218750 -0.991575 -0.129533 0.141920
0.796875 0.234375 0.102966 -0.994685 0.284188
0.859375 0.031250 0.996569 -0.082772 0.076226
0.859375 0.046875 0.011454 -0.999934 0.165170
0.812500 -0.140625 0.876362 -0.481654 0.076516
0.109375 0.109375 -0.707107 -0.707107 0.011496
0.812500 0.281250 -0.190923 0.981605 0.997181
0.828125 0.281250 0.602343 0.798237 0.383396
0.812500 0.296875 -0.081053 0.996710 0.053551
0.828125 0.296875 0.447657 0.894205 0.005999
0.375000 -0.156250 -0.898772 -0.438416 0.759707
0.375000 -0.140625 -0.986016 -0.166649 0.999052
0.437500 -0.218750 -0.527482 -0.849566 0.999524
0.375000 -0.078125 -0.832485 0.554047 0.873991
0.765625 -0.187500 0.718734 -0.695285 0.827441
0.562500 -0.265625 -0.996393 -0.084862 0.545293
0.578125 -0.265625 0.954154 0.299316 0.559358
0.796875 0.281250 -0.774589 0.632465 0.250697
0.718750 -0.234375 0.518933 -0.854815 0.203717
0.562500 -0.187500 0.174823 0.984600 0.998888
0.578125 -0.187500 0.088622 0.996065 0.982202
0.562500 -0.171875 0.210284 0.977640 0.569963
0.578125 -0.171875 0.052736 0.998608 0.502952
0.796875 0.062500 -0.048437 0.998826 0.283347
0.796875 0.078125 -0.991735 0.128300 0.141083
0.812500 0.093750 -0.996704 0.081129 0.998718
0.812500 0.109375 -0.998602 0.052864 0.950651
0.843750 0.250000 0.978291 0.207235 0.039094
0.843750 0.218750 -0.127371 0.991855 0.484743
0.843750 0.234375 0.973732 0.227696 0.252592
0.546875 -0.234375 -0.925754 0.378125 0.995526
0.859375 0.093750 0.999717 -0.023799 0.289907
0.859375 0.109375 -0.192344 0.981327 0.286154
0.656250 -0.156250 -0.404103 0.914713 0.383547
0.671875 -0.156250 -0.455472 0.890250 0.822481
0.671875 -0.140625 -0.455472 0.890250 0.005196
0.437500 -0.093750 0.759527 0.650475 0.220914
0.031250 0.171875 -0.212430 -0.977176 0.006844
0.359375 -0.125000 -0.997917 -0.064511 0.138850
0.359375 -0.109375 -0.136238 -0.990676 0.181674
0.000000 0.000000 0.707107 0.707107 0.003618
0.015625 0.015625 0.707107 0.707107 0.000023
0.812500 0.125000 -0.227626 0.973749 0.896224
0.812500 0.140625 -0.474341 0.880341 0.868408
0.656250 -0.250000 0.241492 -0.970403 0.872423
0.671875 -0.250000 0.374613 -0.927181 0.560778
0.406250 -0.062500 0.506009 0.862528 0.218079
0.812500 0.156250 -0.419212 -0.907889 0.867376
0.812500 0.171875 -0.088964 -0.996035 0.893175
0.812500 0.187500 -0.998523 -0.054336 0.945271
0.812500 0.203125 -0.996373 -0.085099 0.998592
-0.015625 0.250000 0.002137 0.999998 0.011901
-0.015625 0.265625 0.002137 0.999998 0.000045
0.203125 0.375000 -0.482605 -0.875838 0.031841
0.390625 -0.187500 -0.868997 -0.494817 0.558895
0.375000 -0.171875 -0.850242 -0.526392 0.130357
0.390625 -0.171875 -0.850242 -0.526392 0.973331
0.828125 0.250000 0.978291 0.207235 0.988887
0.828125 0.265625 0.932521 0.361116 0.799991
-0.015625 0.062500 -0.000547 -1.000000 0.000054
-0.015625 0.078125 0.728885 -0.684636 0.003852
0.000000 0.093750 0.725614 0.688102 0.003607
0.468750 -0.250000 -0.347700 -0.937606 0.279106
0.484375 -0.250000 -0.253121 -0.967435 0.657008
0.468750 -0.234375 -0.347700 -0.937606 0.959529
0.484375 -0.234375 -0.436871 -0.899524 0.955520
0.640625 -0.156250 -0.277475 0.960733 0.051559
0.296875 0.265625 -0.744242 -0.667910 0.066002
0.828125 -0.062500 0.973991 -0.226586 0.949505
0.531250 -0.156250 0.262905 0.964822 0.023888
0.765625 -0.031250 -0.928269 0.371910 0.019616
0.203125 -0.343750 0.732647 -0.680609 0.012764
0.531250 -0.265625 -0.179824 -0.983699 0.368547
0.546875 -0.265625 -0.993544 -0.113447 0.483474
0.406250 0.078125 -0.979134 -0.203216 0.073651
0.046875 0.359375 -0.147311 -0.989090 0.006543
0.828125 -0.093750 0.935214 -0.354084 0.363347
0.828125 -0.078125 0.955771 -0.294113 0.712200
0.500000 -0.156250 0.493442 0.869779 0.750856
0.515625 -0.156250 0.398706 0.917079 0.308932
0.500000 -0.140625 0.448891 0.893587 0.002911
0.843750 0.000000 0.988293 -0.152566 0.840285
0.843750 0.015625 0.994635 -0.103447 0.969168
0.859375 0.015625 0.994635 -0.103447 0.004438
0.531250 -0.187500 0.976860 0.213882 0.995933
0.531250 -0.171875 0.041190 0.999151 0.948068
0.546875 -0.171875 0.101800 0.994805 0.729450
0.812500 -0.125000 0.899713 -0.436481 0.519932
0.812500 -0.109375 0.924652 -0.380813 0.924981
0.828125 -0.109375 0.924652 -0.380813 0.036882
0.562500 -0.468750 -0.988634 -0.150343 0.008338
0.562500 -0.453125 -0.988634 -0.150346 0.009738
0.015625 0.375000 -0.061110 -0.998131 0.003672
0.453125 -0.125000 0.702852 0.711336 0.860168
0.437500 -0.109375 0.736822 0.676087 0.901887
0.453125 -0.109375 0.725415 0.688312 0.127753
0.484375 -0.156250 0.684462 0.729049 0.999850
0.468750 -0.140625 0.656080 0.754691 0.914451
0.484375 -0.140625 0.523814 0.851833 0.343290
0.468750 -0.125000 0.655049 0.755586 0.147879
0.671875 -0.203125 -0.961106 0.276180 0.999729
0.718750 -0.125000 -0.689771 0.724028 0.873802
0.718750 -0.109375 -0.716089 0.698009 0.119349
0.734375 -0.109375 -0.731431 0.681916 0.880228
0.437500 -0.187500 -0.837054 0.547121 0.990624
0.453125 -0.187500 -0.837053 0.547121 0.991186
0.437500 -0.171875 -0.837056 0.547118 0.947205
0.453125 -0.171875 -0.837055 0.547118 0.999836
0.500000 -0.250000 -0.159998 -0.987117 0.930613
0.515625 -0.250000 -0.192862 -0.981226 0.999855
0.500000 -0.234375 -0.661084 -0.750312 0.962749
0.515625 -0.234375 -0.969775 -0.244001 0.992668
0.593750 -0.234375 -0.935829 0.352455 0.991413
0.687500 -0.250000 0.368718 -0.929541 0.194959
0.687500 -0.234375 0.368718 -0.929541 0.999293
0.703125 -0.234375 0.446830 -0.894619 0.727007
0.750000 -0.093750 -0.790736 0.612157 0.963502
0.750000 -0.078125 -0.857482 0.514513 0.462216
0.750000 -0.218750 0.630756 -0.775981 0.026259
0.750000 -0.203125 0.641540 -0.767090 0.784767
0.765625 -0.203125 0.693059 -0.720881 0.083553
0.781250 -0.187500 0.730175 -0.683260 0.078070
0.781250 -0.171875 0.796908 -0.604100 0.729487
0.796875 -0.171875 0.800478 -0.599362 0.012995
0.421875 -0.093750 