0.750000 0.093750 0.923564 -0.383445 0.995321
0.750000 0.109375 0.887636 0.460546 0.999973
0.640625 0.281250 -0.975290 -0.220927 0.712382
0.625000 0.296875 -0.984669 -0.174434 0.000106
0.640625 0.296875 -0.984669 -0.174434 0.921185
0.734375 0.296875 0.001814 0.999998 0.999999
0.734375 0.093750 0.902891 -0.429870 0.998779
0.796875 0.187500 -0.118367 0.992970 0.379164
0.796875 0.203125 0.988406 0.151832 0.239819
0.656250 0.187500 -0.021656 -0.999766 0.801057
0.656250 0.203125 -0.995843 -0.091087 0.873827
0.765625 0.000000 0.946672 -0.322199 0.967767
0.640625 -0.234375 0.595724 0.803189 0.028865
0.796875 0.093750 0.993763 -0.111509 0.308770
0.781250 0.109375 0.951183 -0.308626 0.999998
0.796875 0.109375 0.984090 -0.177670 0.454136
0.750000 -0.062500 0.670066 -0.742302 0.047702
0.765625 -0.062500 0.091660 -0.995790 0.002383
0.750000 -0.046875 0.877814 -0.479001 0.540045
0.640625 0.218750 -0.993146 -0.116879 0.007278
0.640625 0.234375 -0.988463 -0.151462 0.131874
0.765625 0.250000 0.835399 0.549645 0.998597
0.750000 0.265625 0.552829 0.833295 0.998594
0.765625 0.265625 0.915652 0.401972 0.999343
0.781250 0.031250 0.437584 -0.899177 0.643732
0.781250 0.046875 0.989498 0.144548 0.863133
0.671875 -0.046875 -0.998353 0.057377 0.999185
0.750000 0.156250 0.794565 -0.607179 0.999897
0.750000 0.171875 0.369625 0.929181 0.999052
0.765625 0.171875 -0.462392 0.886676 0.999264
0.000000 0.078125 0.723459 -0.690368 0.000576
0.593750 -0.046875 -0.949755 0.312994 0.981772
0.656250 0.375000 -0.178647 0.983913 0.454738
0.671875 0.375000 0.223224 0.974767 0.373121
0.609375 0.000000 -0.893362 0.449337 0.651016
0.609375 0.015625 -0.901972 0.431795 0.166142
0.781250 0.000000 0.946672 -0.322199 0.071195
0.781250 0.015625 0.952436 -0.304738 0.363055
0.796875 0.156250 0.995805 0.091497 0.523958
0.796875 0.171875 -0.134878 0.990862 0.473191
0.765625 0.281250 0.949759 0.312983 0.843589
0.750000 0.296875 0.761027 0.648720 0.999514
0.765625 0.296875 0.879933 0.475097 0.344389
0.250000 0.093750 -0.930408 -0.366524 0.093886
-0.031250 -0.031250 -0.000978 -1.000000 0.000000
-0.015625 -0.031250 -0.000980 -1.000000 0.000004
-0.015625 -0.015625 0.267229 -0.963633 0.003903
0.703125 -0.093750 0.623224 -0.782043 0.648773
0.593750 -0.031250 -0.905704 0.423911 0.628845
0.593750 -0.015625 -0.899288 0.437358 0.177700
0.609375 -0.015625 -0.899288 0.437358 0.989052
0.625000 0.343750 -0.992074 0.125659 0.289462
0.625000 0.359375 -0.854298 0.519784 0.060612
0.640625 0.359375 -0.760670 0.649139 0.918129
0.718750 0.031250 0.324160 0.946002 0.998151
0.734375 0.031250 0.171605 0.985166 0.997167
0.734375 0.046875 0.350528 0.936552 0.999643
0.781250 0.250000 0.910425 0.413675 0.603364
0.781250 0.265625 0.961127 0.276107 0.265239
0.625000 0.062500 -0.951875 0.306488 0.004035
0.640625 0.062500 -0.951875 0.306488 0.883992
0.640625 0.078125 -0.949236 0.314564 0.570037
0.781250 0.218750 0.960173 -0.279406 0.999978
0.796875 0.218750 0.989799 0.142469 0.103621
0.781250 0.234375 0.955944 0.293549 0.878139
0.750000 0.062500 0.982386 0.186863 0.996820
0.765625 0.062500 0.897568 -0.440877 0.781965
0.750000 0.078125 0.919130 -0.393955 0.996837
0.765625 0.078125 0.044838 -0.998994 0.934773
0.640625 0.250000 0.105052 -0.994467 0.307244
0.640625 0.265625 0.106335 -0.994330 0.503919
0.109375 0.109375 -0.707107 -0.707107 0.011496
0.718750 0.187500 -0.494951 0.868921 0.999888
0.734375 0.187500 0.610862 0.791737 0.999619
0.718750 0.203125 -0.477752 0.878495 0.996493
0.734375 0.203125 0.589543 0.807737 0.998964
0.656250 0.156250 -0.235128 0.971964 0.780101
0.656250 0.171875 -0.414514 -0.910043 0.768778
0.734375 0.328125 0.723377 0.690453 0.861643
0.750000 0.312500 0.861998 0.506911 0.731995
0.765625 0.312500 0.830726 0.556681 0.003061
0.750000 0.328125 0.740015 0.672591 0.083554
0.578125 -0.093750 -0.798160 -0.602445 0.074208
0.562500 -0.078125 -0.728636 -0.684902 0.001918
0.578125 -0.078125 -0.992459 -0.122574 0.341169
0.687500 0.359375 0.394796 0.918769 0.948625
0.703125 0.359375 0.486088 0.873910 0.496829
0.031250 0.125000 -0.837574 -0.546323 0.001330
0.031250 0.140625 -0.837574 -0.546323 0.003888
0.718750 0.125000 0.725228 -0.688508 0.999607
0.734375 0.125000 -0.699833 -0.714307 0.993839
0.718750 0.140625 0.999181 -0.040468 0.999547
0.734375 0.140625 -0.991102 0.133108 0.999459
0.625000 0.031250 -0.917285 0.398231 0.686114
0.625000 0.046875 -0.936324 0.351137 0.256741
0.750000 0.125000 0.807315 0.590121 0.999993
0.765625 0.125000 -0.000415 1.000000 0.990354
0.750000 0.140625 0.985115 0.171898 0.999909
0.765625 0.140625 0.581106 0.813828 0.932235
0.750000 0.187500 0.556749 0.830681 0.996286
0.765625 0.187500 -0.150150 0.988663 0.997635
0.750000 0.203125 0.516209 0.856463 0.991325
0.765625 0.203125 -0.886581 0.462574 0.991525
0.625000 0.312500 -0.989766 -0.142698 0.117639
0.625000 0.328125 0.132158 -0.991229 0.267240
0.625000 0.015625 -0.901972 0.431795 0.990884
0.734375 -0.062500 0.759138 -0.650930 0.814880
0.750000 0.031250 0.762463 0.647032 0.999834
0.750000 0.046875 0.714819 0.699310 0.994947
0.765625 0.046875 0.900639 -0.434569 0.995027
0.640625 0.375000 -0.595831 0.803110 0.103496
0.781250 0.281250 0.922606 0.385744 0.004338
0.640625 0.093750 -0.968051 0.250751 0.306329
0.640625 0.109375 -0.989387 0.145307 0.097960
0.718750 0.015625 0.076553 0.997066 0.999937
0.734375 0.015625 -0.335425 0.942067 0.999984
0.781250 0.062500 0.999186 0.040344 0.971785
0.796875 0.062500 0.996137 -0.087815 0.013862
0.781250 0.078125 0.984959 -0.172787 0.997979
0.796875 0.078125 0.990579 -0.136943 0.143352
0.781250 0.125000 0.999051 0.043547 0.999995
0.796875 0.125000 0.998657 -0.051811 0.542606
0.781250 0.140625 0.979477 0.201556 0.999911
0.796875 0.140625 0.999865 0.016400 0.554432
0.687500 0.375000 0.394796 0.918769 0.068759
0.718750 0.343750 0.613813 0.789452 0.798947
0.734375 0.343750 0.691660 0.722223 0.112548
0.718750 0.359375 0.600508 0.799619 0.033428
0.656250 -0.125000 0.057388 -0.998352 0.104830
0.671875 -0.125000 0.303483 -0.952837 0.006030
0.671875 -0.109375 0.303483 -0.952837 0.894114
0.750000 -0.031250 0.869269 -0.494339 0.972660
0.765625 -0.031250 0.869269 -0.494339 0.177042
0.765625 -0.015625 0.905971 -0.423339 0.649333
0.718750 -0.093750 0.673778 -0.738934 0.022088
0.718750 -0.078125 0.663088 -0.748542 0.755097
0.734375 -0.078125 0.696247 -0.717802 0.100486
0.578125 -0.062500 -0.977961 0.208788 0.319794
0.578125 -0.046875 -0.949755 0.312994 0.075189
0.718750 0.156250 0.692164 0.721740 0.992879
0.734375 0.156250 -0.798143 0.602468 0.999620
0.000000 0.000000 0.707107 0.707107 0.003618
0.015625 0.015625 0.707107 0.707107 0.000023
0.656250 0.109375 -0.989387 0.145307 0.999990
0.593750 -0.093750 -0.778037 -0.628218 0.869201
0.656250 0.125000 -0.996048 0.088813 0.943406
0.656250 0.140625 -0.142231 0.989833 0.837668
0.687500 -0.109375 0.502641 -0.864495 0.427196
0.703125 -0.109375 0.630750 -0.775986 0.001298
0.593750 -0.109375 -0.644012 -0.765016 0.115991
0.609375 -0.109375 -0.435881 -0.900004 0.589145
0.734375 0.078125 0.973753 0.227606 0.999517
0.656250 0.218750 -0.993146 -0.116879 0.977619
0.703125 0.156250 0.905711 0.423896 0.999946
0.703125 0.171875 0.871266 -0.490811 0.999999
0.625000 -0.125000 -0.230745 -0.973014 0.007103
0.640625 -0.125000 -0.054107 -0.998535 0.106263
0.625000 -0.109375 -0.230745 -0.973014 0.925632
0.250000 0.250000 -0.918312 0.395858 0.000502
0.265625 0.250000 -0.380938 0.924600 0.018916
0.546875 -0.093750 -0.615470 -0.788160 0.000302
0.015625 0.125000 -0.837575 -0.546323 0.000922
0.015625 0.140625 -0.837575 -0.546323 0.000705
0.703125 0.015625 -0.012110 0.999927 0.999915
-0.015625 0.062500 0.653129 -0.757246 0.000054
-0.015625 0.078125 0.723458 -0.690368 0.003852
0.000000 0.093750 0.800343 -0.599543 0.003030
0.375000 -0.062500 0.868823 0.495123 0.016948
0.390625 -0.062500 0.868822 0.495125 0.002420
0.375000 -0.046875 0.868822 0.495125 0.006770
0.390625 -0.046875 0.868823 0.495123 0.001070
0.281250 0.250000 0.577949 0.816073 0.000008
0.046875 0.187500 0.665492 0.746405 0.003795
0.046875 0.203125 0.665493 0.746404 0.000003
0.062500 0.187500 -0.176993 0.984212 0.000414
0.078125 0.187500 -0.683240 0.730194 0.006305
0.078125 0.203125 -0.683241 0.730193 0.000010
0.250000 0.234375 -0.918311 0.3958