0.65625 0.5
0.703125 0.5
0.703125 0.53125
0.65625 0.53125
0.65625 0.5

0.65625 0.5
0.679688 0.5
0.679688 0.515625
0.65625 0.515625
0.65625 0.5

0.65625 0.5
0.667969 0.5
0.667969 0.507812
0.65625 0.507812
0.65625 0.5

0.667969 0.5
0.679688 0.5
0.679688 0.507812
0.667969 0.507812
0.667969 0.5

0.65625 0.507812
0.667969 0.507812
0.667969 0.515625
0.65625 0.515625
0.65625 0.507812

0.667969 0.507812
0.679688 0.507812
0.679688 0.515625
0.667969 0.515625
0.667969 0.507812

0.65625 0.5
0.667969 0.5
0.667969 0.507812
0.65625 0.507812
0.65625 0.5

0.679688 0.5
0.703125 0.5
0.703125 0.515625
0.679688 0.515625
0.679688 0.5

0.65625 0.515625
0.679688 0.515625
0.679688 0.53125
0.65625 0.53125
0.65625 0.515625

0.65625 0.515625
0.667969 0.515625
0.667969 0.523438
0.65625 0.523438
0.65625 0.515625

0.667969 0.515625
0.679688 0.515625
0.679688 0.523438
0.667969 0.523438
0.667969 0.515625

0.65625 0.523438
0.667969 0.523438
0.667969 0.53125
0.65625 0.53125
0.65625 0.523438

0.667969 0.523438
0.679688 0.523438
0.679688 0.53125
0.667969 0.53125
0.667969 0.523438

0.65625 0.523438
0.667969 0.523438
0.667969 0.53125
0.65625 0.53125
0.65625 0.523438

0.679688 0.515625
0.703125 0.515625
0.703125 0.53125
0.679688 0.53125
0.679688 0.515625

