0 0
1.5 0
1.5 1
0 1
0 0

1.5 0
3 0
3 1
1.5 1
1.5 0

0 1
1.5 1
1.5 2
0 2
0 1

1.5 1
3 1
3 2
1.5 2
1.5 1

0 0
0.75 0
0.75 0.5
0 0.5
0 0

0.75 0
1.5 0
1.5 0.5
0.75 0.5
0.75 0

0 0.5
0.75 0.5
0.75 1
0 1
0 0.5

0.75 0.5
1.5 0.5
1.5 1
0.75 1
0.75 0.5

0 0
0.375 0
0.375 0.25
0 0.25
0 0

0.375 0
0.75 0
0.75 0.25
0.375 0.25
0.375 0

0 0.25
0.375 0.25
0.375 0.5
0 0.5
0 0.25

0.375 0.25
0.75 0.25
0.75 0.5
0.375 0.5
0.375 0.25

0.75 0
1.125 0
1.125 0.25
0.75 0.25
0.75 0

1.125 0
1.5 0
1.5 0.25
1.125 0.25
1.125 0

0.75 0.25
1.125 0.25
1.125 0.5
0.75 0.5
0.75 0.25

1.125 0.25
1.5 0.25
1.5 0.5
1.125 0.5
1.125 0.25

0 0.5
0.375 0.5
0.375 0.75
0 0.75
0 0.5

0.375 0.5
0.75 0.5
0.75 0.75
0.375 0.75
0.375 0.5

0 0.75
0.375 0.75
0.375 1
0 1
0 0.75

0.375 0.75
0.75 0.75
0.75 1
0.375 1
0.375 0.75

0.75 0.5
1.125 0.5
1.125 0.75
0.75 0.75
0.75 0.5

1.125 0.5
1.5 0.5
1.5 0.75
1.125 0.75
1.125 0.5

0.75 0.75
1.125 0.75
1.125 1
0.75 1
0.75 0.75

1.125 0.75
1.5 0.75
1.5 1
1.125 1
1.125 0.75

0.375 0.25
0.5625 0.25
0.5625 0.375
0.375 0.375
0.375 0.25

0.5625 0.25
0.75 0.25
0.75 0.375
0.5625 0.375
0.5625 0.25

0.375 0.375
0.5625 0.375
0.5625 0.5
0.375 0.5
0.375 0.375

0.5625 0.375
0.75 0.375
0.75 0.5
0.5625 0.5
0.5625 0.375

0.75 0.25
0.9375 0.25
0.9375 0.375
0.75 0.375
0.75 0.25

0.9375 0.25
1.125 0.25
1.125 0.375
0.9375 0.375
0.9375 0.25

0.75 0.375
0.9375 0.375
0.9375 0.5
0.75 0.5
0.75 0.375

0.9375 0.375
1.125 0.375
1.125 0.5
0.9375 0.5
0.9375 0.375

0.375 0.5
0.5625 0.5
0.5625 0.625
0.375 0.625
0.375 0.5

0.5625 0.5
0.75 0.5
0.75 0.625
0.5625 0.625
0.5625 0.5

0.375 0.625
0.5625 0.625
0.5625 0.75
0.375 0.75
0.375 0.625

0.5625 0.625
0.75 0.625
0.75 0.75
0.5625 0.75
0.5625 0.625

0.75 0.5
0.9375 0.5
0.9375 0.625
0.75 0.625
0.75 0.5

0.9375 0.5
1.125 0.5
1.125 0.625
0.9375 0.625
0.9375 0.5

0.75 0.625
0.9375 0.625
0.9375 0.75
0.75 0.75
0.75 0.625

0.9375 0.625
1.125 0.625
1.125 0.75
0.9375 0.75
0.9375 0.625

0.5625 0.375
0.65625 0.375
0.65625 0.4375
0.5625 0.4375
0.5625 0.375

0.65625 0.375
0.75 0.375
0.75 0.4375
0.65625 0.4375
0.65625 0.375

0.5625 0.4375
0.65625 0.4375
0.65625 0.5
0.5625 0.5
0.5625 0.4375

0.65625 0.4375
0.75 0.4375
0.75 0.5
0.65625 0.5
0.65625 0.4375

0.75 0.375
0.84375 0.375
0.84375 0.4375
0.75 0.4375
0.75 0.375

0.84375 0.375
0.9375 0.375
0.9375 0.4375
0.84375 0.4375
0.84375 0.375

0.75 0.4375
0.84375 0.4375
0.84375 0.5
0.75 0.5
0.75 0.4375

0.84375 0.4375
0.9375 0.4375
0.9375 0.5
0.84375 0.5
0.84375 0.4375

0.5625 0.5
0.65625 0.5
0.65625 0.5625
0.5625 0.5625
0.5625 0.5

0.65625 0.5
0.75 0.5
0.75 0.5625
0.65625 0.5625
0.65625 0.5

0.5625 0.5625
0.65625 0.5625
0.65625 0.625
0.5625 0.625
0.5625 0.5625

0.65625 0.5625
0.75 0.5625
0.75 0.625
0.65625 0.625
0.65625 0.5625

0.75 0.5
0.84375 0.5
0.84375 0.5625
0.75 0.5625
0.75 0.5

0.84375 0.5
0.9375 0.5
0.9375 0.5625
0.84375 0.5625
0.84375 0.5

0.75 0.5625
0.84375 0.5625
0.84375 0.625
0.75 0.625
0.75 0.5625

0.84375 0.5625
0.9375 0.5625
0.9375 0.625
0.84375 0.625
0.84375 0.5625

