0.649949 0.253927
0.649538 0.261769
0.648717 0.269579
0.647488 0.277335
0.645856 0.285017
0.643823 0.292602
0.641396 0.300071
0.638582 0.307402
0.635388 0.314577
0.631823 0.321574
0.627896 0.328375
0.623619 0.334961
0.619003 0.341314
0.614061 0.347417
0.608806 0.353253
0.603253 0.358806
0.597417 0.364061
0.591314 0.369003
0.584961 0.373619
0.578375 0.377896
0.571574 0.381823
0.564577 0.385388
0.557403 0.388582
0.550071 0.391396
0.542602 0.393823
0.535017 0.395855
0.527336 0.397488
0.519579 0.398717
0.511769 0.399538
0.503927 0.399949
0.496074 0.399949
0.488231 0.399538
0.480421 0.398717
0.472665 0.397488
0.464983 0.395856
0.457398 0.393823
0.449929 0.391396
0.442598 0.388582
0.435424 0.385388
0.428426 0.381823
0.421625 0.377896
0.415039 0.373619
0.408686 0.369003
0.402583 0.364061
0.396747 0.358806
0.391194 0.353253
0.385939 0.347417
0.380997 0.341314
0.376381 0.334961
0.372104 0.328375
0.368178 0.321574
0.364612 0.314577
0.361418 0.307403
0.358604 0.300071
0.356177 0.292603
0.354145 0.285017
0.352512 0.277336
0.351283 0.269579
0.350462 0.261769
0.350051 0.253927
0.350051 0.246074
0.350462 0.238232
0.351283 0.230421
0.352512 0.222665
0.354144 0.214984
0.356177 0.207398
0.358604 0.199929
0.361418 0.192598
0.364612 0.185424
0.368177 0.178427
0.372104 0.171626
0.376381 0.165039
0.380997 0.158686
0.385939 0.152583
0.391193 0.146747
0.396746 0.141194
0.402582 0.135939
0.408685 0.130997
0.415039 0.126381
0.421625 0.122104
0.428426 0.118178
0.435423 0.114612
0.442597 0.111418
0.449928 0.108604
0.457397 0.106177
0.464983 0.104145
0.472664 0.102512
0.48042 0.101283
0.488231 0.100462
0.496073 0.100051
0.503926 0.100051
0.511768 0.100462
0.519578 0.101283
0.527335 0.102512
0.535016 0.104144
0.542602 0.106177
0.55007 0.108604
0.557402 0.111418
0.564576 0.114612
0.571573 0.118177
0.578374 0.122104
0.58496 0.126381
0.591314 0.130997
0.597417 0.135939
0.603253 0.141193
0.608806 0.146746
0.61406 0.152582
0.619003 0.158685
0.623619 0.165038
0.627896 0.171625
0.631822 0.178426
0.635387 0.185423
0.638582 0.192597
0.641396 0.199928
0.643823 0.207397
0.645855 0.214982
0.647488 0.222664
0.648717 0.23042
0.649538 0.23823
0.649949 0.246073
0.649949 0.253927

