  0.849802673  0.506279051
  0.849211454  0.512533307
  0.848228753  0.518738151
  0.846858323  0.524868965
  0.845105648  0.53090173
  0.842977643  0.536812484
  0.840482712  0.542577922
  0.837630689  0.548175395
  0.834432781  0.553582668
  0.830901682  0.558778524
  0.827051342  0.563742399
  0.822896838  0.568454742
  0.818454683  0.572896898
  0.813742399  0.577051342
  0.808778524  0.580901682
  0.803582668  0.584432781
  0.798175335  0.587630689
  0.792577922  0.590482712
  0.786812484  0.592977643
  0.78090167  0.595105648
  0.774868965  0.596858323
  0.768738151  0.598228753
  0.762533307  0.599211454
  0.756279051  0.599802673
  0.75  0.600000024
  0.743720949  0.599802673
  0.737466693  0.599211454
  0.731261849  0.598228753
  0.725130975  0.596858323
  0.71909827  0.595105648
  0.713187516  0.592977643
  0.707422078  0.590482712
  0.701824605  0.587630689
  0.696417332  0.584432781
  0.691221476  0.580901682
  0.686257601  0.577051342
  0.681545258  0.572896838
  0.677103162  0.568454683
  0.672948658  0.563742399
  0.669098318  0.558778524
  0.665567219  0.553582668
  0.662369311  0.548175335
  0.659517288  0.542577922
  0.657022357  0.536812425
  0.654894352  0.53090167
  0.653141677  0.524868965
  0.651771247  0.518738091
  0.650788546  0.512533307
  0.650197327  0.506279051
  0.649999976  0.5
  0.650197327  0.493720949
  0.650788546  0.487466663
  0.651771247  0.481261849
  0.653141677  0.475131005
  0.654894352  0.46909827
  0.657022357  0.463187516
  0.659517288  0.457422048
  0.66236937  0.451824605
  0.665567219  0.446417302
  0.669098318  0.441221476
  0.672948658  0.436257601
  0.677103162  0.431545287
  0.681545317  0.427103132
  0.686257601  0.422948658
  0.691221476  0.419098288
  0.696417332  0.415567189
  0.701824665  0.412369311
  0.707422078  0.409517288
  0.713187575  0.407022327
  0.71909833  0.404894352
  0.725131035  0.403141677
  0.731261909  0.401771277
  0.737466693  0.400788516
  0.743721008  0.400197327
  0.75  0.400000006
  0.756279051  0.400197327
  0.762533307  0.400788516
  0.768738151  0.401771277
  0.774869025  0.403141677
  0.78090173  0.404894352
  0.786812484  0.407022357
  0.792577922  0.409517288
  0.798175395  0.412369341
  0.803582728  0.415567219
  0.808778524  0.419098318
  0.813742399  0.422948688
  0.818454742  0.427103162
  0.822896898  0.431545317
  0.827051342  0.436257631
  0.830901742  0.441221505
  0.83443284  0.446417361
  0.837630689  0.451824665
  0.840482712  0.457422107
  0.842977643  0.463187575
  0.845105648  0.469098359
  0.846858323  0.475131065
  0.848228753  0.481261879
  0.849211454  0.487466693
  0.849802673  0.493720949
  0.850000024  0.5
  0.849802673  0.506279051
