0 0
1.5 0
1.5 1
0 1
0 0

0 0
0.75 0
0.75 0.5
0 0.5
0 0

0.75 0
1.5 0
1.5 0.5
0.75 0.5
0.75 0

0 0.5
0.75 0.5
0.75 1
0 1
0 0.5

0.75 0.5
1.5 0.5
1.5 1
0.75 1
0.75 0.5

0.375 0.25
0.75 0.25
0.75 0.5
0.375 0.5
0.375 0.25

0.75 0.25
1.125 0.25
1.125 0.5
0.75 0.5
0.75 0.25

0.375 0.5
0.75 0.5
0.75 0.75
0.375 0.75
0.375 0.5

0.75 0.5
1.125 0.5
1.125 0.75
0.75 0.75
0.75 0.5

0.5625 0.375
0.75 0.375
0.75 0.5
0.5625 0.5
0.5625 0.375

0.75 0.375
0.9375 0.375
0.9375 0.5
0.75 0.5
0.75 0.375

0.5625 0.5
0.75 0.5
0.75 0.625
0.5625 0.625
0.5625 0.5

0.75 0.5
0.9375 0.5
0.9375 0.625
0.75 0.625
0.75 0.5

0.65625 0.375
0.75 0.375
0.75 0.4375
0.65625 0.4375
0.65625 0.375

0.5625 0.4375
0.65625 0.4375
0.65625 0.5
0.5625 0.5
0.5625 0.4375

0.65625 0.4375
0.75 0.4375
0.75 0.5
0.65625 0.5
0.65625 0.4375

0.75 0.375
0.84375 0.375
0.84375 0.4375
0.75 0.4375
0.75 0.375

0.75 0.4375
0.84375 0.4375
0.84375 0.5
0.75 0.5
0.75 0.4375

0.84375 0.4375
0.9375 0.4375
0.9375 0.5
0.84375 0.5
0.84375 0.4375

0.5625 0.5
0.65625 0.5
0.65625 0.5625
0.5625 0.5625
0.5625 0.5

0.65625 0.5
0.75 0.5
0.75 0.5625
0.65625 0.5625
0.65625 0.5

0.65625 0.5625
0.75 0.5625
0.75 0.625
0.65625 0.625
0.65625 0.5625

0.75 0.5
0.84375 0.5
0.84375 0.5625
0.75 0.5625
0.75 0.5

0.84375 0.5
0.9375 0.5
0.9375 0.5625
0.84375 0.5625
0.84375 0.5

0.75 0.5625
0.84375 0.5625
0.84375 0.625
0.75 0.625
0.75 0.5625

0.703125 0.375
0.75 0.375
0.75 0.40625
0.703125 0.40625
0.703125 0.375

0.65625 0.40625
0.703125 0.40625
0.703125 0.4375
0.65625 0.4375
0.65625 0.40625

0.703125 0.40625
0.75 0.40625
0.75 0.4375
0.703125 0.4375
0.703125 0.40625

0.609375 0.4375
0.65625 0.4375
0.65625 0.46875
0.609375 0.46875
0.609375 0.4375

0.609375 0.46875
0.65625 0.46875
0.65625 0.5
0.609375 0.5
0.609375 0.46875

0.65625 0.4375
0.703125 0.4375
0.703125 0.46875
0.65625 0.46875
0.65625 0.4375

0.75 0.375
0.796875 0.375
0.796875 0.40625
0.75 0.40625
0.75 0.375

0.75 0.40625
0.796875 0.40625
0.796875 0.4375
0.75 0.4375
0.75 0.40625

0.796875 0.40625
0.84375 0.40625
0.84375 0.4375
0.796875 0.4375
0.796875 0.40625

0.796875 0.4375
0.84375 0.4375
0.84375 0.46875
0.796875 0.46875
0.796875 0.4375

0.84375 0.4375
0.890625 0.4375
0.890625 0.46875
0.84375 0.46875
0.84375 0.4375

0.84375 0.46875
0.890625 0.46875
0.890625 0.5
0.84375 0.5
0.84375 0.46875

0.609375 0.5
0.65625 0.5
0.65625 0.53125
0.609375 0.53125
0.609375 0.5

0.609375 0.53125
0.65625 0.53125
0.65625 0.5625
0.609375 0.5625
0.609375 0.53125

0.65625 0.53125
0.703125 0.53125
0.703125 0.5625
0.65625 0.5625
0.65625 0.53125

0.65625 0.5625
0.703125 0.5625
0.703125 0.59375
0.65625 0.59375
0.65625 0.5625

0.703125 0.5625
0.75 0.5625
0.75 0.59375
0.703125 0.59375
0.703125 0.5625

0.703125 0.59375
0.75 0.59375
0.75 0.625
0.703125 0.625
0.703125 0.59375

0.796875 0.53125
0.84375 0.53125
0.84375 0.5625
0.796875 0.5625
0.796875 0.53125

0.84375 0.5
0.890625 0.5
0.890625 0.53125
0.84375 0.53125
0.84375 0.5

0.84375 0.53125
0.890625 0.53125
0.890625 0.5625
0.84375 0.5625
0.84375 0.53125

0.75 0.5625
0.796875 0.5625
0.796875 0.59375
0.75 0.59375
0.75 0.5625

0.796875 0.5625
0.84375 0.5625
0.84375 0.59375
0.796875 0.59375
0.796875 0.5625

0.75 0.59375
0.796875 0.59375
0.796875 0.625
0.75 0.625
0.75 0.59375

0.703125 0.390625
0.726562 0.390625
0.726562 0.40625
0.703125 0.40625
0.703125 0.390625

0.726562 0.390625
0.75 0.390625
0.75 0.40625
0.726562 0.40625
0.726562 0.390625

0.679688 0.40625
0.703125 0.40625
0.703125 0.421875
0.679688 0.421875
0.679688 0.40625

0.65625 0.421875
0.679688 0.421875
0.679688 0.4375
0.65625 0.4375
0.65625 0.421875

0.679688 0.421875
0.703125 0.421875
0.703125 0.4375
0.679688 0.4375
0.679688 0.421875

0.703125 0.40625
0.726562 0.40625
0.726562 0.421875
0.703125 0.421875
0.703125 0.40625

0.632812 0.453125
0.65625 0.453125
0.65625 0.46875
0.632812 0.46875
0.632812 0.453125

0.632812 0.46875
0.65625 0.46875
0.65625 0.484375
0.632812 0.484375
0.632812 0.46875

0.632812 0.484375
0.65625 0.484375
0.65625 0.5
0.632812 0.5
0.632812 0.484375

0.65625 0.4375
0.679688 0.4375
0.679688 0.453125
0.65625 0.453125
0.65625 0.4375

0.65625 0.453125
0.679688 0.453125
0.679688 0.46875
0.65625 0.46875
0.65625 0.453125

0.75 0.390625
0.773438 0.390625
0.773438 0.40625
0.75 0.40625
0.75 0.390625

0.773438 0.390625
0.796875 0.390625
0.796875 0.40625
0.773438 0.40625
0.773438 0.390625

0.773438 0.40625
0.796875 0.40625
0.796875 0.421875
0.773438 0.421875
0.773438 0.40625

0.796875 0.40625
0.820312 0.40625
0.820312 0.421875
0.796875 0.421875
0.796875 0.40625

0.796875 0.421875
0.820312 0.421875
0.820312 0.4375
0.796875 0.4375
0.796875 0.421875

0.820312 0.421875
0.84375 0.421875
0.84375 0.4375
0.820312 0.4375
0.820312 0.421875

0.820312 0.4375
0.84375 0.4375
0.84375 0.453125
0.820312 0.453125
0.820312 0.4375

0.820312 0.453125
0.84375 0.453125
0.84375 0.46875
0.820312 0.46875
0.820312 0.453125

0.84375 0.453125
0.867188 0.453125
0.867188 0.46875
0.84375 0.46875
0.84375 0.453125

0.84375 0.46875
0.867188 0.46875
0.867188 0.484375
0.84375 0.484375
0.84375 0.46875

0.84375 0.484375
0.867188 0.484375
0.867188 0.5
0.84375 0.5
0.84375 0.484375

0.632812 0.5
0.65625 0.5
0.65625 0.515625
0.632812 0.515625
0.632812 0.5

0.632812 0.515625
0.65625 0.515625
0.65625 0.53125
0.632812 0.53125
0.632812 0.515625

0.632812 0.53125
0.65625 0.53125
0.65625 0.546875
0.632812 0.546875
0.632812 0.53125

0.65625 0.53125
0.679688 0.53125
0.679688 0.546875
0.65625 0.546875
0.65625 0.53125

0.65625 0.546875
0.679688 0.546875
0.679688 0.5625
0.65625 0.5625
0.65625 0.546875

0.65625 0.5625
0.679688 0.5625
0.679688 0.578125
0.65625 0.578125
0.65625 0.5625

0.679688 0.5625
0.703125 0.5625
0.703125 0.578125
0.679688 0.578125
0.679688 0.5625

0.679688 0.578125
0.703125 0.578125
0.703125 0.59375
0.679688 0.59375
0.679688 0.578125

0.703125 0.578125
0.726562 0.578125
0.726562 0.59375
0.703125 0.59375
0.703125 0.578125

0.703125 0.59375
0.726562 0.59375
0.726562 0.609375
0.703125 0.609375
0.703125 0.59375

0.726562 0.59375
0.75 0.59375
0.75 0.609375
0.726562 0.609375
0.726562 0.59375

0.820312 0.53125
0.84375 0.53125
0.84375 0.546875
0.820312 0.546875
0.820312 0.53125

0.820312 0.546875
0.84375 0.546875
0.84375 0.5625
0.820312 0.5625
0.820312 0.546875

0.84375 0.5
0.867188 0.5
0.867188 0.515625
0.84375 0.515625
0.84375 0.5

0.84375 0.515625
0.867188 0.515625
0.867188 0.53125
0.84375 0.53125
0.84375 0.515625

0.84375 0.53125
0.867188 0.53125
0.867188 0.546875
0.84375 0.546875
0.84375 0.53125

0.773438 0.578125
0.796875 0.578125
0.796875 0.59375
0.773438 0.59375
0.773438 0.578125

0.796875 0.5625
0.820312 0.5625
0.820312 0.578125
0.796875 0.578125
0.796875 0.5625

0.820312 0.5625
0.84375 0.5625
0.84375 0.578125
0.820312 0.578125
0.820312 0.5625

0.796875 0.578125
0.820312 0.578125
0.820312 0.59375
0.796875 0.59375
0.796875 0.578125

0.75 0.59375
0.773438 0.59375
0.773438 0.609375
0.75 0.609375
0.75 0.59375

0.773438 0.59375
0.796875 0.59375
0.796875 0.609375
0.773438 0.609375
0.773438 0.59375

0.714844 0.398438
0.726562 0.398438
0.726562 0.40625
0.714844 0.40625
0.714844 0.398438

0.726562 0.398438
0.738281 0.398438
0.738281 0.40625
0.726562 0.40625
0.726562 0.398438

0.738281 0.398438
0.75 0.398438
0.75 0.40625
0.738281 0.40625
0.738281 0.398438

0.691406 0.40625
0.703125 0.40625
0.703125 0.414062
0.691406 0.414062
0.691406 0.40625

0.679688 0.414062
0.691406 0.414062
0.691406 0.421875
0.679688 0.421875
0.679688 0.414062

0.691406 0.414062
0.703125 0.414062
0.703125 0.421875
0.691406 0.421875
0.691406 0.414062

0.667969 0.421875
0.679688 0.421875
0.679688 0.429688
0.667969 0.429688
0.667969 0.421875

0.667969 0.429688
0.679688 0.429688
0.679688 0.4375
0.667969 0.4375
0.667969 0.429688

0.679688 0.421875
0.691406 0.421875
0.691406 0.429688
0.679688 0.429688
0.679688 0.421875

0.703125 0.40625
0.714844 0.40625
0.714844 0.414062
0.703125 0.414062
0.703125 0.40625

0.714844 0.40625
0.726562 0.40625
0.726562 0.414062
0.714844 0.414062
0.714844 0.40625

0.644531 0.460938
0.65625 0.460938
0.65625 0.46875
0.644531 0.46875
0.644531 0.460938

0.644531 0.46875
0.65625 0.46875
0.65625 0.476562
0.644531 0.476562
0.644531 0.46875

0.644531 0.476562
0.65625 0.476562
0.65625 0.484375
0.644531 0.484375
0.644531 0.476562

0.644531 0.484375
0.65625 0.484375
0.65625 0.492188
0.644531 0.492188
0.644531 0.484375

0.644531 0.492188
0.65625 0.492188
0.65625 0.5
0.644531 0.5
0.644531 0.492188

0.65625 0.4375
0.667969 0.4375
0.667969 0.445312
0.65625 0.445312
0.65625 0.4375

0.667969 0.4375
0.679688 0.4375
0.679688 0.445312
0.667969 0.445312
0.667969 0.4375

0.65625 0.445312
0.667969 0.445312
0.667969 0.453125
0.65625 0.453125
0.65625 0.445312

0.65625 0.453125
0.667969 0.453125
0.667969 0.460938
0.65625 0.460938
0.65625 0.453125

0.65625 0.460938
0.667969 0.460938
0.667969 0.46875
0.65625 0.46875
0.65625 0.460938

0.75 0.398438
0.761719 0.398438
0.761719 0.40625
0.75 0.40625
0.75 0.398438

0.761719 0.398438
0.773438 0.398438
0.773438 0.40625
0.761719 0.40625
0.761719 0.398438

0.773438 0.398438
0.785156 0.398438
0.785156 0.40625
0.773438 0.40625
0.773438 0.398438

0.773438 0.40625
0.785156 0.40625
0.785156 0.414062
0.773438 0.414062
0.773438 0.40625

0.785156 0.40625
0.796875 0.40625
0.796875 0.414062
0.785156 0.414062
0.785156 0.40625

0.796875 0.40625
0.808594 0.40625
0.808594 0.414062
0.796875 0.414062
0.796875 0.40625

0.796875 0.414062
0.808594 0.414062
0.808594 0.421875
0.796875 0.421875
0.796875 0.414062

0.808594 0.414062
0.820312 0.414062
0.820312 0.421875
0.808594 0.421875
0.808594 0.414062

0.808594 0.421875
0.820312 0.421875
0.820312 0.429688
0.808594 0.429688
0.808594 0.421875

0.820312 0.421875
0.832031 0.421875
0.832031 0.429688
0.820312 0.429688
0.820312 0.421875

0.820312 0.429688
0.832031 0.429688
0.832031 0.4375
0.820312 0.4375
0.820312 0.429688

0.820312 0.4375
0.832031 0.4375
0.832031 0.445312
0.820312 0.445312
0.820312 0.4375

0.832031 0.4375
0.84375 0.4375
0.84375 0.445312
0.832031 0.445312
0.832031 0.4375

0.832031 0.445312
0.84375 0.445312
0.84375 0.453125
0.832031 0.453125
0.832031 0.445312

0.832031 0.453125
0.84375 0.453125
0.84375 0.460938
0.832031 0.460938
0.832031 0.453125

0.832031 0.460938
0.84375 0.460938
0.84375 0.46875
0.832031 0.46875
0.832031 0.460938

0.84375 0.460938
0.855469 0.460938
0.855469 0.46875
0.84375 0.46875
0.84375 0.460938

0.84375 0.46875
0.855469 0.46875
0.855469 0.476562
0.84375 0.476562
0.84375 0.46875

0.84375 0.476562
0.855469 0.476562
0.855469 0.484375
0.84375 0.484375
0.84375 0.476562

0.84375 0.484375
0.855469 0.484375
0.855469 0.492188
0.84375 0.492188
0.84375 0.484375

0.84375 0.492188
0.855469 0.492188
0.855469 0.5
0.84375 0.5
0.84375 0.492188

0.644531 0.5
0.65625 0.5
0.65625 0.507812
0.644531 0.507812
0.644531 0.5

0.644531 0.507812
0.65625 0.507812
0.65625 0.515625
0.644531 0.515625
0.644531 0.507812

0.644531 0.515625
0.65625 0.515625
0.65625 0.523438
0.644531 0.523438
0.644531 0.515625

0.644531 0.523438
0.65625 0.523438
0.65625 0.53125
0.644531 0.53125
0.644531 0.523438

0.644531 0.53125
0.65625 0.53125
0.65625 0.539062
0.644531 0.539062
0.644531 0.53125

0.65625 0.53125
0.667969 0.53125
0.667969 0.539062
0.65625 0.539062
0.65625 0.53125

0.65625 0.539062
0.667969 0.539062
0.667969 0.546875
0.65625 0.546875
0.65625 0.539062

0.65625 0.546875
0.667969 0.546875
0.667969 0.554688
0.65625 0.554688
0.65625 0.546875

0.65625 0.554688
0.667969 0.554688
0.667969 0.5625
0.65625 0.5625
0.65625 0.554688

0.667969 0.554688
0.679688 0.554688
0.679688 0.5625
0.667969 0.5625
0.667969 0.554688

0.667969 0.5625
0.679688 0.5625
0.679688 0.570312
0.667969 0.570312
0.667969 0.5625

0.667969 0.570312
0.679688 0.570312
0.679688 0.578125
0.667969 0.578125
0.667969 0.570312

0.679688 0.570312
0.691406 0.570312
0.691406 0.578125
0.679688 0.578125
0.679688 0.570312

0.679688 0.578125
0.691406 0.578125
0.691406 0.585938
0.679688 0.585938
0.679688 0.578125

0.691406 0.578125
0.703125 0.578125
0.703125 0.585938
0.691406 0.585938
0.691406 0.578125

0.691406 0.585938
0.703125 0.585938
0.703125 0.59375
0.691406 0.59375
0.691406 0.585938

0.703125 0.585938
0.714844 0.585938
0.714844 0.59375
0.703125 0.59375
0.703125 0.585938

0.714844 0.585938
0.726562 0.585938
0.726562 0.59375
0.714844 0.59375
0.714844 0.585938

0.714844 0.59375
0.726562 0.59375
0.726562 0.601562
0.714844 0.601562
0.714844 0.59375

0.726562 0.59375
0.738281 0.59375
0.738281 0.601562
0.726562 0.601562
0.726562 0.59375

0.738281 0.59375
0.75 0.59375
0.75 0.601562
0.738281 0.601562
0.738281 0.59375

0.832031 0.53125
0.84375 0.53125
0.84375 0.539062
0.832031 0.539062
0.832031 0.53125

0.832031 0.539062
0.84375 0.539062
0.84375 0.546875
0.832031 0.546875
0.832031 0.539062

0.832031 0.546875
0.84375 0.546875
0.84375 0.554688
0.832031 0.554688
0.832031 0.546875

0.820312 0.554688
0.832031 0.554688
0.832031 0.5625
0.820312 0.5625
0.820312 0.554688

0.832031 0.554688
0.84375 0.554688
0.84375 0.5625
0.832031 0.5625
0.832031 0.554688

0.84375 0.5
0.855469 0.5
0.855469 0.507812
0.84375 0.507812
0.84375 0.5

0.84375 0.507812
0.855469 0.507812
0.855469 0.515625
0.84375 0.515625
0.84375 0.507812

0.84375 0.515625
0.855469 0.515625
0.855469 0.523438
0.84375 0.523438
0.84375 0.515625

0.84375 0.523438
0.855469 0.523438
0.855469 0.53125
0.84375 0.53125
0.84375 0.523438

0.84375 0.53125
0.855469 0.53125
0.855469 0.539062
0.84375 0.539062
0.84375 0.53125

0.773438 0.585938
0.785156 0.585938
0.785156 0.59375
0.773438 0.59375
0.773438 0.585938

0.785156 0.585938
0.796875 0.585938
0.796875 0.59375
0.785156 0.59375
0.785156 0.585938

0.808594 0.570312
0.820312 0.570312
0.820312 0.578125
0.808594 0.578125
0.808594 0.570312

0.820312 0.5625
0.832031 0.5625
0.832031 0.570312
0.820312 0.570312
0.820312 0.5625

0.820312 0.570312
0.832031 0.570312
0.832031 0.578125
0.820312 0.578125
0.820312 0.570312

0.796875 0.578125
0.808594 0.578125
0.808594 0.585938
0.796875 0.585938
0.796875 0.578125

0.808594 0.578125
0.820312 0.578125
0.820312 0.585938
0.808594 0.585938
0.808594 0.578125

0.796875 0.585938
0.808594 0.585938
0.808594 0.59375
0.796875 0.59375
0.796875 0.585938

0.75 0.59375
0.761719 0.59375
0.761719 0.601562
0.75 0.601562
0.75 0.59375

0.761719 0.59375
0.773438 0.59375
0.773438 0.601562
0.761719 0.601562
0.761719 0.59375

0.773438 0.59375
0.785156 0.59375
0.785156 0.601562
0.773438 0.601562
0.773438 0.59375

