0.649997 0.250978
0.649971 0.252933
0.64992 0.254888
0.649844 0.256841
0.649742 0.258794
0.649615 0.260745
0.649462 0.262695
0.649284 0.264642
0.64908 0.266586
0.648851 0.268528
0.648597 0.270467
0.648318 0.272402
0.648013 0.274334
0.647683 0.276261
0.647328 0.278184
0.646949 0.280102
0.646544 0.282015
0.646114 0.283923
0.645659 0.285824
0.64518 0.28772
0.644676 0.289609
0.644147 0.291492
0.643594 0.293367
0.643017 0.295235
0.642415 0.297096
0.641789 0.298948
0.641139 0.300792
0.640465 0.302628
0.639767 0.304454
0.639045 0.306272
0.6383 0.308079
0.637531 0.309877
0.636739 0.311665
0.635923 0.313442
0.635085 0.315208
0.634223 0.316964
0.633339 0.318708
0.632432 0.32044
0.631503 0.32216
0.630551 0.323868
0.629577 0.325564
0.628581 0.327246
0.627563 0.328916
0.626523 0.330572
0.625462 0.332214
0.62438 0.333843
0.623276 0.335457
0.622152 0.337057
0.621007 0.338642
0.619841 0.340211
0.618655 0.341766
0.617449 0.343305
0.616223 0.344828
0.614977 0.346335
0.613711 0.347825
0.612426 0.349299
0.611122 0.350756
0.609799 0.352196
0.608458 0.353619
0.607098 0.355024
0.60572 0.356411
0.604324 0.35778
0.60291 0.359131
0.601479 0.360463
0.60003 0.361776
0.598565 0.363071
0.597082 0.364346
0.595584 0.365602
0.594069 0.366838
0.592538 0.368054
0.590991 0.36925
0.589429 0.370426
0.587851 0.371582
0.586259 0.372717
0.584652 0.373831
0.583031 0.374924
0.581395 0.375995
0.579746 0.377046
0.578083 0.378074
0.576407 0.379081
0.574718 0.380066
0.573016 0.381029
0.571302 0.38197
0.569575 0.382888
0.567837 0.383784
0.566088 0.384657
0.564327 0.385507
0.562555 0.386334
0.560772 0.387138
0.55898 0.387918
0.557177 0.388675
0.555364 0.389409
0.553542 0.390119
0.551711 0.390805
0.549871 0.391467
0.548023 0.392105
0.546167 0.392719
0.544302 0.393308
0.542431 0.393874
0.540552 0.394415
0.538666 0.394931
0.536773 0.395423
0.534874 0.39589
0.53297 0.396332
0.531059 0.396749
0.529144 0.397142
0.527223 0.397509
0.525298 0.397851
0.523369 0.398168
0.521435 0.398461
0.519498 0.398727
0.517558 0.398969
0.515615 0.399185
0.513669 0.399376
0.51172 0.399541
0.50977 0.399681
0.507818 0.399796
0.505865 0.399885
0.50391 0.399949
0.501955 0.399987
0.5 0.4
0.498045 0.399987
0.49609 0.399949
0.494136 0.399885
0.492182 0.399796
0.49023 0.399682
0.48828 0.399541
0.486332 0.399376
0.484386 0.399185
0.482442 0.398969
0.480502 0.398727
0.478565 0.398461
0.476632 0.398169
0.474702 0.397851
0.472777 0.397509
0.470857 0.397142
0.468941 0.396749
0.467031 0.396332
0.465126 0.39589
0.463227 0.395423
0.461335 0.394931
0.459449 0.394415
0.45757 0.393874
0.455698 0.393309
0.453834 0.392719
0.451977 0.392105
0.450129 0.391467
0.448289 0.390805
0.446458 0.390119
0.444636 0.389409
0.442824 0.388675
0.441021 0.387918
0.439228 0.387138
0.437446 0.386334
0.435674 0.385507
0.433913 0.384657
0.432163 0.383784
0.430425 0.382888
0.428699 0.38197
0.426984 0.381029
0.425283 0.380067
0.423594 0.379082
0.421917 0.378075
0.420255 0.377046
0.418605 0.375996
0.41697 0.374924
0.415348 0.373831
0.413741 0.372717
0.412149 0.371582
0.410572 0.370427
0.40901 0.369251
0.407463 0.368055
0.405932 0.366838
0.404417 0.365602
0.402918 0.364346
0.401436 0.363071
0.39997 0.361777
0.398522 0.360463
0.39709 0.359131
0.395676 0.35778
0.39428 0.356411
0.392902 0.355024
0.391542 0.353619
0.390201 0.352197
0.388878 0.350757
0.387574 0.3493
0.386289 0.347826
0.385024 0.346335
0.383778 0.344828
0.382552 0.343305
0.381345 0.341766
0.380159 0.340212
0.378993 0.338642
0.377848 0.337057
0.376724 0.335457
0.37562 0.333843
0.374538 0.332215
0.373477 0.330572
0.372437 0.328916
0.371419 0.327247
0.370423 0.325564
0.369449 0.323869
0.368498 0.322161
0.367568 0.32044
0.366661 0.318708
0.365777 0.316964
0.364915 0.315209
0.364077 0.313442
0.363261 0.311665
0.362469 0.309877
0.3617 0.30808
0.360955 0.306272
0.360233 0.304455
0.359535 0.302628
0.358861 0.300793
0.358211 0.298949
0.357585 0.297096
0.356983 0.295236
0.356406 0.293368
0.355853 0.291492
0.355324 0.28961
0.35482 0.28772
0.354341 0.285825
0.353886 0.283923
0.353456 0.282015
0.353052 0.280102
0.352672 0.278184
0.352317 0.276262
0.351987 0.274334
0.351682 0.272403
0.351403 0.270467
0.351149 0.268529
0.35092 0.266587
0.350716 0.264642
0.350538 0.262695
0.350385 0.260746
0.350258 0.258794
0.350156 0.256842
0.35008 0.254888
0.350029 0.252933
0.350003 0.250978
0.350003 0.249023
0.350029 0.247068
0.35008 0.245113
0.350156 0.243159
0.350258 0.241206
0.350385 0.239255
0.350538 0.237306
0.350716 0.235359
0.35092 0.233414
0.351149 0.231472
0.351403 0.229533
0.351682 0.227598
0.351987 0.225667
0.352317 0.223739
0.352672 0.221816
0.353051 0.219898
0.353456 0.217985
0.353886 0.216078
0.354341 0.214176
0.35482 0.21228
0.355324 0.210391
0.355853 0.208509
0.356406 0.206633
0.356983 0.204765
0.357585 0.202905
0.358211 0.201052
0.358861 0.199208
0.359535 0.197373
0.360233 0.195546
0.360955 0.193729
0.3617 0.191921
0.362469 0.190123
0.363261 0.188336
0.364077 0.186558
0.364915 0.184792
0.365777 0.183037
0.366661 0.181293
0.367568 0.17956
0.368497 0.17784
0.369449 0.176132
0.370423 0.174437
0.371419 0.172754
0.372437 0.171084
0.373476 0.169428
0.374537 0.167786
0.37562 0.166157
0.376723 0.164543
0.377848 0.162944
0.378993 0.161359
0.380159 0.159789
0.381345 0.158234
0.382551 0.156695
0.383777 0.155172
0.385023 0.153665
0.386289 0.152175
0.387574 0.150701
0.388878 0.149244
0.3902 0.147804
0.391542 0.146381
0.392902 0.144976
0.39428 0.143589
0.395676 0.14222
0.39709 0.140869
0.398521 0.139537
0.39997 0.138224
0.401435 0.136929
0.402917 0.135654
0.404416 0.134398
0.405931 0.133162
0.407462 0.131946
0.409009 0.13075
0.410571 0.129574
0.412148 0.128418
0.413741 0.127283
0.415348 0.126169
0.416969 0.125077
0.418605 0.124005
0.420254 0.122955
0.421917 0.121926
0.423593 0.120919
0.425282 0.119934
0.426984 0.118971
0.428698 0.11803
0.430424 0.117112
0.432162 0.116216
0.433912 0.115343
0.435673 0.114493
0.437445 0.113666
0.439227 0.112863
0.44102 0.112082
0.442823 0.111325
0.444635 0.110591
0.446457 0.109882
0.448288 0.109195
0.450128 0.108533
0.451976 0.107895
0.453833 0.107281
0.455697 0.106692
0.457569 0.106126
0.459448 0.105586
0.461334 0.105069
0.463227 0.104577
0.465125 0.10411
0.46703 0.103668
0.46894 0.103251
0.470856 0.102859
0.472776 0.102491
0.474701 0.102149
0.476631 0.101832
0.478564 0.10154
0.480501 0.101273
0.482442 0.101031
0.484385 0.100815
0.486331 0.100624
0.488279 0.100459
0.49023 0.100319
0.492182 0.100204
0.494135 0.100115
0.496089 0.100051
0.498044 0.100013
0.499999 0.1
0.501955 0.100013
0.50391 0.100051
0.505864 0.100115
0.507817 0.100204
0.509769 0.100318
0.51172 0.100459
0.513668 0.100624
0.515614 0.100815
0.517557 0.101031
0.519498 0.101273
0.521435 0.101539
0.523368 0.101831
0.525297 0.102149
0.527223 0.102491
0.529143 0.102858
0.531059 0.103251
0.532969 0.103668
0.534874 0.10411
0.536772 0.104577
0.538665 0.105069
0.540551 0.105585
0.54243 0.106126
0.544302 0.106691
0.546166 0.107281
0.548022 0.107895
0.549871 0.108533
0.551711 0.109195
0.553542 0.109881
0.555363 0.110591
0.557176 0.111324
0.558979 0.112082
0.560772 0.112862
0.562554 0.113666
0.564326 0.114493
0.566087 0.115343
0.567837 0.116216
0.569575 0.117111
0.571301 0.11803
0.573015 0.11897
0.574717 0.119933
0.576406 0.120918
0.578082 0.121925
0.579745 0.122954
0.581394 0.124004
0.58303 0.125076
0.584651 0.126169
0.586258 0.127283
0.587851 0.128418
0.589428 0.129573
0.59099 0.130749
0.592537 0.131945
0.594068 0.133162
0.595583 0.134398
0.597082 0.135653
0.598564 0.136929
0.60003 0.138223
0.601478 0.139536
0.602909 0.140869
0.604323 0.142219
0.605719 0.143588
0.607097 0.144976
0.608457 0.14638
0.609799 0.147803
0.611122 0.149243
0.612426 0.1507
0.61371 0.152174
0.614976 0.153665
0.616222 0.155171
0.617448 0.156695
0.618655 0.158233
0.619841 0.159788
0.621006 0.161358
0.622152 0.162943
0.623276 0.164542
0.62438 0.166156
0.625462 0.167785
0.626523 0.169427
0.627562 0.171083
0.62858 0.172753
0.629576 0.174436
0.63055 0.176131
0.631502 0.177839
0.632432 0.179559
0.633339 0.181292
0.634223 0.183036
0.635084 0.184791
0.635923 0.186557
0.636738 0.188335
0.637531 0.190122
0.638299 0.19192
0.639045 0.193728
0.639766 0.195545
0.640464 0.197372
0.641138 0.199207
0.641789 0.201051
0.642415 0.202904
0.643016 0.204764
0.643594 0.206632
0.644147 0.208507
0.644676 0.21039
0.64518 0.212279
0.645659 0.214175
0.646114 0.216077
0.646543 0.217984
0.646948 0.219897
0.647328 0.221815
0.647683 0.223738
0.648013 0.225665
0.648318 0.227597
0.648597 0.229532
0.648851 0.231471
0.64908 0.233413
0.649284 0.235357
0.649462 0.237305
0.649615 0.239254
0.649742 0.241205
0.649844 0.243158
0.64992 0.245112
0.649971 0.247066
0.649997 0.249022
0.649997 0.250978

