0.699998 0.500977 5
0.699979 0.502931 5
0.69994 0.504885 5
0.699883 0.506839 5
0.699807 0.508792 5
0.699711 0.510744 5
0.699597 0.512695 5
0.699463 0.514644 5
0.699311 0.516593 5
0.699139 0.51854 5
0.698948 0.520485 5
0.698739 0.522428 5
0.69851 0.524368 5
0.698262 0.526307 5
0.697996 0.528243 5
0.69771 0.530176 5
0.697406 0.532107 5
0.697083 0.534034 5
0.696741 0.535959 5
0.69638 0.537879 5
0.696001 0.539796 5
0.695602 0.54171 5
0.695185 0.543619 5
0.69475 0.545524 5
0.694296 0.547425 5
0.693823 0.549321 5
0.693332 0.551213 5
0.692822 0.5531 5
0.692294 0.554981 5
0.691748 0.556858 5
0.691183 0.558729 5
0.6906 0.560594 5
0.689999 0.562454 5
0.68938 0.564307 5
0.688742 0.566155 5
0.688087 0.567996 5
0.687413 0.56983 5
0.686722 0.571658 5
0.686013 0.573479 5
0.685286 0.575294 5
0.684541 0.577101 5
0.683779 0.5789 5
0.682999 0.580692 5
0.682202 0.582476 5
0.681388 0.584253 5
0.680556 0.586021 5
0.679706 0.587781 5
0.67884 0.589533 5
0.677957 0.591277 5
0.677056 0.593011 5
0.676139 0.594737 5
0.675205 0.596453 5
0.674254 0.598161 5
0.673287 0.599859 5
0.672302 0.601547 5
0.671302 0.603226 5
0.670285 0.604895 5
0.669252 0.606554 5
0.668203 0.608203 5
0.667137 0.609841 5
0.666056 0.611469 5
0.664959 0.613086 5
0.663846 0.614693 5
0.662717 0.616289 5
0.661573 0.617873 5
0.660414 0.619446 5
0.659239 0.621008 5
0.658049 0.622558 5
0.656844 0.624097 5
0.655624 0.625623 5
0.654389 0.627138 5
0.653139 0.628641 5
0.651875 0.630131 5
0.650596 0.631609 5
0.649303 0.633074 5
0.647995 0.634527 5
0.646674 0.635966 5
0.645338 0.637393 5
0.643989 0.638807 5
0.642625 0.640207 5
0.641249 0.641594 5
0.639858 0.642967 5
0.638455 0.644327 5
0.637038 0.645673 5
0.635608 0.647005 5
0.634165 0.648323 5
0.632709 0.649627 5
0.631241 0.650917 5
0.62976 0.652192 5
0.628266 0.653453 5
0.626761 0.654699 5
0.625243 0.65593 5
0.623713 0.657146 5
0.622172 0.658348 5
0.620619 0.659534 5
0.619054 0.660705 5
0.617478 0.661861 5
0.615891 0.663001 5
0.614293 0.664126 5
0.612683 0.665235 5
0.611063 0.666328 5
0.609433 0.667405 5
0.607792 0.668466 5
0.60614 0.669512 5
0.604479 0.670541 5
0.602808 0.671553 5
0.601126 0.67255 5
0.599435 0.67353 5
0.597735 0.674493 5
0.596025 0.67544 5
0.594306 0.67637 5
0.592579 0.677283 5
0.590842 0.678179 5
0.589096 0.679058 5
0.587342 0.67992 5
0.58558 0.680765 5
0.58381 0.681593 5
0.582031 0.682403 5
0.580245 0.683196 5
0.578451 0.683971 5
0.57665 0.684729 5
0.574841 0.685469 5
0.573025 0.686192 5
0.571202 0.686896 5
0.569373 0.687583 5
0.567536 0.688252 5
0.565694 0.688903 5
0.563845 0.689536 5
0.561989 0.690151 5
0.560128 0.690747 5
0.558262 0.691326 5
0.556389 0.691886 5
0.554512 0.692428 5
0.552629 0.692951 5
0.550741 0.693456 5
0.548848 0.693943 5
0.546951 0.694411 5
0.545049 0.694861 5
0.543142 0.695291 5
0.541232 0.695704 5
0.539318 0.696097 5
0.5374 0.696472 5
0.535478 0.696828 5
0.533553 0.697165 5
0.531625 0.697484 5
0.529694 0.697783 5
0.52776 0.698064 5
0.525823 0.698326 5
0.523884 0.698569 5
0.521942 0.698793 5
0.519999 0.698998 5
0.518053 0.699184 5
0.516106 0.69935 5
0.514157 0.699498 5
0.512207 0.699627 5
0.510256 0.699737 5
0.508304 0.699828 5
0.506351 0.699899 5
0.504397 0.699952 5
0.502443 0.699985 5
0.500489 0.699999 5
0.498535 0.699995 5
0.49658 0.699971 5
0.494626 0.699928 5
0.492673 0.699866 5
0.490721 0.699785 5
0.488769 0.699684 5
0.486818 0.699565 5
0.484869 0.699427 5
0.482921 0.699269 5
0.480974 0.699093 5
0.47903 0.698898 5
0.477087 0.698683 5
0.475147 0.69845 5
0.473209 0.698197 5
0.471274 0.697926 5
0.469341 0.697636 5
0.467411 0.697327 5
0.465485 0.696999 5
0.463561 0.696653 5
0.461641 0.696287 5
0.459725 0.695903 5
0.457813 0.6955 5
0.455904 0.695078 5
0.454 0.694638 5
0.452101 0.694179 5
0.450206 0.693702 5
0.448315 0.693206 5
0.44643 0.692692 5
0.444549 0.692159 5
0.442674 0.691608 5
0.440805 0.691039 5
0.438941 0.690452 5
0.437083 0.689846 5
0.435231 0.689222 5
0.433385 0.68858 5
0.431545 0.68792 5
0.429712 0.687242 5
0.427886 0.686546 5
0.426067 0.685833 5
0.424254 0.685102 5
0.422449 0.684353 5
0.420651 0.683586 5
0.418861 0.682802 5
0.417079 0.682 5
0.415304 0.681181 5
0.413538 0.680345 5
0.41178 0.679492 5
0.41003 0.678621 5
0.408289 0.677733 5
0.406557 0.676829 5
0.404833 0.675907 5
0.403119 0.674969 5
0.401414 0.674014 5
0.399718 0.673042 5
0.398032 0.672054 5
0.396356 0.671049 5
0.394689 0.670028 5
0.393033 0.668991 5
0.391387 0.667938 5
0.389751 0.666869 5
0.388126 0.665783 5
0.386511 0.664682 5
0.384907 0.663566 5
0.383315 0.662433 5
0.381733 0.661285 5
0.380163 0.660122 5
0.378604 0.658943 5
0.377056 0.657749 5
0.375521 0.65654 5
0.373997 0.655317 5
0.372485 0.654078 5
0.370986 0.652825 5
0.369499 0.651557 5
0.368024 0.650274 5
0.366562 0.648977 5
0.365113 0.647666 5
0.363676 0.646341 5
0.362253 0.645002 5
0.360842 0.643649 5
0.359445 0.642283 5
0.358062 0.640902 5
0.356692 0.639509 5
0.355335 0.638102 5
0.353993 0.636682 5
0.352664 0.635248 5
0.35135 0.633802 5
0.350049 0.632343 5
0.348763 0.630872 5
0.347492 0.629388 5
0.346234 0.627891 5
0.344992 0.626383 5
0.343765 0.624862 5
0.342552 0.623329 5
0.341354 0.621785 5
0.340172 0.620229 5
0.339005 0.618661 5
0.337853 0.617083 5
0.336717 0.615493 5
0.335596 0.613892 5
0.334491 0.61228 5
0.333402 0.610657 5
0.332328 0.609024 5
0.331271 0.60738 5
0.33023 0.605726 5
0.329205 0.604062 5
0.328196 0.602388 5
0.327204 0.600705 5
0.326228 0.599011 5
0.325269 0.597309 5
0.324326 0.595597 5
0.3234 0.593876 5
0.322492 0.592145 5
0.3216 0.590406 5
0.320725 0.588659 5
0.319867 0.586903 5
0.319026 0.585139 5
0.318203 0.583366 5
0.317397 0.581586 5
0.316609 0.579798 5
0.315838 0.578002 5
0.315084 0.576198 5
0.314349 0.574388 5
0.313631 0.57257 5
0.31293 0.570746 5
0.312248 0.568914 5
0.311584 0.567076 5
0.310937 0.565232 5
0.310309 0.563382 5
0.309698 0.561525 5
0.309106 0.559663 5
0.308532 0.557794 5
0.307977 0.555921 5
0.30744 0.554042 5
0.306921 0.552157 5
0.30642 0.550268 5
0.305938 0.548374 5
0.305475 0.546476 5
0.30503 0.544573 5
0.304604 0.542665 5
0.304196 0.540754 5
0.303807 0.538839 5
0.303437 0.53692 5
0.303086 0.534997 5
0.302753 0.533072 5
0.30244 0.531143 5
0.302145 0.529211 5
0.301869 0.527276 5
0.301612 0.525339 5
0.301373 0.523399 5
0.301154 0.521457 5
0.300954 0.519513 5
0.300773 0.517567 5
0.300611 0.515619 5
0.300468 0.51367 5
0.300344 0.51172 5
0.300239 0.509768 5
0.300153 0.507816 5
0.300086 0.505863 5
0.300038 0.503909 5
0.30001 0.501955 5
0.3 0.500001 5
0.30001 0.498046 5
0.300038 0.496092 5
0.300086 0.494138 5
0.300153 0.492185 5
0.300239 0.490233 5
0.300344 0.488281 5
0.300468 0.486331 5
0.300611 0.484382 5
0.300773 0.482434 5
0.300954 0.480488 5
0.301154 0.478544 5
0.301373 0.476602 5
0.301611 0.474662 5
0.301869 0.472725 5
0.302144 0.47079 5
0.302439 0.468858 5
0.302753 0.466929 5
0.303086 0.465004 5
0.303437 0.463081 5
0.303807 0.461162 5
0.304196 0.459247 5
0.304604 0.457336 5
0.30503 0.455428 5
0.305475 0.453525 5
0.305938 0.451627 5
0.30642 0.449733 5
0.30692 0.447844 5
0.307439 0.445959 5
0.307977 0.44408 5
0.308532 0.442207 5
0.309106 0.440338 5
0.309698 0.438476 5
0.310308 0.436619 5
0.310937 0.434769 5
0.311583 0.432925 5
0.312248 0.431087 5
0.31293 0.429255 5
0.31363 0.427431 5
0.314348 0.425613 5
0.315084 0.423803 5
0.315837 0.421999 5
0.316608 0.420203 5
0.317397 0.418415 5
0.318203 0.416635 5
0.319026 0.414862 5
0.319867 0.413098 5
0.320724 0.411342 5
0.321599 0.409594 5
0.322491 0.407856 5
0.3234 0.406125 5
0.324326 0.404404 5
0.325268 0.402692 5
0.326227 0.400989 5
0.327203 0.399296 5
0.328195 0.397612 5
0.329204 0.395939 5
0.330229 0.394275 5
0.33127 0.392621 5
0.332328 0.390977 5
0.333401 0.389344 5
0.33449 0.387721 5
0.335595 0.386109 5
0.336716 0.384508 5
0.337852 0.382918 5
0.339004 0.381339 5
0.340171 0.379772 5
0.341354 0.378216 5
0.342551 0.376672 5
0.343764 0.375139 5
0.344991 0.373618 5
0.346234 0.37211 5
0.347491 0.370613 5
0.348762 0.369129 5
0.350048 0.367658 5
0.351349 0.366199 5
0.352663 0.364752 5
0.353992 0.363319 5
0.355334 0.361899 5
0.356691 0.360492 5
0.358061 0.359098 5
0.359445 0.357718 5
0.360842 0.356351 5
0.362252 0.354998 5
0.363675 0.353659 5
0.365112 0.352334 5
0.366561 0.351023 5
0.368023 0.349726 5
0.369498 0.348444 5
0.370985 0.347176 5
0.372485 0.345923 5
0.373996 0.344684 5
0.37552 0.34346 5
0.377055 0.342251 5
0.378603 0.341057 5
0.380162 0.339879 5
0.381732 0.338715 5
0.383314 0.337568 5
0.384906 0.336435 5
0.38651 0.335318 5
0.388125 0.334217 5
0.38975 0.333132 5
0.391386 0.332063 5
0.393032 0.331009 5
0.394689 0.329972 5
0.396355 0.328951 5
0.398031 0.327947 5
0.399717 0.326958 5
0.401413 0.325987 5
0.403118 0.325032 5
0.404833 0.324093 5
0.406556 0.323172 5
0.408288 0.322267 5
0.410029 0.321379 5
0.411779 0.320509 5
0.413537 0.319655 5
0.415304 0.318819 5
0.417078 0.318 5
0.41886 0.317199 5
0.42065 0.316414 5
0.422448 0.315648 5
0.424253 0.314899 5
0.426066 0.314168 5
0.427885 0.313454 5
0.429711 0.312758 5
0.431544 0.31208 5
0.433384 0.31142 5
0.43523 0.310778 5
0.437082 0.310155 5
0.43894 0.309549 5
0.440804 0.308961 5
0.442673 0.308392 5
0.444548 0.307841 5
0.446429 0.307308 5
0.448314 0.306794 5
0.450205 0.306298 5
0.4521 0.305821 5
0.453999 0.305362 5
0.455903 0.304922 5
0.457812 0.3045 5
0.459724 0.304097 5
0.46164 0.303713 5
0.46356 0.303348 5
0.465483 0.303001 5
0.46741 0.302673 5
0.46934 0.302364 5
0.471273 0.302074 5
0.473208 0.301803 5
0.475146 0.30155 5
0.477086 0.301317 5
0.479029 0.301103 5
0.480973 0.300907 5
0.48292 0.300731 5
0.484868 0.300573 5
0.486817 0.300435 5
0.488768 0.300316 5
0.490719 0.300215 5
0.492672 0.300134 5
0.494625 0.300072 5
0.496579 0.300029 5
0.498533 0.300005 5
0.500488 0.300001 5
0.502442 0.300015 5
0.504396 0.300048 5
0.50635 0.300101 5
0.508303 0.300172 5
0.510255 0.300263 5
0.512206 0.300373 5
0.514156 0.300502 5
0.516105 0.300649 5
0.518052 0.300816 5
0.519998 0.301002 5
0.521941 0.301207 5
0.523883 0.301431 5
0.525822 0.301674 5
0.527759 0.301936 5
0.529693 0.302216 5
0.531624 0.302516 5
0.533552 0.302834 5
0.535477 0.303172 5
0.537399 0.303528 5
0.539317 0.303903 5
0.541231 0.304296 5
0.543141 0.304708 5
0.545048 0.305139 5
0.54695 0.305589 5
0.548847 0.306057 5
0.55074 0.306543 5
0.552628 0.307048 5
0.554511 0.307572 5
0.556388 0.308114 5
0.558261 0.308674 5
0.560127 0.309252 5
0.561988 0.309849 5
0.563844 0.310464 5
0.565693 0.311097 5
0.567535 0.311748 5
0.569372 0.312416 5
0.571201 0.313103 5
0.573024 0.313808 5
0.57484 0.31453 5
0.576649 0.315271 5
0.57845 0.316028 5
0.580244 0.316804 5
0.58203 0.317597 5
0.583809 0.318407 5
0.585579 0.319234 5
0.587342 0.320079 5
0.589095 0.320941 5
0.590841 0.32182 5
0.592578 0.322717 5
0.594306 0.32363 5
0.596024 0.32456 5
0.597734 0.325506 5
0.599435 0.32647 5
0.601125 0.32745 5
0.602807 0.328446 5
0.604478 0.329459 5
0.60614 0.330488 5
0.607791 0.331533 5
0.609432 0.332594 5
0.611063 0.333672 5
0.612682 0.334765 5
0.614292 0.335874 5
0.61589 0.336998 5
0.617477 0.338139 5
0.619053 0.339294 5
0.620618 0.340465 5
0.622171 0.341652 5
0.623713 0.342853 5
0.625242 0.344069 5
0.62676 0.345301 5
0.628265 0.346547 5
0.629759 0.347807 5
0.63124 0.349082 5
0.632708 0.350372 5
0.634164 0.351676 5
0.635607 0.352994 5
0.637037 0.354326 5
0.638454 0.355672 5
0.639858 0.357032 5
0.641248 0.358405 5
0.642625 0.359792 5
0.643988 0.361193 5
0.645337 0.362606 5
0.646673 0.364033 5
0.647995 0.365473 5
0.649302 0.366925 5
0.650595 0.368391 5
0.651874 0.369868 5
0.653138 0.371359 5
0.654388 0.372861 5
0.655623 0.374376 5
0.656843 0.375902 5
0.658048 0.377441 5
0.659238 0.378991 5
0.660413 0.380553 5
0.661573 0.382126 5
0.662717 0.383711 5
0.663845 0.385306 5
0.664958 0.386913 5
0.666055 0.38853 5
0.667137 0.390158 5
0.668202 0.391796 5
0.669251 0.393445 5
0.670285 0.395104 5
0.671301 0.396773 5
0.672302 0.398452 5
0.673286 0.40014 5
0.674253 0.401838 5
0.675204 0.403546 5
0.676138 0.405262 5
0.677056 0.406988 5
0.677956 0.408722 5
0.67884 0.410466 5
0.679706 0.412218 5
0.680555 0.413978 5
0.681387 0.415746 5
0.682202 0.417523 5
0.682999 0.419307 5
0.683779 0.421099 5
0.684541 0.422899 5
0.685286 0.424705 5
0.686012 0.42652 5
0.686722 0.428341 5
0.687413 0.430169 5
0.688086 0.432003 5
0.688742 0.433844 5
0.689379 0.435692 5
0.689999 0.437545 5
0.6906 0.439405 5
0.691183 0.44127 5
0.691747 0.443141 5
0.692294 0.445018 5
0.692822 0.446899 5
0.693332 0.448786 5
0.693823 0.450678 5
0.694296 0.452574 5
0.69475 0.454475 5
0.695185 0.45638 5
0.695602 0.458289 5
0.696 0.460203 5
0.69638 0.46212 5
0.696741 0.46404 5
0.697083 0.465965 5
0.697406 0.467892 5
0.69771 0.469822 5
0.697996 0.471756 5
0.698262 0.473692 5
0.69851 0.47563 5
0.698738 0.477571 5
0.698948 0.479514 5
0.699139 0.481459 5
0.69931 0.483406 5
0.699463 0.485355 5
0.699597 0.487304 5
0.699711 0.489255 5
0.699807 0.491207 5
0.699883 0.49316 5
0.69994 0.495114 5
0.699979 0.497068 5
0.699998 0.499022 5
0 0 5

