0.549233 0.808594 
0.550781 0.809999 

0.697397 0.789062 
0.697266 0.789283 

0.518182 0.757812 
0.518555 0.759447 

0.518684 0.759766 
0.518555 0.759132 

0.518692 0.759766 
0.519228 0.761719 

0.523127 0.693359 
0.523984 0.691406 

0.522272 0.695312 
0.523098 0.693359 

0.524892 0.689453 
0.525847 0.687500 

0.524018 0.691406 
0.524414 0.690371 

0.524876 0.689453 
0.524414 0.690638 

0.684608 0.804688 
0.685547 0.803652 

0.693184 0.794922 
0.694336 0.793251 

0.694630 0.792969 
0.694336 0.793407 

0.693099 0.794922 
0.691639 0.796875 

0.669291 0.648438 
0.670898 0.649409 

0.672393 0.650391 
0.670898 0.649419 

0.672395 0.650391 
0.673828 0.651399 

0.714353 0.742188 
0.714142 0.744141 

0.714143 0.744141 
0.713890 0.746094 

0.532835 0.675781 
0.533203 0.675173 

0.560547 0.648438 
0.562500 0.647258 

0.692488 0.669922 
0.691406 0.668448 

0.694010 0.671875 
0.692574 0.669922 

0.519248 0.761719 
0.519864 0.763672 

0.519858 0.763672 
0.520526 0.765625 

0.696069 0.791016 
0.697266 0.789132 

0.695981 0.791016 
0.694639 0.792969 

0.531559 0.677734 
0.532810 0.675781 

0.530260 0.679688 
0.530273 0.679663 

0.530323 0.679688 
0.531479 0.677734 

0.563835 0.646484 
0.565430 0.645614 

0.567507 0.644531 
0.565430 0.645558 

0.563803 0.646484 
0.562500 0.647224 

0.527927 0.683594 
0.527344 0.684838 

0.529150 0.681641 
0.530241 0.679688 

0.530327 0.679688 
0.530273 0.679792 

0.527963 0.683594 
0.529080 0.681641 

0.675125 0.652344 
0.673828 0.651378 

0.545168 0.804688 
0.547068 0.806641 

0.547089 0.806641 
0.547852 0.807376 

0.549203 0.808594 
0.547852 0.807285 

0.688235 0.800781 
0.686540 0.802734 

0.686500 0.802734 
0.685547 0.803793 

0.675123 0.652344 
0.676758 0.653695 

0.677538 0.654297 
0.676758 0.653641 

0.679674 0.656250 
0.677558 0.654297 

0.696847 0.675781 
0.697266 0.676503 

0.713890 0.746094 
0.713596 0.748047 

0.713595 0.748047 
0.713261 0.750000 

0.520554 0.765625 
0.521230 0.767578 

0.521256 0.767578 
0.521484 0.768352 

0.534226 0.673828 
0.535606 0.671875 

0.534144 0.673828 
0.533203 0.675322 

0.514960 0.728516 
0.515070 0.726562 

0.514892 0.730469 
0.514961 0.728516 

0.515789 0.746094 
0.515625 0.744565 

0.690028 0.798828 
0.691406 0.797031 

0.688248 0.800781 
0.688477 0.800506 

0.689943 0.798828 
0.688477 0.800644 

0.698097 0.677734 
0.697266 0.676328 

0.699392 0.679688 
0.698155 0.677734 

0.559308 0.816406 
0.556641 0.814568 

0.679685 0.656250 
0.679688 0.656252 

0.585019 0.828125 
0.585938 0.828375 

0.532347 0.789062 
0.533203 0.790473 

0.709508 0.701172 
0.708984 0.699406 

0.710178 0.703125 
0.709544 0.701172 

0.535086 0.792969 
0.536133 0.794510 

0.536526 0.794922 
0.536133 0.794338 

0.536544 0.794922 
0.538015 0.796875 

0.533640 0.791016 
0.533203 0.790286 

0.533663 0.791016 
0.535014 0.792969 

0.567513 0.644531 
0.568359 0.644111 

0.583008 0.827464 
0.580078 0.826496 

0.585141 0.828125 
0.583008 0.827520 

0.571496 0.642578 
0.574219 0.641468 

0.571289 0.642736 
0.568359 0.644048 

0.571495 0.642578 
0.571289 0.642667 

0.569890 0.822266 
0.568359 0.821570 

0.569902 0.822266 
0.571289 0.822890 

0.574219 0.824163 
0.571289 0.822956 

0.516424 0.750000 
0.516795 0.751953 

0.516797 0.751953 
0.517207 0.753906 

0.650391 0.639507 
0.653320 0.640576 

0.662101 0.644531 
0.662109 0.644535 

0.581398 0.638672 
0.583008 0.638180 

0.585938 0.637229 
0.583008 0.638127 

0.581514 0.638672 
0.580078 0.639117 

0.559336 0.816406 
0.559570 0.816559 

0.562480 0.818359 
0.559570 0.816590 

0.562487 0.818359 
0.562500 0.818367 

0.621094 0.633030 
0.624023 0.633287 

0.624023 0.633293 
0.626953 0.633633 

0.553898 0.812500 
0.556439 0.814453 

0.556471 0.814453 
0.556641 0.814574 

0.710432 0.761719 
0.709832 0.763672 

0.709813 0.763672 
0.709207 0.765625 

0.600586 0.633935 
0.597656 0.634405 

0.603516 0.633547 
0.600586 0.633929 

0.653320 0.640647 
0.656250 0.641804 

0.550074 0.656250 
0.550781 0.655632 

0.704175 0.777344 
0.703260 0.779297 

0.703255 0.779297 
0.703125 0.779596 

0.650391 0.826122 
0.653320 0.825047 

0.655267 0.824219 
0.653320 0.824973 

0.711844 0.708984 
0.711365 0.707031 

0.711853 0.708984 
0.711914 0.709337 

0.712298 0.710938 
0.711914 0.709052 

0.526926 0.685547 
0.527344 0.684626 

0.525896 0.687500 
0.526896 0.685547 

0.714657 0.738281 
0.714523 0.740234 

0.714524 0.740234 
0.714352 0.742188 

0.694024 0.671875 
0.694336 0.672354 

0.695416 0.673828 
0.694336 0.672204 

0.696824 0.675781 
0.695500 0.673828 

0.708873 0.699219 
0.708984 0.699645 

0.712440 0.753906 
0.712021 0.755859 

0.711549 0.757812 
0.711914 0.756121 

0.712008 0.755859 
0.711914 0.756382 

0.714812 0.734375 
0.714755 0.736328 

0.714754 0.736328 
0.714658 0.738281 

0.521946 0.769531 
0.521484 0.768090 

0.557588 0.650391 
0.559570 0.649062 

0.560535 0.648438 
0.559570 0.649053 

0.557600 0.650391 
0.556641 0.651070 

0.644538 0.828125 
0.647461 0.827232 

0.647461 0.827165 
0.650391 0.826191 

0.521972 0.769531 
0.522760 0.771484 

0.522771 0.771484 
0.523633 0.773438 

0.644531 0.637482 
0.647461 0.638400 

0.648140 0.638672 
0.647461 0.638453 

0.648084 0.638672 
0.650391 0.639431 

0.545160 0.804688 
0.544922 0.804442 

0.710780 0.705078 
0.710181 0.703125 

0.711339 0.707031 
0.710777 0.705078 

0.527548 0.781250 
0.528597 0.783203 

0.528664 0.783203 
0.529797 0.785156 

0.704776 0.689453 
0.703815 0.687500 

0.705708 0.691406 
0.704810 0.689453 

0.706041 0.773438 
0.705214 0.775391 

0.706102 0.773438 
0.706055 0.773572 

0.705161 0.775391 
0.704205 0.777344 

0.667267 0.818359 
0.667969 0.817968 

0.663583 0.820312 
0.665039 0.819581 

0.667261 0.818359 
0.665039 0.819533 

0.539669 0.798828 
0.539062 0.798030 

0.539702 0.798828 
0.541336 0.800781 

0.520101 0.701172 
0.520786 0.699219 

0.519481 0.703125 
0.520104 0.701172 

0.705733 0.691406 
0.706055 0.692301 

0.706543 0.693359 
0.706055 0.692025 

0.707367 0.695312 
0.706574 0.693359 

0.565920 0.820312 
0.568359 0.821506 

0.655241 0.824219 
0.656250 0.823817 

0.663552 0.820312 
0.662109 0.821026 

0.679751 0.656250 
0.679688 0.656193 

0.637425 0.830078 
0.638672 0.829832 

0.632812 0.831082 
0.635742 0.830499 

0.637684 0.830078 
0.635742 0.830460 

0.551498 0.810547 
0.550781 0.809922 

0.551493 0.810547 
0.553711 0.812420 

0.553905 0.812500 
0.553711 0.812347 

0.515660 0.720703 
0.515907 0.718750 

0.515658 0.720703 
0.515625 0.721104 

0.703783 0.687500 
0.703125 0.686022 

0.659539 0.822266 
0.662109 0.821098 

0.656250 0.823751 
0.659180 0.822501 

0.659538 0.822266 
0.659180 0.822432 

0.713464 0.716797 
0.713121 0.714844 

0.713769 0.718750 
0.713464 0.716797 

0.641914 0.636719 
0.644531 0.637426 

0.662109 0.644601 
0.665039 0.646031 

0.665777 0.646484 
0.665039 0.646091 

0.665785 0.646484 
0.667969 0.647646 

0.626624 0.832031 
0.626953 0.832004 

0.638672 0.829801 
0.641602 0.829042 

0.641602 0.828999 
0.644531 0.828193 

0.678417 0.810547 
0.679688 0.809356 

0.676073 0.812500 
0.676758 0.811932 

0.678412 0.810547 
0.676758 0.811992 

0.527555 0.781250 
0.527344 0.780770 

0.521553 0.697266 
0.522252 0.695312 

0.521548 0.697266 
0.521484 0.697493 

0.708147 0.697266 
0.707373 0.695312 

0.708858 0.699219 
0.708179 0.697266 

0.565430 0.820008 
0.562500 0.818418 

0.565908 0.820312 
0.565430 0.820062 

0.514865 0.732422 
0.514892 0.730469 

0.514865 0.732422 
0.514879 0.734375 

0.670612 0.816406 
0.667969 0.817947 

0.541369 0.800781 
0.541992 0.801498 

0.543165 0.802734 
0.541992 0.801376 

0.543233 0.802734 
0.544922 0.804574 

0.517206 0.753906 
0.517655 0.755859 

0.517656 0.755859 
0.518146 0.757812 

0.552402 0.654297 
0.553711 0.653239 

0.554908 0.652344 
0.553711 0.653283 

0.552386 0.654297 
0.550781 0.655700 

0.529828 0.785156 
0.530273 0.786000 

0.530979 0.787109 
0.530273 0.785819 

0.531034 0.787109 
0.532291 0.789062 

0.713262 0.750000 
0.712885 0.751953 

0.712885 0.751953 
0.712464 0.753906 

0.676098 0.812500 
0.673828 0.814265 

0.523687 0.773438 
0.524414 0.775230 

0.524559 0.775391 
0.524414 0.774990 

0.524553 0.775391 
0.525433 0.777344 

0.681778 0.658203 
0.679795 0.656250 

0.681794 0.658203 
0.682617 0.659038 

0.683806 0.660156 
0.682617 0.658924 

0.708523 0.767578 
0.708984 0.766090 

0.708480 0.767578 
0.707716 0.769531 

0.690949 0.667969 
0.691406 0.668590 

0.525469 0.777344 
0.526478 0.779297 

0.526538 0.779297 
0.527344 0.780990 

0.691622 0.796875 
0.691406 0.797158 

0.515802 0.746094 
0.516091 0.748047 

0.516092 0.748047 
0.516424 0.750000 

0.515347 0.742188 
0.515544 0.744141 

0.515553 0.744141 
0.515625 0.744939 

0.577148 0.825343 
0.574219 0.824234 

0.579335 0.826172 
0.577148 0.825420 

0.579283 0.826172 
0.580078 0.826443 

0.702157 0.781250 
0.701045 0.783203 

0.699889 0.785156 
0.700195 0.784548 

0.700998 0.783203 
0.700195 0.784735 

0.709195 0.765625 
0.708984 0.766385 

0.707706 0.769531 
0.706905 0.771484 

0.706051 0.773438 
0.706055 0.773427 

0.706875 0.771484 
0.706116 0.773438 

0.702217 0.781250 
0.703125 0.779403 

0.554887 0.652344 
0.556641 0.651044 

0.600586 0.831696 
0.597656 0.831217 

0.603216 0.832031 
0.600586 0.831720 

0.547985 0.658203 
0.550051 0.656250 

0.545915 0.660156 
0.547848 0.658203 

0.547974 0.658203 
0.547852 0.658319 

0.685780 0.662109 
0.685547 0.661864 

0.687543 0.664062 
0.685809 0.662109 

0.626953 0.831990 
0.629883 0.831603 

0.629883 0.831588 
0.632812 0.831085 

0.673510 0.814453 
0.673828 0.814224 

0.670586 0.816406 
0.670898 0.816211 

0.673541 0.814453 
0.670898 0.816223 

0.680592 0.808594 
0.679688 0.809444 

0.587794 0.636719 
0.585938 0.637186 

0.621094 0.832579 
0.624023 0.832331 

0.626897 0.832031 
0.624023 0.832305 

0.711518 0.757812 
0.710992 0.759766 

0.710992 0.759766 
0.710430 0.761719 

0.699447 0.679688 
0.700195 0.681086 

0.700588 0.681641 
0.700195 0.680868 

0.701686 0.683594 
0.700593 0.681641 

0.537162 0.669922 
0.538666 0.667969 

0.535626 0.671875 
0.536133 0.671132 

0.537084 0.669922 
0.536133 0.671289 

0.520835 0.699219 
0.521484 0.697266 

0.543939 0.662109 
0.544922 0.661053 

0.542161 0.664062 
0.543903 0.662109 

0.515031 0.738281 
0.515165 0.740234 

0.515164 0.740234 
0.515338 0.742188 

0.644538 0.828125 
0.644531 0.828127 

0.515223 0.724609 
0.515416 0.722656 

0.515070 0.726562 
0.515222 0.724609 

0.540391 0.666016 
0.541992 0.664103 

0.542150 0.664062 
0.541992 0.664243 

0.540310 0.666016 
0.539062 0.667614 

0.606445 0.633256 
0.603516 0.633557 

0.609375 0.633022 
0.606445 0.633252 

0.615234 0.632819 
0.618164 0.632871 

0.618164 0.632870 
0.621094 0.633027 

0.638672 0.635845 
0.641602 0.636571 

0.641992 0.636719 
0.641602 0.636621 

0.592217 0.830078 
0.591797 0.830001 

0.592015 0.830078 
0.594727 0.830614 

0.597656 0.831220 
0.594727 0.830653 

0.712742 0.712891 
0.712325 0.710938 

0.713121 0.714844 
0.712741 0.712891 

0.514879 0.734375 
0.514935 0.736328 

0.514935 0.736328 
0.515031 0.738281 

0.634032 0.634766 
0.632812 0.634570 

0.633760 0.634766 
0.635742 0.635110 

0.635742 0.635138 
0.638672 0.635815 

0.669270 0.648438 
0.667969 0.647685 

0.657910 0.642578 
0.656250 0.641877 

0.657909 0.642578 
0.659180 0.643125 

0.659180 0.643194 
0.662109 0.644525 

0.612305 0.632873 
0.609375 0.633019 

0.615234 0.632820 
0.612305 0.632870 

0.606445 0.832364 
0.603516 0.832099 

0.609375 0.832596 
0.606445 0.832377 

0.602990 0.832031 
0.603516 0.832080 

0.687586 0.664062 
0.688477 0.665148 

0.689307 0.666016 
0.688477 0.664997 

0.690923 0.667969 
0.689351 0.666016 

0.576225 0.640625 
0.577148 0.640278 

0.580078 0.639172 
0.577148 0.640221 

0.714829 0.732422 
0.714802 0.730469 

0.714829 0.732422 
0.714813 0.734375 

0.714731 0.728516 
0.714619 0.726562 

0.714802 0.730469 
0.714732 0.728516 

0.714464 0.724609 
0.714269 0.722656 

0.714619 0.726562 
0.714464 0.724609 

0.702799 0.685547 
0.701749 0.683594 

0.702822 0.685547 
0.703125 0.686253 

0.588867 0.829227 
0.585938 0.828423 

0.591797 0.829971 
0.588867 0.829263 

0.516959 0.712891 
0.517387 0.710938 

0.516573 0.714844 
0.516960 0.712891 

0.595633 0.634766 
0.597656 0.634441 

0.594727 0.634985 
0.591797 0.635624 

0.595926 0.634766 
0.594727 0.634957 

0.587612 0.636719 
0.588867 0.636415 

0.591797 0.635646 
0.588867 0.636371 

0.538681 0.667969 
0.539062 0.667479 

0.538074 0.796875 
0.539062 0.798189 

0.615234 0.832793 
0.618164 0.832740 

0.618164 0.832740 
0.621094 0.832584 

0.517886 0.708984 
0.518373 0.707031 

0.517384 0.710938 
0.517862 0.708984 

0.516226 0.716797 
0.516573 0.714844 

0.515917 0.718750 
0.516225 0.716797 

0.626953 0.633631 
0.629883 0.634046 

0.629883 0.634054 
0.632812 0.634533 

0.545888 0.660156 
0.544922 0.661186 

0.714036 0.720703 
0.713768 0.718750 

0.714268 0.722656 
0.714036 0.720703 

0.576257 0.640625 
0.574219 0.641389 

0.682585 0.806641 
0.682617 0.806609 

0.684571 0.804688 
0.682703 0.806641 

0.682563 0.806641 
0.680610 0.808594 

0.682659 0.806641 
0.682617 0.806681 

0.612305 0.832740 
0.609375 0.832600 

0.615234 0.832791 
0.612305 0.832743 

0.699864 0.785156 
0.698679 0.787109 

0.698602 0.787109 
0.697399 0.789062 

0.683857 0.660156 
0.685547 0.661980 

0.515434 0.722656 
0.515625 0.720740 

0.518917 0.705078 
0.519481 0.703125 

0.518393 0.707031 
0.518555 0.706251 

0.518893 0.705078 
0.518555 0.706556 

