0.564076 0.736328 
0.562500 0.736009 

0.563821 0.736328 
0.565430 0.736644 

0.568359 0.737273 
0.565430 0.736685 

0.571289 0.737791 
0.568359 0.737279 

0.574219 0.738205 
0.571289 0.737803 

0.553304 0.544922 
0.553711 0.544789 

0.556641 0.543820 
0.553711 0.544732 

0.553335 0.544922 
0.550781 0.545770 

0.490745 0.611328 
0.491328 0.609375 

0.490218 0.613281 
0.490754 0.611328 

0.646738 0.558594 
0.644531 0.556974 

0.613917 0.542969 
0.615234 0.543293 

0.642243 0.722656 
0.644531 0.721138 

0.487089 0.630859 
0.487278 0.628906 

0.486940 0.632812 
0.487088 0.630859 

0.492387 0.671875 
0.492188 0.671110 

0.646713 0.558594 
0.647461 0.559177 

0.649190 0.560547 
0.647461 0.559129 

0.649181 0.560547 
0.650391 0.561606 

0.559498 0.542969 
0.559570 0.542950 

0.562500 0.542172 
0.559570 0.542894 

0.489980 0.664062 
0.490509 0.666016 

0.490506 0.666016 
0.491087 0.667969 

0.603516 0.737569 
0.606445 0.737016 

0.606445 0.736993 
0.609375 0.736404 

0.543509 0.548828 
0.544922 0.548217 

0.539389 0.550781 
0.541992 0.549558 

0.543506 0.548828 
0.541992 0.549489 

0.535860 0.552734 
0.536133 0.552579 

0.539062 0.551005 
0.536133 0.552526 

0.535866 0.552734 
0.533203 0.554269 

0.528528 0.720703 
0.527344 0.719831 

0.528511 0.720703 
0.530273 0.721933 

0.531367 0.722656 
0.530273 0.721927 

0.506949 0.699219 
0.508338 0.701172 

0.508421 0.701172 
0.509766 0.703010 

0.598807 0.738281 
0.597656 0.738390 

0.567441 0.541016 
0.568359 0.540868 

0.565430 0.541449 
0.562500 0.542138 

0.567682 0.541016 
0.565430 0.541421 

0.685917 0.626953 
0.685667 0.625000 

0.686156 0.628906 
0.685927 0.626953 

0.559527 0.542969 
0.556641 0.543765 

0.574893 0.738281 
0.574219 0.738223 

0.615234 0.543334 
0.618164 0.544232 

0.620210 0.544922 
0.618164 0.544287 

0.620105 0.544922 
0.621094 0.545232 

0.515920 0.568359 
0.517773 0.566406 

0.515913 0.568359 
0.515625 0.568668 

0.509965 0.703125 
0.509766 0.702854 

0.486737 0.638672 
0.486765 0.636719 

0.486737 0.638672 
0.486751 0.640625 

0.499388 0.687500 
0.500474 0.689453 

0.500507 0.689453 
0.500977 0.690391 

0.501600 0.691406 
0.500977 0.690195 

0.537994 0.726562 
0.539062 0.727122 

0.638950 0.724609 
0.641602 0.723079 

0.642231 0.722656 
0.641602 0.723051 

0.638955 0.724609 
0.638672 0.724771 

0.486751 0.640625 
0.486806 0.642578 

0.486806 0.642578 
0.486900 0.644531 

0.547852 0.546982 
0.544922 0.548151 

0.547955 0.546875 
0.547852 0.546914 

0.514040 0.570312 
0.515625 0.568530 

0.534482 0.724609 
0.533203 0.723841 

0.534509 0.724609 
0.536133 0.725543 

0.537970 0.726562 
0.536133 0.725589 

0.509973 0.703125 
0.511517 0.705078 

0.511577 0.705078 
0.512695 0.706460 

0.513295 0.707031 
0.512695 0.706304 

0.651477 0.562500 
0.650391 0.561532 

0.492395 0.671875 
0.493048 0.673828 

0.493056 0.673828 
0.493808 0.675781 

0.486900 0.644531 
0.487032 0.646484 

0.487032 0.646484 
0.487201 0.648438 

0.486832 0.634766 
0.486940 0.632812 

0.486765 0.636719 
0.486833 0.634766 

0.609375 0.541762 
0.612305 0.542487 

0.614114 0.542969 
0.612305 0.542528 

0.504165 0.695312 
0.503906 0.694855 

0.686690 0.640625 
0.686634 0.642578 

0.686633 0.642578 
0.686538 0.644531 

0.504172 0.695312 
0.505454 0.697266 

0.505538 0.697266 
0.506836 0.699209 

0.506943 0.699219 
0.506836 0.699055 

0.522105 0.562500 
0.521484 0.563055 

0.645181 0.720703 
0.647461 0.718951 

0.647762 0.718750 
0.647461 0.718985 

0.645153 0.720703 
0.644531 0.721140 

0.669224 0.695312 
0.667977 0.697266 

0.501642 0.691406 
0.502848 0.693359 

0.502915 0.693359 
0.503906 0.695039 

0.571289 0.540350 
0.568359 0.540833 

0.574219 0.539916 
0.571289 0.540331 

0.583008 0.738955 
0.580078 0.738785 

0.585938 0.739041 
0.583008 0.738958 

0.539383 0.550781 
0.539062 0.550944 

0.509009 0.576172 
0.509766 0.575138 

0.507509 0.578125 
0.508964 0.576172 

0.574564 0.738281 
0.577148 0.738518 

0.580078 0.738781 
0.577148 0.738537 

0.656470 0.710938 
0.656250 0.711158 

0.498322 0.685547 
0.498047 0.684883 

0.498319 0.685547 
0.499327 0.687500 

0.673641 0.589844 
0.673828 0.590259 

0.672467 0.587891 
0.671316 0.585938 

0.673625 0.589844 
0.672540 0.587891 

0.497370 0.683594 
0.498047 0.685127 

0.513321 0.707031 
0.515058 0.708984 

0.515088 0.708984 
0.515625 0.709556 

0.686346 0.630859 
0.686155 0.628906 

0.686499 0.632812 
0.686347 0.630859 

0.506075 0.580078 
0.506836 0.578910 

0.507467 0.578125 
0.506836 0.579088 

0.504694 0.582031 
0.506030 0.580078 

0.622218 0.732422 
0.624023 0.731797 

0.624023 0.731724 
0.626953 0.730590 

0.622285 0.732422 
0.621094 0.732830 

0.635454 0.726562 
0.632812 0.727834 

0.631472 0.728516 
0.632812 0.727899 

0.627071 0.730469 
0.629883 0.729299 

0.631455 0.728516 
0.629883 0.729226 

0.683412 0.664062 
0.682912 0.666016 

0.682367 0.667969 
0.682617 0.666878 

0.682894 0.666016 
0.682617 0.667241 

0.492596 0.605469 
0.492188 0.606897 

0.663434 0.703125 
0.662109 0.704853 

0.686538 0.644531 
0.686406 0.646484 

0.686406 0.646484 
0.686237 0.648438 

0.651490 0.562500 
0.653320 0.564260 

0.653635 0.564453 
0.653320 0.564159 

0.655596 0.566406 
0.653662 0.564453 

0.500920 0.587891 
0.500977 0.587779 

0.500978 0.587891 
0.502072 0.585938 

0.499854 0.589844 
0.500899 0.587891 

0.500983 0.587891 
0.500977 0.587905 

0.488840 0.619141 
0.489224 0.617188 

0.489266 0.617188 
0.489258 0.617244 

0.488420 0.621094 
0.488811 0.619141 

0.495465 0.679688 
0.496330 0.681641 

0.496360 0.681641 
0.497318 0.683594 

0.655605 0.566406 
0.656250 0.567078 

0.551004 0.732422 
0.550781 0.732348 

0.550967 0.732422 
0.553711 0.733326 

0.556641 0.734302 
0.553711 0.733393 

0.664392 0.576172 
0.662874 0.574219 

0.664432 0.576172 
0.665039 0.577044 

0.665898 0.578125 
0.665039 0.576887 

0.489075 0.660156 
0.489258 0.661215 

0.489490 0.662109 
0.489258 0.660833 

0.489505 0.662109 
0.489975 0.664062 

0.670045 0.583984 
0.668756 0.582031 

0.670108 0.583984 
0.670898 0.585381 

0.671309 0.585938 
0.670898 0.585180 

0.487201 0.648438 
0.487408 0.650391 

0.487408 0.650391 
0.487657 0.652344 

0.661824 0.705078 
0.662109 0.704712 

0.661811 0.705078 
0.660187 0.707031 

0.685488 0.654297 
0.685547 0.653743 

0.685484 0.654297 
0.685173 0.656250 

0.598488 0.738281 
0.600586 0.738053 

0.600586 0.738033 
0.603516 0.737573 

0.497734 0.593750 
0.498047 0.593009 

0.685765 0.652344 
0.685547 0.654132 

0.493335 0.603516 
0.494123 0.601562 

0.492623 0.605469 
0.493332 0.603516 

0.556669 0.734375 
0.559570 0.735162 

0.562500 0.735978 
0.559570 0.735209 

0.487507 0.626953 
0.487774 0.625000 

0.487279 0.628906 
0.487507 0.626953 

0.591797 0.738914 
0.594727 0.738702 

0.594727 0.738688 
0.597656 0.738412 

0.627066 0.730469 
0.626953 0.730517 

0.625225 0.546875 
0.626953 0.547532 

0.676135 0.683594 
0.675131 0.685547 

0.675090 0.685547 
0.674096 0.687500 

0.519898 0.564453 
0.521484 0.562969 

0.517795 0.566406 
0.518555 0.565655 

0.519861 0.564453 
0.518555 0.565754 

0.491095 0.667969 
0.491720 0.669922 

0.491762 0.669922 
0.492188 0.671427 

0.621094 0.545286 
0.624023 0.546347 

0.625261 0.546875 
0.624023 0.546406 

0.640985 0.554688 
0.638672 0.553354 

0.635439 0.726562 
0.635742 0.726406 

0.635742 0.726354 
0.638672 0.724821 

0.510564 0.574219 
0.509766 0.575302 

0.532599 0.554688 
0.533203 0.554309 

0.685161 0.656250 
0.684784 0.658203 

0.684784 0.658203 
0.684365 0.660156 

0.609430 0.736328 
0.612305 0.735660 

0.612305 0.735622 
0.615234 0.734811 

0.609504 0.736328 
0.609375 0.736354 

0.531370 0.722656 
0.533203 0.723817 

0.686237 0.648438 
0.686029 0.650391 

0.686028 0.650391 
0.685782 0.652344 

0.674663 0.591797 
0.673828 0.590069 

0.675728 0.593750 
0.674704 0.591797 

0.668708 0.582031 
0.667969 0.580834 

0.681083 0.671875 
0.680384 0.673828 

0.680343 0.673828 
0.679688 0.675764 

0.585938 0.739043 
0.588867 0.739030 

0.588867 0.739030 
0.591797 0.738916 

0.556746 0.734375 
0.556641 0.734348 

0.503389 0.583984 
0.503906 0.583086 

0.502145 0.585938 
0.503359 0.583984 

0.667895 0.697266 
0.667969 0.697144 

0.667883 0.697266 
0.666557 0.699219 

0.677940 0.679688 
0.677092 0.681641 

0.676182 0.683594 
0.676758 0.682213 

0.677081 0.681641 
0.676758 0.682472 

0.685360 0.623047 
0.685023 0.621094 

0.685376 0.623047 
0.685547 0.624408 

0.591797 0.539198 
0.594727 0.539413 

0.594727 0.539419 
0.597656 0.539723 

0.546165 0.730469 
0.544922 0.729973 

0.616669 0.734375 
0.615234 0.734767 

0.493826 0.675781 
0.494623 0.677734 

0.494665 0.677734 
0.495117 0.678999 

0.495460 0.679688 
0.495117 0.678707 

0.529635 0.556641 
0.530273 0.556204 

0.532586 0.554688 
0.530273 0.556193 

0.529605 0.556641 
0.527344 0.558291 

0.650068 0.716797 
0.650391 0.716516 

0.650075 0.716797 
0.647793 0.718750 

0.525885 0.718750 
0.527344 0.719862 

0.494967 0.599609 
0.495117 0.599168 

0.495771 0.597656 
0.495117 0.599352 

0.494166 0.601562 
0.494942 0.599609 

0.684641 0.619141 
0.684218 0.617188 

0.685019 0.621094 
0.684638 0.619141 

0.685656 0.625000 
0.685547 0.624033 

0.682347 0.667969 
0.681752 0.669922 

0.681738 0.669922 
0.681080 0.671875 

0.640977 0.554688 
0.641602 0.555070 

0.644033 0.556641 
0.641602 0.555071 

0.644009 0.556641 
0.644531 0.557001 

0.487658 0.652344 
0.487948 0.654297 

0.487948 0.654297 
0.488278 0.656250 

0.654464 0.712891 
0.656250 0.711046 

0.652313 0.714844 
0.653320 0.713877 

0.654435 0.712891 
0.653320 0.713977 

0.678472 0.599609 
0.677607 0.597656 

0.679302 0.601562 
0.678494 0.599609 

0.633826 0.550781 
0.632812 0.550283 

0.524396 0.560547 
0.524414 0.560533 

0.524449 0.560547 
0.526876 0.558594 

0.522107 0.562500 
0.524343 0.560547 

0.524443 0.560547 
0.524414 0.560570 

0.512226 0.572266 
0.512695 0.571709 

0.513967 0.570312 
0.512695 0.571834 

0.510612 0.574219 
0.512201 0.572266 

0.597656 0.539724 
0.600586 0.540103 

0.600586 0.540099 
0.603516 0.540557 

0.583008 0.539160 
0.580078 0.539337 

0.585938 0.539072 
0.583008 0.539158 

0.626953 0.547608 
0.629883 0.548823 

0.629879 0.548828 
0.629883 0.548830 

0.629883 0.548898 
0.632812 0.550214 

0.504636 0.582031 
0.503906 0.583267 

0.606133 0.541016 
0.603516 0.540592 

0.605881 0.541016 
0.606445 0.541101 

0.606445 0.541126 
0.609375 0.541739 

0.662831 0.574219 
0.662109 0.573286 

0.681456 0.607422 
0.680774 0.605469 

0.682102 0.609375 
0.681458 0.607422 

0.488079 0.623047 
0.488423 0.621094 

0.487774 0.625000 
0.488079 0.623047 

0.488275 0.656250 
0.488648 0.658203 

0.488662 0.658203 
0.489057 0.660156 

0.674096 0.687500 
0.673828 0.688076 

0.686610 0.634766 
0.686499 0.632812 

0.686679 0.636719 
0.686610 0.634766 

0.616519 0.734375 
0.618164 0.733914 

0.618164 0.733861 
0.621094 0.732882 

0.489715 0.615234 
0.490218 0.613281 

0.489240 0.617188 
0.489258 0.617080 

0.489271 0.617188 
0.489689 0.615234 

0.491976 0.607422 
0.492188 0.606616 

0.491353 0.609375 
0.491952 0.607422 

0.682140 0.609375 
0.682617 0.611166 

0.682702 0.611328 
0.682617 0.610943 

0.683210 0.613281 
0.682713 0.611328 

0.657553 0.568359 
0.656250 0.566957 

0.657621 0.568359 
0.659180 0.570115 

0.659463 0.570312 
0.659180 0.569999 

0.633847 0.550781 
0.635742 0.551709 

0.637574 0.552734 
0.635742 0.551767 

0.637606 0.552734 
0.638672 0.553320 

0.679624 0.675781 
0.679688 0.675565 

0.577148 0.539598 
0.574219 0.539925 

0.580078 0.539341 
0.577148 0.539597 

0.658338 0.708984 
0.659180 0.708008 

0.660136 0.707031 
0.659180 0.708152 

0.658307 0.708984 
0.656502 0.710938 

0.523418 0.716797 
0.521484 0.715054 

0.523441 0.716797 
0.524414 0.717602 

0.525885 0.718750 
0.524414 0.717553 

0.676685 0.595703 
0.675780 0.593750 

0.676698 0.595703 
0.676758 0.595867 

0.677575 0.597656 
0.676766 0.595703 

0.496768 0.595703 
0.497705 0.593750 

0.495804 0.597656 
0.496727 0.595703 

0.652295 0.714844 
0.650391 0.716609 

0.517060 0.710938 
0.518555 0.712475 

0.519092 0.712891 
0.518555 0.712362 

0.519095 0.712891 
0.521127 0.714844 

0.498720 0.591797 
0.499791 0.589844 

0.498682 0.591797 
0.498047 0.593211 

0.661146 0.572266 
0.659487 0.570312 

0.661197 0.572266 
0.662109 0.573438 

0.546138 0.730469 
0.547852 0.731139 

0.550781 0.732290 
0.547852 0.731207 

0.667356 0.580078 
0.665962 0.578125 

0.667391 0.580078 
0.667969 0.581012 

0.517004 0.710938 
0.515625 0.709444 

0.521165 0.714844 
0.521484 0.715126 

0.679331 0.601562 
0.679688 0.602672 

0.684363 0.660156 
0.683908 0.662109 

0.683907 0.662109 
0.683421 0.664062 

0.541886 0.728516 
0.539062 0.727187 

0.541870 0.728516 
0.541992 0.728574 

0.544922 0.729906 
0.541992 0.728638 

0.686706 0.638672 
0.686679 0.636719 

0.686706 0.638672 
0.686691 0.640625 

0.585938 0.539071 
0.588867 0.539083 

0.588867 0.539083 
0.591797 0.539197 

0.547949 0.546875 
0.550781 0.545848 

0.664986 0.701172 
0.665039 0.701095 

0.666464 0.699219 
0.665083 0.701172 

0.664979 0.701172 
0.663523 0.703125 

0.665062 0.701172 
0.665039 0.701203 

0.673018 0.689453 
0.673828 0.687852 

0.672960 0.689453 
0.671793 0.691406 

0.680050 0.603516 
0.679688 0.602361 

0.680760 0.605469 
0.680069 0.603516 

0.683746 0.615234 
0.683235 0.613281 

0.684219 0.617188 
0.683749 0.615234 

0.526909 0.558594 
0.527344 0.558270 

0.679612 0.675781 
0.678863 0.677734 

0.678821 0.677734 
0.677960 0.679688 

0.670571 0.693359 
0.670898 0.692748 

0.671739 0.691406 
0.670898 0.692925 

0.670547 0.693359 
0.669307 0.695312 

