0.571289 0.741504 
0.568359 0.740957 

0.574219 0.741957 
0.571289 0.741503 

0.609375 0.545395 
0.612305 0.546092 

0.612305 0.546127 
0.615234 0.546849 

0.565232 0.740234 
0.562500 0.739616 

0.565122 0.740234 
0.565430 0.740296 

0.568359 0.740931 
0.565430 0.740340 

0.517061 0.572266 
0.518555 0.570670 

0.519027 0.570312 
0.518555 0.570794 

0.516999 0.572266 
0.515625 0.573814 

0.488678 0.630859 
0.488947 0.628906 

0.488450 0.632812 
0.488679 0.630859 

0.646316 0.724609 
0.647461 0.723764 

0.648937 0.722656 
0.647461 0.723798 

0.646336 0.724609 
0.644531 0.725849 

0.492285 0.671875 
0.492188 0.671432 

0.645205 0.560547 
0.644531 0.560096 

0.645226 0.560547 
0.647461 0.562168 

0.647932 0.562500 
0.647461 0.562147 

0.490229 0.664062 
0.490672 0.666016 

0.490668 0.666016 
0.491153 0.667969 

0.528106 0.562500 
0.527344 0.563084 

0.547852 0.551371 
0.544922 0.552578 

0.549249 0.550781 
0.547852 0.551304 

0.505359 0.699219 
0.506630 0.701172 

0.506651 0.701172 
0.506836 0.701463 

0.508024 0.703125 
0.506836 0.701331 

0.599701 0.742188 
0.600586 0.742108 

0.600586 0.742092 
0.603516 0.741683 

0.686529 0.626953 
0.686187 0.625000 

0.686833 0.628906 
0.686530 0.626953 

0.560500 0.546875 
0.562500 0.546391 

0.521022 0.568359 
0.521484 0.567935 

0.519031 0.570312 
0.520993 0.568359 

0.488004 0.638672 
0.488112 0.636719 

0.487937 0.640625 
0.488004 0.638672 

0.498478 0.687500 
0.499457 0.689453 

0.499512 0.689453 
0.500542 0.691406 

0.535679 0.728516 
0.533203 0.727019 

0.535680 0.728516 
0.536133 0.728783 

0.539062 0.730413 
0.536133 0.728833 

0.642144 0.558594 
0.644531 0.560085 

0.643418 0.726562 
0.644531 0.725842 

0.487910 0.642578 
0.487937 0.640625 

0.487909 0.642578 
0.487923 0.644531 

0.549200 0.550781 
0.550781 0.550198 

0.511051 0.707031 
0.509766 0.705271 

0.492293 0.671875 
0.492863 0.673828 

0.492885 0.673828 
0.493542 0.675781 

0.487923 0.644531 
0.487977 0.646484 

0.487978 0.646484 
0.488072 0.648438 

0.488261 0.634766 
0.488450 0.632812 

0.488112 0.636719 
0.488260 0.634766 

0.687878 0.642578 
0.687851 0.640625 

0.687878 0.642578 
0.687863 0.644531 

0.504067 0.697266 
0.503906 0.696964 

0.504066 0.697266 
0.505276 0.699219 

0.525575 0.564453 
0.527344 0.563034 

0.523229 0.566406 
0.524414 0.565382 

0.525592 0.564453 
0.524414 0.565450 

0.648927 0.722656 
0.650391 0.721426 

0.672955 0.695312 
0.671738 0.697266 

0.670458 0.699219 
0.670898 0.698445 

0.671686 0.697266 
0.670898 0.698629 

0.500571 0.691406 
0.500977 0.692271 

0.501605 0.693359 
0.500977 0.692071 

0.501647 0.693359 
0.502800 0.695312 

0.651326 0.720703 
0.653320 0.718857 

0.653533 0.718750 
0.653320 0.718942 

0.651312 0.720703 
0.650391 0.721488 

0.533735 0.558594 
0.533203 0.558932 

0.603516 0.741672 
0.606445 0.741153 

0.606445 0.741145 
0.609375 0.740555 

0.635084 0.554688 
0.635742 0.555014 

0.635742 0.555070 
0.638672 0.556554 

0.502868 0.695312 
0.503906 0.697144 

0.544718 0.552734 
0.544922 0.552642 

0.540646 0.554688 
0.541992 0.554022 

0.544730 0.552734 
0.541992 0.553954 

0.576150 0.742188 
0.574219 0.741983 

0.661284 0.710938 
0.659573 0.712891 

0.657645 0.714844 
0.659180 0.713170 

0.659548 0.712891 
0.659180 0.713285 

0.498468 0.687500 
0.498047 0.686444 

0.673655 0.591797 
0.672520 0.589844 

0.673670 0.591797 
0.673828 0.592126 

0.669969 0.585938 
0.670898 0.587478 

0.671237 0.587891 
0.670898 0.587299 

0.672440 0.589844 
0.671242 0.587891 

0.496652 0.683594 
0.497541 0.685547 

0.497580 0.685547 
0.498047 0.686712 

0.511135 0.707031 
0.512661 0.708984 

0.512772 0.708984 
0.512695 0.708889 

0.512686 0.708984 
0.512695 0.708996 

0.512783 0.708984 
0.514410 0.710938 

0.523208 0.566406 
0.521484 0.568020 

0.508111 0.703125 
0.509512 0.705078 

0.509529 0.705078 
0.509766 0.705407 

0.687098 0.630859 
0.686832 0.628906 

0.687327 0.632812 
0.687098 0.630859 

0.508695 0.582031 
0.509766 0.580503 

0.530789 0.560547 
0.533203 0.558941 

0.528088 0.562500 
0.530273 0.560896 

0.530802 0.560547 
0.530273 0.560916 

0.536997 0.556641 
0.539062 0.555521 

0.533731 0.558594 
0.536133 0.557154 

0.536971 0.556641 
0.536133 0.557120 

0.636534 0.730469 
0.638672 0.729378 

0.559570 0.547182 
0.556641 0.548062 

0.560698 0.546875 
0.559570 0.547147 

0.685521 0.664062 
0.685109 0.666016 

0.685083 0.666016 
0.684591 0.667969 

0.494577 0.607422 
0.495117 0.605827 

0.495318 0.605469 
0.495117 0.606118 

0.493793 0.609375 
0.494528 0.607422 

0.670434 0.699219 
0.669125 0.701172 

0.669042 0.701172 
0.667969 0.702809 

0.565430 0.545626 
0.562500 0.546346 

0.568359 0.545004 
0.565430 0.545605 

0.667656 0.703125 
0.666240 0.705078 

0.664636 0.707031 
0.665039 0.706473 

0.666152 0.705078 
0.665039 0.706617 

0.687862 0.644531 
0.687806 0.646484 

0.687805 0.646484 
0.687710 0.648438 

0.652602 0.566406 
0.650434 0.564453 

0.657585 0.714844 
0.656250 0.716230 

0.527041 0.722656 
0.527344 0.722889 

0.503327 0.589844 
0.503906 0.588784 

0.490879 0.619141 
0.491391 0.617188 

0.490413 0.621094 
0.490883 0.619141 

0.495007 0.679688 
0.495117 0.680049 

0.495747 0.681641 
0.495117 0.679867 

0.495778 0.681641 
0.496628 0.683594 

0.652605 0.566406 
0.653320 0.567068 

0.654762 0.568359 
0.653320 0.566975 

0.654801 0.568359 
0.656250 0.569832 

0.632812 0.732309 
0.635742 0.730935 

0.636521 0.730469 
0.635742 0.730869 

0.540618 0.554688 
0.539062 0.555470 

0.662381 0.576172 
0.662109 0.575850 

0.663977 0.578125 
0.662402 0.576172 

0.617912 0.738281 
0.615234 0.739010 

0.489455 0.660156 
0.489816 0.662109 

0.489821 0.662109 
0.490229 0.664062 

0.583008 0.742801 
0.580078 0.742599 

0.585938 0.742924 
0.583008 0.742804 

0.668528 0.583984 
0.667969 0.583120 

0.669892 0.585938 
0.668557 0.583984 

0.488072 0.648438 
0.488204 0.650391 

0.488204 0.650391 
0.488373 0.652344 

0.687409 0.652344 
0.687201 0.654297 

0.687202 0.654297 
0.686953 0.656250 

0.552301 0.736328 
0.550781 0.735814 

0.552218 0.736328 
0.553711 0.736826 

0.556641 0.737844 
0.553711 0.736882 

0.575814 0.742188 
0.577148 0.742311 

0.580078 0.742591 
0.577148 0.742329 

0.591797 0.742879 
0.594727 0.742705 

0.594727 0.742699 
0.597656 0.742439 

0.588867 0.742953 
0.585938 0.742926 

0.588867 0.742954 
0.591797 0.742880 

0.496103 0.603516 
0.496985 0.601562 

0.495320 0.605469 
0.496086 0.603516 

0.558073 0.738281 
0.556641 0.737889 

0.489249 0.626953 
0.489258 0.626876 

0.489274 0.626953 
0.489582 0.625000 

0.488969 0.628906 
0.489238 0.626953 

0.489273 0.626953 
0.489258 0.627093 

0.632712 0.732422 
0.632812 0.732375 

0.628284 0.734375 
0.629883 0.733731 

0.632729 0.732422 
0.629883 0.733656 

0.621210 0.548828 
0.621094 0.548789 

0.621215 0.548828 
0.624023 0.549788 

0.626521 0.550781 
0.624023 0.549866 

0.679152 0.683594 
0.678252 0.685547 

0.678224 0.685547 
0.677298 0.687500 

0.583008 0.543128 
0.580078 0.543339 

0.585938 0.543002 
0.583008 0.543126 

0.577148 0.543622 
0.574219 0.543982 

0.580078 0.543344 
0.577148 0.543628 

0.532544 0.726562 
0.533203 0.726990 

0.491152 0.667969 
0.491690 0.669922 

0.491731 0.669922 
0.492188 0.671710 

0.554330 0.548828 
0.556641 0.548121 

0.553711 0.549097 
0.550781 0.550136 

0.554427 0.548828 
0.553711 0.549048 

0.513452 0.576172 
0.515125 0.574219 

0.511769 0.578125 
0.512695 0.576932 

0.513416 0.576172 
0.512695 0.577091 

0.664615 0.707031 
0.663066 0.708984 

0.663011 0.708984 
0.662109 0.710111 

0.529646 0.724609 
0.527344 0.722854 

0.529682 0.724609 
0.530273 0.725028 

0.532525 0.726562 
0.530273 0.725028 

0.628303 0.734375 
0.626953 0.734916 

0.568504 0.544922 
0.571289 0.544468 

0.574219 0.543979 
0.571289 0.544433 

0.568734 0.544922 
0.568359 0.544977 

0.687710 0.648438 
0.687578 0.650391 

0.687578 0.650391 
0.687409 0.652344 

0.674754 0.593750 
0.673828 0.591955 

0.493111 0.611328 
0.493787 0.609375 

0.492510 0.613281 
0.493110 0.611328 

0.514471 0.710938 
0.515625 0.712275 

0.683496 0.671875 
0.682921 0.673828 

0.682293 0.675781 
0.682617 0.674594 

0.682906 0.673828 
0.682617 0.674933 

0.600039 0.742188 
0.597656 0.742413 

0.686328 0.660156 
0.685956 0.662109 

0.685932 0.662109 
0.685569 0.664062 

0.679191 0.683594 
0.679688 0.682246 

0.685401 0.621094 
0.685547 0.621976 

0.591797 0.543046 
0.594727 0.543221 

0.594727 0.543225 
0.597656 0.543496 

0.557912 0.738281 
0.559570 0.738729 

0.562500 0.739579 
0.559570 0.738775 

0.617804 0.738281 
0.618164 0.738186 

0.618164 0.738142 
0.621094 0.737209 

0.597656 0.543502 
0.600586 0.543851 

0.600586 0.543846 
0.603516 0.544272 

0.686952 0.656250 
0.686661 0.658203 

0.686660 0.658203 
0.686328 0.660156 

0.493535 0.675781 
0.494245 0.677734 

0.494285 0.677734 
0.494982 0.679688 

0.626953 0.551018 
0.629883 0.552210 

0.630929 0.552734 
0.629883 0.552275 

0.630932 0.552734 
0.632812 0.553553 

0.522382 0.718750 
0.524414 0.720586 

0.524665 0.720703 
0.524414 0.720491 

0.524663 0.720703 
0.527008 0.722656 

0.497923 0.599609 
0.498047 0.599290 

0.497036 0.601562 
0.497898 0.599609 

0.660645 0.574219 
0.662109 0.575970 

0.684921 0.619141 
0.684404 0.617188 

0.685389 0.621094 
0.684937 0.619141 

0.685795 0.623047 
0.685547 0.621595 

0.686182 0.625000 
0.685814 0.623047 

0.588867 0.542973 
0.585938 0.543001 

0.588867 0.542972 
0.591797 0.543046 

0.684594 0.667969 
0.684070 0.669922 

0.684071 0.669922 
0.683509 0.671875 

0.638732 0.556641 
0.638672 0.556607 

0.638720 0.556641 
0.641602 0.558233 

0.642139 0.558594 
0.641602 0.558270 

0.488372 0.652344 
0.488581 0.654297 

0.488579 0.654297 
0.488831 0.656250 

0.677832 0.599609 
0.676941 0.597656 

0.678783 0.601562 
0.677859 0.599609 

0.515153 0.574219 
0.515625 0.573695 

0.650335 0.564453 
0.647962 0.562500 

0.650332 0.564453 
0.650391 0.564502 

0.640162 0.728516 
0.641602 0.727691 

0.643416 0.726562 
0.641602 0.727669 

0.640132 0.728516 
0.638672 0.729325 

0.507244 0.583984 
0.508624 0.582031 

0.505894 0.585938 
0.506836 0.584436 

0.507225 0.583984 
0.506836 0.584616 

0.680765 0.679688 
0.680008 0.681641 

0.679994 0.681641 
0.679688 0.682530 

0.681223 0.607422 
0.680464 0.605469 

0.681951 0.609375 
0.681221 0.607422 

0.489981 0.623047 
0.490410 0.621094 

0.489598 0.625000 
0.489981 0.623047 

0.610559 0.740234 
0.612305 0.739874 

0.612305 0.739839 
0.615234 0.739057 

0.610804 0.740234 
0.609375 0.740517 

0.488842 0.656250 
0.489120 0.658203 

0.489132 0.658203 
0.489258 0.659211 

0.489441 0.660156 
0.489258 0.658809 

0.510202 0.580078 
0.511717 0.578125 

0.510182 0.580078 
0.509766 0.580674 

0.676336 0.689453 
0.676758 0.688464 

0.677276 0.687500 
0.676758 0.688721 

0.676305 0.689453 
0.675262 0.691406 

0.687519 0.634766 
0.687328 0.632812 

0.687670 0.636719 
0.687519 0.634766 

0.491957 0.615234 
0.492188 0.614220 

0.491409 0.617188 
0.491934 0.615234 

0.685557 0.664062 
0.685547 0.664126 

0.682611 0.611328 
0.681994 0.609375 

0.682657 0.611328 
0.682617 0.611173 

0.683236 0.613281 
0.682671 0.611328 

0.656836 0.570312 
0.656250 0.569728 

0.635082 0.554688 
0.632812 0.553625 

0.661321 0.710938 
0.662109 0.709960 

0.522380 0.718750 
0.521484 0.717912 

0.623483 0.736328 
0.624023 0.736145 

0.624023 0.736089 
0.626953 0.734981 

0.623541 0.736328 
0.621094 0.737143 

0.504552 0.587891 
0.505830 0.585938 

0.504512 0.587891 
0.503906 0.588984 

0.675881 0.595703 
0.674801 0.593750 

0.675939 0.595703 
0.676758 0.597444 

0.676936 0.597656 
0.676758 0.597231 

0.655571 0.716797 
0.656250 0.716115 

0.655563 0.716797 
0.653567 0.718750 

0.516298 0.712891 
0.515625 0.712129 

0.516320 0.712891 
0.518146 0.714844 

0.502125 0.591797 
0.503290 0.589844 

0.500962 0.593750 
0.500977 0.593719 

0.501014 0.593750 
0.502059 0.591797 

0.499955 0.595703 
0.500939 0.593750 

0.501023 0.593750 
0.500977 0.593854 

0.498871 0.597656 
0.499896 0.595703 

0.658703 0.572266 
0.656860 0.570312 

0.658722 0.572266 
0.659180 0.572766 

0.660570 0.574219 
0.659180 0.572637 

0.626497 0.550781 
0.626953 0.550955 

0.547399 0.734375 
0.544922 0.733364 

0.664043 0.578125 
0.665039 0.579476 

0.665591 0.580078 
0.665039 0.579322 

0.667077 0.582031 
0.665623 0.580078 

0.615234 0.546915 
0.618164 0.547746 

0.618164 0.547802 
0.621094 0.548719 

0.518176 0.714844 
0.518555 0.715222 

0.520189 0.716797 
0.518555 0.715122 

0.520224 0.716797 
0.521484 0.718008 

0.498830 0.597656 
0.498047 0.599440 

0.667143 0.582031 
0.667969 0.583284 

0.492491 0.613281 
0.492188 0.614555 

0.541992 0.731909 
0.539062 0.730479 

0.542962 0.732422 
0.541992 0.731971 

0.542977 0.732422 
0.544922 0.733289 

0.603516 0.544286 
0.606445 0.544768 

0.607174 0.544922 
0.606445 0.544804 

0.606959 0.544922 
0.609375 0.545366 

0.679637 0.603516 
0.678833 0.601562 

0.679648 0.603516 
0.679688 0.603640 

0.685527 0.664062 
0.685547 0.663931 

0.687782 0.638672 
0.687671 0.636719 

0.687851 0.640625 
0.687782 0.638672 

0.682266 0.675781 
0.681564 0.677734 

0.681547 0.677734 
0.680783 0.679688 

0.675206 0.691406 
0.674145 0.693359 

0.674145 0.693359 
0.673828 0.693998 

0.667669 0.703125 
0.667969 0.702658 

0.547389 0.734375 
0.547852 0.734567 

0.550781 0.735751 
0.547852 0.734630 

0.679693 0.603516 
0.679688 0.603501 

0.680428 0.605469 
0.679710 0.603516 

0.683855 0.615234 
0.683266 0.613281 

0.684406 0.617188 
0.683855 0.615234 

0.673015 0.695312 
0.673828 0.693782 

