0.573501 0.734375 
0.574219 0.734442 

0.533293 0.720703 
0.533203 0.720650 

0.533272 0.720703 
0.536133 0.722280 

0.536744 0.722656 
0.536133 0.722331 

0.488559 0.611328 
0.489048 0.609375 

0.488061 0.613281 
0.488538 0.611328 

0.645578 0.554688 
0.647461 0.556226 

0.648029 0.556641 
0.647461 0.556174 

0.650234 0.558594 
0.648055 0.556641 

0.643947 0.716797 
0.644531 0.716373 

0.641055 0.718750 
0.641602 0.718399 

0.643972 0.716797 
0.641602 0.718410 

0.641072 0.718750 
0.638672 0.720194 

0.492618 0.671875 
0.492188 0.670512 

0.650240 0.558594 
0.650391 0.558730 

0.485566 0.634766 
0.485593 0.632812 

0.485565 0.634766 
0.485579 0.636719 

0.558378 0.539062 
0.556641 0.539498 

0.489918 0.664062 
0.490536 0.666016 

0.490530 0.666016 
0.491198 0.667969 

0.583008 0.735095 
0.580078 0.734958 

0.585938 0.735143 
0.583008 0.735097 

0.552019 0.541016 
0.553711 0.540494 

0.556641 0.539540 
0.553711 0.540441 

0.552132 0.541016 
0.550781 0.541437 

0.645567 0.554688 
0.644531 0.553917 

0.531425 0.550781 
0.533203 0.549697 

0.553711 0.729838 
0.550781 0.728864 

0.555740 0.730469 
0.553711 0.729894 

0.486037 0.644531 
0.486234 0.646484 

0.486243 0.646484 
0.486328 0.647421 

0.530211 0.718750 
0.530273 0.718791 

0.533203 0.720621 
0.530273 0.718818 

0.508778 0.699219 
0.509766 0.700521 

0.485917 0.626953 
0.486106 0.625000 

0.485767 0.628906 
0.485916 0.626953 

0.497590 0.587891 
0.498047 0.586889 

0.496554 0.589844 
0.497559 0.587891 

0.577148 0.734726 
0.574219 0.734461 

0.580078 0.734955 
0.577148 0.734738 

0.514683 0.564453 
0.515625 0.563453 

0.512895 0.566406 
0.514652 0.564453 

0.540665 0.724609 
0.539062 0.723868 

0.540680 0.724609 
0.541992 0.725212 

0.544922 0.726506 
0.541992 0.725279 

0.510386 0.701172 
0.509766 0.700362 

0.510419 0.701172 
0.512064 0.703125 

0.485579 0.636719 
0.485633 0.638672 

0.485634 0.638672 
0.485727 0.640625 

0.621094 0.541821 
0.624023 0.542897 

0.500493 0.687500 
0.500977 0.688410 

0.501649 0.689453 
0.500977 0.688222 

0.501699 0.689453 
0.502960 0.691406 

0.637817 0.720703 
0.638672 0.720213 

0.634219 0.722656 
0.635742 0.721873 

0.637807 0.720703 
0.635742 0.721829 

0.685438 0.630859 
0.685328 0.628906 

0.685507 0.632812 
0.685438 0.630859 

0.628626 0.544922 
0.626953 0.544206 

0.628628 0.544922 
0.629883 0.545470 

0.632783 0.546875 
0.629883 0.545538 

0.666806 0.693359 
0.667969 0.691528 

0.666719 0.693359 
0.665368 0.695312 

0.511111 0.568359 
0.512695 0.566480 

0.512885 0.566406 
0.512695 0.566622 

0.511031 0.568359 
0.509766 0.569966 

0.536764 0.722656 
0.539062 0.723805 

0.512096 0.703125 
0.512695 0.703807 

0.513907 0.705078 
0.512695 0.703688 

0.513974 0.705078 
0.515625 0.706863 

0.652387 0.560547 
0.650391 0.558627 

0.652408 0.560547 
0.653320 0.561455 

0.654460 0.562500 
0.653320 0.561346 

0.621094 0.728495 
0.624023 0.727416 

0.626011 0.726562 
0.624023 0.727340 

0.492641 0.671875 
0.493423 0.673828 

0.493434 0.673828 
0.494295 0.675781 

0.486475 0.648438 
0.486328 0.647027 

0.509388 0.570312 
0.509766 0.569833 

0.612730 0.539062 
0.615234 0.539736 

0.504320 0.693359 
0.503906 0.692671 

0.504341 0.693359 
0.505699 0.695312 

0.507858 0.572266 
0.509372 0.570312 

0.506312 0.574219 
0.506836 0.573457 

0.507781 0.572266 
0.506836 0.573615 

0.505771 0.695312 
0.506836 0.696868 

0.507223 0.697266 
0.506836 0.696696 

0.507241 0.697266 
0.508721 0.699219 

0.503508 0.578125 
0.503906 0.577471 

0.503019 0.691406 
0.503906 0.692857 

0.597656 0.734350 
0.600586 0.733970 

0.600586 0.733953 
0.603516 0.733453 

0.615234 0.539792 
0.618164 0.540714 

0.618939 0.541016 
0.618164 0.540765 

0.618876 0.541016 
0.621094 0.541746 

0.504903 0.576172 
0.506292 0.574219 

0.504823 0.576172 
0.503906 0.577624 

0.498214 0.683594 
0.499257 0.685547 

0.499323 0.685547 
0.500460 0.687500 

0.653208 0.708984 
0.653320 0.708876 

0.655220 0.707031 
0.653327 0.708984 

0.653191 0.708984 
0.651191 0.710938 

0.673540 0.587891 
0.672496 0.585938 

0.673561 0.587891 
0.673828 0.588517 

0.674522 0.589844 
0.673828 0.588295 

0.685176 0.626953 
0.684985 0.625000 

0.685327 0.628906 
0.685176 0.626953 

0.681168 0.664062 
0.680564 0.666016 

0.680547 0.666016 
0.679937 0.667969 

0.604892 0.537109 
0.603516 0.536888 

0.604610 0.537109 
0.606445 0.537425 

0.606445 0.537452 
0.609375 0.538125 

0.608260 0.732422 
0.609375 0.732204 

0.603516 0.733451 
0.606445 0.732869 

0.608516 0.732422 
0.606445 0.732830 

0.534692 0.548828 
0.536133 0.548030 

0.538322 0.546875 
0.536133 0.547975 

0.534662 0.548828 
0.533203 0.549664 

0.654500 0.562500 
0.656250 0.564367 

0.685367 0.640625 
0.685235 0.642578 

0.685235 0.642578 
0.685066 0.644531 

0.498594 0.585938 
0.498047 0.587110 

0.486907 0.619141 
0.487252 0.617188 

0.486601 0.621094 
0.486906 0.619141 

0.496129 0.679688 
0.497138 0.681641 

0.497199 0.681641 
0.498047 0.683408 

0.684610 0.648438 
0.684319 0.650391 

0.684318 0.650391 
0.683987 0.652344 

0.518767 0.560547 
0.520858 0.558594 

0.516678 0.562500 
0.518555 0.560621 

0.518763 0.560547 
0.518555 0.560742 

0.555609 0.730469 
0.556641 0.730751 

0.591797 0.734932 
0.594727 0.734686 

0.594727 0.734662 
0.597656 0.734383 

0.664747 0.574219 
0.665039 0.574662 

0.666149 0.576172 
0.665039 0.574513 

0.667560 0.578125 
0.666235 0.576172 

0.488851 0.660156 
0.489258 0.661911 

0.489356 0.662109 
0.489258 0.661622 

0.489363 0.662109 
0.489895 0.664062 

0.670188 0.582031 
0.670898 0.583365 

0.671328 0.583984 
0.670898 0.583143 

0.672432 0.585938 
0.671335 0.583984 

0.672961 0.683594 
0.673828 0.681816 

0.486488 0.648438 
0.486774 0.650391 

0.486777 0.650391 
0.487106 0.652344 

0.658921 0.703125 
0.657211 0.705078 

0.657176 0.705078 
0.656250 0.706090 

0.683988 0.652344 
0.683614 0.654297 

0.683613 0.654297 
0.683195 0.656250 

0.495556 0.591797 
0.496506 0.589844 

0.494686 0.593750 
0.495117 0.592630 

0.495546 0.591797 
0.495117 0.592905 

0.679256 0.669922 
0.679688 0.668513 

0.679216 0.669922 
0.678455 0.671875 

0.625989 0.726562 
0.626953 0.726173 

0.485727 0.640625 
0.485859 0.642578 

0.485858 0.642578 
0.486029 0.644531 

0.485660 0.630859 
0.485768 0.628906 

0.485593 0.632812 
0.485660 0.630859 

0.585938 0.735144 
0.588867 0.735091 

0.588867 0.735091 
0.591797 0.734936 

0.685067 0.644531 
0.684859 0.646484 

0.684859 0.646484 
0.684610 0.648438 

0.609375 0.732173 
0.612305 0.731420 

0.612305 0.731378 
0.615234 0.730569 

0.516649 0.562500 
0.515625 0.563582 

0.491225 0.667969 
0.491904 0.669922 

0.491930 0.669922 
0.492188 0.670790 

0.624026 0.542969 
0.626953 0.544132 

0.571289 0.734064 
0.568359 0.733588 

0.573760 0.734375 
0.571289 0.734089 

0.639789 0.550781 
0.641602 0.551907 

0.642838 0.552734 
0.641602 0.551915 

0.642842 0.552734 
0.644531 0.553937 

0.634187 0.722656 
0.632812 0.723351 

0.528463 0.552734 
0.530273 0.551518 

0.531411 0.550781 
0.530273 0.551511 

0.528474 0.552734 
0.527344 0.553534 

0.683174 0.656250 
0.682754 0.658203 

0.682289 0.660156 
0.682617 0.658595 

0.682742 0.658203 
0.682617 0.658890 

0.585938 0.535157 
0.588867 0.535210 

0.588867 0.535210 
0.591797 0.535365 

0.546906 0.542969 
0.547852 0.542608 

0.550781 0.541492 
0.547852 0.542550 

0.675520 0.591797 
0.674557 0.589844 

0.676448 0.593750 
0.675556 0.591797 

0.668835 0.580078 
0.667969 0.578621 

0.670137 0.582031 
0.668898 0.580078 

0.685519 0.636719 
0.685463 0.638672 

0.685462 0.638672 
0.685367 0.640625 

0.490766 0.603516 
0.491449 0.601562 

0.490150 0.605469 
0.490770 0.603516 

0.559570 0.731605 
0.556641 0.730798 

0.562500 0.732344 
0.559570 0.731641 

0.499812 0.583984 
0.500912 0.582031 

0.500996 0.582031 
0.500977 0.582069 

0.498625 0.585938 
0.499741 0.583984 

0.615349 0.730469 
0.618164 0.729613 

0.618164 0.729546 
0.621094 0.728564 

0.660727 0.701172 
0.662109 0.699383 

0.658935 0.703125 
0.659180 0.702834 

0.660643 0.701172 
0.659180 0.702970 

0.685534 0.634766 
0.685507 0.632812 

0.685534 0.634766 
0.685519 0.636719 

0.630235 0.724609 
0.632812 0.723421 

0.626953 0.726107 
0.629883 0.724844 

0.630235 0.724609 
0.629883 0.724776 

0.663904 0.697266 
0.665039 0.695627 

0.665357 0.695312 
0.665039 0.695784 

0.663821 0.697266 
0.662350 0.699219 

0.674917 0.679688 
0.673997 0.681641 

0.673993 0.681641 
0.673828 0.682020 

0.684756 0.623047 
0.684491 0.621094 

0.684985 0.625000 
0.684756 0.623047 

0.547852 0.727702 
0.544922 0.726578 

0.549974 0.728516 
0.547852 0.727779 

0.549922 0.728516 
0.550781 0.728811 

0.494350 0.675781 
0.495117 0.677656 

0.495227 0.677734 
0.495117 0.677430 

0.495220 0.677734 
0.496094 0.679688 

0.597656 0.535959 
0.600586 0.536367 

0.600586 0.536372 
0.603516 0.536850 

0.646561 0.714844 
0.644531 0.716408 

0.515916 0.707031 
0.515625 0.706732 

0.492222 0.599609 
0.492915 0.597656 

0.492216 0.599609 
0.492188 0.599712 

0.684187 0.619141 
0.683845 0.617188 

0.684491 0.621094 
0.684187 0.619141 

0.655260 0.707031 
0.656250 0.705954 

0.562759 0.732422 
0.562500 0.732374 

0.562579 0.732422 
0.565430 0.732989 

0.568359 0.733591 
0.565430 0.733026 

0.656441 0.564453 
0.656250 0.564255 

0.658222 0.566406 
0.656473 0.564453 

0.679925 0.667969 
0.679688 0.668820 

0.487105 0.652344 
0.487474 0.654297 

0.487475 0.654297 
0.487882 0.656250 

0.651173 0.710938 
0.650391 0.711651 

0.498222 0.683594 
0.498047 0.683195 

0.678891 0.599609 
0.678116 0.597656 

0.679599 0.601562 
0.678926 0.599609 

0.632812 0.546963 
0.635742 0.548426 

0.636373 0.548828 
0.635742 0.548483 

0.636374 0.548828 
0.638672 0.550087 

0.542246 0.544922 
0.544922 0.543813 

0.541992 0.545102 
0.539062 0.546438 

0.542244 0.544922 
0.541992 0.545033 

0.583008 0.535207 
0.580078 0.535348 

0.585938 0.535158 
0.583008 0.535205 

0.527361 0.716797 
0.527344 0.716785 

0.527348 0.716797 
0.530186 0.718750 

0.577148 0.535582 
0.574219 0.535880 

0.580078 0.535351 
0.577148 0.535577 

0.538318 0.546875 
0.539062 0.546499 

0.558190 0.539062 
0.559570 0.538727 

0.562500 0.537956 
0.559570 0.538683 

0.632760 0.546875 
0.632812 0.546901 

0.663207 0.572266 
0.662109 0.570782 

0.664735 0.574219 
0.663293 0.572266 

0.597497 0.734375 
0.597656 0.734362 

0.681515 0.607422 
0.680924 0.605469 

0.682068 0.609375 
0.681512 0.607422 

0.520882 0.558594 
0.521484 0.558074 

0.486349 0.623047 
0.486590 0.621094 

0.486348 0.623047 
0.486328 0.623299 

0.487880 0.656250 
0.488325 0.658203 

0.488323 0.658203 
0.488813 0.660156 

0.615366 0.730469 
0.615234 0.730507 

0.487636 0.615234 
0.488063 0.613281 

0.487251 0.617188 
0.487636 0.615234 

0.489589 0.607422 
0.490148 0.605469 

0.489069 0.609375 
0.489258 0.608473 

0.489568 0.607422 
0.489258 0.608799 

0.566172 0.537109 
0.568359 0.536756 

0.565430 0.537300 
0.562500 0.537935 

0.566458 0.537109 
0.565430 0.537272 

0.682566 0.611328 
0.682095 0.609375 

0.682574 0.611328 
0.682617 0.611580 

0.683022 0.613281 
0.682619 0.611328 

0.658266 0.566406 
0.659180 0.567509 

0.660004 0.568359 
0.659180 0.567360 

0.661629 0.570312 
0.660046 0.568359 

0.678443 0.671875 
0.677641 0.673828 

0.677614 0.673828 
0.676851 0.675781 

0.524746 0.714844 
0.527310 0.716797 

0.527342 0.716797 
0.527344 0.716798 

0.676472 0.593750 
0.676758 0.594550 

0.677281 0.595703 
0.676758 0.594285 

0.678112 0.597656 
0.677315 0.595703 

0.493789 0.595703 
0.494649 0.593750 

0.492938 0.597656 
0.493764 0.595703 

0.672902 0.683594 
0.671788 0.685547 

0.670630 0.687500 
0.670898 0.686965 

0.671740 0.685547 
0.670898 0.687145 

0.520024 0.710938 
0.521484 0.712243 

0.648943 0.712891 
0.650391 0.711566 

0.646539 0.714844 
0.647461 0.714089 

0.648936 0.712891 
0.647461 0.714145 

0.661655 0.570312 
0.662109 0.570924 

0.591797 0.535367 
0.594727 0.535621 

0.594727 0.535627 
0.597656 0.535961 

0.667582 0.578125 
0.667969 0.578791 

0.515922 0.707031 
0.517840 0.708984 

0.517861 0.708984 
0.518555 0.709644 

0.519995 0.710938 
0.518555 0.709556 

0.525746 0.554688 
0.527344 0.553510 

0.609375 0.538154 
0.612305 0.538884 

0.612826 0.539062 
0.612305 0.538932 

0.492177 0.599609 
0.492188 0.599573 

0.491497 0.601562 
0.492154 0.599609 

0.486327 0.623047 
0.486328 0.623037 

0.486123 0.625000 
0.486319 0.623047 

0.679614 0.601562 
0.679688 0.601848 

0.682258 0.660156 
0.681734 0.662109 

0.681732 0.662109 
0.681167 0.664062 

0.639775 0.550781 
0.638672 0.550124 

0.546934 0.542969 
0.544922 0.543734 

0.571289 0.536252 
0.568359 0.536719 

0.574219 0.535871 
0.571289 0.536248 

0.502226 0.580078 
0.503483 0.578125 

0.500929 0.582031 
0.500977 0.581944 

0.500992 0.582031 
0.502146 0.580078 

0.662333 0.699219 
0.662109 0.699510 

0.670607 0.687500 
0.669426 0.689453 

0.669347 0.689453 
0.668137 0.691406 

0.680254 0.603516 
0.679688 0.601635 

0.680923 0.605469 
0.680292 0.603516 

0.683468 0.615234 
0.683049 0.613281 

0.683846 0.617188 
0.683467 0.615234 

0.523232 0.556641 
0.524414 0.555695 

0.525761 0.554688 
0.524414 0.555738 

0.523215 0.556641 
0.521484 0.558141 

0.522319 0.712891 
0.521484 0.712170 

0.522308 0.712891 
0.524414 0.714647 

0.524755 0.714844 
0.524414 0.714577 

0.675958 0.677734 
0.676758 0.675826 

0.676839 0.675781 
0.676758 0.676010 

0.675904 0.677734 
0.674947 0.679688 

0.668135 0.691406 
0.667969 0.691684 

