0.518220 0.757812 
0.518555 0.758978 

0.518875 0.759766 
0.518555 0.758652 

0.518888 0.759766 
0.519605 0.761719 

0.517800 0.693359 
0.518428 0.691406 

0.517130 0.695312 
0.517762 0.693359 

0.541577 0.654297 
0.541992 0.653861 

0.543510 0.652344 
0.541992 0.653971 

0.539797 0.656250 
0.541548 0.654297 

0.710921 0.742188 
0.710543 0.744141 

0.710543 0.744141 
0.710121 0.746094 

0.527907 0.671875 
0.527344 0.672955 

0.695761 0.669922 
0.694527 0.667969 

0.697036 0.671875 
0.695844 0.669922 

0.545625 0.650391 
0.547691 0.648438 

0.545617 0.650391 
0.544922 0.651069 

0.519613 0.761719 
0.520426 0.763672 

0.520469 0.763672 
0.521277 0.765625 

0.551549 0.804688 
0.553711 0.806348 

0.554164 0.806641 
0.553711 0.806312 

0.554148 0.806641 
0.556641 0.808368 

0.692233 0.785156 
0.691406 0.786382 

0.582777 0.820312 
0.580078 0.819514 

0.661266 0.812500 
0.662109 0.812073 

0.679412 0.650391 
0.677416 0.648438 

0.679423 0.650391 
0.679688 0.650650 

0.682209 0.796875 
0.680329 0.798828 

0.680306 0.798828 
0.679688 0.799435 

0.555261 0.642578 
0.556641 0.641644 

0.552559 0.644531 
0.553711 0.643675 

0.555259 0.642578 
0.553711 0.643690 

0.519158 0.689453 
0.519930 0.687500 

0.518453 0.691406 
0.518555 0.691034 

0.519126 0.689453 
0.518555 0.691226 

0.576989 0.818359 
0.574219 0.817376 

0.576985 0.818359 
0.577148 0.818417 

0.580078 0.819449 
0.577148 0.818482 

0.556976 0.808594 
0.559570 0.810204 

0.560103 0.810547 
0.559570 0.810230 

0.560110 0.810547 
0.562500 0.811876 

0.710118 0.746094 
0.709659 0.748047 

0.709644 0.748047 
0.709184 0.750000 

0.521303 0.765625 
0.521484 0.766134 

0.691713 0.664062 
0.691406 0.663616 

0.512536 0.726562 
0.512591 0.728516 

0.512598 0.728516 
0.512679 0.730469 

0.512697 0.730469 
0.512695 0.730419 

0.515530 0.701172 
0.515625 0.700663 

0.515070 0.703125 
0.515511 0.701172 

0.558216 0.640625 
0.556641 0.641638 

0.650933 0.632812 
0.653320 0.633731 

0.655617 0.634766 
0.653320 0.633814 

0.655615 0.634766 
0.656250 0.635042 

0.539104 0.792969 
0.540813 0.794922 

0.540866 0.794922 
0.541992 0.796158 

0.542786 0.796875 
0.541992 0.796021 

0.699437 0.675781 
0.700195 0.677338 

0.700478 0.677734 
0.700195 0.677105 

0.701442 0.679688 
0.700479 0.677734 

0.556989 0.808594 
0.556641 0.808364 

0.664918 0.810547 
0.665039 0.810479 

0.665039 0.810452 
0.667969 0.808778 

0.664950 0.810547 
0.662109 0.812018 

0.673723 0.804688 
0.671204 0.806641 

0.668238 0.808594 
0.670898 0.806835 

0.671171 0.806641 
0.670898 0.806833 

0.709014 0.699219 
0.708984 0.699073 

0.588867 0.822028 
0.585938 0.821285 

0.589941 0.822266 
0.588867 0.822058 

0.589686 0.822266 
0.591797 0.822680 

0.693092 0.666016 
0.691724 0.664062 

0.693178 0.666016 
0.694336 0.667816 

0.694524 0.667969 
0.694336 0.667659 

0.709484 0.701172 
0.709028 0.699219 

0.709981 0.703125 
0.709514 0.701172 

0.539001 0.792969 
0.539062 0.793038 

0.514609 0.705078 
0.515044 0.703125 

0.514227 0.707031 
0.514613 0.705078 

0.535692 0.789062 
0.536133 0.789646 

0.537278 0.791016 
0.536133 0.789509 

0.537361 0.791016 
0.538978 0.792969 

0.543558 0.652344 
0.544922 0.650962 

0.539088 0.792969 
0.539062 0.792939 

0.515807 0.750000 
0.516310 0.751953 

0.516324 0.751953 
0.516898 0.753906 

0.690806 0.787109 
0.691406 0.786220 

0.690765 0.787109 
0.689284 0.789062 

0.526786 0.673828 
0.527344 0.672748 

0.525635 0.675781 
0.526748 0.673828 

0.527489 0.777344 
0.527344 0.777052 

0.524567 0.677734 
0.525575 0.675781 

0.523585 0.679688 
0.524414 0.677904 

0.524576 0.677734 
0.524414 0.678119 

0.698194 0.673828 
0.697266 0.672117 

0.699381 0.675781 
0.698247 0.673828 

0.579098 0.630859 
0.580078 0.630554 

0.577148 0.631576 
0.574219 0.632632 

0.579186 0.630859 
0.577148 0.631509 

0.563636 0.812500 
0.565430 0.813404 

0.567588 0.814453 
0.565430 0.813469 

0.567591 0.814453 
0.568359 0.814808 

0.699820 0.773438 
0.698732 0.775391 

0.698665 0.775391 
0.697552 0.777344 

0.676026 0.802734 
0.676758 0.802068 

0.678208 0.800781 
0.676758 0.802151 

0.676029 0.802734 
0.673828 0.804664 

0.703379 0.683594 
0.703125 0.682910 

0.711122 0.708984 
0.710780 0.707031 

0.711427 0.710938 
0.711122 0.708984 

0.565176 0.636719 
0.565430 0.636590 

0.568359 0.635193 
0.565430 0.636530 

0.521659 0.683594 
0.521484 0.684093 

0.711549 0.738281 
0.711254 0.740234 

0.711254 0.740234 
0.710919 0.742188 

0.697056 0.671875 
0.697266 0.672284 

0.513880 0.708984 
0.514227 0.707031 

0.513572 0.710938 
0.513880 0.708984 

0.573917 0.632812 
0.574219 0.632695 

0.512878 0.716797 
0.513072 0.714844 

0.512729 0.718750 
0.512873 0.716797 

0.534124 0.787109 
0.533203 0.785751 

0.534201 0.787109 
0.535675 0.789062 

0.711809 0.736328 
0.711914 0.735091 

0.712003 0.734375 
0.711914 0.735506 

0.711800 0.736328 
0.711553 0.738281 

0.522134 0.767578 
0.521484 0.765944 

0.522167 0.767578 
0.523119 0.769531 

0.642189 0.820312 
0.644531 0.819628 

0.705379 0.761719 
0.704565 0.763672 

0.704558 0.763672 
0.703723 0.765625 

0.639729 0.628906 
0.638672 0.628647 

0.523165 0.769531 
0.524124 0.771484 

0.524151 0.771484 
0.524414 0.772087 

0.525133 0.773438 
0.524414 0.771910 

0.706813 0.757812 
0.706173 0.759766 

0.705424 0.761719 
0.706055 0.759901 

0.706160 0.759766 
0.706055 0.760125 

0.552542 0.644531 
0.550781 0.645943 

0.656250 0.635108 
0.659180 0.636429 

0.659633 0.636719 
0.659180 0.636496 

0.585320 0.628906 
0.585938 0.628754 

0.550060 0.646484 
0.550781 0.645900 

0.547742 0.648438 
0.547852 0.648343 

0.550032 0.646484 
0.547852 0.648407 

0.546866 0.800781 
0.547852 0.801669 

0.549135 0.802734 
0.547852 0.801590 

0.549136 0.802734 
0.550781 0.804113 

0.687656 0.791016 
0.688477 0.789925 

0.689238 0.789062 
0.688477 0.790081 

0.687606 0.791016 
0.685990 0.792969 

0.710402 0.705078 
0.709981 0.703125 

0.710780 0.707031 
0.710400 0.705078 

0.626953 0.626144 
0.629883 0.626617 

0.631741 0.626953 
0.629883 0.626654 

0.631446 0.626953 
0.632812 0.627176 

0.529959 0.781250 
0.530273 0.781781 

0.531244 0.783203 
0.530273 0.781637 

0.531326 0.783203 
0.532681 0.785156 

0.705810 0.689453 
0.705066 0.687500 

0.705829 0.689453 
0.706055 0.690235 

0.706496 0.691406 
0.706055 0.689949 

0.546845 0.800781 
0.544922 0.798907 

0.681434 0.652344 
0.679688 0.650536 

0.542806 0.796875 
0.544708 0.798828 

0.544747 0.798828 
0.544922 0.798994 

0.516003 0.699219 
0.515625 0.700926 

0.707191 0.693359 
0.706527 0.691406 

0.707841 0.695312 
0.707199 0.693359 

0.571872 0.816406 
0.574219 0.817296 

0.657221 0.814453 
0.659180 0.813570 

0.661246 0.812500 
0.659180 0.813500 

0.657211 0.814453 
0.656250 0.814892 

0.696363 0.779297 
0.697266 0.777695 

0.696290 0.779297 
0.695028 0.781250 

0.522543 0.681641 
0.523525 0.679688 

0.521655 0.683594 
0.522513 0.681641 

0.701861 0.769531 
0.700869 0.771484 

0.699848 0.773438 
0.700195 0.772660 

0.700840 0.771484 
0.700195 0.772889 

0.583008 0.629596 
0.580078 0.630503 

0.585436 0.628906 
0.583008 0.629545 

0.681482 0.652344 
0.682617 0.653571 

0.683412 0.654297 
0.682617 0.653443 

0.685182 0.656250 
0.683443 0.654297 

0.666939 0.640625 
0.667969 0.641245 

0.708684 0.751953 
0.708984 0.750590 

0.708657 0.751953 
0.708099 0.753906 

0.704194 0.685547 
0.703389 0.683594 

0.705037 0.687500 
0.704214 0.685547 

0.711910 0.714844 
0.711914 0.714899 

0.712108 0.716797 
0.711939 0.714844 

0.712275 0.718750 
0.712121 0.716797 

0.668219 0.808594 
0.667969 0.808749 

0.594727 0.823299 
0.591797 0.822719 

0.597656 0.823798 
0.594727 0.823301 

0.534823 0.662109 
0.536133 0.660345 

0.536395 0.660156 
0.536133 0.660506 

0.533327 0.664062 
0.534742 0.662109 

0.615234 0.824947 
0.618164 0.824812 

0.618164 0.824808 
0.621094 0.824577 

0.520820 0.685547 
0.521484 0.683834 

0.519936 0.687500 
0.520767 0.685547 

0.582733 0.820312 
0.583008 0.820390 

0.585938 0.821246 
0.583008 0.820446 

0.647913 0.818359 
0.650391 0.817480 

0.644531 0.819565 
0.647461 0.818584 

0.647933 0.818359 
0.647461 0.818526 

0.527484 0.777344 
0.528632 0.779297 

0.528711 0.779297 
0.529935 0.781250 

0.693704 0.783203 
0.694336 0.782157 

0.694993 0.781250 
0.694336 0.782346 

0.693662 0.783203 
0.692294 0.785156 

0.708444 0.697266 
0.707840 0.695312 

0.708978 0.699219 
0.708477 0.697266 

0.512684 0.730469 
0.512695 0.730721 

0.512816 0.732422 
0.512695 0.730473 

0.512822 0.732422 
0.512994 0.734375 

0.663431 0.638672 
0.662109 0.637977 

0.663463 0.638672 
0.665039 0.639516 

0.666925 0.640625 
0.665039 0.639549 

0.571289 0.816106 
0.568359 0.814872 

0.571892 0.816406 
0.571289 0.816168 

0.516893 0.753906 
0.517519 0.755859 

0.517538 0.755859 
0.518190 0.757812 

0.532703 0.785156 
0.533203 0.785910 

0.709173 0.750000 
0.708984 0.750936 

0.612305 0.824977 
0.609375 0.824910 

0.612305 0.824979 
0.615234 0.824947 

0.525182 0.773438 
0.526288 0.775391 

0.526349 0.775391 
0.527344 0.777242 

0.621094 0.625420 
0.624023 0.625744 

0.624023 0.625745 
0.626953 0.626144 

0.685201 0.656250 
0.685547 0.656657 

0.659633 0.636719 
0.662109 0.637912 

0.703688 0.765625 
0.703125 0.767084 

0.515799 0.750000 
0.515625 0.749093 

0.529233 0.669922 
0.530273 0.668196 

0.530507 0.667969 
0.530273 0.668373 

0.527941 0.671875 
0.529161 0.669922 

0.652954 0.816406 
0.653320 0.816259 

0.653320 0.816194 
0.656250 0.814959 

0.514078 0.742188 
0.514449 0.744141 

0.514448 0.744141 
0.514861 0.746094 

0.513303 0.712891 
0.513572 0.710938 

0.513072 0.714844 
0.513303 0.712891 

0.675170 0.646484 
0.673828 0.645362 

0.675174 0.646484 
0.676758 0.647938 

0.677396 0.648438 
0.676758 0.647856 

0.697553 0.777344 
0.697266 0.777889 

0.565192 0.636719 
0.562500 0.638065 

0.690153 0.662109 
0.688665 0.660156 

0.690238 0.662109 
0.691406 0.663768 

0.685966 0.792969 
0.685547 0.793455 

0.551568 0.804688 
0.550781 0.804056 

0.686931 0.658203 
0.685547 0.656523 

0.687013 0.658203 
0.688477 0.660061 

0.688645 0.660156 
0.688477 0.659943 

0.652973 0.816406 
0.650391 0.817398 

0.702848 0.767578 
0.703125 0.766829 

0.702825 0.767578 
0.701903 0.769531 

0.569201 0.634766 
0.571289 0.633902 

0.573928 0.632812 
0.571289 0.633825 

0.569204 0.634766 
0.568359 0.635130 

0.531895 0.666016 
0.533203 0.664085 

0.530513 0.667969 
0.531810 0.666016 

0.635167 0.822266 
0.635742 0.822158 

0.635742 0.822126 
0.638672 0.821401 

0.635387 0.822266 
0.632812 0.822775 

0.538027 0.658203 
0.539062 0.656940 

0.536403 0.660156 
0.537975 0.658203 

0.514868 0.746094 
0.515314 0.748047 

0.515342 0.748047 
0.515625 0.749452 

0.639569 0.628906 
0.641602 0.629430 

0.641602 0.629480 
0.644531 0.630393 

0.702453 0.681641 
0.701478 0.679688 

0.702504 0.681641 
0.703125 0.683161 

0.516563 0.697266 
0.517138 0.695312 

0.516029 0.699219 
0.516563 0.697266 

0.673705 0.804688 
0.673828 0.804588 

0.513455 0.738281 
0.513747 0.740234 

0.513746 0.740234 
0.514078 0.742188 

0.621094 0.824556 
0.624023 0.824277 

0.624423 0.824219 
0.624023 0.824257 

0.588867 0.627982 
0.585938 0.628706 

0.591797 0.627289 
0.588867 0.627956 

0.512521 0.724609 
0.512549 0.722656 

0.512521 0.724609 
0.512535 0.726562 

0.670036 0.642578 
0.667969 0.641250 

0.670019 0.642578 
0.670898 0.643186 

0.672755 0.644531 
0.670898 0.643161 

0.638672 0.821364 
0.641602 0.820552 

0.642280 0.820312 
0.641602 0.820502 

0.711695 0.712891 
0.711428 0.710938 

0.711912 0.714844 
0.711706 0.712891 

0.711932 0.714844 
0.711914 0.714606 

0.512992 0.734375 
0.513203 0.736328 

0.513203 0.736328 
0.513454 0.738281 

0.672731 0.644531 
0.673828 0.645412 

0.561511 0.638672 
0.562500 0.638121 

0.558229 0.640625 
0.559570 0.639802 

0.561498 0.638672 
0.559570 0.639769 

0.645863 0.630859 
0.644531 0.630442 

0.645762 0.630859 
0.647461 0.631402 

0.647461 0.631467 
0.650391 0.632536 

0.593315 0.626953 
0.594727 0.626727 

0.597656 0.626214 
0.594727 0.626693 

0.593600 0.626953 
0.591797 0.627260 

0.678239 0.800781 
0.679688 0.799333 

0.712314 0.730469 
0.712180 0.732422 

0.712174 0.732422 
0.712012 0.734375 

0.712469 0.726562 
0.712411 0.728516 

0.712410 0.728516 
0.712313 0.730469 

0.632812 0.627204 
0.635742 0.627852 

0.635742 0.627875 
0.638672 0.628604 

0.712485 0.724609 
0.712458 0.722656 

0.712485 0.724609 
0.712469 0.726562 

0.684189 0.794922 
0.685547 0.793330 

0.682226 0.796875 
0.682617 0.796461 

0.684120 0.794922 
0.682617 0.796588 

0.533320 0.664062 
0.533203 0.664239 

0.539767 0.656250 
0.539062 0.657097 

0.606445 0.824746 
0.603516 0.824513 

0.609375 0.824907 
0.606445 0.824750 

0.603516 0.824495 
0.600586 0.824229 

0.712388 0.720703 
0.712275 0.718750 

0.712458 0.722656 
0.712388 0.720703 

0.650942 0.632812 
0.650391 0.632598 

0.626953 0.823867 
0.629883 0.823382 

0.629883 0.823382 
0.632812 0.822811 

0.708093 0.753906 
0.707487 0.755859 

0.707490 0.755859 
0.706842 0.757812 

0.563603 0.812500 
0.562500 0.811921 

0.600586 0.824193 
0.597656 0.823815 

0.600730 0.824219 
0.600586 0.824207 

0.615234 0.625039 
0.618164 0.625175 

0.618164 0.625176 
0.621094 0.625414 

0.512624 0.720703 
0.512695 0.719038 

0.512727 0.718750 
0.512695 0.719517 

0.512550 0.722656 
0.512617 0.720703 

0.624216 0.824219 
0.626953 0.823886 

0.612305 0.625009 
0.609375 0.625079 

0.612305 0.625008 
0.615234 0.625039 

0.606445 0.625249 
0.603516 0.625494 

0.609375 0.625082 
0.606445 0.625245 

0.600586 0.625801 
0.597656 0.626201 

0.603516 0.625496 
0.600586 0.625811 

