0.668670 0.570312 
0.667969 0.568749 

0.672590 0.652344 
0.671788 0.654297 

0.671761 0.654297 
0.670998 0.656250 

0.635165 0.699219 
0.632812 0.700643 

0.644351 0.539062 
0.644531 0.539224 

0.640654 0.695312 
0.638672 0.696838 

0.585938 0.515835 
0.588867 0.516087 

0.588867 0.516093 
0.591797 0.516427 

0.510801 0.542969 
0.509766 0.544061 

0.512924 0.541016 
0.515020 0.539062 

0.510831 0.542969 
0.512695 0.541106 

0.512921 0.541016 
0.512695 0.541227 

0.670620 0.574219 
0.670898 0.575000 

0.671429 0.576172 
0.670898 0.574737 

0.672261 0.578125 
0.671464 0.576172 

0.669066 0.660156 
0.668144 0.662109 

0.668141 0.662109 
0.667969 0.662505 

0.494626 0.667969 
0.495117 0.668892 

0.495783 0.669922 
0.495117 0.668703 

0.495832 0.669922 
0.497093 0.671875 

0.481242 0.632812 
0.481610 0.634766 

0.481611 0.634766 
0.482017 0.636719 

0.492347 0.664062 
0.493389 0.666016 

0.493454 0.666016 
0.494593 0.667969 

0.609533 0.710938 
0.609375 0.710983 

0.514183 0.691406 
0.515625 0.692692 

0.487921 0.576172 
0.488782 0.574219 

0.487072 0.578125 
0.487897 0.576172 

0.508832 0.544922 
0.509766 0.543933 

0.507042 0.546875 
0.508802 0.544922 

0.480055 0.607422 
0.480245 0.605469 

0.479907 0.609375 
0.480055 0.607422 

0.484052 0.644531 
0.484670 0.646484 

0.484664 0.646484 
0.485333 0.648438 

0.673403 0.650391 
0.673828 0.648997 

0.673363 0.650391 
0.672603 0.652344 

0.493944 0.564453 
0.495046 0.562500 

0.495129 0.562500 
0.495117 0.562524 

0.492757 0.566406 
0.493873 0.564453 

0.480465 0.603516 
0.480469 0.603475 

0.480261 0.605469 
0.480457 0.603516 

0.480613 0.628906 
0.480469 0.627519 

0.591797 0.516424 
0.594727 0.516832 

0.594727 0.516836 
0.597656 0.517314 

0.655796 0.550781 
0.656250 0.551391 

0.482015 0.636719 
0.482459 0.638672 

0.482457 0.638672 
0.482947 0.640625 

0.501997 0.552734 
0.503514 0.550781 

0.500450 0.554688 
0.500977 0.553922 

0.501921 0.552734 
0.500977 0.554081 

0.643049 0.693359 
0.644531 0.692009 

0.640633 0.695312 
0.641602 0.694522 

0.643042 0.693359 
0.641602 0.694578 

0.503529 0.550781 
0.503906 0.550304 

0.549727 0.710938 
0.550781 0.711226 

0.489689 0.572266 
0.490637 0.570312 

0.488820 0.574219 
0.489258 0.573082 

0.489679 0.572266 
0.489258 0.573358 

0.646510 0.541016 
0.644531 0.539122 

0.646531 0.541016 
0.647461 0.541938 

0.648590 0.542969 
0.647461 0.541830 

0.662282 0.671875 
0.662109 0.672164 

0.497153 0.671875 
0.498047 0.673333 

0.678754 0.628906 
0.678463 0.630859 

0.678463 0.630859 
0.678132 0.632812 

0.669669 0.572266 
0.668705 0.570312 

0.670596 0.574219 
0.669705 0.572266 

0.528864 0.529297 
0.530273 0.528514 

0.532484 0.527344 
0.530273 0.528459 

0.528834 0.529297 
0.527344 0.530152 

0.674403 0.583984 
0.673828 0.582081 

0.675072 0.585938 
0.674441 0.583984 

0.639670 0.535156 
0.641602 0.536731 

0.642128 0.537109 
0.641602 0.536678 

0.644347 0.539062 
0.642155 0.537109 

0.585938 0.715402 
0.588867 0.715158 

0.588867 0.715133 
0.591797 0.714855 

0.679676 0.615234 
0.679649 0.613281 

0.679675 0.615234 
0.679660 0.617188 

0.510073 0.687500 
0.511995 0.689453 

0.512015 0.689453 
0.512695 0.690098 

0.514154 0.691406 
0.512695 0.690010 

0.674070 0.648438 
0.673828 0.649306 

0.527467 0.701172 
0.527344 0.701099 

0.527448 0.701172 
0.530273 0.702734 

0.530911 0.703125 
0.530273 0.702785 

0.679209 0.625000 
0.679002 0.626953 

0.679003 0.626953 
0.678754 0.628906 

0.505255 0.548828 
0.506836 0.546956 

0.507032 0.546875 
0.506836 0.547098 

0.505176 0.548828 
0.503906 0.550437 

0.516483 0.693359 
0.515625 0.692620 

0.516471 0.693359 
0.518555 0.695092 

0.518923 0.695312 
0.518555 0.695024 

0.525600 0.531250 
0.527344 0.530185 

0.679660 0.617188 
0.679604 0.619141 

0.679604 0.619141 
0.679509 0.621094 

0.633889 0.531250 
0.635742 0.532407 

0.636928 0.533203 
0.635742 0.532414 

0.636934 0.533203 
0.638672 0.534444 

0.591673 0.714844 
0.591797 0.714834 

0.679509 0.621094 
0.679377 0.623047 

0.679378 0.623047 
0.679209 0.625000 

0.658048 0.677734 
0.659180 0.676102 

0.659502 0.675781 
0.659180 0.676259 

0.657965 0.677734 
0.656493 0.679688 

0.532479 0.527344 
0.533203 0.526977 

0.667689 0.568359 
0.666645 0.566406 

0.667709 0.568359 
0.667969 0.568970 

0.675662 0.587891 
0.675072 0.585938 

0.676214 0.589844 
0.675659 0.587891 

0.518914 0.695312 
0.521483 0.697266 

0.499039 0.556641 
0.500429 0.554688 

0.498959 0.556641 
0.498047 0.558085 

0.648628 0.542969 
0.650391 0.544845 

0.652401 0.546875 
0.653320 0.547982 

0.654143 0.548828 
0.653320 0.547833 

0.655770 0.550781 
0.654184 0.548828 

0.650572 0.544922 
0.650391 0.544734 

0.652357 0.546875 
0.650604 0.544922 

0.606893 0.519531 
0.609375 0.520198 

0.664755 0.667969 
0.663575 0.669922 

0.663496 0.669922 
0.662284 0.671875 

0.667110 0.664062 
0.667969 0.662298 

0.552304 0.519531 
0.553711 0.519189 

0.556641 0.518418 
0.553711 0.519145 

0.670107 0.658203 
0.670898 0.656310 

0.670987 0.656250 
0.670898 0.656497 

0.670053 0.658203 
0.669096 0.660156 

0.631928 0.701172 
0.632812 0.700662 

0.628344 0.703125 
0.629883 0.702331 

0.631917 0.701172 
0.629883 0.702287 

0.485359 0.648438 
0.486039 0.650391 

0.486065 0.650391 
0.486328 0.651277 

0.603516 0.712647 
0.606445 0.711895 

0.606445 0.711853 
0.609375 0.711044 

0.499908 0.675781 
0.500977 0.677339 

0.501363 0.677734 
0.500977 0.677167 

0.501380 0.677734 
0.502862 0.679688 

0.615234 0.522283 
0.618164 0.523361 

0.618169 0.523438 
0.618164 0.523435 

0.479719 0.617188 
0.479773 0.619141 

0.479773 0.619141 
0.479866 0.621094 

0.615234 0.708970 
0.618164 0.707890 

0.620159 0.707031 
0.618164 0.707814 

0.492727 0.566406 
0.492188 0.567565 

0.484899 0.583984 
0.485582 0.582031 

0.484284 0.585938 
0.484903 0.583984 

0.490261 0.660156 
0.491270 0.662109 

0.491331 0.662109 
0.492188 0.663892 

0.673762 0.582031 
0.673828 0.582289 

0.486753 0.652344 
0.486328 0.650997 

0.541070 0.523438 
0.539062 0.524203 

0.492356 0.664062 
0.492188 0.663680 

0.591797 0.714822 
0.594727 0.714443 

0.594727 0.714426 
0.597656 0.713927 

0.571289 0.715199 
0.568359 0.714933 

0.574219 0.715426 
0.571289 0.715211 

0.498456 0.673828 
0.498047 0.673148 

0.498477 0.673828 
0.499835 0.675781 

0.515044 0.539062 
0.515625 0.538562 

0.679579 0.611328 
0.679469 0.609375 

0.679648 0.613281 
0.679580 0.611328 

0.676407 0.640625 
0.675882 0.642578 

0.675880 0.642578 
0.675314 0.644531 

0.479800 0.611328 
0.479907 0.609375 

0.479733 0.613281 
0.479800 0.611328 

0.480175 0.625000 
0.480372 0.626953 

0.480381 0.626953 
0.480469 0.627917 

0.482985 0.640625 
0.483398 0.642403 

0.483490 0.642578 
0.483398 0.642120 

0.483497 0.642578 
0.484028 0.644531 

0.480625 0.628906 
0.480911 0.630859 

0.480914 0.630859 
0.481243 0.632812 

0.626890 0.527344 
0.626953 0.527375 

0.567603 0.714844 
0.568359 0.714915 

0.660953 0.673828 
0.662109 0.672008 

0.660867 0.673828 
0.659514 0.675781 

0.546143 0.521484 
0.547852 0.520957 

0.550781 0.520002 
0.547852 0.520903 

0.546256 0.521484 
0.544922 0.521901 

0.661729 0.558594 
0.662109 0.559249 

0.560282 0.517578 
0.562500 0.517219 

0.559570 0.517763 
0.556641 0.518397 

0.560566 0.517578 
0.559570 0.517735 

0.656476 0.679688 
0.656250 0.679980 

0.620138 0.707031 
0.621094 0.706645 

0.609375 0.520254 
0.612305 0.521176 

0.613099 0.521484 
0.612305 0.521227 

0.613035 0.521484 
0.615234 0.522209 

0.649390 0.687500 
0.650391 0.686414 

0.580078 0.515625 
0.583008 0.515678 

0.583008 0.515678 
0.585938 0.515833 

0.552494 0.519531 
0.550781 0.519960 

0.676710 0.591797 
0.676241 0.589844 

0.676718 0.591797 
0.676758 0.592028 

0.677167 0.593750 
0.676763 0.591797 

0.556869 0.712891 
0.556641 0.712849 

0.556693 0.712891 
0.559570 0.713464 

0.562500 0.714065 
0.559570 0.713501 

0.565430 0.516715 
0.562500 0.517183 

0.568359 0.516335 
0.565430 0.516712 

0.673040 0.580078 
0.672265 0.578125 

0.673748 0.582031 
0.673076 0.580078 

0.553711 0.712081 
0.550781 0.711273 

0.556641 0.712818 
0.553711 0.712117 

0.654867 0.681641 
0.656250 0.679853 

0.653072 0.683594 
0.653320 0.683299 

0.654783 0.681641 
0.653320 0.683435 

0.678133 0.632812 
0.677760 0.634766 

0.677759 0.634766 
0.677341 0.636719 

0.497643 0.558594 
0.498047 0.557931 

0.658892 0.554688 
0.659180 0.555124 

0.660296 0.556641 
0.659180 0.554975 

0.661708 0.558594 
0.660382 0.556641 

0.677321 0.636719 
0.676901 0.638672 

0.676437 0.640625 
0.676758 0.639091 

0.676889 0.638672 
0.676758 0.639393 

0.675315 0.644531 
0.674711 0.646484 

0.674693 0.646484 
0.674082 0.648438 

0.565430 0.714537 
0.562500 0.714062 

0.567867 0.714844 
0.565430 0.714562 

0.624373 0.705078 
0.626953 0.703884 

0.621094 0.706579 
0.624023 0.705312 

0.624374 0.705078 
0.624023 0.705244 

0.536396 0.525391 
0.539062 0.524282 

0.536133 0.525575 
0.533203 0.526916 

0.536394 0.525391 
0.536133 0.525506 

0.510068 0.687500 
0.509766 0.687191 

0.647333 0.689453 
0.647461 0.689329 

0.649349 0.687500 
0.647461 0.689444 

0.647316 0.689453 
0.645308 0.691406 

0.653058 0.683594 
0.651344 0.685547 

0.651310 0.685547 
0.650391 0.686549 

0.496359 0.560547 
0.497618 0.558594 

0.495063 0.562500 
0.495117 0.562400 

0.495126 0.562500 
0.496279 0.560547 

0.522637 0.533203 
0.524414 0.532009 

0.525586 0.531250 
0.524414 0.532002 

0.522647 0.533203 
0.521484 0.534026 

0.480487 0.603516 
0.480727 0.601562 

0.480487 0.603516 
0.480469 0.603738 

0.486775 0.652344 
0.487555 0.654297 

0.487566 0.654297 
0.488427 0.656250 

0.504529 0.681641 
0.503906 0.680828 

0.504562 0.681641 
0.506210 0.683594 

0.577148 0.515673 
0.574219 0.515814 

0.580078 0.515626 
0.577148 0.515672 

0.502920 0.679688 
0.503906 0.680987 

0.678332 0.599609 
0.677990 0.597656 

0.678635 0.601562 
0.678332 0.599609 

0.602427 0.712891 
0.603516 0.712678 

0.597656 0.713924 
0.600586 0.713342 

0.602681 0.712891 
0.600586 0.713304 

0.639657 0.535156 
0.638672 0.534424 

0.618179 0.523438 
0.621094 0.524598 

0.491723 0.568359 
0.492188 0.567342 

0.490685 0.570312 
0.491691 0.568359 

0.667051 0.664062 
0.665937 0.666016 

0.664778 0.667969 
0.665039 0.667449 

0.665888 0.666016 
0.665039 0.667628 

0.580078 0.715614 
0.583008 0.715561 

0.583008 0.715561 
0.585938 0.715407 

0.577148 0.715566 
0.574219 0.715430 

0.580078 0.715613 
0.577148 0.715568 

0.609513 0.710938 
0.612305 0.710089 

0.612305 0.710022 
0.615234 0.709039 

0.524385 0.699219 
0.524414 0.699238 

0.527344 0.701070 
0.524414 0.699264 

0.599062 0.517578 
0.597656 0.517352 

0.598778 0.517578 
0.600586 0.517888 

0.600586 0.517915 
0.603516 0.518587 

0.521534 0.697266 
0.521484 0.697230 

0.521521 0.697266 
0.524361 0.699219 

0.603516 0.518616 
0.606445 0.519347 

0.606993 0.519531 
0.606445 0.519394 

0.571289 0.516047 
0.568359 0.516344 

0.574219 0.515816 
0.571289 0.516042 

0.519917 0.535156 
0.521484 0.534003 

0.481771 0.595703 
0.482198 0.593750 

0.481386 0.597656 
0.481771 0.595703 

0.479867 0.621094 
0.479998 0.623047 

0.479997 0.623047 
0.480167 0.625000 

0.679318 0.607422 
0.679128 0.605469 

0.679469 0.609375 
0.679318 0.607422 

0.488482 0.656250 
0.489258 0.658142 

0.489360 0.658203 
0.489258 0.657919 

0.489354 0.658203 
0.490226 0.660156 

0.626953 0.527436 
0.629883 0.528906 

0.630492 0.529297 
0.629883 0.528962 

0.630491 0.529297 
0.632812 0.530576 

0.486356 0.580078 
0.487048 0.578125 

0.486350 0.580078 
0.486328 0.580156 

0.479706 0.615234 
0.479733 0.613281 

0.479706 0.615234 
0.479719 0.617188 

0.506242 0.683594 
0.506836 0.684269 

0.508055 0.685547 
0.506836 0.684150 

0.508123 0.685547 
0.509766 0.687321 

0.534820 0.705078 
0.533203 0.704327 

0.534836 0.705078 
0.536133 0.705676 

0.539062 0.706974 
0.536133 0.705743 

0.481043 0.599609 
0.481387 0.597656 

0.480738 0.601562 
0.481042 0.599609 

0.664336 0.562500 
0.665039 0.563821 

0.665475 0.564453 
0.665039 0.563598 

0.666581 0.566406 
0.665483 0.564453 

0.662983 0.560547 
0.662109 0.559079 

0.664285 0.562500 
0.663047 0.560547 

0.622768 0.525391 
0.621094 0.524672 

0.622772 0.525391 
0.624023 0.525940 

0.626912 0.527344 
0.624023 0.526007 

0.677613 0.595703 
0.677194 0.593750 

0.677991 0.597656 
0.677612 0.595703 

0.645289 0.691406 
0.644531 0.692093 

0.482693 0.591797 
0.483183 0.589844 

0.482196 0.593750 
0.482672 0.591797 

0.530933 0.703125 
0.533203 0.704265 

0.517398 0.537109 
0.518555 0.536186 

0.519929 0.535156 
0.518555 0.536228 

0.517380 0.537109 
0.515625 0.538630 

0.678900 0.603516 
0.678635 0.601562 

0.679128 0.605469 
0.678900 0.603516 

0.547852 0.710313 
0.544922 0.709338 

0.549859 0.710938 
0.547852 0.710369 

0.633876 0.531250 
0.632812 0.530612 

0.638036 0.697266 
0.638672 0.696804 

0.635149 0.699219 
0.635742 0.698837 

0.638060 0.697266 
0.635742 0.698847 

0.541992 0.708173 
0.539062 0.707046 

0.544102 0.708984 
0.541992 0.708250 

0.544050 0.708984 
0.544922 0.709285 

0.657350 0.552734 
0.656250 0.551250 

0.658880 0.554688 
0.657437 0.552734 

0.483723 0.587891 
0.484282 0.585938 

0.483204 0.589844 
0.483398 0.588916 

0.483702 0.587891 
0.483398 0.589247 

0.541042 0.523438 
0.541992 0.523074 

0.544922 0.521956 
0.541992 0.523016 

0.486311 0.580078 
0.486328 0.580020 

0.485630 0.582031 
0.486288 0.580078 

0.628313 0.703125 
0.626953 0.703815 

