0.698481 0.792969 
0.697266 0.794888 

0.546306 0.808594 
0.547852 0.810199 

0.548322 0.810547 
0.547852 0.810081 

0.548324 0.810547 
0.550334 0.812500 

0.699831 0.791016 
0.700195 0.790335 

0.700997 0.789062 
0.700195 0.790519 

0.699806 0.791016 
0.698563 0.792969 

0.518399 0.757812 
0.518555 0.758722 

0.518815 0.759766 
0.518555 0.758370 

0.518834 0.759766 
0.519309 0.761719 

0.670480 0.652344 
0.670898 0.652593 

0.673599 0.654297 
0.670898 0.652595 

0.673567 0.654297 
0.673828 0.654474 

0.526108 0.693359 
0.527040 0.691406 

0.525139 0.695312 
0.526065 0.693359 

0.527069 0.691406 
0.527344 0.690753 

0.697162 0.794922 
0.697266 0.794750 

0.697150 0.794922 
0.695826 0.796875 

0.533961 0.679688 
0.533203 0.680972 

0.670496 0.652344 
0.667969 0.650936 

0.692123 0.671875 
0.691406 0.670940 

0.535395 0.677734 
0.536133 0.676594 

0.536779 0.675781 
0.536133 0.676774 

0.534023 0.679688 
0.535353 0.677734 

0.519313 0.761719 
0.519841 0.763672 

0.519837 0.763672 
0.520418 0.765625 

0.638672 0.833971 
0.641602 0.833283 

0.641602 0.833245 
0.644531 0.832435 

0.530252 0.685547 
0.530273 0.685505 

0.530309 0.685547 
0.531408 0.683594 

0.529194 0.687500 
0.530231 0.685547 

0.530316 0.685547 
0.530273 0.685636 

0.532719 0.681641 
0.533203 0.680796 

0.531481 0.683594 
0.532689 0.681641 

0.663184 0.648438 
0.665039 0.649328 

0.666992 0.650391 
0.665039 0.649389 

0.667018 0.650391 
0.667969 0.650900 

0.539856 0.671875 
0.539062 0.672961 

0.526708 0.781250 
0.527344 0.782704 

0.546247 0.808594 
0.544922 0.807146 

0.691125 0.802734 
0.691406 0.802369 

0.691112 0.802734 
0.689501 0.804688 

0.676295 0.656250 
0.673828 0.654443 

0.696623 0.677734 
0.695234 0.675781 

0.696661 0.677734 
0.697266 0.678715 

0.520428 0.765625 
0.521049 0.767578 

0.521088 0.767578 
0.521484 0.769000 

0.627959 0.835938 
0.626953 0.836033 

0.568567 0.648438 
0.568359 0.648541 

0.571113 0.826172 
0.568359 0.824901 

0.571099 0.826172 
0.571289 0.826261 

0.574219 0.827571 
0.571289 0.826324 

0.538314 0.673828 
0.539062 0.672796 

0.536823 0.675781 
0.538269 0.673828 

0.645847 0.832031 
0.644531 0.832391 

0.516204 0.742188 
0.516339 0.744141 

0.516339 0.744141 
0.516510 0.746094 

0.542593 0.804688 
0.544318 0.806641 

0.544347 0.806641 
0.544922 0.807259 

0.697974 0.679688 
0.697266 0.678534 

0.676267 0.656250 
0.676758 0.656635 

0.678692 0.658203 
0.676758 0.656581 

0.678682 0.658203 
0.679688 0.659104 

0.580372 0.830078 
0.580078 0.829981 

0.580328 0.830078 
0.583008 0.830952 

0.585938 0.831928 
0.583008 0.831020 

0.530980 0.789062 
0.532185 0.791016 

0.532249 0.791016 
0.533203 0.792647 

0.709313 0.701172 
0.708984 0.700114 

0.710012 0.703125 
0.709328 0.701172 

0.572758 0.646484 
0.574219 0.645865 

0.568569 0.648438 
0.571289 0.647183 

0.572761 0.646484 
0.571289 0.647115 

0.533499 0.792969 
0.534778 0.794922 

0.534862 0.794922 
0.536133 0.796841 

0.536255 0.796875 
0.536133 0.796684 

0.533491 0.792969 
0.533203 0.792458 

0.715046 0.750000 
0.714844 0.751667 

0.516972 0.750000 
0.517264 0.751953 

0.517264 0.751953 
0.517596 0.753906 

0.659176 0.646484 
0.656250 0.645283 

0.659161 0.646484 
0.659180 0.646492 

0.659180 0.646561 
0.662109 0.647859 

0.715634 0.728516 
0.715439 0.726562 

0.715790 0.730469 
0.715635 0.728516 

0.557659 0.818359 
0.556641 0.817608 

0.557641 0.818359 
0.559570 0.819707 

0.560488 0.820312 
0.559570 0.819702 

0.681713 0.812500 
0.679688 0.814431 

0.552600 0.814453 
0.550781 0.812795 

0.552620 0.814453 
0.553711 0.815366 

0.555045 0.816406 
0.553711 0.815312 

0.712670 0.761719 
0.712174 0.763672 

0.711634 0.765625 
0.711914 0.764417 

0.712160 0.763672 
0.711914 0.764784 

0.650391 0.642972 
0.653320 0.644030 

0.654498 0.644531 
0.653320 0.644088 

0.654461 0.644531 
0.656250 0.645206 

0.516051 0.738281 
0.516107 0.740234 

0.516107 0.740234 
0.516203 0.742188 

0.716001 0.736328 
0.715973 0.734375 

0.716001 0.736328 
0.715985 0.738281 

0.707198 0.777344 
0.706355 0.779297 

0.705442 0.781250 
0.706055 0.779794 

0.706346 0.779297 
0.706055 0.780047 

0.715903 0.732422 
0.715790 0.730469 

0.715973 0.734375 
0.715903 0.732422 

0.711396 0.707031 
0.711914 0.708926 

0.711969 0.708984 
0.711914 0.708733 

0.712479 0.710938 
0.711982 0.708984 

0.693675 0.673828 
0.692165 0.671875 

0.693716 0.673828 
0.694336 0.674725 

0.695173 0.675781 
0.694336 0.674566 

0.708593 0.699219 
0.708984 0.700424 

0.565008 0.650391 
0.565430 0.650153 

0.568359 0.648605 
0.565430 0.650099 

0.565014 0.650391 
0.562500 0.651823 

0.651429 0.830078 
0.653320 0.829427 

0.653320 0.829353 
0.656250 0.828229 

0.651495 0.830078 
0.650391 0.830454 

0.714435 0.753906 
0.714055 0.755859 

0.714055 0.755859 
0.713634 0.757812 

0.644531 0.641023 
0.647461 0.641921 

0.649414 0.642578 
0.647461 0.641975 

0.649306 0.642578 
0.650391 0.642917 

0.516820 0.724609 
0.517090 0.722656 

0.516589 0.726562 
0.516820 0.724609 

0.521927 0.703125 
0.521484 0.704653 

0.555034 0.816406 
0.556641 0.817643 

0.521710 0.769531 
0.521484 0.768674 

0.516037 0.736328 
0.516065 0.734375 

0.516037 0.736328 
0.516051 0.738281 

0.561727 0.652344 
0.562500 0.651863 

0.550365 0.812500 
0.550781 0.812873 

0.558761 0.654297 
0.559570 0.653744 

0.561713 0.652344 
0.559570 0.653733 

0.558735 0.654297 
0.556641 0.655827 

0.521719 0.769531 
0.522377 0.771484 

0.522384 0.771484 
0.523140 0.773438 

0.582687 0.642578 
0.583008 0.642474 

0.585938 0.641510 
0.583008 0.642415 

0.582711 0.642578 
0.580078 0.643447 

0.621094 0.636860 
0.624023 0.637078 

0.624023 0.637083 
0.626953 0.637392 

0.567162 0.824219 
0.568359 0.824835 

0.710709 0.705078 
0.710027 0.703125 

0.711358 0.707031 
0.710709 0.705078 

0.527654 0.783203 
0.527344 0.782459 

0.527654 0.783203 
0.528668 0.785156 

0.656321 0.828125 
0.656250 0.828155 

0.710350 0.769531 
0.709649 0.771484 

0.709607 0.771484 
0.708984 0.773336 

0.703921 0.689453 
0.703125 0.687796 

0.704985 0.691406 
0.703962 0.689453 

0.708879 0.773438 
0.708122 0.775391 

0.708081 0.775391 
0.707219 0.777344 

0.684961 0.664062 
0.685547 0.664679 

0.575430 0.828125 
0.577148 0.828786 

0.580078 0.829925 
0.577148 0.828853 

0.539259 0.800781 
0.539062 0.800511 

0.705945 0.693359 
0.705035 0.691406 

0.705961 0.693359 
0.706055 0.693615 

0.706832 0.695312 
0.706055 0.693419 

0.563613 0.822266 
0.562500 0.821603 

0.563640 0.822266 
0.565430 0.823281 

0.567134 0.824219 
0.565430 0.823328 

0.551302 0.660156 
0.550781 0.660625 

0.664805 0.824219 
0.665039 0.824100 

0.665039 0.824044 
0.667969 0.822553 

0.600586 0.638036 
0.597656 0.638518 

0.603516 0.637595 
0.600586 0.638015 

0.517397 0.720703 
0.517745 0.718750 

0.517089 0.722656 
0.517398 0.720703 

0.713916 0.716797 
0.713494 0.714844 

0.714295 0.718750 
0.713913 0.716797 

0.638672 0.639451 
0.641602 0.640175 

0.643287 0.640625 
0.641602 0.640216 

0.663164 0.648438 
0.662109 0.647929 

0.643089 0.640625 
0.644531 0.640981 

0.632812 0.835201 
0.635742 0.834647 

0.635742 0.834620 
0.638672 0.834034 

0.522672 0.701172 
0.523459 0.699219 

0.521957 0.703125 
0.522670 0.701172 

0.524297 0.697266 
0.524414 0.696920 

0.525106 0.695312 
0.524414 0.697089 

0.523504 0.699219 
0.524273 0.697266 

0.674738 0.818359 
0.676758 0.816802 

0.677299 0.816406 
0.676758 0.816835 

0.674717 0.818359 
0.673828 0.818978 

0.707729 0.697266 
0.706866 0.695312 

0.708559 0.699219 
0.707748 0.697266 

0.671768 0.820312 
0.673828 0.818976 

0.714937 0.722656 
0.714844 0.721821 

0.539267 0.800781 
0.540800 0.802734 

0.540862 0.802734 
0.541992 0.804142 

0.542568 0.804688 
0.541992 0.803985 

0.517592 0.753906 
0.517969 0.755859 

0.517986 0.755859 
0.518381 0.757812 

0.556051 0.656250 
0.556641 0.655809 

0.528730 0.785156 
0.529812 0.787109 

0.529842 0.787109 
0.530273 0.787975 

0.530933 0.789062 
0.530273 0.787785 

0.714768 0.751953 
0.714844 0.751264 

0.714763 0.751953 
0.714446 0.753906 

0.715828 0.742188 
0.715694 0.744141 

0.715694 0.744141 
0.715523 0.746094 

0.679554 0.814453 
0.679688 0.814334 

0.679556 0.814453 
0.677328 0.816406 

0.687667 0.806641 
0.688477 0.805691 

0.689445 0.804688 
0.688477 0.805836 

0.687635 0.806641 
0.685850 0.808594 

0.523162 0.773438 
0.523958 0.775391 

0.523996 0.775391 
0.524414 0.776569 

0.524791 0.777344 
0.524414 0.776276 

0.680913 0.660156 
0.679688 0.659030 

0.690451 0.669922 
0.688806 0.667969 

0.690503 0.669922 
0.691406 0.671093 

0.524798 0.777344 
0.525671 0.779297 

0.525702 0.779297 
0.526658 0.781250 

0.694267 0.798828 
0.694336 0.798728 

0.695733 0.796875 
0.694363 0.798828 

0.694260 0.798828 
0.692811 0.800781 

0.694341 0.798828 
0.694336 0.798836 

0.516509 0.746094 
0.516720 0.748047 

0.516720 0.748047 
0.516972 0.750000 

0.627656 0.835938 
0.629883 0.835689 

0.629883 0.835669 
0.632812 0.835204 

0.575463 0.828125 
0.574219 0.827638 

0.545173 0.666016 
0.547009 0.664062 

0.545165 0.666016 
0.544922 0.666278 

0.715524 0.746094 
0.715313 0.748047 

0.715311 0.748047 
0.715063 0.750000 

0.711612 0.765625 
0.711015 0.767578 

0.711005 0.767578 
0.710348 0.769531 

0.664823 0.824219 
0.662109 0.825501 

0.708892 0.773438 
0.708984 0.773125 

0.621094 0.836562 
0.624023 0.836348 

0.624023 0.836333 
0.626953 0.836056 

0.660776 0.826172 
0.662109 0.825568 

0.656327 0.828125 
0.659180 0.826950 

0.660763 0.826172 
0.659180 0.826876 

0.702902 0.687500 
0.703125 0.687993 

0.683842 0.810547 
0.685547 0.808758 

0.681729 0.812500 
0.682617 0.811628 

0.683801 0.810547 
0.682617 0.811732 

0.593512 0.833984 
0.591797 0.833635 

0.593263 0.833984 
0.594727 0.834271 

0.597656 0.834899 
0.594727 0.834311 

0.516133 0.732422 
0.516242 0.730469 

0.516065 0.734375 
0.516133 0.732422 

0.591797 0.639863 
0.588867 0.640580 

0.703358 0.785156 
0.703125 0.785657 

0.713631 0.757812 
0.713171 0.759766 

0.713170 0.759766 
0.712680 0.761719 

0.705392 0.781250 
0.704386 0.783203 

0.704346 0.783203 
0.703358 0.785156 

0.715984 0.738281 
0.715926 0.740234 

0.715926 0.740234 
0.715829 0.742188 

0.699302 0.681641 
0.698017 0.679688 

0.699369 0.681641 
0.700195 0.683097 

0.700570 0.683594 
0.700195 0.682899 

0.685822 0.808594 
0.685547 0.808875 

0.560489 0.820312 
0.562500 0.821577 

0.553560 0.658203 
0.553711 0.658081 

0.556017 0.656250 
0.553711 0.658127 

0.551301 0.660156 
0.553515 0.658203 

0.645700 0.832031 
0.647461 0.831536 

0.647461 0.831482 
0.650391 0.830506 

0.577148 0.644646 
0.574219 0.645799 

0.577279 0.644531 
0.577148 0.644580 

0.543307 0.667969 
0.544922 0.666140 

0.528060 0.689453 
0.529132 0.687500 

0.528018 0.689453 
0.527344 0.690943 

0.541508 0.669922 
0.541992 0.669340 

0.543232 0.667969 
0.541992 0.669466 

0.539905 0.671875 
0.541482 0.669922 

0.713023 0.712891 
0.712508 0.710938 

0.713495 0.714844 
0.713025 0.712891 

0.692722 0.800781 
0.691406 0.802512 

0.604392 0.835938 
0.603516 0.835860 

0.600586 0.835422 
0.597656 0.834907 

0.603516 0.835839 
0.600586 0.835432 

0.686888 0.666016 
0.685547 0.664554 

0.686958 0.666016 
0.688477 0.667744 

0.688783 0.667969 
0.688477 0.667625 

0.604044 0.835938 
0.606445 0.836156 

0.609375 0.836421 
0.606445 0.836175 

0.606445 0.637272 
0.603516 0.637603 

0.609375 0.637014 
0.606445 0.637273 

0.516395 0.728516 
0.516588 0.726562 

0.516242 0.730469 
0.516394 0.728516 

0.701720 0.685547 
0.700575 0.683594 

0.702883 0.687500 
0.701793 0.685547 

0.586073 0.832031 
0.588867 0.832784 

0.591797 0.833603 
0.588867 0.832832 

0.586166 0.832031 
0.585938 0.831972 

0.519038 0.712891 
0.519545 0.710938 

0.518589 0.714844 
0.519014 0.712891 

0.615234 0.636734 
0.618164 0.636744 

0.618164 0.636743 
0.621094 0.636858 

0.536261 0.796875 
0.537643 0.798828 

0.537726 0.798828 
0.539062 0.800668 

0.596908 0.638672 
0.597656 0.638552 

0.594727 0.639136 
0.591797 0.639827 

0.597128 0.638672 
0.594727 0.639108 

0.612305 0.636828 
0.609375 0.637009 

0.615234 0.636735 
0.612305 0.636825 

0.626953 0.637394 
0.629883 0.637779 

0.629883 0.637776 
0.632812 0.638240 

0.520075 0.708984 
0.520661 0.707031 

0.519545 0.710938 
0.520083 0.708984 

0.518166 0.716797 
0.518543 0.714844 

0.518584 0.714844 
0.518555 0.715030 

0.517743 0.718750 
0.518135 0.716797 

0.635273 0.638672 
0.632812 0.638275 

0.635005 0.638672 
0.635742 0.638784 

0.635742 0.638811 
0.638672 0.639429 

0.549114 0.662109 
0.550781 0.660528 

0.547032 0.664062 
0.547852 0.663241 

0.549080 0.662109 
0.547852 0.663345 

0.714637 0.720703 
0.714297 0.718750 

0.714655 0.720703 
0.714844 0.722174 

0.577269 0.644531 
0.580078 0.643525 

0.702275 0.787109 
0.703125 0.785442 

0.702214 0.787109 
0.701047 0.789062 

0.715196 0.724609 
0.714947 0.722656 

0.715439 0.726562 
0.715207 0.724609 

0.680932 0.660156 
0.682617 0.661821 

0.683026 0.662109 
0.682617 0.661716 

0.684949 0.664062 
0.683048 0.662109 

0.521307 0.705078 
0.521484 0.704394 

0.520688 0.707031 
0.521283 0.705078 

0.588867 0.640643 
0.585938 0.641455 

0.668393 0.822266 
0.670898 0.820867 

0.671756 0.820312 
0.670898 0.820837 

0.668398 0.822266 
0.667969 0.822503 

0.612305 0.836599 
0.609375 0.836425 

0.615234 0.836689 
0.612305 0.836602 

0.615234 0.836691 
0.618164 0.836679 

0.618164 0.836680 
0.621094 0.836565 

