0.492543 0.621094 
0.492188 0.622724 

0.497837 0.687500 
0.498047 0.688087 

0.520166 0.574219 
0.521484 0.572897 

0.490424 0.630859 
0.490769 0.628906 

0.490119 0.632812 
0.490425 0.630859 

0.534915 0.562500 
0.533203 0.563604 

0.650075 0.726562 
0.650391 0.726309 

0.492336 0.671875 
0.492188 0.671088 

0.522254 0.572266 
0.524336 0.570312 

0.524449 0.570312 
0.524414 0.570343 

0.522245 0.572266 
0.521484 0.573003 

0.644599 0.730469 
0.644531 0.730512 

0.668815 0.707031 
0.667969 0.708278 

0.490624 0.664062 
0.490992 0.666016 

0.490991 0.666016 
0.491401 0.667969 

0.493099 0.619141 
0.493672 0.617188 

0.492569 0.621094 
0.493099 0.619141 

0.529224 0.566406 
0.527344 0.567908 

0.531964 0.564453 
0.533203 0.563613 

0.529248 0.566406 
0.530273 0.565647 

0.531954 0.564453 
0.530273 0.565659 

0.550459 0.554688 
0.550781 0.554561 

0.504018 0.699219 
0.505164 0.701172 

0.505242 0.701172 
0.506472 0.703125 

0.603516 0.548000 
0.606445 0.548471 

0.608429 0.548828 
0.606445 0.548509 

0.608135 0.548828 
0.609375 0.549028 

0.597656 0.547288 
0.600586 0.547608 

0.600586 0.547608 
0.603516 0.548002 

0.686982 0.626953 
0.686560 0.625000 

0.687360 0.628906 
0.686980 0.626953 

0.664214 0.712891 
0.665039 0.711803 

0.665808 0.710938 
0.665039 0.711959 

0.664166 0.712891 
0.662541 0.714844 

0.571289 0.745197 
0.568359 0.744618 

0.574219 0.745693 
0.571289 0.745198 

0.489434 0.638672 
0.489624 0.636719 

0.489287 0.640625 
0.489429 0.638672 

0.498665 0.689453 
0.498047 0.687884 

0.498696 0.689453 
0.499646 0.691406 

0.533693 0.730469 
0.533203 0.730145 

0.639903 0.560547 
0.638672 0.559886 

0.639933 0.560547 
0.641602 0.561460 

0.643320 0.562500 
0.641602 0.561495 

0.650091 0.726562 
0.647554 0.728516 

0.644619 0.730469 
0.647461 0.728560 

0.647520 0.728516 
0.647461 0.728557 

0.658731 0.718750 
0.656829 0.720703 

0.656806 0.720703 
0.656250 0.721238 

0.489184 0.642578 
0.489258 0.640844 

0.489286 0.640625 
0.489258 0.641320 

0.489110 0.644531 
0.489177 0.642578 

0.492343 0.671875 
0.492842 0.673828 

0.492858 0.673828 
0.493434 0.675781 

0.489081 0.646484 
0.489109 0.644531 

0.489081 0.646484 
0.489095 0.648438 

0.489853 0.634766 
0.490120 0.632812 

0.489623 0.636719 
0.489852 0.634766 

0.688953 0.642578 
0.688842 0.640625 

0.689022 0.644531 
0.688953 0.642578 

0.504023 0.699219 
0.503906 0.698985 

0.636164 0.558594 
0.638672 0.559823 

0.643338 0.562500 
0.644531 0.563234 

0.518174 0.576172 
0.518555 0.575776 

0.520121 0.574219 
0.518555 0.575884 

0.516384 0.578125 
0.518146 0.576172 

0.499692 0.691406 
0.500655 0.693359 

0.500683 0.693359 
0.500977 0.694031 

0.501664 0.695312 
0.500977 0.693843 

0.654704 0.722656 
0.656250 0.721138 

0.538191 0.560547 
0.539062 0.560057 

0.534928 0.562500 
0.536133 0.561755 

0.538185 0.560547 
0.536133 0.561723 

0.632812 0.556980 
0.635742 0.558316 

0.636167 0.558594 
0.635742 0.558382 

0.559204 0.742188 
0.559570 0.742291 

0.562500 0.743149 
0.559570 0.742345 

0.662517 0.714844 
0.662109 0.715311 

0.501710 0.695312 
0.502815 0.697266 

0.502878 0.697266 
0.503906 0.699168 

0.670290 0.705078 
0.670898 0.704074 

0.671583 0.703125 
0.670898 0.704261 

0.670251 0.705078 
0.668879 0.707031 

0.652445 0.724609 
0.653320 0.723828 

0.654678 0.722656 
0.653320 0.723906 

0.652448 0.724609 
0.650391 0.726376 

0.559570 0.551445 
0.556641 0.552356 

0.561907 0.550781 
0.559570 0.551394 

0.685593 0.621094 
0.685547 0.620864 

0.672355 0.591797 
0.671115 0.589844 

0.673629 0.593750 
0.672438 0.591797 

0.674144 0.699219 
0.673828 0.699818 

0.669680 0.587891 
0.668305 0.585938 

0.669765 0.587891 
0.670898 0.589653 

0.671112 0.589844 
0.670898 0.589494 

0.496146 0.683594 
0.496957 0.685547 

0.496999 0.685547 
0.497810 0.687500 

0.510682 0.708984 
0.509766 0.707641 

0.510757 0.708984 
0.512239 0.710938 

0.526725 0.568359 
0.527344 0.567863 

0.524389 0.570312 
0.524414 0.570291 

0.524460 0.570312 
0.526697 0.568359 

0.506497 0.703125 
0.506836 0.703695 

0.507786 0.705078 
0.506836 0.703548 

0.507868 0.705078 
0.509230 0.707031 

0.515583 0.714844 
0.515625 0.714890 

0.687701 0.630859 
0.687359 0.628906 

0.688005 0.632812 
0.687701 0.630859 

0.565430 0.743927 
0.562500 0.743188 

0.566384 0.744141 
0.565430 0.743957 

0.566135 0.744141 
0.568359 0.744579 

0.541839 0.558594 
0.539062 0.560002 

0.555594 0.552734 
0.556641 0.552406 

0.553711 0.553433 
0.550781 0.554498 

0.555683 0.552734 
0.553711 0.553366 

0.561780 0.550781 
0.562500 0.550604 

0.497352 0.607422 
0.498047 0.605644 

0.496467 0.609375 
0.497300 0.607422 

0.583008 0.746634 
0.580078 0.746402 

0.585938 0.746791 
0.583008 0.746637 

0.624542 0.740234 
0.626953 0.739376 

0.621094 0.741469 
0.624023 0.740484 

0.624566 0.740234 
0.624023 0.740427 

0.672957 0.701172 
0.673828 0.699620 

0.672888 0.701172 
0.671622 0.703125 

0.504443 0.593750 
0.503906 0.594780 

0.689050 0.646484 
0.689023 0.644531 

0.689050 0.646484 
0.689034 0.648438 

0.660726 0.716797 
0.662109 0.715189 

0.658746 0.718750 
0.659180 0.718294 

0.660657 0.716797 
0.659180 0.718421 

0.523503 0.722656 
0.524414 0.723469 

0.525783 0.724609 
0.524414 0.723397 

0.525791 0.724609 
0.527344 0.725896 

0.494762 0.679688 
0.495117 0.680917 

0.495416 0.681641 
0.495117 0.680593 

0.495427 0.681641 
0.496139 0.683594 

0.651568 0.568359 
0.650391 0.567390 

0.651571 0.568359 
0.653320 0.569932 

0.653842 0.570312 
0.653320 0.569850 

0.637774 0.734375 
0.638672 0.733913 

0.577095 0.746094 
0.577148 0.746099 

0.580078 0.746386 
0.577148 0.746118 

0.553502 0.740234 
0.550781 0.739261 

0.553496 0.740234 
0.553711 0.740311 

0.556641 0.741349 
0.553711 0.740375 

0.541823 0.558594 
0.541992 0.558507 

0.544922 0.557089 
0.541992 0.558446 

0.618840 0.742188 
0.621094 0.741531 

0.490003 0.660156 
0.490294 0.662109 

0.490294 0.662109 
0.490624 0.664062 

0.668293 0.585938 
0.667969 0.585468 

0.489095 0.648438 
0.489150 0.650391 

0.489157 0.650391 
0.489237 0.652344 

0.509251 0.707031 
0.509766 0.707802 

0.688881 0.652344 
0.688749 0.654297 

0.688745 0.654297 
0.688583 0.656250 

0.519411 0.718750 
0.521325 0.720703 

0.521366 0.720703 
0.521484 0.720814 

0.577148 0.746084 
0.574219 0.745713 

0.629569 0.738281 
0.626953 0.739294 

0.491150 0.626953 
0.491585 0.625000 

0.490769 0.628906 
0.491155 0.626953 

0.545802 0.556641 
0.547852 0.555780 

0.550470 0.554688 
0.547852 0.555703 

0.545801 0.556641 
0.544922 0.557026 

0.676413 0.695312 
0.675329 0.697266 

0.675261 0.697266 
0.674145 0.699219 

0.633778 0.736328 
0.635742 0.735431 

0.637750 0.734375 
0.635742 0.735364 

0.633767 0.736328 
0.632812 0.736768 

0.528227 0.726562 
0.530273 0.728124 

0.530860 0.728516 
0.530273 0.728090 

0.530846 0.728516 
0.533203 0.730148 

0.491404 0.667969 
0.491850 0.669922 

0.491881 0.669922 
0.492188 0.671430 

0.591797 0.746828 
0.594727 0.746693 

0.594727 0.746690 
0.597656 0.746460 

0.588867 0.746859 
0.585938 0.746794 

0.588867 0.746861 
0.591797 0.746827 

0.627543 0.554688 
0.629883 0.555593 

0.632191 0.556641 
0.629883 0.555676 

0.632189 0.556641 
0.632812 0.556915 

0.667381 0.708984 
0.667969 0.708118 

0.667341 0.708984 
0.665854 0.710938 

0.499073 0.603516 
0.500053 0.601562 

0.498191 0.605469 
0.499043 0.603516 

0.686703 0.667969 
0.686248 0.669922 

0.686236 0.669922 
0.685775 0.671875 

0.528248 0.726562 
0.527344 0.725842 

0.629549 0.738281 
0.629883 0.738145 

0.629883 0.738081 
0.632812 0.736836 

0.533683 0.730469 
0.536133 0.731999 

0.536798 0.732422 
0.536133 0.732024 

0.536811 0.732422 
0.539062 0.733690 

0.689034 0.648438 
0.688977 0.650391 

0.688976 0.650391 
0.688881 0.652344 

0.516355 0.578125 
0.515625 0.578995 

0.498195 0.605469 
0.498047 0.605895 

0.495690 0.611328 
0.496461 0.609375 

0.494987 0.613281 
0.495117 0.612811 

0.495658 0.611328 
0.495117 0.613022 

0.512256 0.710938 
0.512695 0.711515 

0.513852 0.712891 
0.512695 0.711379 

0.513934 0.712891 
0.515559 0.714844 

0.603516 0.745759 
0.606445 0.745277 

0.606445 0.745276 
0.609375 0.744706 

0.685272 0.673828 
0.685547 0.672564 

0.685249 0.673828 
0.684691 0.675781 

0.641357 0.732422 
0.641602 0.732283 

0.641602 0.732260 
0.644531 0.730537 

0.641384 0.732422 
0.638672 0.733861 

0.600876 0.746094 
0.603516 0.745779 

0.688124 0.660156 
0.687832 0.662109 

0.687833 0.662109 
0.687500 0.664062 

0.616225 0.550781 
0.618164 0.551279 

0.618164 0.551328 
0.621094 0.552243 

0.559259 0.742188 
0.556641 0.741413 

0.649094 0.566406 
0.650391 0.567441 

0.688380 0.658203 
0.688477 0.657046 

0.688573 0.656250 
0.688477 0.657473 

0.688373 0.658203 
0.688130 0.660156 

0.493429 0.675781 
0.494057 0.677734 

0.494073 0.677734 
0.494728 0.679688 

0.681968 0.683594 
0.681156 0.685547 

0.681150 0.685547 
0.680314 0.687500 

0.627554 0.554688 
0.626953 0.554452 

0.523480 0.722656 
0.521484 0.720729 

0.657999 0.574219 
0.659180 0.575482 

0.659944 0.576172 
0.659180 0.575360 

0.661725 0.578125 
0.659973 0.576172 

0.685033 0.619141 
0.684435 0.617188 

0.685066 0.619141 
0.685547 0.621053 

0.686064 0.623047 
0.685607 0.621094 

0.686561 0.625000 
0.686093 0.623047 

0.597656 0.746441 
0.600586 0.746162 

0.601104 0.746094 
0.600586 0.746143 

0.489243 0.652344 
0.489258 0.652697 

0.489371 0.654297 
0.489258 0.652426 

0.489377 0.654297 
0.489547 0.656250 

0.676031 0.597656 
0.676758 0.599157 

0.677067 0.599609 
0.676758 0.598921 

0.678037 0.601562 
0.677070 0.599609 

0.655904 0.572266 
0.653865 0.570312 

0.655908 0.572266 
0.656250 0.572596 

0.673647 0.593750 
0.673828 0.594103 

0.505767 0.591797 
0.506836 0.590035 

0.507047 0.589844 
0.506836 0.590208 

0.504473 0.593750 
0.505693 0.591797 

0.609375 0.549055 
0.612305 0.549700 

0.612305 0.549724 
0.615234 0.550454 

0.646389 0.564453 
0.644531 0.563240 

0.646374 0.564453 
0.647461 0.565213 

0.649110 0.566406 
0.647461 0.565189 

0.683401 0.679688 
0.682758 0.681641 

0.682014 0.683594 
0.682617 0.681839 

0.682746 0.681641 
0.682617 0.682079 

0.680789 0.607422 
0.679979 0.605469 

0.681633 0.609375 
0.680808 0.607422 

0.509870 0.585938 
0.509766 0.586094 

0.492073 0.623047 
0.492188 0.622440 

0.491610 0.625000 
0.492054 0.623047 

0.489545 0.656250 
0.489753 0.658203 

0.489753 0.658203 
0.490002 0.660156 

0.514602 0.580078 
0.515625 0.578839 

0.512969 0.582031 
0.514551 0.580078 

0.679438 0.689453 
0.679688 0.688775 

0.679416 0.689453 
0.678499 0.691406 

0.688271 0.634766 
0.688005 0.632812 

0.688283 0.634766 
0.688477 0.636652 

0.688503 0.636719 
0.688477 0.636373 

0.591797 0.546910 
0.594727 0.547045 

0.594727 0.547047 
0.597656 0.547282 

0.687501 0.664062 
0.687126 0.666016 

0.687126 0.666016 
0.686706 0.667969 

0.682403 0.611328 
0.681664 0.609375 

0.682420 0.611328 
0.682617 0.612015 

0.683089 0.613281 
0.682617 0.611742 

0.588867 0.546879 
0.585938 0.546946 

0.588867 0.546878 
0.591797 0.546911 

0.508437 0.587891 
0.509766 0.585941 

0.507052 0.589844 
0.508351 0.587891 

0.674789 0.595703 
0.673828 0.593940 

0.675976 0.597656 
0.674843 0.595703 

0.515672 0.714844 
0.515625 0.714790 

0.511379 0.583984 
0.512695 0.582222 

0.512961 0.582031 
0.512695 0.582383 

0.509877 0.585938 
0.511298 0.583984 

0.503320 0.595703 
0.503906 0.594573 

0.502162 0.597656 
0.503279 0.595703 

0.657951 0.574219 
0.656250 0.572482 

0.622501 0.552734 
0.621094 0.552292 

0.622398 0.552734 
0.624023 0.553254 

0.624023 0.553318 
0.626953 0.554392 

0.540305 0.734375 
0.541992 0.735238 

0.544209 0.736328 
0.541992 0.735302 

0.544207 0.736328 
0.544922 0.736663 

0.663487 0.580078 
0.662109 0.578417 

0.663568 0.580078 
0.665039 0.581933 

0.665211 0.582031 
0.665039 0.581815 

0.616394 0.550781 
0.615234 0.550496 

0.515687 0.714844 
0.517408 0.716797 

0.517457 0.716797 
0.518555 0.717993 

0.519390 0.718750 
0.518555 0.717856 

0.501100 0.599609 
0.502104 0.597656 

0.500113 0.601562 
0.500977 0.599717 

0.501110 0.599609 
0.500977 0.599926 

0.666728 0.583984 
0.665231 0.582031 

0.666812 0.583984 
0.667969 0.585621 

0.569745 0.548828 
0.571289 0.548580 

0.574219 0.548066 
0.571289 0.548544 

0.570034 0.548828 
0.568359 0.549111 

0.494330 0.615234 
0.494962 0.613281 

0.493665 0.617188 
0.494295 0.615234 

0.540271 0.734375 
0.539062 0.733733 

0.611844 0.744141 
0.612305 0.744055 

0.612305 0.744023 
0.615234 0.743303 

0.612051 0.744141 
0.609375 0.744672 

0.679049 0.603516 
0.678074 0.601562 

0.679097 0.603516 
0.679688 0.604974 

0.615234 0.743266 
0.618164 0.742453 

0.618941 0.742188 
0.618164 0.742405 

0.688678 0.638672 
0.688510 0.636719 

0.688842 0.640625 
0.688690 0.638672 

0.548437 0.738281 
0.550781 0.739181 

0.661745 0.578125 
0.662109 0.578551 

0.684682 0.675781 
0.684073 0.677734 

0.684076 0.677734 
0.683427 0.679688 

0.680278 0.687500 
0.679688 0.689023 

0.678456 0.691406 
0.677463 0.693359 

0.676439 0.695312 
0.676758 0.694597 

0.677431 0.693359 
0.676758 0.694820 

0.685763 0.671875 
0.685547 0.672933 

0.547852 0.737977 
0.544922 0.736726 

0.548454 0.738281 
0.547852 0.738040 

0.565430 0.549830 
0.562500 0.550557 

0.568359 0.549140 
0.565430 0.549804 

0.583008 0.547111 
0.580078 0.547354 

0.585938 0.546948 
0.583008 0.547108 

0.679968 0.605469 
0.679688 0.604716 

0.683790 0.615234 
0.683123 0.613281 

0.684436 0.617188 
0.683797 0.615234 

0.577148 0.547659 
0.574219 0.548055 

0.580078 0.547357 
0.577148 0.547669 

