0.649238 0.582031 
0.650391 0.582736 

0.497270 0.687500 
0.497716 0.689453 

0.497746 0.689453 
0.498047 0.690936 

0.678809 0.720703 
0.679688 0.719139 

0.678738 0.720703 
0.677473 0.722656 

0.687821 0.703125 
0.687008 0.705078 

0.687002 0.705078 
0.686166 0.707031 

0.694536 0.658203 
0.694367 0.656250 

0.694700 0.660156 
0.694548 0.658203 

0.655003 0.585938 
0.656250 0.586934 

0.660588 0.742188 
0.662109 0.740687 

0.615234 0.568592 
0.618164 0.569238 

0.618164 0.569262 
0.621094 0.569992 

0.694127 0.654297 
0.693861 0.652344 

0.694139 0.654297 
0.694336 0.656205 

0.694360 0.656250 
0.694336 0.655931 

0.658340 0.744141 
0.659180 0.743387 

0.660560 0.742188 
0.659180 0.743466 

0.658342 0.744141 
0.656250 0.745947 

0.652300 0.583984 
0.650391 0.582742 

0.652284 0.583984 
0.653320 0.584707 

0.655021 0.585938 
0.653320 0.584683 

0.694893 0.667969 
0.694836 0.669922 

0.694834 0.669922 
0.694739 0.671875 

0.684308 0.710938 
0.683315 0.712891 

0.682291 0.714844 
0.682617 0.714113 

0.683283 0.712891 
0.682617 0.714337 

0.635401 0.757812 
0.635742 0.757674 

0.635742 0.757609 
0.638672 0.756367 

0.642032 0.578125 
0.644531 0.579345 

0.494955 0.667969 
0.495010 0.669922 

0.495017 0.669922 
0.495098 0.671875 

0.494941 0.666016 
0.494969 0.664062 

0.494941 0.666016 
0.494955 0.667969 

0.693556 0.650391 
0.693214 0.648438 

0.693860 0.652344 
0.693556 0.650391 

0.691919 0.642578 
0.691462 0.640625 

0.692416 0.644531 
0.691948 0.642578 

0.645785 0.580078 
0.644531 0.579408 

0.645816 0.580078 
0.647461 0.580974 

0.649221 0.582031 
0.647461 0.581008 

0.609375 0.567536 
0.612305 0.568007 

0.614257 0.568359 
0.612305 0.568045 

0.613964 0.568359 
0.615234 0.568565 

0.643648 0.753906 
0.644531 0.753453 

0.692837 0.646484 
0.692415 0.644531 

0.693215 0.648438 
0.692835 0.646484 

0.694237 0.677734 
0.694336 0.676557 

0.694430 0.675781 
0.694336 0.676981 

0.694230 0.677734 
0.693986 0.679688 

0.502013 0.703125 
0.502824 0.705078 

0.502866 0.705078 
0.503677 0.707031 

0.686640 0.626953 
0.685832 0.625000 

0.687484 0.628906 
0.686660 0.626953 

0.694812 0.662109 
0.694701 0.660156 

0.694881 0.664062 
0.694812 0.662109 

0.534078 0.746094 
0.533203 0.745395 

0.639640 0.755859 
0.641602 0.754967 

0.643624 0.753906 
0.641602 0.754898 

0.639629 0.755859 
0.638672 0.756300 

0.676144 0.724609 
0.676758 0.723594 

0.677435 0.722656 
0.676758 0.723782 

0.676104 0.724609 
0.674732 0.726562 

0.515114 0.726562 
0.515625 0.727329 

0.666592 0.736328 
0.667969 0.734725 

0.664616 0.738281 
0.665039 0.737836 

0.666524 0.736328 
0.665039 0.737963 

0.498201 0.691406 
0.498047 0.690589 

0.685291 0.708984 
0.685547 0.708289 

0.685269 0.708984 
0.684350 0.710938 

0.682265 0.714844 
0.681180 0.716797 

0.681112 0.716797 
0.679996 0.718750 

0.622227 0.570312 
0.621094 0.570034 

0.540740 0.582031 
0.539062 0.583113 

0.547678 0.578125 
0.544922 0.579518 

0.694909 0.666016 
0.694882 0.664062 

0.694908 0.666016 
0.694893 0.667969 

0.664601 0.738281 
0.662704 0.740234 

0.662681 0.740234 
0.662109 0.740787 

0.673237 0.728516 
0.673828 0.727644 

0.673197 0.728516 
0.671712 0.730469 

0.507578 0.714844 
0.508683 0.716797 

0.508746 0.716797 
0.509766 0.718686 

0.686131 0.707031 
0.685547 0.708538 

0.609375 0.765286 
0.612305 0.764803 

0.612305 0.764803 
0.615234 0.764233 

0.495103 0.671875 
0.495117 0.672203 

0.495232 0.673828 
0.495117 0.671938 

0.495239 0.673828 
0.495408 0.675781 

0.622061 0.570312 
0.624023 0.570817 

0.624023 0.570866 
0.626953 0.571780 

0.638672 0.576512 
0.641602 0.577844 

0.642034 0.578125 
0.641602 0.577910 

0.520458 0.599609 
0.521484 0.598364 

0.518828 0.601562 
0.520407 0.599609 

0.539517 0.750000 
0.539062 0.749700 

0.534058 0.746094 
0.536133 0.747679 

0.536687 0.748047 
0.536133 0.747645 

0.536672 0.748047 
0.539062 0.749703 

0.529343 0.742188 
0.530273 0.743020 

0.531621 0.744141 
0.530273 0.742946 

0.531627 0.744141 
0.533203 0.745450 

0.551652 0.576172 
0.553711 0.575311 

0.556334 0.574219 
0.553711 0.575234 

0.551652 0.576172 
0.550781 0.576552 

0.503703 0.707031 
0.503906 0.707599 

0.679499 0.613281 
0.679688 0.613648 

0.561470 0.572266 
0.562500 0.571943 

0.559570 0.572969 
0.556641 0.574031 

0.561559 0.572266 
0.559570 0.572902 

0.498209 0.691406 
0.498709 0.693359 

0.498725 0.693359 
0.499300 0.695312 

0.526014 0.593750 
0.527344 0.592413 

0.544020 0.580078 
0.544922 0.579572 

0.540753 0.582031 
0.541992 0.581267 

0.544013 0.580078 
0.541992 0.581234 

0.525260 0.738281 
0.527170 0.740234 

0.527211 0.740234 
0.527344 0.740359 

0.594727 0.766389 
0.591797 0.766323 

0.594727 0.766390 
0.597656 0.766357 

0.633400 0.574219 
0.632812 0.573989 

0.521541 0.734375 
0.523259 0.736328 

0.523309 0.736328 
0.524414 0.737534 

0.525239 0.738281 
0.524414 0.737398 

0.499295 0.695312 
0.499922 0.697266 

0.499939 0.697266 
0.500594 0.699219 

0.588867 0.766162 
0.585938 0.765930 

0.591797 0.766320 
0.588867 0.766165 

0.617675 0.763672 
0.618164 0.763581 

0.618164 0.763549 
0.621094 0.762827 

0.617885 0.763672 
0.615234 0.764198 

0.694739 0.671875 
0.694607 0.673828 

0.694602 0.673828 
0.694440 0.675781 

0.496487 0.683594 
0.496857 0.685547 

0.496855 0.685547 
0.497266 0.687500 

0.505560 0.710938 
0.506522 0.712891 

0.506550 0.712891 
0.506836 0.713545 

0.507531 0.714844 
0.506836 0.713360 

0.509889 0.718750 
0.509766 0.718502 

0.688255 0.630859 
0.687514 0.628906 

0.688273 0.630859 
0.688477 0.631570 

0.688941 0.632812 
0.688477 0.631294 

0.554296 0.757812 
0.556641 0.758710 

0.521437 0.734375 
0.521484 0.734428 

0.514301 0.607422 
0.515625 0.605477 

0.512917 0.609375 
0.514216 0.607422 

0.628341 0.572266 
0.626953 0.571830 

0.628239 0.572266 
0.629883 0.572791 

0.629883 0.572855 
0.632812 0.573928 

0.504061 0.625000 
0.503906 0.625444 

0.691125 0.693359 
0.691406 0.692070 

0.691101 0.693359 
0.690543 0.695312 

0.597656 0.566442 
0.600586 0.566578 

0.600586 0.566579 
0.603516 0.566815 

0.495866 0.679688 
0.496157 0.681641 

0.496157 0.681641 
0.496487 0.683594 

0.556323 0.574219 
0.556641 0.574094 

0.689254 0.699219 
0.688612 0.701172 

0.687867 0.703125 
0.688477 0.701355 

0.688599 0.701172 
0.688477 0.701591 

0.679996 0.718750 
0.679688 0.719336 

0.495715 0.654297 
0.495983 0.652344 

0.495485 0.656250 
0.495715 0.654297 

0.674669 0.726562 
0.673828 0.727804 

0.496288 0.650391 
0.496634 0.648438 

0.495982 0.652344 
0.496288 0.650391 

0.670075 0.732422 
0.670898 0.731333 

0.671665 0.730469 
0.670898 0.731490 

0.670026 0.732422 
0.668403 0.734375 

0.559374 0.759766 
0.556641 0.758790 

0.559368 0.759766 
0.559570 0.759838 

0.562500 0.760873 
0.559570 0.759901 

0.504532 0.708984 
0.503906 0.707398 

0.504564 0.708984 
0.505514 0.710938 

0.495044 0.662109 
0.495117 0.660392 

0.495147 0.660156 
0.495117 0.660869 

0.494970 0.664062 
0.495037 0.662109 

0.524025 0.595703 
0.524414 0.595297 

0.525968 0.593750 
0.524414 0.595406 

0.522237 0.597656 
0.523996 0.595703 

0.522208 0.597656 
0.521484 0.598521 

0.678206 0.611328 
0.676968 0.609375 

0.679481 0.613281 
0.678290 0.611328 

0.633390 0.574219 
0.635742 0.575128 

0.638048 0.576172 
0.635742 0.575210 

0.638046 0.576172 
0.638672 0.576447 

0.603516 0.765970 
0.606445 0.765691 

0.606933 0.765625 
0.606445 0.765671 

0.553711 0.757509 
0.550781 0.756263 

0.554314 0.757812 
0.553711 0.757572 

0.647247 0.751953 
0.647461 0.751832 

0.647461 0.751808 
0.650391 0.750098 

0.647275 0.751953 
0.644531 0.753401 

0.669348 0.599609 
0.667969 0.597943 

0.669430 0.599609 
0.670898 0.601465 

0.671069 0.601562 
0.670898 0.601347 

0.567666 0.570312 
0.568359 0.570141 

0.583008 0.765611 
0.580078 0.765238 

0.583018 0.765625 
0.583008 0.765624 

0.577148 0.764723 
0.574219 0.764144 

0.580078 0.765220 
0.577148 0.764724 

0.498408 0.640625 
0.498047 0.642275 

0.693981 0.679688 
0.693687 0.681641 

0.693688 0.681641 
0.693355 0.683594 

0.565139 0.761719 
0.562500 0.760938 

0.597656 0.766358 
0.600586 0.766223 

0.600586 0.766219 
0.603516 0.765989 

0.501557 0.630859 
0.502328 0.628906 

0.500853 0.632812 
0.500977 0.632366 

0.501525 0.630859 
0.500977 0.632573 

0.546104 0.753906 
0.544922 0.753281 

0.594727 0.566412 
0.591797 0.566479 

0.594727 0.566410 
0.597656 0.566443 

0.571289 0.763452 
0.568359 0.762712 

0.572273 0.763672 
0.571289 0.763483 

0.572022 0.763672 
0.574219 0.764104 

0.497937 0.642578 
0.498047 0.641997 

0.497475 0.644531 
0.497918 0.642578 

0.511634 0.611328 
0.512695 0.609575 

0.512912 0.609375 
0.512695 0.609749 

0.510340 0.613281 
0.511560 0.611328 

0.606711 0.765625 
0.609375 0.765306 

0.672584 0.603516 
0.671090 0.601562 

0.672669 0.603516 
0.673828 0.605158 

0.691448 0.640625 
0.691406 0.640417 

0.547661 0.578125 
0.547852 0.578028 

0.550781 0.576615 
0.547852 0.577967 

0.495295 0.658203 
0.495485 0.656250 

0.495148 0.660156 
0.495290 0.658203 

0.588867 0.566646 
0.585938 0.566889 

0.591797 0.566481 
0.588867 0.566642 

0.546138 0.753906 
0.547852 0.754780 

0.550054 0.755859 
0.547852 0.754844 

0.550053 0.755859 
0.550781 0.756200 

0.529321 0.742188 
0.527344 0.740274 

0.690535 0.695312 
0.689927 0.697266 

0.689930 0.697266 
0.689281 0.699219 

0.650504 0.750000 
0.650391 0.750071 

0.500627 0.699219 
0.500977 0.700432 

0.501281 0.701172 
0.500977 0.700107 

0.501292 0.701172 
0.502005 0.703125 

0.684900 0.623047 
0.683925 0.621094 

0.684948 0.623047 
0.685547 0.624521 

0.515733 0.605469 
0.515625 0.605630 

0.571289 0.569368 
0.568359 0.570095 

0.574219 0.568678 
0.571289 0.569342 

0.495407 0.675781 
0.495616 0.677734 

0.495615 0.677734 
0.495865 0.679688 

0.503219 0.626953 
0.503906 0.625192 

0.502334 0.628906 
0.503166 0.626953 

0.498965 0.638672 
0.499539 0.636719 

0.498434 0.640625 
0.498965 0.638672 

0.692557 0.687500 
0.692101 0.689453 

0.692088 0.689453 
0.691627 0.691406 

0.518115 0.730469 
0.518555 0.731048 

0.519708 0.732422 
0.518555 0.730912 

0.519791 0.732422 
0.521413 0.734375 

0.681883 0.617188 
0.682617 0.618702 

0.682920 0.619141 
0.682617 0.618468 

0.683888 0.621094 
0.682922 0.619141 

0.685821 0.625000 
0.685547 0.624264 

0.582993 0.765625 
0.583008 0.765626 

0.585938 0.765913 
0.583008 0.765646 

0.500197 0.634766 
0.500829 0.632812 

0.499531 0.636719 
0.500161 0.634766 

0.517240 0.603516 
0.518555 0.601753 

0.518819 0.601562 
0.518555 0.601914 

0.515740 0.605469 
0.517159 0.603516 

0.691616 0.691406 
0.691406 0.692434 

0.603516 0.566821 
0.606445 0.567142 

0.606445 0.567142 
0.609375 0.567537 

0.512363 0.722656 
0.512695 0.723216 

0.513650 0.724609 
0.512695 0.723071 

0.513733 0.724609 
0.515092 0.726562 

0.624676 0.761719 
0.626953 0.761055 

0.565086 0.761719 
0.565430 0.761815 

0.568359 0.762673 
0.565430 0.761870 

0.655998 0.746094 
0.653466 0.748047 

0.650523 0.750000 
0.653320 0.748128 

0.653432 0.748047 
0.653320 0.748126 

0.663822 0.593750 
0.662109 0.591996 

0.539507 0.750000 
0.541992 0.751550 

0.542624 0.751953 
0.541992 0.751576 

0.542636 0.751953 
0.544922 0.753237 

0.675533 0.607422 
0.674160 0.605469 

0.675618 0.607422 
0.676758 0.609194 

0.676965 0.609375 
0.676758 0.609036 

0.630384 0.759766 
0.632812 0.758902 

0.626953 0.760993 
0.629883 0.760009 

0.630408 0.759766 
0.629883 0.759952 

0.689640 0.634766 
0.688974 0.632812 

0.690287 0.636719 
0.689648 0.634766 

0.509187 0.615234 
0.509766 0.614117 

0.508030 0.617188 
0.509146 0.615234 

0.635420 0.757812 
0.632812 0.758820 

0.537789 0.583984 
0.539062 0.583121 

0.535076 0.585938 
0.536133 0.585155 

0.537781 0.583984 
0.536133 0.585167 

0.655982 0.746094 
0.656250 0.745878 

0.521526 0.734375 
0.521484 0.734327 

0.516542 0.728516 
0.515625 0.727169 

0.516618 0.728516 
0.518098 0.730469 

0.504941 0.623047 
0.505921 0.621094 

0.504057 0.625000 
0.504910 0.623047 

0.663870 0.593750 
0.665039 0.595004 

0.665811 0.595703 
0.665039 0.594881 

0.667590 0.597656 
0.665841 0.595703 

0.506967 0.619141 
0.507971 0.617188 

0.505982 0.621094 
0.506836 0.619264 

0.506977 0.619141 
0.506836 0.619474 

0.668380 0.734375 
0.667969 0.734848 

0.510309 0.613281 
0.509766 0.614324 

0.532559 0.587891 
0.533203 0.587372 

0.530227 0.589844 
0.530273 0.589804 

0.530299 0.589844 
0.532531 0.587891 

0.674148 0.605469 
0.673828 0.605005 

0.661781 0.591797 
0.659752 0.589844 

0.661787 0.591797 
0.662109 0.592110 

0.621094 0.762790 
0.624023 0.761978 

0.624775 0.761719 
0.624023 0.761929 

0.497015 0.646484 
0.497450 0.644531 

0.496634 0.648438 
0.497019 0.646484 

0.690886 0.638672 
0.690286 0.636719 

0.690919 0.638672 
0.691406 0.640602 

0.657468 0.587891 
0.656250 0.586884 

0.657471 0.587891 
0.659180 0.589435 

0.659730 0.589844 
0.659180 0.589352 

0.509884 0.718750 
0.511031 0.720703 

0.511109 0.720703 
0.512338 0.722656 

0.583008 0.567195 
0.580078 0.567592 

0.585938 0.566892 
0.583008 0.567204 

0.693356 0.683594 
0.692981 0.685547 

0.692980 0.685547 
0.692560 0.687500 

0.667609 0.597656 
0.667969 0.598077 

0.528096 0.591797 
0.530175 0.589844 

0.530286 0.589844 
0.530273 0.589855 

0.528087 0.591797 
0.527344 0.592520 

0.565430 0.570983 
0.562500 0.571892 

0.567790 0.570312 
0.565430 0.570932 

0.680640 0.615234 
0.679688 0.613484 

0.681827 0.617188 
0.680694 0.615234 

0.575637 0.568359 
0.577148 0.568117 

0.580078 0.567603 
0.577148 0.568081 

0.575925 0.568359 
0.574219 0.568648 

0.535055 0.585938 
0.533203 0.587417 

