0.477857 0.568359 
0.478415 0.566406 

0.477338 0.570312 
0.477539 0.569359 

0.477837 0.568359 
0.477539 0.569694 

0.669809 0.568359 
0.669220 0.566406 

0.670359 0.570312 
0.669806 0.568359 

0.528975 0.685547 
0.527344 0.684787 

0.528991 0.685547 
0.530273 0.686141 

0.533203 0.687442 
0.530273 0.686208 

0.482054 0.556641 
0.482915 0.554688 

0.481206 0.558594 
0.482030 0.556641 

0.571289 0.696037 
0.568359 0.695901 

0.574219 0.696083 
0.571289 0.696039 

0.541992 0.690789 
0.539062 0.689812 

0.543977 0.691406 
0.541992 0.690844 

0.609375 0.502746 
0.612305 0.503825 

0.612323 0.503906 
0.612305 0.503899 

0.480490 0.560547 
0.481181 0.558594 

0.480484 0.560547 
0.480469 0.560601 

0.671758 0.576172 
0.671339 0.574219 

0.672136 0.578125 
0.671757 0.576172 

0.657131 0.541016 
0.656250 0.539538 

0.658434 0.542969 
0.657196 0.541016 

0.480909 0.632812 
0.481688 0.634766 

0.481699 0.634766 
0.482559 0.636719 

0.565430 0.695672 
0.562500 0.695406 

0.568359 0.695898 
0.565430 0.695683 

0.479033 0.564453 
0.479715 0.562500 

0.478418 0.566406 
0.479037 0.564453 

0.475906 0.576172 
0.476333 0.574219 

0.475522 0.578125 
0.475906 0.576172 

0.474750 0.609375 
0.474609 0.608011 

0.656430 0.652344 
0.656250 0.652644 

0.658904 0.648438 
0.657725 0.650391 

0.657645 0.650391 
0.656432 0.652344 

0.640632 0.521484 
0.638672 0.519616 

0.640653 0.521484 
0.641602 0.522421 

0.642719 0.523438 
0.641602 0.522314 

0.669462 0.625000 
0.668857 0.626953 

0.668840 0.626953 
0.668228 0.628906 

0.500388 0.664062 
0.500977 0.664730 

0.502204 0.666016 
0.500977 0.664611 

0.502271 0.666016 
0.503906 0.667779 

0.474006 0.601562 
0.474136 0.603516 

0.474135 0.603516 
0.474305 0.605469 

0.474314 0.605469 
0.474510 0.607422 

0.474519 0.607422 
0.474609 0.608412 

0.496137 0.533203 
0.497656 0.531250 

0.494587 0.535156 
0.495117 0.534388 

0.496060 0.533203 
0.495117 0.534546 

0.543844 0.691406 
0.544922 0.691702 

0.612332 0.503906 
0.615234 0.505064 

0.668552 0.564453 
0.667969 0.562526 

0.669220 0.566406 
0.668590 0.564453 

0.655101 0.654297 
0.656250 0.652487 

0.655014 0.654297 
0.653659 0.656250 

0.644703 0.525391 
0.644531 0.525213 

0.646491 0.527344 
0.644736 0.525391 

0.482614 0.636719 
0.483398 0.638627 

0.483493 0.638672 
0.483398 0.638407 

0.483487 0.638672 
0.484358 0.640625 

0.650618 0.660156 
0.650391 0.660450 

0.580078 0.496302 
0.583008 0.496553 

0.583008 0.496559 
0.585938 0.496892 

0.476827 0.572266 
0.477317 0.570312 

0.476330 0.574219 
0.476807 0.572266 

0.616910 0.505859 
0.615234 0.505138 

0.616915 0.505859 
0.618164 0.506409 

0.621041 0.507812 
0.618164 0.506477 

0.479492 0.628906 
0.480173 0.630859 

0.480200 0.630859 
0.480469 0.631765 

0.493175 0.537109 
0.494566 0.535156 

0.493095 0.537109 
0.492188 0.538545 

0.486489 0.644531 
0.486328 0.644165 

0.655875 0.539062 
0.656250 0.539706 

0.634749 0.675781 
0.632812 0.677268 

0.486480 0.644531 
0.487521 0.646484 

0.487586 0.646484 
0.488726 0.648438 

0.670855 0.572266 
0.670387 0.570312 

0.670863 0.572266 
0.670898 0.572475 

0.671312 0.574219 
0.670907 0.572266 

0.559570 0.497179 
0.556641 0.497646 

0.562500 0.496800 
0.559570 0.497176 

0.483821 0.552734 
0.484769 0.550781 

0.482953 0.554688 
0.483398 0.553534 

0.483813 0.552734 
0.483398 0.553810 

0.485856 0.548828 
0.486328 0.547795 

0.484817 0.550781 
0.485823 0.548828 

0.658484 0.542969 
0.659180 0.544277 

0.659623 0.544922 
0.659180 0.544054 

0.660730 0.546875 
0.659631 0.544922 

0.547852 0.692557 
0.544922 0.691748 

0.550781 0.693293 
0.547852 0.692592 

0.639406 0.671875 
0.638672 0.672537 

0.637155 0.673828 
0.638672 0.672453 

0.634728 0.675781 
0.635742 0.674956 

0.637149 0.673828 
0.635742 0.675012 

0.585938 0.496890 
0.588867 0.497296 

0.588867 0.497300 
0.591797 0.497778 

0.652192 0.658203 
0.653320 0.656577 

0.653648 0.656250 
0.653320 0.656735 

0.652110 0.658203 
0.650635 0.660156 

0.507082 0.521484 
0.509182 0.519531 

0.504984 0.523438 
0.506836 0.521591 

0.507080 0.521484 
0.506836 0.521712 

0.653037 0.535156 
0.653320 0.535586 

0.654442 0.537109 
0.653320 0.535437 

0.655855 0.539062 
0.654529 0.537109 

0.673721 0.591797 
0.673611 0.589844 

0.673789 0.593750 
0.673721 0.591797 

0.621019 0.507812 
0.621094 0.507850 

0.673461 0.587891 
0.673272 0.585938 

0.673611 0.589844 
0.673461 0.587891 

0.633762 0.515625 
0.635742 0.517234 

0.636229 0.517578 
0.635742 0.517181 

0.638459 0.519531 
0.636257 0.517578 

0.638462 0.519531 
0.638672 0.519719 

0.580078 0.695873 
0.583008 0.695629 

0.583008 0.695605 
0.585938 0.695327 

0.672898 0.609375 
0.672608 0.611328 

0.672607 0.611328 
0.672277 0.613281 

0.593232 0.498047 
0.591797 0.497816 

0.592947 0.498047 
0.594727 0.498351 

0.594727 0.498378 
0.597656 0.499049 

0.667549 0.630859 
0.667969 0.629481 

0.667510 0.630859 
0.666751 0.632812 

0.585851 0.695312 
0.585938 0.695306 

0.621094 0.507910 
0.624023 0.509386 

0.624611 0.509766 
0.624023 0.509442 

0.624609 0.509766 
0.626953 0.511064 

0.647194 0.664062 
0.645477 0.666016 

0.645443 0.666016 
0.644531 0.667007 

0.627978 0.511719 
0.626953 0.511101 

0.515708 0.677734 
0.515625 0.677675 

0.515695 0.677734 
0.518536 0.679688 

0.651494 0.533203 
0.650391 0.531717 

0.653025 0.535156 
0.651580 0.533203 

0.559570 0.695010 
0.556641 0.694536 

0.561975 0.695312 
0.559570 0.695036 

0.574219 0.696084 
0.577148 0.696031 

0.577148 0.696030 
0.580078 0.695877 

0.641457 0.669922 
0.641602 0.669782 

0.643478 0.667969 
0.641602 0.669896 

0.641442 0.669922 
0.639425 0.671875 

0.649006 0.662109 
0.650391 0.660323 

0.647208 0.664062 
0.647461 0.663763 

0.648922 0.662109 
0.647461 0.663899 

0.649937 0.531250 
0.650391 0.531858 

0.476150 0.617188 
0.476594 0.619141 

0.476591 0.619141 
0.477081 0.621094 

0.492593 0.654297 
0.492188 0.653625 

0.492612 0.654297 
0.493972 0.656250 

0.511564 0.517578 
0.512695 0.516677 

0.514098 0.515625 
0.512695 0.516717 

0.511546 0.517578 
0.509766 0.519118 

0.672278 0.613281 
0.671905 0.615234 

0.671904 0.615234 
0.671488 0.617188 

0.673044 0.583984 
0.672779 0.582031 

0.673271 0.585938 
0.673044 0.583984 

0.488759 0.648438 
0.489258 0.649374 

0.489917 0.650391 
0.489258 0.649184 

0.489965 0.650391 
0.491227 0.652344 

0.497061 0.660156 
0.498047 0.661453 

0.488076 0.544922 
0.489179 0.542969 

0.489263 0.542969 
0.489258 0.542978 

0.486890 0.546875 
0.488005 0.544922 

0.525101 0.683594 
0.527344 0.684724 

0.597656 0.693122 
0.600586 0.692371 

0.600586 0.692329 
0.603516 0.691520 

0.474763 0.609375 
0.475047 0.611328 

0.475051 0.611328 
0.475379 0.613281 

0.478186 0.625000 
0.478804 0.626953 

0.478798 0.626953 
0.479467 0.628906 

0.671468 0.617188 
0.671048 0.619141 

0.670585 0.621094 
0.670898 0.619588 

0.671037 0.619141 
0.670898 0.619897 

0.484393 0.640625 
0.485401 0.642578 

0.485463 0.642578 
0.486328 0.644375 

0.480887 0.632812 
0.480469 0.631481 

0.673801 0.597656 
0.673746 0.599609 

0.673745 0.599609 
0.673651 0.601562 

0.540268 0.501953 
0.541992 0.501420 

0.544922 0.500464 
0.541992 0.501366 

0.540380 0.501953 
0.539062 0.502365 

0.546419 0.500000 
0.547852 0.499651 

0.550781 0.498879 
0.547852 0.499607 

0.491777 0.539062 
0.492188 0.538391 

0.574264 0.496094 
0.574219 0.496093 

0.646536 0.527344 
0.647461 0.528456 

0.648281 0.529297 
0.647461 0.528306 

0.649911 0.531250 
0.648323 0.529297 

0.601058 0.500000 
0.603516 0.500660 

0.596593 0.693359 
0.597656 0.693153 

0.591797 0.694398 
0.594727 0.693816 

0.596847 0.693359 
0.594727 0.693778 

0.632125 0.677734 
0.632812 0.677235 

0.629244 0.679688 
0.629883 0.679274 

0.632149 0.677734 
0.629883 0.679285 

0.521640 0.681641 
0.521484 0.681547 

0.521624 0.681641 
0.524414 0.683189 

0.525078 0.683594 
0.524414 0.683238 

0.668216 0.628906 
0.667969 0.629792 

0.643519 0.667969 
0.644531 0.666873 

0.498673 0.662109 
0.498047 0.661294 

0.498706 0.662109 
0.500356 0.664062 

0.473846 0.595703 
0.473873 0.593750 

0.473846 0.595703 
0.473859 0.597656 

0.603516 0.500716 
0.606445 0.501639 

0.607260 0.501953 
0.606445 0.501690 

0.607195 0.501953 
0.609375 0.502671 

0.474625 0.583984 
0.474864 0.582031 

0.474625 0.583984 
0.474609 0.584178 

0.526641 0.507812 
0.527344 0.507455 

0.673651 0.601562 
0.673520 0.603516 

0.673520 0.603516 
0.673352 0.605469 

0.523035 0.509766 
0.524414 0.508997 

0.526646 0.507812 
0.524414 0.508942 

0.523005 0.509766 
0.521484 0.510641 

0.672476 0.580078 
0.672135 0.578125 

0.672780 0.582031 
0.672477 0.580078 

0.554392 0.498047 
0.556641 0.497683 

0.553711 0.498227 
0.550781 0.498859 

0.554674 0.498047 
0.553711 0.498198 

0.642755 0.523438 
0.644531 0.525323 

0.494044 0.656250 
0.495117 0.657811 

0.495502 0.658203 
0.495117 0.657639 

0.495519 0.658203 
0.497003 0.660156 

0.627990 0.511719 
0.629883 0.512907 

0.631019 0.513672 
0.629883 0.512914 

0.631025 0.513672 
0.632812 0.514950 

0.661259 0.644531 
0.662109 0.642781 

0.614288 0.687500 
0.615234 0.687116 

0.550978 0.693359 
0.550781 0.693324 

0.550807 0.693359 
0.553711 0.693939 

0.556641 0.694539 
0.553711 0.693975 

0.633747 0.515625 
0.632812 0.514930 

0.530546 0.505859 
0.533203 0.504751 

0.530273 0.506048 
0.527344 0.507394 

0.530544 0.505859 
0.530273 0.505980 

0.597656 0.499078 
0.600586 0.499809 

0.601161 0.500000 
0.600586 0.499856 

0.670555 0.621094 
0.670031 0.623047 

0.670028 0.623047 
0.669461 0.625000 

0.513081 0.675781 
0.515625 0.677712 

0.486861 0.546875 
0.486328 0.548020 

0.474603 0.583984 
0.474609 0.583914 

0.474399 0.585938 
0.474595 0.583984 

0.474194 0.587891 
0.474383 0.585938 

0.474047 0.589844 
0.474194 0.587891 

0.491287 0.652344 
0.492188 0.653810 

0.571289 0.496140 
0.568359 0.496280 

0.574219 0.496094 
0.571289 0.496139 

0.666738 0.632812 
0.665936 0.634766 

0.665909 0.634766 
0.665145 0.636719 

0.618511 0.685547 
0.621094 0.684348 

0.615234 0.687050 
0.618164 0.685780 

0.618512 0.685547 
0.618164 0.685712 

0.673817 0.595703 
0.673790 0.593750 

0.673817 0.595703 
0.673802 0.597656 

0.626038 0.681641 
0.626953 0.681110 

0.622469 0.683594 
0.624023 0.682788 

0.626026 0.681641 
0.624023 0.682745 

0.663215 0.640625 
0.662292 0.642578 

0.662289 0.642578 
0.662109 0.642990 

0.521484 0.681519 
0.518555 0.679711 

0.509206 0.519531 
0.509766 0.519051 

0.603677 0.691406 
0.606445 0.690566 

0.606445 0.690498 
0.609375 0.689513 

0.508342 0.671875 
0.509766 0.673141 

0.516811 0.513672 
0.518555 0.512500 

0.519761 0.511719 
0.518555 0.512493 

0.516821 0.513672 
0.515625 0.514518 

0.477119 0.621094 
0.477539 0.622895 

0.477625 0.623047 
0.477539 0.622617 

0.477631 0.623047 
0.478162 0.625000 

0.475378 0.613281 
0.475745 0.615234 

0.475747 0.615234 
0.476152 0.617188 

0.565430 0.496512 
0.562500 0.496808 

0.568359 0.496282 
0.565430 0.496507 

0.473940 0.591797 
0.474047 0.589844 

0.473873 0.593750 
0.473940 0.591797 

0.667910 0.562500 
0.667969 0.562730 

0.561705 0.695312 
0.562500 0.695387 

0.667188 0.560547 
0.666413 0.558594 

0.667896 0.562500 
0.667225 0.560547 

0.475179 0.580078 
0.475522 0.578125 

0.474875 0.582031 
0.475178 0.580078 

0.662818 0.550781 
0.662109 0.549204 

0.546609 0.500000 
0.544922 0.500423 

0.661200 0.644531 
0.660086 0.646484 

0.658926 0.648438 
0.659180 0.647933 

0.660037 0.646484 
0.659180 0.648111 

0.473859 0.597656 
0.473913 0.599609 

0.473913 0.599609 
0.474006 0.601562 

0.574251 0.496094 
0.577148 0.496147 

0.577148 0.496146 
0.580078 0.496300 

0.480446 0.560547 
0.480469 0.560468 

0.479763 0.562500 
0.480422 0.560547 

0.661837 0.548828 
0.660795 0.546875 

0.661857 0.548828 
0.662109 0.549422 

0.535205 0.503906 
0.533203 0.504672 

0.514088 0.515625 
0.515625 0.514495 

0.502981 0.525391 
0.503906 0.524413 

0.501189 0.527344 
0.502952 0.525391 

0.497671 0.531250 
0.498047 0.530775 

0.664768 0.554688 
0.665039 0.555450 

0.665576 0.556641 
0.665039 0.555189 

0.666410 0.558594 
0.665612 0.556641 

0.490492 0.541016 
0.491752 0.539062 

0.489197 0.542969 
0.489258 0.542855 

0.489260 0.542969 
0.490412 0.541016 

0.499400 0.529297 
0.500977 0.527431 

0.501179 0.527344 
0.500977 0.527573 

0.499320 0.529297 
0.498047 0.530907 

0.622437 0.683594 
0.621094 0.684279 

0.629259 0.679688 
0.626953 0.681091 

0.519776 0.511719 
0.521484 0.510674 

0.535179 0.503906 
0.536133 0.503540 

0.539062 0.502420 
0.536133 0.503482 

0.504954 0.523438 
0.503906 0.524540 

0.663818 0.552734 
0.662854 0.550781 

0.664744 0.554688 
0.663854 0.552734 

0.673352 0.605469 
0.673145 0.607422 

0.673146 0.607422 
0.672898 0.609375 

0.536133 0.688645 
0.533203 0.687515 

0.538231 0.689453 
0.536133 0.688722 

0.538179 0.689453 
0.539062 0.689759 

0.585938 0.695294 
0.588867 0.694917 

0.588867 0.694899 
0.591797 0.694400 

0.609375 0.689445 
0.612305 0.688364 

0.614308 0.687500 
0.612305 0.688287 

0.504219 0.667969 
0.503906 0.667649 

0.664255 0.638672 
0.665039 0.636794 

0.665134 0.636719 
0.665039 0.636985 

0.664201 0.638672 
0.663244 0.640625 

0.603701 0.691406 
0.603516 0.691460 

0.510647 0.673828 
0.509766 0.673069 

0.510634 0.673828 
0.512695 0.675539 

0.513091 0.675781 
0.512695 0.675472 

0.504224 0.667969 
0.506150 0.669922 

0.506170 0.669922 
0.506836 0.670552 

0.508314 0.671875 
0.506836 0.670463 

