0.668350 0.568359 
0.668099 0.566406 

0.668586 0.570312 
0.668359 0.568359 

0.491427 0.517578 
0.492188 0.516545 

0.489922 0.519531 
0.491382 0.517578 

0.649796 0.521484 
0.648399 0.519531 

0.649830 0.521484 
0.650391 0.522390 

0.662063 0.617188 
0.662109 0.617028 

0.651150 0.523438 
0.650391 0.522214 

0.669033 0.576172 
0.668924 0.574219 

0.669102 0.578125 
0.669034 0.576172 

0.549766 0.482422 
0.550781 0.482258 

0.547852 0.482837 
0.544922 0.483523 

0.550018 0.482422 
0.547852 0.482808 

0.660916 0.541016 
0.660051 0.539062 

0.661747 0.542969 
0.660941 0.541016 

0.581318 0.679688 
0.580078 0.679805 

0.646822 0.517578 
0.645298 0.515625 

0.646861 0.517578 
0.647461 0.518436 

0.648334 0.519531 
0.647461 0.518280 

0.541838 0.484375 
0.541992 0.484336 

0.544922 0.483556 
0.541992 0.484281 

0.484040 0.632812 
0.485246 0.634766 

0.485315 0.634766 
0.486328 0.636474 

0.663522 0.613281 
0.662824 0.615234 

0.662784 0.615234 
0.662120 0.617188 

0.591917 0.677734 
0.594727 0.677086 

0.594727 0.677048 
0.597656 0.676238 

0.592007 0.677734 
0.591797 0.677777 

0.541992 0.676590 
0.539062 0.675792 

0.544922 0.677404 
0.541992 0.676637 

0.623279 0.496094 
0.624023 0.496556 

0.626301 0.498047 
0.624023 0.496557 

0.626280 0.498047 
0.626953 0.498515 

0.525960 0.490234 
0.527344 0.489628 

0.521881 0.492188 
0.524414 0.490983 

0.525954 0.490234 
0.524414 0.490914 

0.645256 0.515625 
0.644531 0.514695 

0.638854 0.652344 
0.638672 0.652525 

0.469506 0.572266 
0.469693 0.570312 

0.469359 0.574219 
0.469506 0.572266 

0.533384 0.673828 
0.533203 0.673767 

0.533353 0.673828 
0.536133 0.674750 

0.539062 0.675727 
0.536133 0.674819 

0.546416 0.677734 
0.544922 0.677434 

0.546158 0.677734 
0.547852 0.678067 

0.550781 0.678695 
0.547852 0.678107 

0.470487 0.564453 
0.470829 0.562500 

0.470184 0.566406 
0.470487 0.564453 

0.485790 0.525391 
0.486328 0.524460 

0.484543 0.527344 
0.485760 0.525391 

0.471481 0.601562 
0.471680 0.602703 

0.471897 0.603516 
0.471680 0.602308 

0.471909 0.603516 
0.472375 0.605469 

0.472382 0.605469 
0.472910 0.607422 

0.472907 0.607422 
0.473489 0.609375 

0.480723 0.626953 
0.480469 0.626339 

0.480718 0.626953 
0.481723 0.628906 

0.668088 0.566406 
0.667969 0.565360 

0.650335 0.638672 
0.650391 0.638581 

0.650324 0.638672 
0.648996 0.640625 

0.585938 0.678988 
0.588867 0.678437 

0.588867 0.678415 
0.591797 0.677825 

0.486576 0.636719 
0.487859 0.638672 

0.487944 0.638672 
0.489255 0.640625 

0.489355 0.640625 
0.489258 0.640477 

0.483321 0.529297 
0.483398 0.529143 

0.484469 0.527344 
0.483398 0.529261 

0.482250 0.531250 
0.483300 0.529297 

0.488483 0.521484 
0.489258 0.520301 

0.489880 0.519531 
0.489258 0.520477 

0.487097 0.523438 
0.488436 0.521484 

0.489361 0.640625 
0.490755 0.642578 

0.490839 0.642578 
0.492188 0.644414 

0.616237 0.492188 
0.618164 0.493142 

0.619921 0.494141 
0.618164 0.493199 

0.619954 0.494141 
0.621094 0.494776 

0.474999 0.546875 
0.474609 0.548248 

0.539089 0.675781 
0.539062 0.675774 

0.486570 0.636719 
0.486328 0.636293 

0.668773 0.572266 
0.668585 0.570312 

0.668924 0.574219 
0.668774 0.572266 

0.654914 0.529297 
0.653760 0.527344 

0.656070 0.531250 
0.654988 0.529297 

0.664788 0.609375 
0.664193 0.611328 

0.664177 0.611328 
0.663518 0.613281 

0.661775 0.542969 
0.662109 0.544018 

0.628986 0.500000 
0.629883 0.500696 

0.631492 0.501953 
0.629883 0.500650 

0.631487 0.501953 
0.632812 0.503100 

0.636835 0.654297 
0.638672 0.652416 

0.634666 0.656250 
0.635742 0.655228 

0.636812 0.654297 
0.635742 0.655325 

0.479163 0.537109 
0.480103 0.535156 

0.478202 0.539062 
0.479123 0.537109 

0.487041 0.523438 
0.486328 0.524643 

0.472118 0.556641 
0.472620 0.554688 

0.471647 0.558594 
0.471680 0.558397 

0.472093 0.556641 
0.471680 0.558590 

0.469252 0.576172 
0.469359 0.574219 

0.469185 0.578125 
0.469252 0.576172 

0.473495 0.609375 
0.474122 0.611328 

0.474165 0.611328 
0.474609 0.612887 

0.662491 0.544922 
0.662109 0.543713 

0.663209 0.546875 
0.662513 0.544922 

0.653016 0.634766 
0.653320 0.634196 

0.654185 0.632812 
0.653320 0.634370 

0.652993 0.634766 
0.651753 0.636719 

0.668665 0.589844 
0.668459 0.591797 

0.668458 0.591797 
0.668214 0.593750 

0.623284 0.496094 
0.621094 0.494808 

0.668963 0.585938 
0.668833 0.587891 

0.668834 0.587891 
0.668666 0.589844 

0.469920 0.568359 
0.470184 0.566406 

0.469693 0.570312 
0.469919 0.568359 

0.651669 0.636719 
0.650417 0.638672 

0.650406 0.638672 
0.650391 0.638695 

0.629010 0.500000 
0.626953 0.498490 

0.640737 0.650391 
0.641602 0.649394 

0.642548 0.648438 
0.641602 0.649539 

0.640705 0.650391 
0.638888 0.652344 

0.528564 0.671875 
0.530273 0.672550 

0.533203 0.673708 
0.530273 0.672619 

0.541880 0.484375 
0.539062 0.485150 

0.499512 0.652344 
0.500977 0.653841 

0.501555 0.654297 
0.500977 0.653730 

0.501561 0.654297 
0.503605 0.656250 

0.658580 0.625000 
0.657578 0.626953 

0.657536 0.626953 
0.656539 0.628906 

0.580990 0.679688 
0.583008 0.679471 

0.583008 0.679451 
0.585938 0.678994 

0.503647 0.656250 
0.503906 0.656477 

0.568359 0.680454 
0.571289 0.680440 

0.571289 0.680440 
0.574219 0.680327 

0.480132 0.535156 
0.480469 0.534362 

0.656085 0.531250 
0.656250 0.531618 

0.591797 0.483149 
0.594727 0.483874 

0.596614 0.484375 
0.594727 0.483914 

0.476225 0.617188 
0.477021 0.619141 

0.477065 0.619141 
0.477539 0.620460 

0.477861 0.621094 
0.477539 0.620168 

0.656539 0.628906 
0.656250 0.629526 

0.607686 0.488281 
0.609375 0.488927 

0.495759 0.648438 
0.497504 0.650391 

0.497533 0.650391 
0.498047 0.650934 

0.669114 0.582031 
0.669059 0.583984 

0.669058 0.583984 
0.668964 0.585938 

0.596417 0.484375 
0.597656 0.484680 

0.505910 0.658203 
0.503906 0.656408 

0.505935 0.658203 
0.506836 0.658945 

0.508386 0.660156 
0.506836 0.658899 

0.660385 0.621094 
0.659535 0.623047 

0.658626 0.625000 
0.659180 0.623665 

0.659522 0.623047 
0.659180 0.623926 

0.499459 0.652344 
0.498047 0.650823 

0.565430 0.680369 
0.562500 0.680201 

0.568359 0.680452 
0.565430 0.680371 

0.609375 0.489003 
0.612305 0.490227 

0.612305 0.490302 
0.615234 0.491630 

0.609513 0.671875 
0.609375 0.671934 

0.474793 0.613281 
0.474609 0.612577 

0.479768 0.625000 
0.480469 0.626579 

0.481782 0.628906 
0.482871 0.630859 

0.482905 0.630859 
0.483398 0.631841 

0.484000 0.632812 
0.483398 0.631641 

0.633816 0.503906 
0.632812 0.503027 

0.574219 0.680325 
0.577148 0.680115 

0.577148 0.680102 
0.580078 0.679827 

0.492990 0.515625 
0.492188 0.516708 

0.588642 0.482422 
0.585938 0.481983 

0.588400 0.482422 
0.588867 0.482491 

0.588867 0.482517 
0.591797 0.483125 

0.508391 0.660156 
0.509766 0.661199 

0.643560 0.513672 
0.641893 0.511719 

0.643612 0.513672 
0.644531 0.514847 

0.470069 0.593750 
0.470358 0.595703 

0.470359 0.595703 
0.470687 0.597656 

0.553711 0.481740 
0.550781 0.482223 

0.556641 0.481309 
0.553711 0.481722 

0.492389 0.644531 
0.492188 0.644258 

0.652490 0.525391 
0.651200 0.523438 

0.652551 0.525391 
0.653320 0.526752 

0.653751 0.527344 
0.653320 0.526549 

0.634649 0.656250 
0.632812 0.657923 

0.469158 0.580078 
0.469185 0.578125 

0.469158 0.580078 
0.469171 0.582031 

0.669129 0.580078 
0.669102 0.578125 

0.669130 0.580078 
0.669115 0.582031 

0.475734 0.544922 
0.476522 0.542969 

0.475024 0.546875 
0.475731 0.544922 

0.556871 0.679688 
0.559570 0.679936 

0.562500 0.680197 
0.559570 0.679954 

0.597656 0.484721 
0.600586 0.485618 

0.602689 0.486328 
0.600586 0.485674 

0.602588 0.486328 
0.603516 0.486619 

0.647417 0.642578 
0.647461 0.642516 

0.648902 0.640625 
0.647515 0.642578 

0.647410 0.642578 
0.645949 0.644531 

0.647494 0.642578 
0.647461 0.642623 

0.644242 0.646484 
0.644531 0.646116 

0.644229 0.646484 
0.642596 0.648438 

0.568359 0.480474 
0.571289 0.480488 

0.571289 0.480488 
0.574219 0.480601 

0.632386 0.658203 
0.632812 0.657836 

0.632392 0.658203 
0.630078 0.660156 

0.513896 0.664062 
0.515625 0.665161 

0.524349 0.669922 
0.521484 0.668559 

0.524332 0.669922 
0.524414 0.669962 

0.527344 0.671306 
0.524414 0.670025 

0.517004 0.666016 
0.515625 0.665184 

0.517030 0.666016 
0.518555 0.666899 

0.520472 0.667969 
0.518555 0.666945 

0.471244 0.560547 
0.471630 0.558594 

0.470826 0.562500 
0.471216 0.560547 

0.512157 0.498047 
0.512695 0.497679 

0.515108 0.496094 
0.512695 0.497667 

0.512125 0.498047 
0.509766 0.499766 

0.496480 0.511719 
0.498047 0.509964 

0.645861 0.644531 
0.644531 0.646257 

0.535676 0.486328 
0.536133 0.486178 

0.539062 0.485206 
0.536133 0.486122 

0.535710 0.486328 
0.533203 0.487164 

0.469171 0.582031 
0.469225 0.583984 

0.469225 0.583984 
0.469318 0.585938 

0.515121 0.496094 
0.515625 0.495778 

0.469318 0.585938 
0.469448 0.587891 

0.469448 0.587891 
0.469616 0.589844 

0.668197 0.593750 
0.667969 0.595608 

0.498368 0.509766 
0.500232 0.507812 

0.498362 0.509766 
0.498047 0.510102 

0.662051 0.617188 
0.661307 0.619141 

0.661265 0.619141 
0.660405 0.621094 

0.574219 0.480602 
0.577148 0.480814 

0.577148 0.480819 
0.580078 0.481120 

0.633830 0.503906 
0.635742 0.505719 

0.635998 0.505859 
0.635742 0.505623 

0.637981 0.507812 
0.636030 0.505859 

0.665859 0.605469 
0.665355 0.607422 

0.664808 0.609375 
0.665039 0.608360 

0.665335 0.607422 
0.665039 0.608715 

0.565430 0.480559 
0.562500 0.480733 

0.568359 0.480475 
0.565430 0.480557 

0.557185 0.679688 
0.556641 0.679641 

0.477864 0.621094 
0.478726 0.623047 

0.478755 0.623047 
0.479714 0.625000 

0.481117 0.533203 
0.482186 0.531250 

0.481080 0.533203 
0.480469 0.534571 

0.494659 0.513672 
0.495117 0.513131 

0.496409 0.511719 
0.495117 0.513256 

0.493038 0.515625 
0.494634 0.513672 

0.474800 0.613281 
0.475450 0.615234 

0.475459 0.615234 
0.476208 0.617188 

0.553711 0.679213 
0.550781 0.678701 

0.556641 0.679623 
0.553711 0.679226 

0.469615 0.589844 
0.469822 0.591797 

0.469821 0.591797 
0.470068 0.593750 

0.667794 0.564453 
0.667459 0.562500 

0.667808 0.564453 
0.667969 0.565750 

0.511045 0.662109 
0.509766 0.661170 

0.511030 0.662109 
0.512695 0.663270 

0.513892 0.664062 
0.512695 0.663264 

0.667076 0.560547 
0.666653 0.558594 

0.667454 0.562500 
0.667073 0.560547 

0.663904 0.548828 
0.663221 0.546875 

0.664548 0.550781 
0.663906 0.548828 

0.504591 0.503906 
0.503906 0.504516 

0.559570 0.480992 
0.556641 0.481318 

0.562500 0.480737 
0.559570 0.480991 

0.657109 0.533203 
0.656250 0.531432 

0.658175 0.535156 
0.657150 0.533203 

0.603516 0.486673 
0.606445 0.487736 

0.607721 0.488281 
0.606445 0.487796 

0.580078 0.481122 
0.583008 0.481497 

0.583008 0.481493 
0.585938 0.481950 

0.637990 0.507812 
0.638672 0.508519 

0.470684 0.597656 
0.471055 0.599609 

0.471067 0.599609 
0.471462 0.601562 

0.639949 0.509766 
0.638672 0.508401 

0.640015 0.509766 
0.641602 0.511541 

0.641868 0.511719 
0.641602 0.511427 

0.599168 0.675781 
0.597656 0.676195 

0.530273 0.488383 
0.527344 0.489562 

0.530362 0.488281 
0.530273 0.488315 

0.473147 0.552734 
0.473730 0.550781 

0.472620 0.554688 
0.473155 0.552734 

0.477369 0.541016 
0.477539 0.540517 

0.478171 0.539062 
0.477539 0.540712 

0.476564 0.542969 
0.477343 0.541016 

0.604693 0.673828 
0.606445 0.673219 

0.606445 0.673147 
0.609375 0.672006 

0.604761 0.673828 
0.603516 0.674256 

0.659128 0.537109 
0.658228 0.535156 

0.659193 0.537109 
0.659180 0.537075 

0.659141 0.537109 
0.659180 0.537217 

0.660021 0.539062 
0.659209 0.537109 

0.521873 0.492188 
0.521484 0.492386 

0.666181 0.556641 
0.665672 0.554688 

0.666653 0.558594 
0.666184 0.556641 

0.474379 0.548828 
0.474609 0.547956 

0.473753 0.550781 
0.474354 0.548828 

0.617811 0.667969 
0.618164 0.667784 

0.618164 0.667736 
0.621094 0.666178 

0.667919 0.595703 
0.667969 0.595229 

0.667916 0.595703 
0.667609 0.597656 

0.621286 0.666016 
0.624023 0.664405 

0.624519 0.664062 
0.624023 0.664378 

0.621291 0.666016 
0.621094 0.666130 

0.599015 0.675781 
0.600586 0.675342 

0.600586 0.675290 
0.603516 0.674309 

0.518372 0.494141 
0.518555 0.494036 

0.521484 0.492446 
0.518555 0.493982 

0.518378 0.494141 
0.515625 0.495738 

0.502370 0.505859 
0.503906 0.504433 

0.500254 0.507812 
0.500977 0.507104 

0.502333 0.505859 
0.500977 0.507200 

0.627449 0.662109 
0.629883 0.660246 

0.630042 0.660156 
0.629883 0.660279 

0.627421 0.662109 
0.626953 0.662439 

0.666803 0.601562 
0.666351 0.603516 

0.666351 0.603516 
0.665866 0.605469 

0.509419 0.500000 
0.509766 0.499743 

0.617824 0.667969 
0.615234 0.669232 

0.492397 0.644531 
0.493948 0.646484 

0.494007 0.646484 
0.495117 0.647850 

0.495733 0.648438 
0.495117 0.647695 

0.520489 0.667969 
0.521484 0.668495 

0.664585 0.550781 
0.665039 0.552510 

0.665141 0.552734 
0.665039 0.552269 

0.665648 0.554688 
0.665152 0.552734 

0.528587 0.671875 
0.527344 0.671374 

0.616216 0.492188 
0.615234 0.491699 

0.613886 0.669922 
0.615234 0.669295 

0.609517 0.671875 
0.612305 0.670708 

0.613867 0.669922 
0.612305 0.670634 

0.530357 0.488281 
0.533203 0.487242 

0.624532 0.664062 
0.626953 0.662437 

0.667596 0.597656 
0.667221 0.599609 

0.667220 0.599609 
0.666805 0.601562 

0.655464 0.630859 
0.656250 0.629299 

0.655407 0.630859 
0.654241 0.632812 

0.506946 0.501953 
0.509387 0.500000 

0.504592 0.503906 
0.506836 0.501957 

0.506944 0.501953 
0.506836 0.502040 

