0.568359 0.672639 
0.571289 0.672545 

0.571289 0.672544 
0.574219 0.672353 

0.658066 0.613281 
0.657168 0.615234 

0.657138 0.615234 
0.656293 0.617188 

0.652608 0.521484 
0.651423 0.519531 

0.652657 0.521484 
0.653320 0.522801 

0.653739 0.523438 
0.653320 0.522566 

0.486950 0.632812 
0.486328 0.631845 

0.661572 0.541016 
0.660883 0.539062 

0.661613 0.541016 
0.662109 0.542755 

0.650139 0.517578 
0.648886 0.515625 

0.650158 0.517578 
0.650391 0.518003 

0.565430 0.672631 
0.562500 0.672532 

0.568359 0.672638 
0.565430 0.672633 

0.466814 0.572266 
0.466841 0.570312 

0.466814 0.572266 
0.466827 0.574219 

0.468512 0.554688 
0.468750 0.553188 

0.644543 0.509766 
0.644531 0.509750 

0.645982 0.511719 
0.644568 0.509766 

0.651360 0.519531 
0.650391 0.517842 

0.539424 0.476562 
0.539062 0.476647 

0.647424 0.513672 
0.646076 0.511719 

0.647508 0.513672 
0.647461 0.513601 

0.647434 0.513672 
0.647461 0.513714 

0.648799 0.515625 
0.647518 0.513672 

0.467574 0.560547 
0.467839 0.558594 

0.467348 0.562500 
0.467574 0.560547 

0.471195 0.601562 
0.471680 0.603325 

0.471792 0.603516 
0.471680 0.603046 

0.471800 0.603516 
0.472405 0.605469 

0.472424 0.605469 
0.473121 0.607422 

0.473119 0.607422 
0.473874 0.609375 

0.481715 0.625000 
0.482905 0.626953 

0.482935 0.626953 
0.483398 0.627776 

0.484158 0.628906 
0.483398 0.627602 

0.515974 0.486328 
0.518555 0.484945 

0.519569 0.484375 
0.518555 0.484893 

0.515973 0.486328 
0.515625 0.486528 

0.629113 0.494141 
0.626953 0.492388 

0.629102 0.494141 
0.629883 0.494799 

0.631436 0.496094 
0.629883 0.494731 

0.466827 0.574219 
0.466881 0.576172 

0.466881 0.576172 
0.466973 0.578125 

0.607192 0.664062 
0.609375 0.663166 

0.662218 0.542969 
0.662109 0.542515 

0.490038 0.636719 
0.491602 0.638672 

0.491631 0.638672 
0.492188 0.639348 

0.594316 0.476562 
0.591797 0.475947 

0.602394 0.666016 
0.603516 0.665632 

0.597656 0.667672 
0.600586 0.666711 

0.602472 0.666016 
0.600586 0.666651 

0.468145 0.556641 
0.468486 0.554688 

0.467837 0.558594 
0.468142 0.556641 

0.478788 0.525391 
0.479855 0.523438 

0.477767 0.527344 
0.478736 0.525391 

0.466973 0.578125 
0.467104 0.580078 

0.467104 0.580078 
0.467271 0.582031 

0.632279 0.648438 
0.632812 0.647945 

0.483395 0.517578 
0.483398 0.517573 

0.483463 0.517578 
0.484685 0.515625 

0.482225 0.519531 
0.483377 0.517578 

0.483464 0.517578 
0.483398 0.517698 

0.539285 0.476562 
0.541992 0.475901 

0.544922 0.475151 
0.541992 0.475858 

0.486992 0.632812 
0.488424 0.634766 

0.488473 0.634766 
0.489258 0.635863 

0.489994 0.636719 
0.489258 0.635697 

0.655872 0.527344 
0.656250 0.528268 

0.474221 0.535156 
0.474609 0.534016 

0.586123 0.474609 
0.585938 0.474579 

0.586003 0.474609 
0.588867 0.475167 

0.588867 0.475194 
0.591797 0.475907 

0.658946 0.611328 
0.659180 0.610609 

0.659692 0.609375 
0.659180 0.610871 

0.658924 0.611328 
0.658101 0.613281 

0.634464 0.646484 
0.635742 0.645180 

0.636491 0.644531 
0.635742 0.645289 

0.634425 0.646484 
0.632812 0.648048 

0.547475 0.474609 
0.547852 0.474548 

0.550781 0.474029 
0.547852 0.474512 

0.547634 0.474609 
0.544922 0.475125 

0.656223 0.617188 
0.656250 0.617115 

0.466908 0.568359 
0.467014 0.566406 

0.466841 0.570312 
0.466908 0.568359 

0.646581 0.632812 
0.645145 0.634766 

0.645111 0.634766 
0.644531 0.635576 

0.512735 0.488281 
0.515625 0.486567 

0.609820 0.482422 
0.609375 0.482220 

0.609822 0.482422 
0.612305 0.483526 

0.613894 0.484375 
0.612305 0.483600 

0.473926 0.609375 
0.474609 0.611264 

0.662762 0.544922 
0.662229 0.542969 

0.663329 0.546875 
0.662784 0.544922 

0.656211 0.617188 
0.655284 0.619141 

0.655229 0.619141 
0.654174 0.621094 

0.506055 0.652344 
0.506836 0.652938 

0.508690 0.654297 
0.506836 0.652913 

0.508707 0.654297 
0.509766 0.655039 

0.626620 0.492188 
0.626953 0.492441 

0.633636 0.498047 
0.632812 0.497278 

0.635608 0.500000 
0.633656 0.498047 

0.640175 0.640625 
0.638672 0.642359 

0.625063 0.654297 
0.626953 0.652871 

0.622163 0.656250 
0.624023 0.655014 

0.625055 0.654297 
0.624023 0.655018 

0.547852 0.670766 
0.544922 0.670173 

0.550781 0.671308 
0.547852 0.670779 

0.553711 0.671739 
0.550781 0.671314 

0.554906 0.671875 
0.553711 0.671762 

0.666690 0.568359 
0.666581 0.566406 

0.666759 0.570312 
0.666690 0.568359 

0.509807 0.490234 
0.512695 0.488329 

0.512757 0.488281 
0.512695 0.488320 

0.509822 0.490234 
0.509766 0.490274 

0.631450 0.496094 
0.632812 0.497369 

0.653079 0.623047 
0.653320 0.622534 

0.654131 0.621094 
0.653320 0.622724 

0.653057 0.623047 
0.651932 0.625000 

0.574219 0.672345 
0.577148 0.672076 

0.579019 0.671875 
0.577148 0.672051 

0.506023 0.652344 
0.503906 0.650591 

0.656780 0.529297 
0.656250 0.528009 

0.657702 0.531250 
0.656807 0.529297 

0.603516 0.665571 
0.606445 0.664439 

0.607197 0.664062 
0.606445 0.664375 

0.511572 0.656250 
0.512695 0.656973 

0.514692 0.658203 
0.512695 0.656995 

0.514701 0.658203 
0.515625 0.658747 

0.474998 0.533203 
0.475841 0.531250 

0.474989 0.533203 
0.474609 0.534316 

0.574219 0.472954 
0.577148 0.473239 

0.577148 0.473243 
0.580078 0.473604 

0.470827 0.544922 
0.471391 0.542969 

0.470266 0.546875 
0.470810 0.544922 

0.632280 0.648438 
0.630129 0.650391 

0.627702 0.652344 
0.629883 0.650506 

0.630094 0.650391 
0.629883 0.650566 

0.477376 0.617188 
0.477539 0.617590 

0.478310 0.619141 
0.477539 0.617434 

0.478355 0.619141 
0.479412 0.621094 

0.666771 0.574219 
0.666715 0.576172 

0.666715 0.576172 
0.666621 0.578125 

0.479897 0.523438 
0.480469 0.522273 

0.501375 0.648438 
0.503562 0.650391 

0.503597 0.650391 
0.503906 0.650644 

0.605389 0.480469 
0.606445 0.480871 

0.606445 0.480935 
0.609375 0.482152 

0.474705 0.611328 
0.474609 0.611024 

0.474705 0.611328 
0.475476 0.613281 

0.476847 0.529297 
0.477539 0.527687 

0.477773 0.527344 
0.477539 0.527932 

0.475865 0.531250 
0.476794 0.529297 

0.467161 0.564453 
0.467348 0.562500 

0.467014 0.566406 
0.467161 0.564453 

0.467270 0.582031 
0.467477 0.583984 

0.467476 0.583984 
0.467723 0.585938 

0.480985 0.521484 
0.482148 0.519531 

0.480961 0.521484 
0.480469 0.522489 

0.484221 0.628906 
0.485539 0.630859 

0.485582 0.630859 
0.486328 0.632026 

0.635625 0.500000 
0.635742 0.500117 

0.637587 0.501953 
0.635744 0.500000 

0.637635 0.501953 
0.638672 0.503118 

0.486094 0.513672 
0.486328 0.513314 

0.484769 0.515625 
0.486073 0.513672 

0.600385 0.478516 
0.597656 0.477665 

0.600328 0.478516 
0.600586 0.478596 

0.600586 0.478650 
0.603516 0.479688 

0.617609 0.486328 
0.615234 0.485081 

0.617607 0.486328 
0.618164 0.486639 

0.620956 0.488281 
0.618164 0.486670 

0.639496 0.503906 
0.638672 0.502980 

0.499180 0.646484 
0.498047 0.645341 

0.499206 0.646484 
0.500977 0.648183 

0.501377 0.648438 
0.500977 0.648075 

0.559570 0.672341 
0.556641 0.672088 

0.562500 0.672530 
0.559570 0.672346 

0.605430 0.480469 
0.603516 0.479757 

0.554544 0.671875 
0.556641 0.672069 

0.638356 0.642578 
0.638672 0.642229 

0.638338 0.642578 
0.636517 0.644531 

0.627677 0.652344 
0.626953 0.652903 

0.473418 0.537109 
0.474186 0.535156 

0.472661 0.539062 
0.473394 0.537109 

0.502232 0.496094 
0.503906 0.494649 

0.568359 0.472664 
0.571289 0.472758 

0.571289 0.472758 
0.574219 0.472950 

0.496008 0.501953 
0.497871 0.500000 

0.494109 0.503906 
0.495117 0.502769 

0.495981 0.501953 
0.495117 0.502915 

0.469116 0.593750 
0.469555 0.595703 

0.469554 0.595703 
0.470035 0.597656 

0.611581 0.662109 
0.612305 0.661770 

0.612305 0.661707 
0.615234 0.660293 

0.611573 0.662109 
0.609375 0.663087 

0.493416 0.640625 
0.495117 0.642551 

0.495268 0.642578 
0.495117 0.642417 

0.495280 0.642578 
0.497109 0.644531 

0.468366 0.589844 
0.468699 0.591797 

0.468713 0.591797 
0.468750 0.592061 

0.467724 0.585938 
0.468012 0.587891 

0.468011 0.587891 
0.468343 0.589844 

0.565430 0.472671 
0.562500 0.472772 

0.568359 0.472665 
0.565430 0.472670 

0.591797 0.669397 
0.594727 0.668598 

0.596878 0.667969 
0.594727 0.668553 

0.654785 0.525391 
0.653745 0.523438 

0.655845 0.527344 
0.654838 0.525391 

0.518164 0.660156 
0.515625 0.658795 

0.526268 0.664062 
0.527344 0.664502 

0.487501 0.511719 
0.486328 0.513449 

0.641204 0.505859 
0.639531 0.503906 

0.641224 0.505859 
0.641602 0.506330 

0.642877 0.507812 
0.641602 0.506192 

0.661862 0.603516 
0.662109 0.602512 

0.661842 0.603516 
0.661201 0.605469 

0.559570 0.472969 
0.556641 0.473237 

0.562500 0.472774 
0.559570 0.472965 

0.541992 0.669448 
0.539062 0.668657 

0.544073 0.669922 
0.541992 0.669481 

0.543856 0.669922 
0.544922 0.670132 

0.594153 0.476562 
0.594727 0.476698 

0.594727 0.476736 
0.597656 0.477605 

0.553711 0.473570 
0.550781 0.474003 

0.556641 0.473234 
0.553711 0.473576 

0.661184 0.605469 
0.660473 0.607422 

0.660469 0.607422 
0.659729 0.609375 

0.490700 0.507812 
0.492188 0.505950 

0.497910 0.500000 
0.498047 0.499868 

0.536699 0.667969 
0.539062 0.668608 

0.649354 0.628906 
0.648038 0.630859 

0.646646 0.632812 
0.647461 0.631558 

0.648011 0.630859 
0.647461 0.631725 

0.518152 0.660156 
0.518555 0.660373 

0.521484 0.661856 
0.518555 0.660430 

0.580078 0.671719 
0.583008 0.671287 

0.583008 0.671278 
0.585938 0.670744 

0.521881 0.662109 
0.521484 0.661922 

0.521888 0.662109 
0.524414 0.663226 

0.526281 0.664062 
0.524414 0.663303 

0.656279 0.617188 
0.656250 0.617260 

0.530273 0.665678 
0.527344 0.664563 

0.531113 0.666016 
0.530273 0.665733 

0.531038 0.666016 
0.533203 0.666734 

0.500000 0.498047 
0.500977 0.497148 

0.502227 0.496094 
0.500977 0.497235 

0.499976 0.498047 
0.498047 0.499960 

0.492391 0.505859 
0.494066 0.503906 

0.492383 0.505859 
0.492188 0.506097 

0.666786 0.572266 
0.666759 0.570312 

0.666786 0.572266 
0.666771 0.574219 

0.580078 0.473598 
0.583008 0.474037 

0.583008 0.474061 
0.585938 0.474541 

0.664891 0.591797 
0.665039 0.590790 

0.665239 0.589844 
0.665039 0.591196 

0.664879 0.591797 
0.664477 0.593750 

0.479473 0.621094 
0.480469 0.623029 

0.475498 0.613281 
0.476404 0.615234 

0.476454 0.615234 
0.477350 0.617188 

0.507111 0.492188 
0.509766 0.490251 

0.649433 0.628906 
0.650391 0.627298 

0.665870 0.585938 
0.665581 0.587891 

0.665574 0.587891 
0.665255 0.589844 

0.536133 0.477590 
0.533203 0.478498 

0.539062 0.476683 
0.536133 0.477531 

0.469096 0.593750 
0.468750 0.591840 

0.596727 0.667969 
0.597656 0.667717 

0.613924 0.484375 
0.615234 0.485030 

0.666431 0.564453 
0.666243 0.562500 

0.666580 0.566406 
0.666431 0.564453 

0.666015 0.560547 
0.665751 0.558594 

0.666243 0.562500 
0.666016 0.560547 

0.663840 0.548828 
0.663330 0.546875 

0.664312 0.550781 
0.663842 0.548828 

0.489042 0.509766 
0.489258 0.509478 

0.490618 0.507812 
0.489258 0.509612 

0.487587 0.511719 
0.489026 0.509766 

0.658593 0.533203 
0.657722 0.531250 

0.658637 0.533203 
0.659180 0.534713 

0.659413 0.535156 
0.659180 0.534437 

0.578659 0.671875 
0.580078 0.671736 

0.470032 0.597656 
0.470564 0.599609 

0.470565 0.599609 
0.471150 0.601562 

0.644461 0.509766 
0.642963 0.507812 

0.644467 0.509766 
0.644531 0.509855 

0.618938 0.658203 
0.621094 0.656941 

0.615368 0.660156 
0.618164 0.658694 

0.618931 0.658203 
0.618164 0.658643 

0.468878 0.552734 
0.469284 0.550781 

0.468870 0.552734 
0.468750 0.553546 

0.660137 0.537109 
0.659423 0.535156 

0.660880 0.539062 
0.660156 0.537109 

0.589552 0.669922 
0.591797 0.669434 

0.585938 0.670730 
0.588867 0.670138 

0.589745 0.669922 
0.588867 0.670097 

0.622153 0.656250 
0.621094 0.656917 

0.623947 0.490234 
0.621094 0.488387 

0.623919 0.490234 
0.624023 0.490306 

0.626638 0.492188 
0.624023 0.490278 

0.665435 0.556641 
0.665125 0.554688 

0.665753 0.558594 
0.665451 0.556641 

0.469771 0.548828 
0.470273 0.546875 

0.469299 0.550781 
0.469769 0.548828 

0.664464 0.593750 
0.664010 0.595703 

0.664012 0.595703 
0.663526 0.597656 

0.666621 0.578125 
0.666490 0.580078 

0.666491 0.580078 
0.666323 0.582031 

0.528048 0.480469 
0.530273 0.479654 

0.533203 0.478566 
0.530273 0.479580 

0.523652 0.482422 
0.524414 0.482079 

0.527344 0.480809 
0.524414 0.482014 

0.523649 0.482422 
0.521484 0.483383 

0.662429 0.601562 
0.662109 0.602854 

0.666323 0.582031 
0.666116 0.583984 

0.666117 0.583984 
0.665870 0.585938 

0.480565 0.623047 
0.480469 0.622842 

0.480556 0.623047 
0.481644 0.625000 

0.511559 0.656250 
0.509766 0.655041 

0.493340 0.640625 
0.492188 0.639220 

0.615382 0.660156 
0.615234 0.660234 

0.497135 0.644531 
0.498047 0.645454 

0.664737 0.552734 
0.664313 0.550781 

0.664759 0.552734 
0.665039 0.554419 

0.665113 0.554688 
0.665039 0.554143 

0.519600 0.484375 
0.521484 0.483453 

0.620924 0.488281 
0.621094 0.488386 

0.528085 0.480469 
0.527344 0.480748 

0.472011 0.541016 
0.472658 0.539062 

0.471416 0.542969 
0.471680 0.541904 

0.471993 0.541016 
0.471680 0.542237 

0.643592 0.636719 
0.644531 0.635420 

0.504593 0.494141 
0.506836 0.492348 

0.507123 0.492188 
0.506836 0.492404 

0.504604 0.494141 
0.503906 0.494717 

0.663527 0.597656 
0.663004 0.599609 

0.662995 0.599609 
0.662451 0.601562 

0.536133 0.667741 
0.533203 0.666798 

0.536838 0.667969 
0.536133 0.667781 

0.643529 0.636719 
0.641975 0.638672 

0.640249 0.640625 
0.641602 0.638972 

0.641955 0.638672 
0.641602 0.639100 

0.651856 0.625000 
0.650686 0.626953 

0.650685 0.626953 
0.650391 0.627477 

