0.524536 0.757812 
0.525921 0.759766 

0.526004 0.759766 
0.527344 0.761605 

0.695495 0.738281 
0.694650 0.740234 

0.693738 0.742188 
0.694336 0.740762 

0.694640 0.740234 
0.694336 0.741017 

0.559422 0.787109 
0.556641 0.785816 

0.559408 0.787109 
0.559570 0.787186 

0.562500 0.788505 
0.559570 0.787249 

0.679405 0.763672 
0.679688 0.763307 

0.679392 0.763672 
0.677776 0.765625 

0.696026 0.658203 
0.695163 0.656250 

0.696856 0.660156 
0.696046 0.658203 

0.697172 0.734375 
0.696419 0.736328 

0.696377 0.736328 
0.695516 0.738281 

0.534550 0.769531 
0.533203 0.768065 

0.694241 0.654297 
0.693333 0.652344 

0.694256 0.654297 
0.694336 0.654516 

0.695130 0.656250 
0.694336 0.654324 

0.658678 0.613281 
0.659180 0.613583 

0.661770 0.615234 
0.659180 0.613585 

0.661742 0.615234 
0.662109 0.615485 

0.527549 0.761719 
0.529086 0.763672 

0.529148 0.763672 
0.530273 0.765069 

0.530858 0.765625 
0.530273 0.764913 

0.700966 0.722656 
0.700469 0.724609 

0.699927 0.726562 
0.700195 0.725399 

0.700454 0.724609 
0.700195 0.725768 

0.555495 0.785156 
0.556641 0.785749 

0.534608 0.769531 
0.536133 0.771110 

0.536629 0.771484 
0.536133 0.770994 

0.536632 0.771484 
0.538650 0.773438 

0.530884 0.765625 
0.532614 0.767578 

0.532643 0.767578 
0.533203 0.768178 

0.551960 0.783203 
0.550781 0.782498 

0.551988 0.783203 
0.553711 0.784186 

0.555467 0.785156 
0.553711 0.784233 

0.692218 0.650391 
0.691406 0.648705 

0.693283 0.652344 
0.692259 0.650391 

0.504672 0.689453 
0.504864 0.687500 

0.504521 0.691406 
0.504672 0.689453 

0.702726 0.714844 
0.702347 0.716797 

0.702347 0.716797 
0.701926 0.718750 

0.699008 0.666016 
0.698326 0.664062 

0.699655 0.667969 
0.699009 0.666016 

0.688127 0.751953 
0.688477 0.751299 

0.689293 0.750000 
0.688477 0.751481 

0.688102 0.751953 
0.686860 0.753906 

0.615234 0.598327 
0.618164 0.598709 

0.618164 0.598705 
0.621094 0.599166 

0.658691 0.613281 
0.656250 0.611902 

0.504331 0.699219 
0.504386 0.701172 

0.504387 0.701172 
0.504482 0.703125 

0.685455 0.755859 
0.685547 0.755708 

0.685444 0.755859 
0.684119 0.757812 

0.701924 0.718750 
0.701466 0.720703 

0.701465 0.720703 
0.700976 0.722656 

0.538684 0.773438 
0.539062 0.773775 

0.609375 0.597795 
0.612305 0.598012 

0.612305 0.598018 
0.615234 0.598325 

0.556893 0.609375 
0.556641 0.609502 

0.696888 0.660156 
0.697266 0.661324 

0.703056 0.712891 
0.703125 0.712256 

0.703051 0.712891 
0.702737 0.714844 

0.634174 0.792969 
0.632812 0.793341 

0.509981 0.730469 
0.509766 0.729647 

0.697608 0.662109 
0.697266 0.661011 

0.698311 0.664062 
0.697624 0.662109 

0.515921 0.744141 
0.515625 0.743428 

0.515920 0.744141 
0.516932 0.746094 

0.508695 0.726562 
0.509318 0.728516 

0.509358 0.728516 
0.509766 0.729970 

0.592594 0.796875 
0.591797 0.796805 

0.702206 0.677734 
0.701783 0.675781 

0.702584 0.679688 
0.702203 0.677734 

0.588867 0.796370 
0.585938 0.795856 

0.591797 0.796786 
0.588867 0.796380 

0.699694 0.667969 
0.700195 0.669822 

0.700262 0.669922 
0.700195 0.669617 

0.700771 0.671875 
0.700274 0.669922 

0.680407 0.632812 
0.679688 0.631878 

0.548842 0.781250 
0.550781 0.782473 

0.527541 0.761719 
0.527344 0.761449 

0.514372 0.654297 
0.515306 0.652344 

0.513405 0.656250 
0.514330 0.654297 

0.651451 0.609375 
0.653320 0.610280 

0.655225 0.611328 
0.653320 0.610339 

0.655253 0.611328 
0.656250 0.611867 

0.626953 0.600376 
0.629883 0.601100 

0.631617 0.601562 
0.629883 0.601141 

0.505865 0.714844 
0.506241 0.716797 

0.506257 0.716797 
0.506652 0.718750 

0.515335 0.652344 
0.515625 0.651656 

0.626953 0.794919 
0.629883 0.794234 

0.629883 0.794196 
0.632812 0.793385 

0.627000 0.794922 
0.626953 0.794932 

0.686778 0.753906 
0.685547 0.755845 

0.678730 0.630859 
0.677079 0.628906 

0.678781 0.630859 
0.679688 0.632031 

0.531600 0.628906 
0.533203 0.627096 

0.519245 0.750000 
0.520450 0.751953 

0.520516 0.751953 
0.521484 0.753604 

0.697185 0.734375 
0.697266 0.734101 

0.504413 0.693359 
0.504521 0.691406 

0.504345 0.695312 
0.504413 0.693359 

0.687599 0.642578 
0.686313 0.640625 

0.687664 0.642578 
0.688477 0.644010 

0.688866 0.644531 
0.688477 0.643811 

0.616297 0.796875 
0.615234 0.796976 

0.504317 0.697266 
0.504345 0.695312 

0.504317 0.697266 
0.504331 0.699219 

0.701312 0.673828 
0.700799 0.671875 

0.701784 0.675781 
0.701315 0.673828 

0.621094 0.796148 
0.624023 0.795595 

0.624023 0.795570 
0.626953 0.794982 

0.664471 0.617188 
0.662109 0.615457 

0.675154 0.626953 
0.673828 0.625515 

0.675224 0.626953 
0.676758 0.628692 

0.677056 0.628906 
0.676758 0.628574 

0.703224 0.683594 
0.703125 0.682706 

0.698644 0.730469 
0.697943 0.732422 

0.697901 0.732422 
0.697266 0.734307 

0.659957 0.781250 
0.662109 0.779841 

0.543376 0.777344 
0.544922 0.778529 

0.550076 0.613281 
0.550781 0.612841 

0.704267 0.699219 
0.704209 0.701172 

0.704209 0.701172 
0.704112 0.703125 

0.547112 0.615234 
0.547852 0.614729 

0.550062 0.613281 
0.547852 0.614717 

0.547084 0.615234 
0.544922 0.616814 

0.505246 0.710938 
0.505537 0.712891 

0.505538 0.712891 
0.505868 0.714844 

0.504482 0.703125 
0.504616 0.705078 

0.504616 0.705078 
0.504787 0.707031 

0.526592 0.634766 
0.527344 0.633732 

0.525097 0.636719 
0.526547 0.634766 

0.644531 0.606213 
0.647461 0.607421 

0.647449 0.607422 
0.647461 0.607427 

0.647461 0.607496 
0.650391 0.608800 

0.540927 0.775391 
0.539062 0.773699 

0.540949 0.775391 
0.541992 0.776260 

0.543382 0.777344 
0.541992 0.776208 

0.704112 0.703125 
0.703979 0.705078 

0.703979 0.705078 
0.703809 0.707031 

0.699906 0.726562 
0.699310 0.728516 

0.699298 0.728516 
0.698641 0.730469 

0.553348 0.611328 
0.553711 0.611123 

0.556641 0.609565 
0.553711 0.611070 

0.553355 0.611328 
0.550781 0.612801 

0.623618 0.599609 
0.621094 0.599201 

0.623356 0.599609 
0.624023 0.599711 

0.624023 0.599737 
0.626953 0.600353 

0.521768 0.753906 
0.523048 0.755859 

0.523132 0.755859 
0.524414 0.757788 

0.524530 0.757812 
0.524414 0.757632 

0.639744 0.791016 
0.641602 0.790375 

0.641602 0.790301 
0.644531 0.789173 

0.639811 0.791016 
0.638672 0.791404 

0.690019 0.646484 
0.688871 0.644531 

0.691180 0.648438 
0.690092 0.646484 

0.662914 0.779297 
0.665039 0.777660 

0.665483 0.777344 
0.665039 0.777694 

0.662890 0.779297 
0.662109 0.779842 

0.703919 0.689453 
0.703726 0.687500 

0.704074 0.691406 
0.703920 0.689453 

0.703809 0.707031 
0.703599 0.708984 

0.703597 0.708984 
0.703351 0.710938 

0.523667 0.638672 
0.524414 0.637521 

0.525054 0.636719 
0.524414 0.637700 

0.522291 0.640625 
0.523624 0.638672 

0.704186 0.693359 
0.704074 0.691406 

0.704256 0.695312 
0.704186 0.693359 

0.561059 0.607422 
0.562500 0.606806 

0.556897 0.609375 
0.559570 0.608133 

0.561059 0.607422 
0.559570 0.608064 

0.649055 0.787109 
0.650391 0.786501 

0.644625 0.789062 
0.647461 0.787890 

0.649041 0.787109 
0.647461 0.787816 

0.504786 0.707031 
0.504995 0.708984 

0.504995 0.708984 
0.505246 0.710938 

0.520987 0.642578 
0.521484 0.641712 

0.519747 0.644531 
0.520957 0.642578 

0.656616 0.783203 
0.659180 0.781752 

0.659945 0.781250 
0.659180 0.781723 

0.656621 0.783203 
0.656250 0.783411 

0.703484 0.685547 
0.703235 0.683594 

0.703726 0.687500 
0.703495 0.685547 

0.669139 0.621094 
0.667969 0.620032 

0.588867 0.598961 
0.585938 0.599443 

0.591797 0.598523 
0.588867 0.598941 

0.667759 0.775391 
0.667969 0.775205 

0.667763 0.775391 
0.665513 0.777344 

0.669945 0.773438 
0.667969 0.775300 

0.631419 0.601562 
0.632812 0.601906 

0.664444 0.617188 
0.665039 0.617653 

0.666891 0.619141 
0.665039 0.617602 

0.666881 0.619141 
0.667969 0.620106 

0.592253 0.796875 
0.594727 0.797101 

0.597656 0.797365 
0.594727 0.797119 

0.539623 0.621094 
0.539062 0.621597 

0.704283 0.697266 
0.704256 0.695312 

0.704283 0.697266 
0.704267 0.699219 

0.507580 0.722656 
0.508108 0.724609 

0.508105 0.724609 
0.508686 0.726562 

0.703334 0.710938 
0.703125 0.712654 

0.509989 0.730469 
0.510645 0.732422 

0.510653 0.732422 
0.511407 0.734375 

0.533472 0.626953 
0.535314 0.625000 

0.533464 0.626953 
0.533203 0.627234 

0.673219 0.625000 
0.673828 0.625639 

0.634026 0.792969 
0.635742 0.792487 

0.635742 0.792433 
0.638672 0.791456 

0.651430 0.609375 
0.650391 0.608870 

0.522231 0.640625 
0.521484 0.641890 

0.529795 0.630859 
0.530273 0.630287 

0.531526 0.628906 
0.530273 0.630413 

0.528188 0.632812 
0.529769 0.630859 

0.506436 0.677734 
0.506816 0.675781 

0.506857 0.675781 
0.506836 0.675918 

0.506014 0.679688 
0.506406 0.677734 

0.516993 0.746094 
0.518077 0.748047 

0.518108 0.748047 
0.518555 0.748941 

0.519199 0.750000 
0.518555 0.748749 

0.691198 0.648438 
0.691406 0.648900 

0.644620 0.789062 
0.644531 0.789100 

0.514973 0.742188 
0.515625 0.743674 

0.684916 0.638672 
0.683526 0.636719 

0.684953 0.638672 
0.685547 0.639634 

0.512565 0.658203 
0.512695 0.657819 

0.513372 0.656250 
0.512695 0.657994 

0.511769 0.660156 
0.512540 0.658203 

0.609375 0.797503 
0.612305 0.797290 

0.612305 0.797275 
0.615234 0.796998 

0.546008 0.779297 
0.544922 0.778496 

0.545990 0.779297 
0.547852 0.780597 

0.548840 0.781250 
0.547852 0.780591 

0.581737 0.794922 
0.580078 0.794585 

0.581485 0.794922 
0.583008 0.795221 

0.585938 0.795849 
0.583008 0.795261 

0.681961 0.634766 
0.680449 0.632812 

0.682003 0.634766 
0.682617 0.635652 

0.683463 0.636719 
0.682617 0.635494 

0.510937 0.662109 
0.511724 0.660156 

0.510223 0.664062 
0.510935 0.662109 

0.568625 0.791016 
0.568359 0.790928 

0.568583 0.791016 
0.571289 0.791902 

0.574219 0.792878 
0.571289 0.791969 

0.674082 0.769531 
0.673828 0.769789 

0.594727 0.598203 
0.591797 0.598532 

0.597656 0.597945 
0.594727 0.598203 

0.537427 0.623047 
0.539062 0.621504 

0.535336 0.625000 
0.536133 0.624206 

0.537392 0.623047 
0.536133 0.624308 

0.565541 0.605469 
0.568359 0.604454 

0.632812 0.601948 
0.635742 0.602846 

0.637732 0.603516 
0.635742 0.602899 

0.637625 0.603516 
0.638672 0.603843 

0.570933 0.603516 
0.571289 0.603400 

0.574219 0.602434 
0.571289 0.603342 

0.570960 0.603516 
0.568359 0.604376 

0.672091 0.771484 
0.673828 0.769674 

0.669962 0.773438 
0.670898 0.772527 

0.672056 0.771484 
0.670898 0.772629 

0.544396 0.617188 
0.544922 0.616794 

0.528139 0.632812 
0.527344 0.633897 

0.702926 0.681641 
0.702588 0.679688 

0.702943 0.681641 
0.703125 0.683068 

0.690572 0.748047 
0.691406 0.746406 

0.690512 0.748047 
0.689345 0.750000 

0.505670 0.681641 
0.506017 0.679688 

0.505363 0.683594 
0.505670 0.681641 

0.516324 0.650391 
0.517395 0.648438 

0.516283 0.650391 
0.515625 0.651851 

0.513065 0.738281 
0.513935 0.740234 

0.513965 0.740234 
0.514922 0.742188 

0.669154 0.621094 
0.670898 0.622798 

0.671270 0.623047 
0.670898 0.622694 

0.673209 0.625000 
0.671294 0.623047 

0.541896 0.619141 
0.541992 0.619063 

0.544362 0.617188 
0.541992 0.619107 

0.539623 0.621094 
0.541847 0.619141 

0.653076 0.785156 
0.650391 0.786435 

0.507309 0.673828 
0.507814 0.671875 

0.506832 0.675781 
0.506836 0.675759 

0.506862 0.675781 
0.507285 0.673828 

0.574399 0.792969 
0.574219 0.792922 

0.675936 0.767578 
0.676758 0.766619 

0.677722 0.765625 
0.676758 0.766763 

0.675905 0.767578 
0.674112 0.769531 

0.511428 0.734375 
0.512224 0.736328 

0.512264 0.736328 
0.512695 0.737541 

0.513058 0.738281 
0.512695 0.737248 

0.615988 0.796875 
0.618164 0.796635 

0.618164 0.796615 
0.621094 0.796152 

0.505095 0.685547 
0.505363 0.683594 

0.504865 0.687500 
0.505095 0.685547 

0.691654 0.746094 
0.691406 0.746625 

0.506669 0.718750 
0.506836 0.719720 

0.507085 0.720703 
0.506836 0.719355 

0.507102 0.720703 
0.507575 0.722656 

0.509574 0.666016 
0.509766 0.665281 

0.508954 0.667969 
0.509550 0.666016 

0.577148 0.601569 
0.574219 0.602379 

0.521761 0.753906 
0.521484 0.753416 

0.510194 0.664062 
0.509766 0.665549 

0.585120 0.599609 
0.585938 0.599478 

0.583008 0.600061 
0.580078 0.600751 

0.585349 0.599609 
0.583008 0.600033 

0.563713 0.789062 
0.565430 0.789727 

0.568359 0.790871 
0.565430 0.789795 

0.580078 0.600787 
0.577148 0.601505 

0.638672 0.603898 
0.641602 0.604957 

0.642803 0.605469 
0.641602 0.605016 

0.681007 0.761719 
0.679688 0.763449 

0.653060 0.785156 
0.653320 0.785023 

0.653320 0.784968 
0.656250 0.783460 

0.682554 0.759766 
0.682617 0.759675 

0.684025 0.757812 
0.682651 0.759766 

0.682547 0.759766 
0.681096 0.761719 

0.682629 0.759766 
0.682617 0.759782 

0.574312 0.792969 
0.577148 0.793735 

0.580078 0.794553 
0.577148 0.793782 

0.693689 0.742188 
0.692684 0.744141 

0.692644 0.744141 
0.691653 0.746094 

0.518519 0.646484 
0.518555 0.646414 

0.518577 0.646484 
0.519674 0.644531 

0.517458 0.648438 
0.518498 0.646484 

0.518583 0.646484 
0.518555 0.646544 

0.642766 0.605469 
0.644531 0.606137 

0.686268 0.640625 
0.685547 0.639454 

0.603516 0.797632 
0.606445 0.797620 

0.606445 0.797620 
0.609375 0.797506 

0.508343 0.669922 
0.508928 0.667969 

0.507814 0.671875 
0.508351 0.669922 

0.563743 0.789062 
0.562500 0.788572 

0.600586 0.597761 
0.597656 0.597941 

0.603516 0.597670 
0.600586 0.597758 

0.603516 0.597668 
0.606445 0.597680 

0.606445 0.597679 
0.609375 0.597794 

0.565430 0.605580 
0.562500 0.606740 

0.565549 0.605469 
0.565430 0.605513 

0.600586 0.797541 
0.597656 0.797369 

0.603516 0.797630 
0.600586 0.797545 

