0.668963 0.568359 
0.668622 0.566406 

0.669266 0.570312 
0.668964 0.568359 

0.550834 0.486328 
0.553711 0.485858 

0.556641 0.485371 
0.553711 0.485823 

0.551050 0.486328 
0.550781 0.486368 

0.646466 0.519531 
0.647461 0.520875 

0.648022 0.521484 
0.647461 0.520721 

0.649513 0.523438 
0.648054 0.521484 

0.647040 0.648438 
0.645485 0.650391 

0.645431 0.650391 
0.644531 0.651508 

0.669946 0.576172 
0.669757 0.574219 

0.670095 0.578125 
0.669946 0.576172 

0.660278 0.541016 
0.659384 0.539062 

0.661230 0.542969 
0.660305 0.541016 

0.582219 0.683594 
0.583008 0.683524 

0.583008 0.683509 
0.585938 0.683104 

0.644797 0.517578 
0.644531 0.517267 

0.646400 0.519531 
0.644818 0.517578 

0.482969 0.632812 
0.483398 0.633724 

0.484004 0.634766 
0.483398 0.633520 

0.484043 0.634766 
0.485196 0.636719 

0.600406 0.679688 
0.597656 0.680438 

0.665939 0.613281 
0.665359 0.615234 

0.664730 0.617188 
0.665039 0.616047 

0.665342 0.615234 
0.665039 0.616386 

0.632635 0.505859 
0.630235 0.503906 

0.632630 0.505859 
0.632812 0.506011 

0.540426 0.679688 
0.539062 0.679314 

0.621094 0.498056 
0.624023 0.499706 

0.624443 0.500000 
0.624023 0.499743 

0.617473 0.496094 
0.618164 0.496440 

0.618164 0.496495 
0.621094 0.497999 

0.593053 0.681641 
0.594727 0.681297 

0.594727 0.681263 
0.597656 0.680484 

0.593302 0.681641 
0.591797 0.681938 

0.643693 0.652344 
0.641973 0.654297 

0.640032 0.656250 
0.641602 0.654550 

0.641948 0.654297 
0.641602 0.654664 

0.471090 0.572266 
0.471358 0.570312 

0.470865 0.574219 
0.471091 0.572266 

0.472386 0.564453 
0.472815 0.562500 

0.472004 0.566406 
0.472386 0.564453 

0.471865 0.601562 
0.472223 0.603516 

0.472229 0.603516 
0.472634 0.605469 

0.472634 0.605469 
0.473075 0.607422 

0.473071 0.607422 
0.473555 0.609375 

0.480868 0.628906 
0.480469 0.627902 

0.668229 0.564453 
0.667969 0.562945 

0.668618 0.566406 
0.668248 0.564453 

0.649577 0.523438 
0.650391 0.524667 

0.485265 0.636719 
0.486328 0.638584 

0.486469 0.638672 
0.486328 0.638408 

0.486468 0.638672 
0.487678 0.640625 

0.529811 0.675781 
0.530273 0.675975 

0.533203 0.677166 
0.530273 0.676038 

0.547580 0.681641 
0.544922 0.681043 

0.547455 0.681641 
0.547852 0.681720 

0.550781 0.682355 
0.547852 0.681763 

0.643049 0.515625 
0.644531 0.517385 

0.485727 0.531250 
0.486328 0.530155 

0.491106 0.523438 
0.492188 0.521902 

0.559570 0.485016 
0.556641 0.485374 

0.562500 0.484739 
0.559570 0.485021 

0.487761 0.640625 
0.489037 0.642578 

0.489058 0.642578 
0.489258 0.642892 

0.490435 0.644531 
0.489258 0.642759 

0.617469 0.496094 
0.615234 0.495035 

0.476977 0.548828 
0.477539 0.547181 

0.477721 0.546875 
0.477539 0.547467 

0.476192 0.550781 
0.476927 0.548828 

0.490522 0.644531 
0.491930 0.646484 

0.491947 0.646484 
0.492188 0.646817 

0.534685 0.677734 
0.533203 0.677230 

0.534604 0.677734 
0.536133 0.678248 

0.539062 0.679269 
0.536133 0.678304 

0.669530 0.572266 
0.669266 0.570312 

0.669757 0.574219 
0.669530 0.572266 

0.652412 0.527344 
0.653320 0.528852 

0.653679 0.529297 
0.653320 0.528672 

0.654887 0.531250 
0.653686 0.529297 

0.667039 0.609375 
0.666515 0.611328 

0.666515 0.611328 
0.665952 0.613281 

0.662080 0.544922 
0.661280 0.542969 

0.662090 0.544922 
0.662109 0.544985 

0.627476 0.501953 
0.626953 0.501600 

0.627500 0.501953 
0.629883 0.503689 

0.630205 0.503906 
0.629883 0.503665 

0.521546 0.671875 
0.524414 0.673290 

0.525427 0.673828 
0.524414 0.673352 

0.525446 0.673828 
0.527344 0.674685 

0.489651 0.525391 
0.491035 0.523438 

0.488298 0.527344 
0.489258 0.525820 

0.489634 0.525391 
0.489258 0.525999 

0.474360 0.556641 
0.474609 0.555554 

0.473810 0.558594 
0.474337 0.556641 

0.470678 0.576172 
0.470865 0.574219 

0.470531 0.578125 
0.470678 0.576172 

0.473553 0.609375 
0.474090 0.611328 

0.474133 0.611328 
0.474609 0.613180 

0.662136 0.544922 
0.662109 0.544843 

0.662874 0.546875 
0.662152 0.544922 

0.655462 0.636719 
0.656250 0.635228 

0.530273 0.492777 
0.527344 0.493994 

0.531655 0.492188 
0.530273 0.492709 

0.624449 0.500000 
0.626953 0.501590 

0.670136 0.589844 
0.670005 0.591797 

0.670005 0.591797 
0.669837 0.593750 

0.486952 0.529297 
0.488231 0.527344 

0.486914 0.529297 
0.486328 0.530355 

0.597656 0.488302 
0.600586 0.489130 

0.600586 0.489187 
0.603516 0.490108 

0.670286 0.585938 
0.670231 0.587891 

0.670230 0.587891 
0.670136 0.589844 

0.585938 0.683092 
0.588867 0.682574 

0.588867 0.682566 
0.591797 0.681976 

0.471659 0.568359 
0.471680 0.568183 

0.471684 0.568359 
0.471988 0.566406 

0.471378 0.570312 
0.471648 0.568359 

0.471684 0.568359 
0.471680 0.568403 

0.492621 0.521484 
0.494142 0.519531 

0.492602 0.521484 
0.492188 0.522073 

0.655404 0.636719 
0.654186 0.638672 

0.652901 0.640625 
0.653320 0.639889 

0.654131 0.638672 
0.653320 0.640069 

0.547852 0.487012 
0.544922 0.487732 

0.550781 0.486394 
0.547852 0.486991 

0.585938 0.485678 
0.588867 0.486159 

0.589686 0.486328 
0.588867 0.486195 

0.589459 0.486328 
0.591797 0.486754 

0.609375 0.492411 
0.612305 0.493609 

0.613356 0.494141 
0.612305 0.493675 

0.613361 0.494141 
0.615234 0.494964 

0.643730 0.652344 
0.644531 0.651357 

0.529823 0.675781 
0.527344 0.674759 

0.541992 0.488568 
0.539062 0.489449 

0.543040 0.488281 
0.541992 0.488533 

0.542846 0.488281 
0.544922 0.487778 

0.498744 0.654297 
0.498047 0.653512 

0.498766 0.654297 
0.500600 0.656250 

0.661596 0.625000 
0.660698 0.626953 

0.660671 0.626953 
0.659742 0.628906 

0.500631 0.656250 
0.500977 0.656594 

0.502654 0.658203 
0.500977 0.656495 

0.502686 0.658203 
0.503906 0.659365 

0.656100 0.533203 
0.654968 0.531250 

0.656113 0.533203 
0.656250 0.533488 

0.475938 0.617188 
0.476647 0.619141 

0.476686 0.619141 
0.477385 0.621094 

0.658780 0.630859 
0.659180 0.629917 

0.659718 0.628906 
0.659180 0.630170 

0.658750 0.630859 
0.657710 0.632812 

0.499509 0.513672 
0.500977 0.512113 

0.501485 0.511719 
0.500977 0.512235 

0.499449 0.513672 
0.498047 0.515243 

0.496907 0.652344 
0.498047 0.653658 

0.603693 0.490234 
0.603516 0.490175 

0.603692 0.490234 
0.606445 0.491175 

0.608981 0.492188 
0.606445 0.491254 

0.493560 0.648438 
0.495092 0.650391 

0.495203 0.650391 
0.495117 0.650284 

0.495117 0.650391 
0.495117 0.650391 

0.495214 0.650391 
0.496849 0.652344 

0.571289 0.484377 
0.568359 0.484403 

0.571289 0.484377 
0.574219 0.484450 

0.670301 0.583984 
0.670274 0.582031 

0.670301 0.583984 
0.670286 0.585938 

0.591797 0.486783 
0.594727 0.487478 

0.594727 0.487512 
0.597656 0.488236 

0.504859 0.660156 
0.503906 0.659269 

0.661633 0.625000 
0.662109 0.623698 

0.657652 0.632812 
0.656589 0.634766 

0.656588 0.634766 
0.656250 0.635446 

0.565430 0.484526 
0.562500 0.484734 

0.568359 0.484404 
0.565430 0.484524 

0.615124 0.673828 
0.615234 0.673776 

0.610731 0.675781 
0.612305 0.675143 

0.615141 0.673828 
0.612305 0.675068 

0.474689 0.613281 
0.474609 0.612918 

0.479047 0.625000 
0.479939 0.626953 

0.479980 0.626953 
0.480469 0.628169 

0.480875 0.628906 
0.481852 0.630859 

0.481907 0.630859 
0.482939 0.632812 

0.669384 0.597656 
0.669094 0.599609 

0.669093 0.599609 
0.668763 0.601562 

0.571289 0.684363 
0.568359 0.684338 

0.571289 0.684364 
0.574219 0.684290 

0.495885 0.517578 
0.497565 0.515625 

0.494194 0.519531 
0.495117 0.518348 

0.495849 0.517578 
0.495117 0.518507 

0.565430 0.684216 
0.562500 0.684016 

0.568359 0.684336 
0.565430 0.684219 

0.504859 0.660156 
0.506836 0.661931 

0.507158 0.662109 
0.506836 0.661838 

0.507154 0.662109 
0.509513 0.664062 

0.641099 0.513672 
0.639244 0.511719 

0.641116 0.513672 
0.641602 0.514200 

0.642975 0.515625 
0.641602 0.514072 

0.470787 0.593750 
0.470994 0.595703 

0.470992 0.595703 
0.471242 0.597656 

0.475513 0.552734 
0.476187 0.550781 

0.474913 0.554688 
0.475510 0.552734 

0.664705 0.617188 
0.664006 0.619141 

0.663988 0.619141 
0.663225 0.621094 

0.650967 0.525391 
0.650391 0.524503 

0.652335 0.527344 
0.650997 0.525391 

0.637945 0.658203 
0.638672 0.657479 

0.637935 0.658203 
0.635919 0.660156 

0.668764 0.601562 
0.668393 0.603516 

0.668370 0.603516 
0.668005 0.605469 

0.516260 0.500000 
0.515625 0.500405 

0.470424 0.580078 
0.470531 0.578125 

0.470357 0.582031 
0.470424 0.580078 

0.652878 0.640625 
0.651568 0.642578 

0.651484 0.642578 
0.650391 0.644239 

0.670205 0.580078 
0.670096 0.578125 

0.670274 0.582031 
0.670205 0.580078 

0.482350 0.537109 
0.483339 0.535156 

0.483423 0.535156 
0.483398 0.535211 

0.481267 0.539062 
0.482292 0.537109 

0.663208 0.621094 
0.662449 0.623047 

0.662434 0.623047 
0.662109 0.623987 

0.478502 0.544922 
0.479382 0.542969 

0.477723 0.546875 
0.478486 0.544922 

0.558465 0.683594 
0.556641 0.683403 

0.580078 0.484900 
0.583008 0.485247 

0.583008 0.485242 
0.585938 0.485664 

0.553711 0.682926 
0.550781 0.682380 

0.556641 0.683377 
0.553711 0.682926 

0.513312 0.501953 
0.515625 0.500413 

0.510599 0.503906 
0.512695 0.502373 

0.513324 0.501953 
0.512695 0.502392 

0.540265 0.679688 
0.541992 0.680155 

0.544922 0.681007 
0.541992 0.680202 

0.650105 0.644531 
0.650391 0.644089 

0.610749 0.675781 
0.609375 0.676336 

0.512164 0.666016 
0.509766 0.664195 

0.512200 0.666016 
0.512695 0.666365 

0.515048 0.667969 
0.512695 0.666365 

0.521558 0.671875 
0.521484 0.671836 

0.582550 0.683594 
0.580078 0.683827 

0.574219 0.684289 
0.577148 0.684117 

0.577148 0.684111 
0.580078 0.683853 

0.473283 0.560547 
0.473794 0.558594 

0.472818 0.562500 
0.473287 0.560547 

0.650093 0.644531 
0.648673 0.646484 

0.647061 0.648438 
0.647461 0.647888 

0.648585 0.646484 
0.647461 0.648031 

0.470330 0.583984 
0.470357 0.582031 

0.470330 0.583984 
0.470343 0.585938 

0.523106 0.496094 
0.521484 0.496917 

0.470343 0.585938 
0.470397 0.587891 

0.470397 0.587891 
0.470489 0.589844 

0.519515 0.498047 
0.521484 0.496969 

0.516260 0.500000 
0.518555 0.498616 

0.519486 0.498047 
0.518555 0.498583 

0.669837 0.593750 
0.669631 0.595703 

0.669632 0.595703 
0.669384 0.597656 

0.633645 0.662109 
0.635742 0.660200 

0.635878 0.660156 
0.635742 0.660277 

0.633627 0.662109 
0.632812 0.662793 

0.505693 0.507812 
0.503906 0.509476 

0.503498 0.509766 
0.503906 0.509393 

0.501490 0.511719 
0.503465 0.509766 

0.481226 0.539062 
0.480469 0.540797 

0.634940 0.507812 
0.632812 0.505925 

0.639974 0.656250 
0.638672 0.657589 

0.667959 0.605469 
0.667553 0.607422 

0.667527 0.607422 
0.667037 0.609375 

0.536704 0.490234 
0.539062 0.489509 

0.536133 0.490488 
0.533203 0.491532 

0.536796 0.490234 
0.536133 0.490439 

0.477410 0.621094 
0.477539 0.621516 

0.478146 0.623047 
0.477539 0.621323 

0.478177 0.623047 
0.479024 0.625000 

0.484521 0.533203 
0.485689 0.531250 

0.483362 0.535156 
0.483398 0.535079 

0.483415 0.535156 
0.484456 0.533203 

0.497593 0.515625 
0.498047 0.515125 

0.474696 0.613281 
0.475263 0.615234 

0.475288 0.615234 
0.475945 0.617188 

0.470490 0.589844 
0.470620 0.591797 

0.470620 0.591797 
0.470788 0.593750 

0.667835 0.562500 
0.667969 0.563318 

0.667356 0.560547 
0.666841 0.558594 

0.667823 0.562500 
0.667373 0.560547 

0.663668 0.548828 
0.662908 0.546875 

0.664399 0.550781 
0.663668 0.548828 

0.508072 0.505859 
0.509766 0.504509 

0.505713 0.507812 
0.506836 0.506848 

0.508087 0.505859 
0.506836 0.506914 

0.558120 0.683594 
0.559570 0.683728 

0.562500 0.684008 
0.559570 0.683747 

0.657201 0.535156 
0.656250 0.533320 

0.634945 0.507812 
0.635742 0.508540 

0.637133 0.509766 
0.635742 0.508453 

0.637167 0.509766 
0.638672 0.511279 

0.471252 0.597656 
0.471530 0.599609 

0.471544 0.599609 
0.471680 0.600694 

0.471852 0.601562 
0.471680 0.600278 

0.639221 0.511719 
0.638672 0.511177 

0.600308 0.679688 
0.600586 0.679614 

0.600586 0.679569 
0.603516 0.678638 

0.531610 0.492188 
0.533203 0.491595 

0.574219 0.484450 
0.577148 0.484624 

0.577148 0.484626 
0.580078 0.484895 

0.480323 0.541016 
0.480469 0.540640 

0.479432 0.542969 
0.480298 0.541016 

0.474896 0.554688 
0.474609 0.555900 

0.658328 0.537109 
0.657248 0.535156 

0.658386 0.537109 
0.659180 0.538807 

0.659379 0.539062 
0.659180 0.538587 

0.527165 0.494141 
0.527344 0.494058 

0.523134 0.496094 
0.524414 0.495453 

0.527178 0.494141 
0.524414 0.495385 

0.666296 0.556641 
0.665711 0.554688 

0.666843 0.558594 
0.666296 0.556641 

0.625704 0.667969 
0.626953 0.667150 

0.622493 0.669922 
0.624023 0.669030 

0.625699 0.667969 
0.624023 0.669007 

0.622465 0.669922 
0.621094 0.670695 

0.631212 0.664062 
0.632812 0.662730 

0.667964 0.605469 
0.667969 0.605437 

0.628587 0.666016 
0.629883 0.665057 

0.631219 0.664062 
0.629883 0.665091 

0.628603 0.666016 
0.626953 0.667156 

0.618910 0.671875 
0.621094 0.670746 

0.515068 0.667969 
0.515625 0.668330 

0.615234 0.673711 
0.618164 0.672322 

0.618900 0.671875 
0.618164 0.672258 

0.510618 0.503906 
0.509766 0.504558 

0.605963 0.677734 
0.606445 0.677570 

0.606445 0.677513 
0.609375 0.676401 

0.606016 0.677734 
0.603516 0.678571 

0.493476 0.648438 
0.492188 0.646682 

0.518198 0.669922 
0.515625 0.668360 

0.518199 0.669922 
0.518555 0.670134 

0.521484 0.671779 
0.518555 0.670182 

0.664443 0.550781 
0.665039 0.552684 

0.665102 0.552734 
0.665039 0.552488 

0.665683 0.554688 
0.665116 0.552734 

0.667993 0.605469 
0.667969 0.605620 

0.608959 0.492188 
0.609375 0.492347 

0.509547 0.664062 
0.509766 0.664230 

