0.488463 0.595703 
0.489096 0.593750 

0.487798 0.597656 
0.488428 0.595703 

0.597656 0.528464 
0.600586 0.528934 

0.602599 0.529297 
0.600586 0.528972 

0.602307 0.529297 
0.603516 0.529491 

0.652128 0.554688 
0.653320 0.555960 

0.654076 0.556641 
0.653320 0.555840 

0.655860 0.558594 
0.654105 0.556641 

0.631900 0.714844 
0.632812 0.714372 

0.640479 0.544922 
0.638672 0.543737 

0.640465 0.544922 
0.641602 0.545719 

0.643200 0.546875 
0.641602 0.545695 

0.571289 0.528123 
0.568359 0.528519 

0.574219 0.527821 
0.571289 0.528133 

0.668938 0.576172 
0.667969 0.574396 

0.670125 0.578125 
0.668993 0.576172 

0.645667 0.548828 
0.644531 0.547897 

0.645672 0.548828 
0.647461 0.550428 

0.647954 0.550781 
0.647461 0.550347 

0.492798 0.669922 
0.492188 0.668369 

0.492829 0.669922 
0.493778 0.671875 

0.483382 0.632812 
0.483398 0.633191 

0.483509 0.634766 
0.483398 0.632915 

0.483516 0.634766 
0.483685 0.636719 

0.509818 0.695312 
0.509766 0.695253 

0.638695 0.710938 
0.638672 0.710952 

0.623698 0.718750 
0.624023 0.718617 

0.624023 0.718553 
0.626953 0.717305 

0.509832 0.695312 
0.511556 0.697266 

0.511605 0.697266 
0.512695 0.698451 

0.513541 0.699219 
0.512695 0.698315 

0.504821 0.689453 
0.503906 0.688113 

0.504897 0.689453 
0.506380 0.691406 

0.621696 0.535156 
0.624023 0.536059 

0.626334 0.537109 
0.624023 0.536141 

0.626332 0.537109 
0.626953 0.537384 

0.490280 0.664062 
0.491090 0.666016 

0.491131 0.666016 
0.491943 0.667969 

0.679738 0.601562 
0.679688 0.601310 

0.635468 0.712891 
0.635742 0.712733 

0.635742 0.712711 
0.638672 0.710977 

0.635492 0.712891 
0.632812 0.714322 

0.650026 0.552734 
0.647978 0.550781 

0.650030 0.552734 
0.650391 0.553082 

0.549718 0.533203 
0.550781 0.532869 

0.547852 0.533897 
0.544922 0.534964 

0.549808 0.533203 
0.547852 0.533831 

0.484760 0.644531 
0.485128 0.646484 

0.485127 0.646484 
0.485535 0.648438 

0.621707 0.535156 
0.621094 0.534916 

0.505519 0.564453 
0.506836 0.562692 

0.507103 0.562500 
0.506836 0.562853 

0.504015 0.566406 
0.505437 0.564453 

0.634021 0.541016 
0.632812 0.540363 

0.634051 0.541016 
0.635742 0.541947 

0.637419 0.542969 
0.635742 0.541982 

0.627917 0.716797 
0.629883 0.715896 

0.631875 0.714844 
0.629883 0.715829 

0.627904 0.716797 
0.626953 0.717237 

0.483221 0.626953 
0.483249 0.625000 

0.483221 0.626953 
0.483235 0.628906 

0.492329 0.585938 
0.492188 0.586345 

0.652080 0.554688 
0.650391 0.552969 

0.513562 0.699219 
0.515479 0.701172 

0.515521 0.701172 
0.515625 0.701269 

0.483684 0.636719 
0.483891 0.638672 

0.483890 0.638672 
0.484139 0.640625 

0.542579 0.718750 
0.544922 0.719653 

0.502572 0.568359 
0.503906 0.566406 

0.501187 0.570312 
0.502487 0.568359 

0.503388 0.687500 
0.503906 0.688274 

0.678829 0.656250 
0.678219 0.658203 

0.678222 0.658203 
0.677573 0.660156 

0.618700 0.720703 
0.621094 0.719850 

0.615234 0.721946 
0.618164 0.720959 

0.618725 0.720703 
0.618164 0.720902 

0.683176 0.628906 
0.683119 0.630859 

0.683118 0.630859 
0.683022 0.632812 

0.559570 0.530291 
0.556641 0.531020 

0.562500 0.529603 
0.559570 0.530266 

0.630296 0.539062 
0.632812 0.540301 

0.662961 0.687500 
0.662109 0.688752 

0.677548 0.660156 
0.676905 0.662109 

0.676162 0.664062 
0.676758 0.662324 

0.676892 0.662109 
0.676758 0.662567 

0.661524 0.689453 
0.662109 0.688593 

0.661486 0.689453 
0.659996 0.691406 

0.623718 0.718750 
0.621094 0.719768 

0.655880 0.558594 
0.656250 0.559025 

0.493823 0.671875 
0.494788 0.673828 

0.494816 0.673828 
0.495117 0.674517 

0.495797 0.675781 
0.495117 0.674327 

0.626953 0.537449 
0.629883 0.538789 

0.630299 0.539062 
0.629883 0.538854 

0.504008 0.566406 
0.503906 0.566558 

0.603516 0.529518 
0.606445 0.530162 

0.606445 0.530186 
0.609375 0.530916 

0.506397 0.691406 
0.506836 0.691982 

0.507996 0.693359 
0.506836 0.691846 

0.508078 0.693359 
0.509704 0.695312 

0.510502 0.558594 
0.509766 0.559470 

0.674115 0.585938 
0.673828 0.585167 

0.509729 0.695312 
0.509766 0.695353 

0.597656 0.726232 
0.600586 0.725751 

0.600586 0.725749 
0.603516 0.725180 

0.498577 0.574219 
0.498047 0.575236 

0.516412 0.552734 
0.518497 0.550781 

0.518612 0.550781 
0.518555 0.550831 

0.516402 0.552734 
0.515625 0.553487 

0.679419 0.654297 
0.679688 0.653058 

0.679397 0.654297 
0.678839 0.656250 

0.648820 0.703125 
0.650391 0.701589 

0.585938 0.527378 
0.588867 0.527513 

0.588867 0.527514 
0.591797 0.527749 

0.658354 0.693359 
0.659180 0.692272 

0.659950 0.691406 
0.659180 0.692428 

0.658305 0.693359 
0.656678 0.695312 

0.500632 0.683594 
0.500977 0.684173 

0.501921 0.685547 
0.500977 0.684026 

0.502003 0.685547 
0.503367 0.687500 

0.637438 0.542969 
0.638672 0.543732 

0.610560 0.531250 
0.609375 0.530958 

0.663827 0.568359 
0.662450 0.566406 

0.663912 0.568359 
0.665039 0.570113 

0.665259 0.570312 
0.665039 0.569953 

0.652861 0.699219 
0.650954 0.701172 

0.650931 0.701172 
0.650391 0.701689 

0.563853 0.529297 
0.565430 0.529043 

0.568359 0.528530 
0.565430 0.529007 

0.564144 0.529297 
0.562500 0.529573 

0.514318 0.554688 
0.515625 0.553381 

0.674938 0.587891 
0.674127 0.585938 

0.675782 0.589844 
0.674957 0.587891 

0.673586 0.669922 
0.673828 0.669262 

0.673564 0.669922 
0.672647 0.671875 

0.534439 0.714844 
0.533203 0.714186 

0.683191 0.626953 
0.683164 0.625000 

0.683191 0.626953 
0.683176 0.628906 

0.544595 0.535156 
0.544922 0.535027 

0.609375 0.723741 
0.612305 0.722928 

0.613108 0.722656 
0.612305 0.722880 

0.654859 0.697266 
0.656250 0.695653 

0.652875 0.699219 
0.653320 0.698751 

0.654791 0.697266 
0.653320 0.698878 

0.497453 0.576172 
0.498047 0.575029 

0.496294 0.578125 
0.497411 0.576172 

0.541992 0.718445 
0.539062 0.717190 

0.542595 0.718750 
0.541992 0.718508 

0.485539 0.648438 
0.485984 0.650391 

0.486015 0.650391 
0.486328 0.651924 

0.498156 0.679688 
0.498047 0.679468 

0.682268 0.640625 
0.681976 0.642578 

0.681977 0.642578 
0.681646 0.644531 

0.547631 0.720703 
0.544922 0.719733 

0.547625 0.720703 
0.547852 0.720784 

0.550781 0.721824 
0.547852 0.720848 

0.680850 0.648438 
0.680396 0.650391 

0.680384 0.650391 
0.679923 0.652344 

0.508745 0.560547 
0.509766 0.559314 

0.507111 0.562500 
0.508695 0.560547 

0.676115 0.664062 
0.675304 0.666016 

0.675298 0.666016 
0.674462 0.667969 

0.613004 0.722656 
0.615234 0.722007 

0.667795 0.574219 
0.667969 0.574558 

0.488897 0.660156 
0.489258 0.661402 

0.489551 0.662109 
0.489258 0.661078 

0.489562 0.662109 
0.490272 0.664062 

0.555894 0.531250 
0.556641 0.531066 

0.673198 0.583984 
0.672223 0.582031 

0.673245 0.583984 
0.673828 0.585426 

0.668292 0.679688 
0.667969 0.680300 

0.486470 0.652344 
0.486328 0.651586 

0.679911 0.652344 
0.679688 0.653432 

0.526139 0.544922 
0.527344 0.544105 

0.523418 0.546875 
0.524414 0.546139 

0.526128 0.544922 
0.524414 0.546151 

0.512324 0.556641 
0.512695 0.556255 

0.514274 0.554688 
0.512695 0.556363 

0.510531 0.558594 
0.512295 0.556641 

0.539953 0.537109 
0.541992 0.536250 

0.544606 0.535156 
0.541992 0.536173 

0.539951 0.537109 
0.539062 0.537500 

0.674426 0.667969 
0.673828 0.669507 

0.484140 0.640625 
0.484431 0.642578 

0.484431 0.642578 
0.484760 0.644531 

0.583008 0.527347 
0.580078 0.527413 

0.583008 0.527346 
0.585938 0.527379 

0.483235 0.628906 
0.483289 0.630859 

0.483296 0.630859 
0.483377 0.632812 

0.646551 0.705078 
0.647461 0.704269 

0.648796 0.703125 
0.647461 0.704347 

0.646554 0.705078 
0.644531 0.706805 

0.681647 0.644531 
0.681272 0.646484 

0.681271 0.646484 
0.680853 0.648438 

0.534473 0.714844 
0.536133 0.715697 

0.538364 0.716797 
0.536133 0.715760 

0.538361 0.716797 
0.539062 0.717127 

0.606012 0.724609 
0.606445 0.724529 

0.606445 0.724497 
0.609375 0.723778 

0.606216 0.724609 
0.603516 0.725145 

0.491970 0.667969 
0.492188 0.668576 

0.657625 0.560547 
0.656250 0.558891 

0.657707 0.560547 
0.659180 0.562401 

0.659352 0.562500 
0.659180 0.562283 

0.483990 0.615234 
0.484257 0.613281 

0.483761 0.617188 
0.483990 0.615234 

0.499901 0.572266 
0.500977 0.570494 

0.501182 0.570312 
0.500977 0.570666 

0.498606 0.574219 
0.499826 0.572266 

0.577148 0.527577 
0.574219 0.527818 

0.580078 0.527415 
0.577148 0.527574 

0.527860 0.710938 
0.530273 0.712448 

0.530972 0.712891 
0.530273 0.712473 

0.530986 0.712891 
0.533203 0.714143 

0.493205 0.583984 
0.494184 0.582031 

0.492325 0.585938 
0.493175 0.583984 

0.489824 0.591797 
0.490594 0.589844 

0.489121 0.593750 
0.489258 0.593257 

0.489792 0.591797 
0.489258 0.593472 

0.591797 0.527754 
0.594727 0.528074 

0.594727 0.528073 
0.597656 0.528466 

0.559570 0.724402 
0.556641 0.723664 

0.560496 0.724609 
0.559570 0.724432 

0.560248 0.724609 
0.562500 0.725053 

0.670561 0.675781 
0.669478 0.677734 

0.669411 0.677734 
0.668293 0.679688 

0.532361 0.541016 
0.533203 0.540541 

0.529102 0.542969 
0.530273 0.542244 

0.532356 0.541016 
0.530273 0.542211 

0.571289 0.726557 
0.568359 0.726187 

0.676551 0.591797 
0.675813 0.589844 

0.676568 0.591797 
0.676758 0.592460 

0.677238 0.593750 
0.676758 0.592191 

0.670180 0.578125 
0.670898 0.579611 

0.671214 0.580078 
0.670898 0.579375 

0.672186 0.582031 
0.671217 0.580078 

0.682523 0.638672 
0.682617 0.637536 

0.682715 0.636719 
0.682617 0.637964 

0.682516 0.638672 
0.682274 0.640625 

0.535984 0.539062 
0.536133 0.538986 

0.539062 0.537563 
0.536133 0.538925 

0.672605 0.671875 
0.671611 0.673828 

0.670587 0.675781 
0.670898 0.675081 

0.671578 0.673828 
0.670898 0.675303 

0.565430 0.725672 
0.562500 0.725093 

0.568359 0.726167 
0.565430 0.725672 

0.520891 0.548828 
0.521484 0.548353 

0.518551 0.550781 
0.518555 0.550778 

0.518621 0.550781 
0.520864 0.548828 

0.486678 0.601562 
0.486328 0.603172 

0.610390 0.531250 
0.612305 0.531742 

0.612305 0.531790 
0.615234 0.532705 

0.495234 0.580078 
0.496236 0.578125 

0.494245 0.582031 
0.495117 0.580171 

0.495243 0.580078 
0.495117 0.580378 

0.683023 0.632812 
0.682891 0.634766 

0.682887 0.634766 
0.682726 0.636719 

0.522416 0.707031 
0.521484 0.706289 

0.683094 0.623047 
0.682984 0.621094 

0.683164 0.625000 
0.683094 0.623047 

0.667106 0.681641 
0.667969 0.680102 

0.667037 0.681641 
0.665770 0.683594 

0.495842 0.675781 
0.496946 0.677734 

0.497010 0.677734 
0.498047 0.679649 

0.595042 0.726562 
0.597656 0.726252 

0.522396 0.707031 
0.524414 0.708569 

0.525033 0.708984 
0.524414 0.708536 

0.525019 0.708984 
0.527344 0.710594 

0.517663 0.703125 
0.518555 0.703919 

0.519945 0.705078 
0.518555 0.703848 

0.519955 0.705078 
0.521484 0.706342 

0.486208 0.603516 
0.486328 0.602883 

0.485744 0.605469 
0.486189 0.603516 

0.682821 0.619141 
0.682653 0.617188 

0.682984 0.621094 
0.682833 0.619141 

0.523394 0.546875 
0.521484 0.548398 

0.660871 0.564453 
0.659373 0.562500 

0.660955 0.564453 
0.662109 0.566085 

0.553711 0.531907 
0.550781 0.532819 

0.556025 0.531250 
0.553711 0.531856 

0.491485 0.587891 
0.492188 0.586097 

0.490600 0.589844 
0.491433 0.587891 

0.486477 0.652344 
0.486975 0.654297 

0.486992 0.654297 
0.487567 0.656250 

0.498151 0.679688 
0.499297 0.681641 

0.499375 0.681641 
0.500606 0.683594 

0.679180 0.599609 
0.678583 0.597656 

0.679213 0.599609 
0.679688 0.601505 

0.666503 0.572266 
0.665262 0.570312 

0.667777 0.574219 
0.666587 0.572266 

0.681127 0.607422 
0.680705 0.605469 

0.681505 0.609375 
0.681125 0.607422 

0.664437 0.685547 
0.665039 0.684553 

0.665730 0.683594 
0.665039 0.684739 

0.664398 0.685547 
0.663025 0.687500 

0.487563 0.656250 
0.488191 0.658203 

0.488206 0.658203 
0.488863 0.660156 

0.483573 0.619141 
0.483762 0.617188 

0.483427 0.621094 
0.483568 0.619141 

0.553379 0.722656 
0.550781 0.721888 

0.571196 0.726562 
0.571289 0.726571 

0.574219 0.726859 
0.571289 0.726591 

0.662438 0.566406 
0.662109 0.565931 

0.484561 0.611328 
0.484905 0.609375 

0.484256 0.613281 
0.484561 0.611328 

0.681845 0.611328 
0.681504 0.609375 

0.682149 0.613281 
0.681845 0.611328 

0.583008 0.727329 
0.580078 0.727265 

0.583008 0.727331 
0.585938 0.727297 

0.677940 0.595703 
0.677272 0.593750 

0.678585 0.597656 
0.677947 0.595703 

0.577148 0.727105 
0.574219 0.726875 

0.580078 0.727262 
0.577148 0.727109 

0.529089 0.542969 
0.527344 0.544096 

0.517640 0.703125 
0.515625 0.701184 

0.644168 0.707031 
0.644531 0.706740 

0.527868 0.710938 
0.527344 0.710591 

0.487233 0.599609 
0.487806 0.597656 

0.486703 0.601562 
0.487233 0.599609 

0.483324 0.623047 
0.483398 0.621296 

0.483426 0.621094 
0.483398 0.621772 

0.483250 0.625000 
0.483316 0.623047 

0.643185 0.546875 
0.644531 0.547947 

0.536001 0.539062 
0.533203 0.540487 

0.616660 0.533203 
0.615234 0.532755 

0.616558 0.533203 
0.618164 0.533717 

0.618164 0.533780 
0.621094 0.534855 

0.591797 0.726913 
0.594727 0.726634 

0.595275 0.726562 
0.594727 0.726615 

0.485285 0.607422 
0.485720 0.605469 

0.484905 0.609375 
0.485290 0.607422 

0.585938 0.727298 
0.588867 0.727163 

0.588867 0.727160 
0.591797 0.726932 

0.680209 0.603516 
0.679752 0.601562 

0.680706 0.605469 
0.680238 0.603516 

0.682415 0.615234 
0.682150 0.613281 

0.682427 0.615234 
0.682617 0.617099 

0.682646 0.617188 
0.682617 0.616814 

0.641585 0.708984 
0.641602 0.708973 

0.644183 0.707031 
0.641643 0.708984 

0.638715 0.710938 
0.641602 0.708992 

0.641608 0.708984 
0.641602 0.708989 

0.656654 0.695312 
0.656250 0.695775 

0.553321 0.722656 
0.553711 0.722766 

0.556641 0.723625 
0.553711 0.722820 

