0.4375 0.09375
0.46875 0.125

0.46875 0.09375
0.4375 0.125

0.34375 0.15625
0.375 0.1875

0.375 0.15625
0.34375 0.1875

0.28125 0.21875
0.3125 0.25

0.3125 0.21875
0.28125 0.25

0.3125 0.1875
0.34375 0.21875

0.34375 0.1875
0.3125 0.21875

0.34375 0.1875
0.375 0.21875

0.375 0.1875
0.34375 0.21875

0.3125 0.21875
0.34375 0.25

0.34375 0.21875
0.3125 0.25

0.375 0.125
0.40625 0.15625

0.40625 0.125
0.375 0.15625

0.375 0.15625
0.40625 0.1875

0.40625 0.15625
0.375 0.1875

0.4375 0.125
0.46875 0.15625

0.46875 0.125
0.4375 0.15625

0.21875 0.28125
0.25 0.3125

0.25 0.28125
0.21875 0.3125

0.15625 0.34375
0.1875 0.375

0.1875 0.34375
0.15625 0.375

0.1875 0.3125
0.21875 0.34375

0.21875 0.3125
0.1875 0.34375

0.21875 0.3125
0.25 0.34375

0.25 0.3125
0.21875 0.34375

0.1875 0.34375
0.21875 0.375

0.21875 0.34375
0.1875 0.375

0.125 0.375
0.15625 0.40625

0.15625 0.375
0.125 0.40625

0.15625 0.375
0.1875 0.40625

0.1875 0.375
0.15625 0.40625

0.125 0.40625
0.15625 0.4375

0.15625 0.40625
0.125 0.4375

0.125 0.4375
0.15625 0.46875

0.15625 0.4375
0.125 0.46875

0.25 0.25
0.28125 0.28125

0.28125 0.25
0.25 0.28125

0.28125 0.25
0.3125 0.28125

0.3125 0.25
0.28125 0.28125

0.25 0.28125
0.28125 0.3125

0.28125 0.28125
0.25 0.3125

0.71875 0.6875
0.75 0.71875

0.75 0.6875
0.71875 0.71875

0.6875 0.71875
0.71875 0.75

0.71875 0.71875
0.6875 0.75

0.71875 0.71875
0.75 0.75

0.75 0.71875
0.71875 0.75

0.84375 0.53125
0.875 0.5625

0.875 0.53125
0.84375 0.5625

0.84375 0.5625
0.875 0.59375

0.875 0.5625
0.84375 0.59375

0.8125 0.59375
0.84375 0.625

0.84375 0.59375
0.8125 0.625

0.84375 0.59375
0.875 0.625

0.875 0.59375
0.84375 0.625

0.78125 0.625
0.8125 0.65625

0.8125 0.625
0.78125 0.65625

0.75 0.65625
0.78125 0.6875

0.78125 0.65625
0.75 0.6875

0.78125 0.65625
0.8125 0.6875

0.8125 0.65625
0.78125 0.6875

0.8125 0.625
0.84375 0.65625

0.84375 0.625
0.8125 0.65625

0.75 0.6875
0.78125 0.71875

0.78125 0.6875
0.75 0.71875

0.53125 0.84375
0.5625 0.875

0.5625 0.84375
0.53125 0.875

0.59375 0.8125
0.625 0.84375

0.625 0.8125
0.59375 0.84375

0.5625 0.84375
0.59375 0.875

0.59375 0.84375
0.5625 0.875

0.59375 0.84375
0.625 0.875

0.625 0.84375
0.59375 0.875

0.65625 0.75
0.6875 0.78125

0.6875 0.75
0.65625 0.78125

0.625 0.78125
0.65625 0.8125

0.65625 0.78125
0.625 0.8125

0.65625 0.78125
0.6875 0.8125

0.6875 0.78125
0.65625 0.8125

0.6875 0.75
0.71875 0.78125

0.71875 0.75
0.6875 0.78125

0.625 0.8125
0.65625 0.84375

0.65625 0.8125
0.625 0.84375

0.59375 0.046875
0.609375 0.0625

0.609375 0.046875
0.59375 0.0625

0.609375 0.046875
0.625 0.0625

0.625 0.046875
0.609375 0.0625

0.5 0.078125
0.515625 0.09375

0.515625 0.078125
0.5 0.09375

0.515625 0.078125
0.53125 0.09375

0.53125 0.078125
0.515625 0.09375

0.546875 0.0625
0.5625 0.078125

0.5625 0.0625
0.546875 0.078125

0.53125 0.078125
0.546875 0.09375

0.546875 0.078125
0.53125 0.09375

0.546875 0.078125
0.5625 0.09375

0.5625 0.078125
0.546875 0.09375

0.5 0.09375
0.515625 0.109375

0.515625 0.09375
0.5 0.109375

0.5625 0.0625
0.578125 0.078125

0.578125 0.0625
0.5625 0.078125

0.578125 0.0625
0.59375 0.078125

0.59375 0.0625
0.578125 0.078125

0.65625 0.03125
0.671875 0.046875

0.671875 0.03125
0.65625 0.046875

0.671875 0.03125
0.6875 0.046875

0.6875 0.03125
0.671875 0.046875

0.953125 0.328125
0.96875 0.34375

0.96875 0.328125
0.953125 0.34375

0.953125 0.34375
0.96875 0.359375

0.96875 0.34375
0.953125 0.359375

0.921875 0.40625
0.9375 0.421875

0.9375 0.40625
0.921875 0.421875

0.921875 0.421875
0.9375 0.4375

0.9375 0.421875
0.921875 0.4375

0.9375 0.375
0.953125 0.390625

0.953125 0.375
0.9375 0.390625

0.9375 0.390625
0.953125 0.40625

0.953125 0.390625
0.9375 0.40625

0.90625 0.4375
0.921875 0.453125

0.921875 0.4375
0.90625 0.453125

0.921875 0.4375
0.9375 0.453125

0.9375 0.4375
0.921875 0.453125

0.90625 0.453125
0.921875 0.46875

0.921875 0.453125
0.90625 0.46875

0.890625 0.484375
0.90625 0.5

0.90625 0.484375
0.890625 0.5

0.90625 0.46875
0.921875 0.484375

0.921875 0.46875
0.90625 0.484375

0.90625 0.484375
0.921875 0.5

0.921875 0.484375
0.90625 0.5

0.078125 0.5
0.09375 0.515625

0.09375 0.5
0.078125 0.515625

0.078125 0.515625
0.09375 0.53125

0.09375 0.515625
0.078125 0.53125

0.09375 0.5
0.109375 0.515625

0.109375 0.5
0.09375 0.515625

0.078125 0.53125
0.09375 0.546875

0.09375 0.53125
0.078125 0.546875

0.0625 0.546875
0.078125 0.5625

0.078125 0.546875
0.0625 0.5625

0.078125 0.546875
0.09375 0.5625

0.09375 0.546875
0.078125 0.5625

0.046875 0.59375
0.0625 0.609375

0.0625 0.59375
0.046875 0.609375

0.046875 0.609375
0.0625 0.625

0.0625 0.609375
0.046875 0.625

0.0625 0.5625
0.078125 0.578125

0.078125 0.5625
0.0625 0.578125

0.0625 0.578125
0.078125 0.59375

0.078125 0.578125
0.0625 0.59375

0.03125 0.640625
0.046875 0.65625

0.046875 0.640625
0.03125 0.65625

0.046875 0.640625
0.0625 0.65625

0.0625 0.640625
0.046875 0.65625

0.03125 0.65625
0.046875 0.671875

0.046875 0.65625
0.03125 0.671875

0.328125 0.953125
0.34375 0.96875

0.34375 0.953125
0.328125 0.96875

0.40625 0.921875
0.421875 0.9375

0.421875 0.921875
0.40625 0.9375

0.421875 0.921875
0.4375 0.9375

0.4375 0.921875
0.421875 0.9375

0.484375 0.890625
0.5 0.90625

0.5 0.890625
0.484375 0.90625

0.4375 0.90625
0.453125 0.921875

0.453125 0.90625
0.4375 0.921875

0.453125 0.90625
0.46875 0.921875

0.46875 0.90625
0.453125 0.921875

0.4375 0.921875
0.453125 0.9375

0.453125 0.921875
0.4375 0.9375

0.46875 0.90625
0.484375 0.921875

0.484375 0.90625
0.46875 0.921875

0.484375 0.90625
0.5 0.921875

0.5 0.90625
0.484375 0.921875

0.375 0.9375
0.390625 0.953125

0.390625 0.9375
0.375 0.953125

0.390625 0.9375
0.40625 0.953125

0.40625 0.9375
0.390625 0.953125

0.710938 0.03125
0.71875 0.0390625

0.71875 0.03125
0.710938 0.0390625

0.703125 0.0390625
0.710938 0.046875

0.710938 0.0390625
0.703125 0.046875

0.71875 0.03125
0.726562 0.0390625

0.726562 0.03125
0.71875 0.0390625

0.726562 0.03125
0.734375 0.0390625

0.734375 0.03125
0.726562 0.0390625

0.734375 0.03125
0.742188 0.0390625

0.742188 0.03125
0.734375 0.0390625

0.742188 0.03125
0.75 0.0390625

0.75 0.03125
0.742188 0.0390625

0.960938 0.242188
0.96875 0.25

0.96875 0.242188
0.960938 0.25

0.960938 0.25
0.96875 0.257812

0.96875 0.25
0.960938 0.257812

0.960938 0.257812
0.96875 0.265625

0.96875 0.257812
0.960938 0.265625

0.960938 0.273438
0.96875 0.28125

0.96875 0.273438
0.960938 0.28125

0.960938 0.28125
0.96875 0.289062

0.96875 0.28125
0.960938 0.289062

0.960938 0.289062
0.96875 0.296875

0.96875 0.289062
0.960938 0.296875

0.953125 0.304688
0.960938 0.3125

0.960938 0.304688
0.953125 0.3125

0.03125 0.695312
0.0390625 0.703125

0.0390625 0.695312
0.03125 0.703125

0.03125 0.703125
0.0390625 0.710938

0.0390625 0.703125
0.03125 0.710938

0.03125 0.710938
0.0390625 0.71875

0.0390625 0.710938
0.03125 0.71875

0.03125 0.71875
0.0390625 0.726562

0.0390625 0.71875
0.03125 0.726562

0.03125 0.75
0.0390625 0.757812

0.0390625 0.75
0.03125 0.757812

0.03125 0.757812
0.0390625 0.765625

0.0390625 0.757812
0.03125 0.765625

0.234375 0.960938
0.242188 0.96875

0.242188 0.960938
0.234375 0.96875

0.242188 0.960938
0.25 0.96875

0.25 0.960938
0.242188 0.96875

0.273438 0.960938
0.28125 0.96875

0.28125 0.960938
0.273438 0.96875

0.28125 0.960938
0.289062 0.96875

0.289062 0.960938
0.28125 0.96875

0.289062 0.960938
0.296875 0.96875

0.296875 0.960938
0.289062 0.96875

0.796875 0.0429688
0.800781 0.046875

0.800781 0.0429688
0.796875 0.046875

0.808594 0.046875
0.8125 0.0507812

0.8125 0.046875
0.808594 0.0507812

0.8125 0.0507812
0.816406 0.0546875

0.816406 0.0507812
0.8125 0.0546875

0.820312 0.0507812
0.824219 0.0546875

0.824219 0.0507812
0.820312 0.0546875

0.835938 0.0585938
0.839844 0.0625

0.839844 0.0585938
0.835938 0.0625

0.84375 0.0625
0.847656 0.0664062

0.847656 0.0625
0.84375 0.0664062

0.851562 0.0664062
0.855469 0.0703125

0.855469 0.0664062
0.851562 0.0703125

0.859375 0.0703125
0.863281 0.0742188

0.863281 0.0703125
0.859375 0.0742188

0.925781 0.136719
0.929688 0.140625

0.929688 0.136719
0.925781 0.140625

0.929688 0.144531
0.933594 0.148438

0.933594 0.144531
0.929688 0.148438

0.933594 0.152344
0.9375 0.15625

0.9375 0.152344
0.933594 0.15625

0.9375 0.160156
0.941406 0.164062

0.941406 0.160156
0.9375 0.164062

0.945312 0.183594
0.949219 0.1875

0.949219 0.183594
0.945312 0.1875

0.949219 0.1875
0.953125 0.191406

0.953125 0.1875
0.949219 0.191406

0.953125 0.199219
0.957031 0.203125

0.957031 0.199219
0.953125 0.203125

0.953125 0.203125
0.957031 0.207031

0.957031 0.203125
0.953125 0.207031

0.0429688 0.800781
0.046875 0.804688

0.046875 0.800781
0.0429688 0.804688

0.046875 0.804688
0.0507812 0.808594

0.0507812 0.804688
0.046875 0.808594

0.046875 0.8125
0.0507812 0.816406

0.0507812 0.8125
0.046875 0.816406

0.0507812 0.816406
0.0546875 0.820312

0.0546875 0.816406
0.0507812 0.820312

0.0546875 0.828125
0.0585938 0.832031

0.0585938 0.828125
0.0546875 0.832031

0.0585938 0.839844
0.0625 0.84375

0.0625 0.839844
0.0585938 0.84375

0.0625 0.847656
0.0664062 0.851562

0.0664062 0.847656
0.0625 0.851562

0.0664062 0.855469
0.0703125 0.859375

0.0703125 0.855469
0.0664062 0.859375

0.0703125 0.863281
0.0742188 0.867188

0.0742188 0.863281
0.0703125 0.867188

0.140625 0.929688
0.144531 0.933594

0.144531 0.929688
0.140625 0.933594

0.148438 0.933594
0.152344 0.9375

0.152344 0.933594
0.148438 0.9375

0.15625 0.9375
0.160156 0.941406

0.160156 0.9375
0.15625 0.941406

0.160156 0.9375
0.164062 0.941406

0.164062 0.9375
0.160156 0.941406

0.167969 0.941406
0.171875 0.945312

0.171875 0.941406
0.167969 0.945312

0.171875 0.945312
0.175781 0.949219

0.175781 0.945312
0.171875 0.949219

0.179688 0.945312
0.183594 0.949219

0.183594 0.945312
0.179688 0.949219

0.183594 0.949219
0.1875 0.953125

0.1875 0.949219
0.183594 0.953125

0.195312 0.953125
0.199219 0.957031

0.199219 0.953125
0.195312 0.957031

0.792969 0.0429688
0.796875 0.046875

0.796875 0.0429688
0.792969 0.046875

0.824219 0.0546875
0.828125 0.0585938

0.828125 0.0546875
0.824219 0.0585938

0.941406 0.171875
0.945312 0.175781

0.945312 0.171875
0.941406 0.175781

0.957031 0.214844
0.960938 0.21875

0.960938 0.214844
0.957031 0.21875

0.0390625 0.78125
0.0429688 0.785156

0.0429688 0.78125
0.0390625 0.785156

0.0429688 0.78125
0.046875 0.785156

0.046875 0.78125
0.0429688 0.785156

0.0390625 0.785156
0.0429688 0.789062

0.0429688 0.785156
0.0390625 0.789062

0.0429688 0.785156
0.046875 0.789062

0.046875 0.785156
0.0429688 0.789062

0.6875 0.0390625
0.695312 0.046875

0.695312 0.0390625
0.6875 0.046875

0.953125 0.320312
0.960938 0.328125

0.960938 0.320312
0.953125 0.328125

0.0390625 0.671875
0.046875 0.679688

0.046875 0.671875
0.0390625 0.679688

0.296875 0.960938
0.304688 0.96875

0.304688 0.960938
0.296875 0.96875

0.46875 0.09375
0.484375 0.109375

0.484375 0.09375
0.46875 0.109375

0.46875 0.109375
0.484375 0.125

0.484375 0.109375
0.46875 0.125

0.875 0.515625
0.890625 0.53125

0.890625 0.515625
0.875 0.53125

0.890625 0.515625
0.90625 0.53125

0.90625 0.515625
0.890625 0.53125

0.09375 0.46875
0.109375 0.484375

0.109375 0.46875
0.09375 0.484375

0.109375 0.46875
0.125 0.484375

0.125 0.46875
0.109375 0.484375

0.515625 0.875
0.53125 0.890625

0.53125 0.875
0.515625 0.890625

0.515625 0.890625
0.53125 0.90625

0.53125 0.890625
0.515625 0.90625

0.421875 0.125
0.4375 0.140625

0.4375 0.125
0.421875 0.140625

0.40625 0.140625
0.421875 0.15625

0.421875 0.140625
0.40625 0.15625

0.421875 0.140625
0.4375 0.15625

0.4375 0.140625
0.421875 0.15625

0.109375 0.453125
0.125 0.46875

0.125 0.453125
0.109375 0.46875

0.875 0.53125
0.890625 0.546875

0.890625 0.53125
0.875 0.546875

0.53125 0.875
0.546875 0.890625

0.546875 0.875
0.53125 0.890625

0.585938 0.0546875
0.59375 0.0625

0.59375 0.0546875
0.585938 0.0625

0.648438 0.0390625
0.65625 0.046875

0.65625 0.0390625
0.648438 0.046875

0.625 0.046875
0.632812 0.0546875

0.632812 0.046875
0.625 0.0546875

0.632812 0.046875
0.640625 0.0546875

0.640625 0.046875
0.632812 0.0546875

0.640625 0.046875
0.648438 0.0546875

0.648438 0.046875
0.640625 0.0546875

0.648438 0.046875
0.65625 0.0546875

0.65625 0.046875
0.648438 0.0546875

0.945312 0.34375
0.953125 0.351562

0.953125 0.34375
0.945312 0.351562

0.945312 0.351562
0.953125 0.359375

0.953125 0.351562
0.945312 0.359375

0.945312 0.359375
0.953125 0.367188

0.953125 0.359375
0.945312 0.367188

0.945312 0.367188
0.953125 0.375

0.953125 0.367188
0.945312 0.375

0.9375 0.40625
0.945312 0.414062

0.945312 0.40625
0.9375 0.414062

0.0546875 0.585938
0.0625 0.59375

0.0625 0.585938
0.0546875 0.59375

0.046875 0.625
0.0546875 0.632812

0.0546875 0.625
0.046875 0.632812

0.046875 0.632812
0.0546875 0.640625

0.0546875 0.632812
0.046875 0.640625

0.3125 0.953125
0.320312 0.960938

0.320312 0.953125
0.3125 0.960938

0.320312 0.953125
0.328125 0.960938

0.328125 0.953125
0.320312 0.960938

0.34375 0.945312
0.351562 0.953125

0.351562 0.945312
0.34375 0.953125

0.351562 0.945312
0.359375 0.953125

0.359375 0.945312
0.351562 0.953125

0.359375 0.945312
0.367188 0.953125

0.367188 0.945312
0.359375 0.953125

0.367188 0.945312
0.375 0.953125

0.375 0.945312
0.367188 0.953125

0.34375 0.953125
0.351562 0.960938

0.351562 0.953125
0.34375 0.960938

0.351562 0.953125
0.359375 0.960938

0.359375 0.953125
0.351562 0.960938

0.40625 0.9375
0.414062 0.945312

0.414062 0.9375
0.40625 0.945312

0.710938 0.0390625
0.714844 0.0429688

0.714844 0.0390625
0.710938 0.0429688

0.714844 0.0390625
0.71875 0.0429688

0.71875 0.0390625
0.714844 0.0429688

0.742188 0.0390625
0.746094 0.0429688

0.746094 0.0390625
0.742188 0.0429688

0.746094 0.0390625
0.75 0.0429688

0.75 0.0390625
0.746094 0.0429688

0.75 0.0390625
0.753906 0.0429688

0.753906 0.0390625
0.75 0.0429688

0.753906 0.0390625
0.757812 0.0429688

0.757812 0.0390625
0.753906 0.0429688

0.757812 0.0390625
0.761719 0.0429688

0.761719 0.0390625
0.757812 0.0429688

0.761719 0.0390625
0.765625 0.0429688

0.765625 0.0390625
0.761719 0.0429688

0.765625 0.0390625
0.769531 0.0429688

0.769531 0.0390625
0.765625 0.0429688

0.769531 0.0390625
0.773438 0.0429688

0.773438 0.0390625
0.769531 0.0429688

0.773438 0.0390625
0.777344 0.0429688

0.777344 0.0390625
0.773438 0.0429688

0.777344 0.0390625
0.78125 0.0429688

0.78125 0.0390625
0.777344 0.0429688

0.78125 0.0390625
0.785156 0.0429688

0.785156 0.0390625
0.78125 0.0429688

0.78125 0.0429688
0.785156 0.046875

0.785156 0.0429688
0.78125 0.046875

0.785156 0.0429688
0.789062 0.046875

0.789062 0.0429688
0.785156 0.046875

0.957031 0.21875
0.960938 0.222656

0.960938 0.21875
0.957031 0.222656

0.957031 0.222656
0.960938 0.226562

0.960938 0.222656
0.957031 0.226562

0.957031 0.226562
0.960938 0.230469

0.960938 0.226562
0.957031 0.230469

0.957031 0.230469
0.960938 0.234375

0.960938 0.230469
0.957031 0.234375

0.957031 0.234375
0.960938 0.238281

0.960938 0.234375
0.957031 0.238281

0.957031 0.238281
0.960938 0.242188

0.960938 0.238281
0.957031 0.242188

0.957031 0.242188
0.960938 0.246094

0.960938 0.242188
0.957031 0.246094

0.957031 0.246094
0.960938 0.25

0.960938 0.246094
0.957031 0.25

0.960938 0.265625
0.964844 0.269531

0.964844 0.265625
0.960938 0.269531

0.960938 0.269531
0.964844 0.273438

0.964844 0.269531
0.960938 0.273438

0.957031 0.289062
0.960938 0.292969

0.960938 0.289062
0.957031 0.292969

0.957031 0.292969
0.960938 0.296875

0.960938 0.292969
0.957031 0.296875

0.957031 0.296875
0.960938 0.300781

0.960938 0.296875
0.957031 0.300781

0.957031 0.300781
0.960938 0.304688

0.960938 0.300781
0.957031 0.304688

0.0390625 0.6875
0.0429688 0.691406

0.0429688 0.6875
0.0390625 0.691406

0.0390625 0.691406
0.0429688 0.695312

0.0429688 0.691406
0.0390625 0.695312

0.0390625 0.695312
0.0429688 0.699219

0.0429688 0.695312
0.0390625 0.699219

0.0351562 0.726562
0.0390625 0.730469

0.0390625 0.726562
0.0351562 0.730469

0.0351562 0.730469
0.0390625 0.734375

0.0390625 0.730469
0.0351562 0.734375

0.0351562 0.734375
0.0390625 0.738281

0.0390625 0.734375
0.0351562 0.738281

0.0351562 0.738281
0.0390625 0.742188

0.0390625 0.738281
0.0351562 0.742188

0.0351562 0.742188
0.0390625 0.746094

0.0390625 0.742188
0.0351562 0.746094

0.0351562 0.746094
0.0390625 0.75

0.0390625 0.746094
0.0351562 0.75

0.0390625 0.761719
0.0429688 0.765625

0.0429688 0.761719
0.0390625 0.765625

0.0390625 0.765625
0.0429688 0.769531

0.0429688 0.765625
0.0390625 0.769531

0.0390625 0.769531
0.0429688 0.773438

0.0429688 0.769531
0.0390625 0.773438

0.0390625 0.773438
0.0429688 0.777344

0.0429688 0.773438
0.0390625 0.777344

0.0390625 0.777344
0.0429688 0.78125

0.0429688 0.777344
0.0390625 0.78125

0.210938 0.953125
0.214844 0.957031

0.214844 0.953125
0.210938 0.957031

0.210938 0.957031
0.214844 0.960938

0.214844 0.957031
0.210938 0.960938

0.214844 0.957031
0.21875 0.960938

0.21875 0.957031
0.214844 0.960938

0.21875 0.957031
0.222656 0.960938

0.222656 0.957031
0.21875 0.960938

0.222656 0.957031
0.226562 0.960938

0.226562 0.957031
0.222656 0.960938

0.226562 0.957031
0.230469 0.960938

0.230469 0.957031
0.226562 0.960938

0.230469 0.957031
0.234375 0.960938

0.234375 0.957031
0.230469 0.960938

0.234375 0.957031
0.238281 0.960938

0.238281 0.957031
0.234375 0.960938

0.238281 0.957031
0.242188 0.960938

0.242188 0.957031
0.238281 0.960938

0.25 0.960938
0.253906 0.964844

0.253906 0.960938
0.25 0.964844

0.253906 0.960938
0.257812 0.964844

0.257812 0.960938
0.253906 0.964844

0.257812 0.960938
0.261719 0.964844

0.261719 0.960938
0.257812 0.964844

0.261719 0.960938
0.265625 0.964844

0.265625 0.960938
0.261719 0.964844

0.265625 0.960938
0.269531 0.964844

0.269531 0.960938
0.265625 0.964844

0.269531 0.960938
0.273438 0.964844

0.273438 0.960938
0.269531 0.964844

0.800781 0.046875
0.802734 0.0488281

0.802734 0.046875
0.800781 0.0488281

0.802734 0.046875
0.804688 0.0488281

0.804688 0.046875
0.802734 0.0488281

0.804688 0.046875
0.806641 0.0488281

0.806641 0.046875
0.804688 0.0488281

0.806641 0.046875
0.808594 0.0488281

0.808594 0.046875
0.806641 0.0488281

0.806641 0.0488281
0.808594 0.0507812

0.808594 0.0488281
0.806641 0.0507812

0.8125 0.0488281
0.814453 0.0507812

0.814453 0.0488281
0.8125 0.0507812

0.814453 0.0488281
0.816406 0.0507812

0.816406 0.0488281
0.814453 0.0507812

0.816406 0.0507812
0.818359 0.0527344

0.818359 0.0507812
0.816406 0.0527344

0.818359 0.0507812
0.820312 0.0527344

0.820312 0.0507812
0.818359 0.0527344

0.824219 0.0527344
0.826172 0.0546875

0.826172 0.0527344
0.824219 0.0546875

0.826172 0.0527344
0.828125 0.0546875

0.828125 0.0527344
0.826172 0.0546875

0.828125 0.0546875
0.830078 0.0566406

0.830078 0.0546875
0.828125 0.0566406

0.830078 0.0546875
0.832031 0.0566406

0.832031 0.0546875
0.830078 0.0566406

0.830078 0.0566406
0.832031 0.0585938

0.832031 0.0566406
0.830078 0.0585938

0.832031 0.0566406
0.833984 0.0585938

0.833984 0.0566406
0.832031 0.0585938

0.833984 0.0566406
0.835938 0.0585938

0.835938 0.0566406
0.833984 0.0585938

0.835938 0.0566406
0.837891 0.0585938

0.837891 0.0566406
0.835938 0.0585938

0.839844 0.0585938
0.841797 0.0605469

0.841797 0.0585938
0.839844 0.0605469

0.839844 0.0605469
0.841797 0.0625

0.841797 0.0605469
0.839844 0.0625

0.841797 0.0605469
0.84375 0.0625

0.84375 0.0605469
0.841797 0.0625

0.84375 0.0605469
0.845703 0.0625

0.845703 0.0605469
0.84375 0.0625

0.847656 0.0625
0.849609 0.0644531

0.849609 0.0625
0.847656 0.0644531

0.847656 0.0644531
0.849609 0.0664062

0.849609 0.0644531
0.847656 0.0664062

0.849609 0.0644531
0.851562 0.0664062

0.851562 0.0644531
0.849609 0.0664062

0.851562 0.0644531
0.853516 0.0664062

0.853516 0.0644531
0.851562 0.0664062

0.855469 0.0664062
0.857422 0.0683594

0.857422 0.0664062
0.855469 0.0683594

0.855469 0.0683594
0.857422 0.0703125

0.857422 0.0683594
0.855469 0.0703125

0.857422 0.0683594
0.859375 0.0703125

0.859375 0.0683594
0.857422 0.0703125

0.859375 0.0683594
0.861328 0.0703125

0.861328 0.0683594
0.859375 0.0703125

0.863281 0.0722656
0.865234 0.0742188

0.865234 0.0722656
0.863281 0.0742188

0.865234 0.0722656
0.867188 0.0742188

0.867188 0.0722656
0.865234 0.0742188

0.865234 0.0742188
0.867188 0.0761719

0.867188 0.0742188
0.865234 0.0761719

0.867188 0.0742188
0.869141 0.0761719

0.869141 0.0742188
0.867188 0.0761719

0.869141 0.0742188
0.871094 0.0761719

0.871094 0.0742188
0.869141 0.0761719

0.869141 0.0761719
0.871094 0.078125

0.871094 0.0761719
0.869141 0.078125

0.871094 0.0761719
0.873047 0.078125

0.873047 0.0761719
0.871094 0.078125

0.871094 0.078125
0.873047 0.0800781

0.873047 0.078125
0.871094 0.0800781

0.873047 0.078125
0.875 0.0800781

0.875 0.078125
0.873047 0.0800781

0.875 0.078125
0.876953 0.0800781

0.876953 0.078125
0.875 0.0800781

0.875 0.0800781
0.876953 0.0820312

0.876953 0.0800781
0.875 0.0820312

0.876953 0.0800781
0.878906 0.0820312

0.878906 0.0800781
0.876953 0.0820312

0.876953 0.0820312
0.878906 0.0839844

0.878906 0.0820312
0.876953 0.0839844

0.878906 0.0820312
0.880859 0.0839844

0.880859 0.0820312
0.878906 0.0839844

0.878906 0.0839844
0.880859 0.0859375

0.880859 0.0839844
0.878906 0.0859375

0.880859 0.0839844
0.882812 0.0859375

0.882812 0.0839844
0.880859 0.0859375

0.882812 0.0839844
0.884766 0.0859375

0.884766 0.0839844
0.882812 0.0859375

0.882812 0.0859375
0.884766 0.0878906

0.884766 0.0859375
0.882812 0.0878906

0.884766 0.0859375
0.886719 0.0878906

0.886719 0.0859375
0.884766 0.0878906

0.884766 0.0878906
0.886719 0.0898438

0.886719 0.0878906
0.884766 0.0898438

0.886719 0.0878906
0.888672 0.0898438

0.888672 0.0878906
0.886719 0.0898438

0.886719 0.0898438
0.888672 0.0917969

0.888672 0.0898438
0.886719 0.0917969

0.888672 0.0898438
0.890625 0.0917969

0.890625 0.0898438
0.888672 0.0917969

0.888672 0.0917969
0.890625 0.09375

0.890625 0.0917969
0.888672 0.09375

0.890625 0.0917969
0.892578 0.09375

0.892578 0.0917969
0.890625 0.09375

0.890625 0.09375
0.892578 0.0957031

0.892578 0.09375
0.890625 0.0957031

0.892578 0.09375
0.894531 0.0957031

0.894531 0.09375
0.892578 0.0957031

0.894531 0.0957031
0.896484 0.0976562

0.896484 0.0957031
0.894531 0.0976562

0.896484 0.0957031
0.898438 0.0976562

0.898438 0.0957031
0.896484 0.0976562

0.896484 0.0976562
0.898438 0.0996094

0.898438 0.0976562
0.896484 0.0996094

0.898438 0.0976562
0.900391 0.0996094

0.900391 0.0976562
0.898438 0.0996094

0.898438 0.0996094
0.900391 0.101562

0.900391 0.0996094
0.898438 0.101562

0.900391 0.0996094
0.902344 0.101562

0.902344 0.0996094
0.900391 0.101562

0.900391 0.101562
0.902344 0.103516

0.902344 0.101562
0.900391 0.103516

0.902344 0.101562
0.904297 0.103516

0.904297 0.101562
0.902344 0.103516

0.902344 0.103516
0.904297 0.105469

0.904297 0.103516
0.902344 0.105469

0.904297 0.103516
0.90625 0.105469

0.90625 0.103516
0.904297 0.105469

0.904297 0.105469
0.90625 0.107422

0.90625 0.105469
0.904297 0.107422

0.904297 0.107422
0.90625 0.109375

0.90625 0.107422
0.904297 0.109375

0.90625 0.107422
0.908203 0.109375

0.908203 0.107422
0.90625 0.109375

0.90625 0.109375
0.908203 0.111328

0.908203 0.109375
0.90625 0.111328

0.908203 0.109375
0.910156 0.111328

0.910156 0.109375
0.908203 0.111328

0.908203 0.111328
0.910156 0.113281

0.910156 0.111328
0.908203 0.113281

0.910156 0.111328
0.912109 0.113281

0.912109 0.111328
0.910156 0.113281

0.910156 0.113281
0.912109 0.115234

0.912109 0.113281
0.910156 0.115234

0.912109 0.113281
0.914062 0.115234

0.914062 0.113281
0.912109 0.115234

0.912109 0.115234
0.914062 0.117188

0.914062 0.115234
0.912109 0.117188

0.914062 0.115234
0.916016 0.117188

0.916016 0.115234
0.914062 0.117188

0.914062 0.117188
0.916016 0.119141

0.916016 0.117188
0.914062 0.119141

0.914062 0.119141
0.916016 0.121094

0.916016 0.119141
0.914062 0.121094

0.916016 0.119141
0.917969 0.121094

0.917969 0.119141
0.916016 0.121094

0.916016 0.121094
0.917969 0.123047

0.917969 0.121094
0.916016 0.123047

0.917969 0.121094
0.919922 0.123047

0.919922 0.121094
0.917969 0.123047

0.917969 0.123047
0.919922 0.125

0.919922 0.123047
0.917969 0.125

0.919922 0.123047
0.921875 0.125

0.921875 0.123047
0.919922 0.125

0.919922 0.125
0.921875 0.126953

0.921875 0.125
0.919922 0.126953

0.919922 0.126953
0.921875 0.128906

0.921875 0.126953
0.919922 0.128906

0.921875 0.126953
0.923828 0.128906

0.923828 0.126953
0.921875 0.128906

0.921875 0.128906
0.923828 0.130859

0.923828 0.128906
0.921875 0.130859

0.923828 0.128906
0.925781 0.130859

0.925781 0.128906
0.923828 0.130859

0.923828 0.130859
0.925781 0.132812

0.925781 0.130859
0.923828 0.132812

0.923828 0.132812
0.925781 0.134766

0.925781 0.132812
0.923828 0.134766

0.925781 0.132812
0.927734 0.134766

0.927734 0.132812
0.925781 0.134766

0.925781 0.134766
0.927734 0.136719

0.927734 0.134766
0.925781 0.136719

0.927734 0.134766
0.929688 0.136719

0.929688 0.134766
0.927734 0.136719

0.929688 0.138672
0.931641 0.140625

0.931641 0.138672
0.929688 0.140625

0.929688 0.140625
0.931641 0.142578

0.931641 0.140625
0.929688 0.142578

0.929688 0.142578
0.931641 0.144531

0.931641 0.142578
0.929688 0.144531

0.931641 0.142578
0.933594 0.144531

0.933594 0.142578
0.931641 0.144531

0.933594 0.144531
0.935547 0.146484

0.935547 0.144531
0.933594 0.146484

0.933594 0.146484
0.935547 0.148438

0.935547 0.146484
0.933594 0.148438

0.933594 0.148438
0.935547 0.150391

0.935547 0.148438
0.933594 0.150391

0.935547 0.148438
0.9375 0.150391

0.9375 0.148438
0.935547 0.150391

0.935547 0.150391
0.9375 0.152344

0.9375 0.150391
0.935547 0.152344

0.9375 0.152344
0.939453 0.154297

0.939453 0.152344
0.9375 0.154297

0.9375 0.154297
0.939453 0.15625

0.939453 0.154297
0.9375 0.15625

0.9375 0.15625
0.939453 0.158203

0.939453 0.15625
0.9375 0.158203

0.9375 0.158203
0.939453 0.160156

0.939453 0.158203
0.9375 0.160156

0.939453 0.158203
0.941406 0.160156

0.941406 0.158203
0.939453 0.160156

0.941406 0.162109
0.943359 0.164062

0.943359 0.162109
0.941406 0.164062

0.941406 0.164062
0.943359 0.166016

0.943359 0.164062
0.941406 0.166016

0.941406 0.166016
0.943359 0.167969

0.943359 0.166016
0.941406 0.167969

0.943359 0.166016
0.945312 0.167969

0.945312 0.166016
0.943359 0.167969

0.943359 0.167969
0.945312 0.169922

0.945312 0.167969
0.943359 0.169922

0.943359 0.169922
0.945312 0.171875

0.945312 0.169922
0.943359 0.171875

0.945312 0.171875
0.947266 0.173828

0.947266 0.171875
0.945312 0.173828

0.945312 0.173828
0.947266 0.175781

0.947266 0.173828
0.945312 0.175781

0.945312 0.175781
0.947266 0.177734

0.947266 0.175781
0.945312 0.177734

0.945312 0.177734
0.947266 0.179688

0.947266 0.177734
0.945312 0.179688

0.947266 0.177734
0.949219 0.179688

0.949219 0.177734
0.947266 0.179688

0.947266 0.179688
0.949219 0.181641

0.949219 0.179688
0.947266 0.181641

0.947266 0.181641
0.949219 0.183594

0.949219 0.181641
0.947266 0.183594

0.949219 0.183594
0.951172 0.185547

0.951172 0.183594
0.949219 0.185547

0.949219 0.185547
0.951172 0.1875

0.951172 0.185547
0.949219 0.1875

0.951172 0.191406
0.953125 0.193359

0.953125 0.191406
0.951172 0.193359

0.951172 0.193359
0.953125 0.195312

0.953125 0.193359
0.951172 0.195312

0.951172 0.195312
0.953125 0.197266

0.953125 0.195312
0.951172 0.197266

0.951172 0.197266
0.953125 0.199219

0.953125 0.197266
0.951172 0.199219

0.953125 0.197266
0.955078 0.199219

0.955078 0.197266
0.953125 0.199219

0.955078 0.207031
0.957031 0.208984

0.957031 0.207031
0.955078 0.208984

0.955078 0.208984
0.957031 0.210938

0.957031 0.208984
0.955078 0.210938

0.0410156 0.789062
0.0429688 0.791016

0.0429688 0.789062
0.0410156 0.791016

0.0429688 0.789062
0.0449219 0.791016

0.0449219 0.789062
0.0429688 0.791016

0.0429688 0.791016
0.0449219 0.792969

0.0449219 0.791016
0.0429688 0.792969

0.0429688 0.792969
0.0449219 0.794922

0.0449219 0.792969
0.0429688 0.794922

0.0429688 0.794922
0.0449219 0.796875

0.0449219 0.794922
0.0429688 0.796875

0.0429688 0.796875
0.0449219 0.798828

0.0449219 0.796875
0.0429688 0.798828

0.0429688 0.798828
0.0449219 0.800781

0.0449219 0.798828
0.0429688 0.800781

0.0449219 0.798828
0.046875 0.800781

0.046875 0.798828
0.0449219 0.800781

0.046875 0.808594
0.0488281 0.810547

0.0488281 0.808594
0.046875 0.810547

0.046875 0.810547
0.0488281 0.8125

0.0488281 0.810547
0.046875 0.8125

0.0488281 0.816406
0.0507812 0.818359

0.0507812 0.816406
0.0488281 0.818359

0.0488281 0.818359
0.0507812 0.820312

0.0507812 0.818359
0.0488281 0.820312

0.0488281 0.820312
0.0507812 0.822266

0.0507812 0.820312
0.0488281 0.822266

0.0507812 0.820312
0.0527344 0.822266

0.0527344 0.820312
0.0507812 0.822266

0.0507812 0.822266
0.0527344 0.824219

0.0527344 0.822266
0.0507812 0.824219

0.0507812 0.824219
0.0527344 0.826172

0.0527344 0.824219
0.0507812 0.826172

0.0527344 0.824219
0.0546875 0.826172

0.0546875 0.824219
0.0527344 0.826172

0.0527344 0.826172
0.0546875 0.828125

0.0546875 0.826172
0.0527344 0.828125

0.0527344 0.828125
0.0546875 0.830078

0.0546875 0.828125
0.0527344 0.830078

0.0527344 0.830078
0.0546875 0.832031

0.0546875 0.830078
0.0527344 0.832031

0.0546875 0.832031
0.0566406 0.833984

0.0566406 0.832031
0.0546875 0.833984

0.0546875 0.833984
0.0566406 0.835938

0.0566406 0.833984
0.0546875 0.835938

0.0566406 0.833984
0.0585938 0.835938

0.0585938 0.833984
0.0566406 0.835938

0.0566406 0.835938
0.0585938 0.837891

0.0585938 0.835938
0.0566406 0.837891

0.0566406 0.837891
0.0585938 0.839844

0.0585938 0.837891
0.0566406 0.839844

0.0566406 0.839844
0.0585938 0.841797

0.0585938 0.839844
0.0566406 0.841797

0.0585938 0.84375
0.0605469 0.845703

0.0605469 0.84375
0.0585938 0.845703

0.0605469 0.84375
0.0625 0.845703

0.0625 0.84375
0.0605469 0.845703

0.0605469 0.845703
0.0625 0.847656

0.0625 0.845703
0.0605469 0.847656

0.0605469 0.847656
0.0625 0.849609

0.0625 0.847656
0.0605469 0.849609

0.0625 0.851562
0.0644531 0.853516

0.0644531 0.851562
0.0625 0.853516

0.0644531 0.851562
0.0664062 0.853516

0.0664062 0.851562
0.0644531 0.853516

0.0644531 0.853516
0.0664062 0.855469

0.0664062 0.853516
0.0644531 0.855469

0.0644531 0.855469
0.0664062 0.857422

0.0664062 0.855469
0.0644531 0.857422

0.0664062 0.859375
0.0683594 0.861328

0.0683594 0.859375
0.0664062 0.861328

0.0683594 0.859375
0.0703125 0.861328

0.0703125 0.859375
0.0683594 0.861328

0.0683594 0.861328
0.0703125 0.863281

0.0703125 0.861328
0.0683594 0.863281

0.0703125 0.861328
0.0722656 0.863281

0.0722656 0.861328
0.0703125 0.863281

0.0722656 0.867188
0.0742188 0.869141

0.0742188 0.867188
0.0722656 0.869141

0.0722656 0.869141
0.0742188 0.871094

0.0742188 0.869141
0.0722656 0.871094

0.0742188 0.869141
0.0761719 0.871094

0.0761719 0.869141
0.0742188 0.871094

0.0742188 0.871094
0.0761719 0.873047

0.0761719 0.871094
0.0742188 0.873047

0.0761719 0.871094
0.078125 0.873047

0.078125 0.871094
0.0761719 0.873047

0.0761719 0.873047
0.078125 0.875

0.078125 0.873047
0.0761719 0.875

0.078125 0.875
0.0800781 0.876953

0.0800781 0.875
0.078125 0.876953

0.078125 0.876953
0.0800781 0.878906

0.0800781 0.876953
0.078125 0.878906

0.0800781 0.876953
0.0820312 0.878906

0.0820312 0.876953
0.0800781 0.878906

0.0800781 0.878906
0.0820312 0.880859

0.0820312 0.878906
0.0800781 0.880859

0.0820312 0.878906
0.0839844 0.880859

0.0839844 0.878906
0.0820312 0.880859

0.0820312 0.880859
0.0839844 0.882812

0.0839844 0.880859
0.0820312 0.882812

0.0820312 0.882812
0.0839844 0.884766

0.0839844 0.882812
0.0820312 0.884766

0.0839844 0.882812
0.0859375 0.884766

0.0859375 0.882812
0.0839844 0.884766

0.0839844 0.884766
0.0859375 0.886719

0.0859375 0.884766
0.0839844 0.886719

0.0859375 0.884766
0.0878906 0.886719

0.0878906 0.884766
0.0859375 0.886719

0.0859375 0.886719
0.0878906 0.888672

0.0878906 0.886719
0.0859375 0.888672

0.0878906 0.886719
0.0898438 0.888672

0.0898438 0.886719
0.0878906 0.888672

0.0878906 0.888672
0.0898438 0.890625

0.0898438 0.888672
0.0878906 0.890625

0.0898438 0.888672
0.0917969 0.890625

0.0917969 0.888672
0.0898438 0.890625

0.0898438 0.890625
0.0917969 0.892578

0.0917969 0.890625
0.0898438 0.892578

0.0917969 0.890625
0.09375 0.892578

0.09375 0.890625
0.0917969 0.892578

0.0917969 0.892578
0.09375 0.894531

0.09375 0.892578
0.0917969 0.894531

0.0917969 0.894531
0.09375 0.896484

0.09375 0.894531
0.0917969 0.896484

0.09375 0.892578
0.0957031 0.894531

0.0957031 0.892578
0.09375 0.894531

0.09375 0.894531
0.0957031 0.896484

0.0957031 0.894531
0.09375 0.896484

0.09375 0.896484
0.0957031 0.898438

0.0957031 0.896484
0.09375 0.898438

0.0957031 0.896484
0.0976562 0.898438

0.0976562 0.896484
0.0957031 0.898438

0.0957031 0.898438
0.0976562 0.900391

0.0976562 0.898438
0.0957031 0.900391

0.0976562 0.898438
0.0996094 0.900391

0.0996094 0.898438
0.0976562 0.900391

0.0976562 0.900391
0.0996094 0.902344

0.0996094 0.900391
0.0976562 0.902344

0.0996094 0.900391
0.101562 0.902344

0.101562 0.900391
0.0996094 0.902344

0.0996094 0.902344
0.101562 0.904297

0.101562 0.902344
0.0996094 0.904297

0.101562 0.902344
0.103516 0.904297

0.103516 0.902344
0.101562 0.904297

0.101562 0.904297
0.103516 0.90625

0.103516 0.904297
0.101562 0.90625

0.103516 0.904297
0.105469 0.90625

0.105469 0.904297
0.103516 0.90625

0.105469 0.904297
0.107422 0.90625

0.107422 0.904297
0.105469 0.90625

0.105469 0.90625
0.107422 0.908203

0.107422 0.90625
0.105469 0.908203

0.107422 0.90625
0.109375 0.908203

0.109375 0.90625
0.107422 0.908203

0.107422 0.908203
0.109375 0.910156

0.109375 0.908203
0.107422 0.910156

0.109375 0.908203
0.111328 0.910156

0.111328 0.908203
0.109375 0.910156

0.109375 0.910156
0.111328 0.912109

0.111328 0.910156
0.109375 0.912109

0.111328 0.910156
0.113281 0.912109

0.113281 0.910156
0.111328 0.912109

0.111328 0.912109
0.113281 0.914062

0.113281 0.912109
0.111328 0.914062

0.113281 0.912109
0.115234 0.914062

0.115234 0.912109
0.113281 0.914062

0.113281 0.914062
0.115234 0.916016

0.115234 0.914062
0.113281 0.916016

0.115234 0.914062
0.117188 0.916016

0.117188 0.914062
0.115234 0.916016

0.117188 0.916016
0.119141 0.917969

0.119141 0.916016
0.117188 0.917969

0.119141 0.916016
0.121094 0.917969

0.121094 0.916016
0.119141 0.917969

0.119141 0.917969
0.121094 0.919922

0.121094 0.917969
0.119141 0.919922

0.121094 0.917969
0.123047 0.919922

0.123047 0.917969
0.121094 0.919922

0.121094 0.919922
0.123047 0.921875

0.123047 0.919922
0.121094 0.921875

0.123047 0.919922
0.125 0.921875

0.125 0.919922
0.123047 0.921875

0.125 0.919922
0.126953 0.921875

0.126953 0.919922
0.125 0.921875

0.125 0.921875
0.126953 0.923828

0.126953 0.921875
0.125 0.923828

0.126953 0.921875
0.128906 0.923828

0.128906 0.921875
0.126953 0.923828

0.126953 0.923828
0.128906 0.925781

0.128906 0.923828
0.126953 0.925781

0.128906 0.923828
0.130859 0.925781

0.130859 0.923828
0.128906 0.925781

0.130859 0.923828
0.132812 0.925781

0.132812 0.923828
0.130859 0.925781

0.130859 0.925781
0.132812 0.927734

0.132812 0.925781
0.130859 0.927734

0.132812 0.925781
0.134766 0.927734

0.134766 0.925781
0.132812 0.927734

0.132812 0.927734
0.134766 0.929688

0.134766 0.927734
0.132812 0.929688

0.134766 0.927734
0.136719 0.929688

0.136719 0.927734
0.134766 0.929688

0.136719 0.927734
0.138672 0.929688

0.138672 0.927734
0.136719 0.929688

0.136719 0.929688
0.138672 0.931641

0.138672 0.929688
0.136719 0.931641

0.138672 0.929688
0.140625 0.931641

0.140625 0.929688
0.138672 0.931641

0.142578 0.933594
0.144531 0.935547

0.144531 0.933594
0.142578 0.935547

0.144531 0.933594
0.146484 0.935547

0.146484 0.933594
0.144531 0.935547

0.146484 0.933594
0.148438 0.935547

0.148438 0.933594
0.146484 0.935547

0.146484 0.935547
0.148438 0.9375

0.148438 0.935547
0.146484 0.9375

0.150391 0.9375
0.152344 0.939453

0.152344 0.9375
0.150391 0.939453

0.152344 0.9375
0.154297 0.939453

0.154297 0.9375
0.152344 0.939453

0.154297 0.9375
0.15625 0.939453

0.15625 0.9375
0.154297 0.939453

0.154297 0.939453
0.15625 0.941406

0.15625 0.939453
0.154297 0.941406

0.160156 0.941406
0.162109 0.943359

0.162109 0.941406
0.160156 0.943359

0.162109 0.941406
0.164062 0.943359

0.164062 0.941406
0.162109 0.943359

0.164062 0.941406
0.166016 0.943359

0.166016 0.941406
0.164062 0.943359

0.164062 0.943359
0.166016 0.945312

0.166016 0.943359
0.164062 0.945312

0.166016 0.943359
0.167969 0.945312

0.167969 0.943359
0.166016 0.945312

0.167969 0.945312
0.169922 0.947266

0.169922 0.945312
0.167969 0.947266

0.169922 0.945312
0.171875 0.947266

0.171875 0.945312
0.169922 0.947266

0.175781 0.947266
0.177734 0.949219

0.177734 0.947266
0.175781 0.949219

0.177734 0.947266
0.179688 0.949219

0.179688 0.947266
0.177734 0.949219

0.179688 0.949219
0.181641 0.951172

0.181641 0.949219
0.179688 0.951172

0.181641 0.949219
0.183594 0.951172

0.183594 0.949219
0.181641 0.951172

0.1875 0.951172
0.189453 0.953125

0.189453 0.951172
0.1875 0.953125

0.189453 0.951172
0.191406 0.953125

0.191406 0.951172
0.189453 0.953125

0.191406 0.951172
0.193359 0.953125

0.193359 0.951172
0.191406 0.953125

0.193359 0.951172
0.195312 0.953125

0.195312 0.951172
0.193359 0.953125

0.199219 0.953125
0.201172 0.955078

0.201172 0.953125
0.199219 0.955078

0.201172 0.953125
0.203125 0.955078

0.203125 0.953125
0.201172 0.955078

0.201172 0.955078
0.203125 0.957031

0.203125 0.955078
0.201172 0.957031

0.789062 0.0429688
0.791016 0.0449219

0.791016 0.0429688
0.789062 0.0449219

0.791016 0.0429688
0.792969 0.0449219

0.792969 0.0429688
0.791016 0.0449219

0.955078 0.210938
0.957031 0.212891

0.957031 0.210938
0.955078 0.212891

0.955078 0.212891
0.957031 0.214844

0.957031 0.212891
0.955078 0.214844

0.955078 0.214844
0.957031 0.216797

0.957031 0.214844
0.955078 0.216797

0.955078 0.216797
0.957031 0.21875

0.957031 0.216797
0.955078 0.21875

0.0449219 0.804688
0.046875 0.806641

0.046875 0.804688
0.0449219 0.806641

0.0449219 0.806641
0.046875 0.808594

0.046875 0.806641
0.0449219 0.808594

0.0761719 0.875
0.078125 0.876953

0.078125 0.875
0.0761719 0.876953

0.193359 0.953125
0.195312 0.955078

0.195312 0.953125
0.193359 0.955078

0.203125 0.955078
0.205078 0.957031

0.205078 0.955078
0.203125 0.957031

0.205078 0.955078
0.207031 0.957031

0.207031 0.955078
0.205078 0.957031

0.207031 0.955078
0.208984 0.957031

0.208984 0.955078
0.207031 0.957031

0.208984 0.955078
0.210938 0.957031

0.210938 0.955078
0.208984 0.957031

0.695312 0.0390625
0.699219 0.0429688

0.699219 0.0390625
0.695312 0.0429688

0.699219 0.0390625
0.703125 0.0429688

0.703125 0.0390625
0.699219 0.0429688

0.957031 0.3125
0.960938 0.316406

0.960938 0.3125
0.957031 0.316406

0.957031 0.316406
0.960938 0.320312

0.960938 0.316406
0.957031 0.320312

0.0390625 0.679688
0.0429688 0.683594

0.0429688 0.679688
0.0390625 0.683594

0.0390625 0.683594
0.0429688 0.6875

0.0429688 0.683594
0.0390625 0.6875

0.296875 0.957031
0.300781 0.960938

0.300781 0.957031
0.296875 0.960938

0.300781 0.957031
0.304688 0.960938

0.304688 0.957031
0.300781 0.960938

0.304688 0.957031
0.308594 0.960938

0.308594 0.957031
0.304688 0.960938

0.308594 0.957031
0.3125 0.960938

0.3125 0.957031
0.308594 0.960938

0.308594 0.960938
0.3125 0.964844

0.3125 0.960938
0.308594 0.964844

0.492188 0.09375
0.5 0.101562

0.5 0.09375
0.492188 0.101562

0.484375 0.101562
0.492188 0.109375

0.492188 0.101562
0.484375 0.109375

0.492188 0.101562
0.5 0.109375

0.5 0.101562
0.492188 0.109375

0.890625 0.5
0.898438 0.507812

0.898438 0.5
0.890625 0.507812

0.898438 0.5
0.90625 0.507812

0.90625 0.5
0.898438 0.507812

0.890625 0.507812
0.898438 0.515625

0.898438 0.507812
0.890625 0.515625

0.101562 0.484375
0.109375 0.492188

0.109375 0.484375
0.101562 0.492188

0.09375 0.492188
0.101562 0.5

0.101562 0.492188
0.09375 0.5

0.101562 0.492188
0.109375 0.5

0.109375 0.492188
0.101562 0.5

0.109375 0.484375
0.117188 0.492188

0.117188 0.484375
0.109375 0.492188

0.5 0.890625
0.507812 0.898438

0.507812 0.890625
0.5 0.898438

0.507812 0.890625
0.515625 0.898438

0.515625 0.890625
0.507812 0.898438

0.5 0.898438
0.507812 0.90625

0.507812 0.898438
0.5 0.90625

