0.375 0.875
0.4375 0.9375

0.4375 0.875
0.375 0.9375

0.4375 0.875
0.5 0.9375

0.5 0.875
0.4375 0.9375

0.625 0.6875
0.6875 0.75

0.6875 0.6875
0.625 0.75

0.6875 0.8125
0.75 0.875

0.75 0.8125
0.6875 0.875

0.6875 0.875
0.75 0.9375

0.75 0.875
0.6875 0.9375

0.375 1.3125
0.4375 1.375

0.4375 1.3125
0.375 1.375

0.4375 1.3125
0.5 1.375

0.5 1.3125
0.4375 1.375

0.5 1.3125
0.5625 1.375

0.5625 1.3125
0.5 1.375

0.5625 1.3125
0.625 1.375

0.625 1.3125
0.5625 1.375

0.8125 0.5
0.875 0.5625

0.875 0.5
0.8125 0.5625

0.625 0.4375
0.6875 0.5

0.6875 0.4375
0.625 0.5

0.6875 0.4375
0.75 0.5

0.75 0.4375
0.6875 0.5

0.9375 0.625
1 0.6875

1 0.625
0.9375 0.6875

0.9375 0.6875
1 0.75

1 0.6875
0.9375 0.75

0.9375 0.75
1 0.8125

1 0.75
0.9375 0.8125

0.875 0.8125
0.9375 0.875

0.9375 0.8125
0.875 0.875

0.8125 1.1875
0.875 1.25

0.875 1.1875
0.8125 1.25

0.8125 1.25
0.875 1.3125

0.875 1.25
0.8125 1.3125

0.75 1.3125
0.8125 1.375

0.8125 1.3125
0.75 1.375

0.25 1.125
0.3125 1.1875

0.3125 1.125
0.25 1.1875

0.25 1.1875
0.3125 1.25

0.3125 1.1875
0.25 1.25

0.25 1
0.3125 1.0625

0.3125 1
0.25 1.0625

0.25 1.0625
0.3125 1.125

0.3125 1.0625
0.25 1.125

0.875 0.875
0.9375 0.9375

0.9375 0.875
0.875 0.9375

0.875 0.9375
0.9375 1

0.9375 0.9375
0.875 1

0.625 1.3125
0.6875 1.375

0.6875 1.3125
0.625 1.375

0.6875 1.3125
0.75 1.375

0.75 1.3125
0.6875 1.375

0.875 0.5625
0.9375 0.625

0.9375 0.5625
0.875 0.625

0.75 0.4375
0.8125 0.5

0.8125 0.4375
0.75 0.5

0.9375 1
1 1.0625

1 1
0.9375 1.0625

0.9375 1.0625
1 1.125

1 1.0625
0.9375 1.125

0.875 1.125
0.9375 1.1875

0.9375 1.125
0.875 1.1875

0.726562 1.21875
0.730469 1.22266

0.730469 1.21875
0.726562 1.22266

0.730469 1.21875
0.734375 1.22266

0.734375 1.21875
0.730469 1.22266

0.726562 1.22266
0.730469 1.22656

0.730469 1.22266
0.726562 1.22656

0.730469 1.22266
0.734375 1.22656

0.734375 1.22266
0.730469 1.22656

0.3125 1.25
0.375 1.3125

0.375 1.25
0.3125 1.3125

