0.25 0.75
0.375 0.875

0.375 0.75
0.25 0.875

0.875 1.25
1 1.375

1 1.25
0.875 1.375

0.75 1.375
0.875 1.5

0.875 1.375
0.75 1.5

0.125 0.875
0.25 1

0.25 0.875
0.125 1

0.625 0.25
0.75 0.375

0.75 0.25
0.625 0.375

0.75 0.25
0.875 0.375

0.875 0.25
0.75 0.375

0.875 0.375
1 0.5

1 0.375
0.875 0.5

0.125 1
0.25 1.125

0.25 1
0.125 1.125

0.125 1.125
0.25 1.25

0.25 1.125
0.125 1.25

1 0.5
1.125 0.625

1.125 0.5
1 0.625

1 0.625
1.125 0.75

1.125 0.625
1 0.75

1 0.75
1.125 0.875

1.125 0.75
1 0.875

1 0.875
1.125 1

1.125 0.875
1 1

0.5 1.375
0.625 1.5

0.625 1.375
0.5 1.5

0.625 1.375
0.75 1.5

0.75 1.375
0.625 1.5

0.25 1.375
0.375 1.5

0.375 1.375
0.25 1.5

0.375 1.375
0.5 1.5

0.5 1.375
0.375 1.5

1 1
1.125 1.125

1.125 1
1 1.125

1 1.125
1.125 1.25

1.125 1.125
1 1.25

0.125 1.25
0.25 1.375

0.25 1.25
0.125 1.375

0.726562 1.21875
0.730469 1.22266

0.730469 1.21875
0.726562 1.22266

0.730469 1.21875
0.734375 1.22266

0.734375 1.21875
0.730469 1.22266

0.726562 1.22266
0.730469 1.22656

0.730469 1.22266
0.726562 1.22656

0.730469 1.22266
0.734375 1.22656

0.734375 1.22266
0.730469 1.22656

