0.359375 0.34375
0.375 0.359375

0.375 0.34375
0.359375 0.359375

0.34375 0.359375
0.359375 0.375

0.359375 0.359375
0.34375 0.375

0.359375 0.359375
0.375 0.375

0.375 0.359375
0.359375 0.375

0.4375 0.296875
0.453125 0.3125

0.453125 0.296875
0.4375 0.3125

0.453125 0.296875
0.46875 0.3125

0.46875 0.296875
0.453125 0.3125

0.46875 0.296875
0.484375 0.3125

0.484375 0.296875
0.46875 0.3125

0.484375 0.296875
0.5 0.3125

0.5 0.296875
0.484375 0.3125

0.375 0.328125
0.390625 0.34375

0.390625 0.328125
0.375 0.34375

0.390625 0.328125
0.40625 0.34375

0.40625 0.328125
0.390625 0.34375

0.40625 0.3125
0.421875 0.328125

0.421875 0.3125
0.40625 0.328125

0.421875 0.3125
0.4375 0.328125

0.4375 0.3125
0.421875 0.328125

0.40625 0.328125
0.421875 0.34375

0.421875 0.328125
0.40625 0.34375

0.375 0.34375
0.390625 0.359375

0.390625 0.34375
0.375 0.359375

0.4375 0.3125
0.453125 0.328125

0.453125 0.3125
0.4375 0.328125

0.328125 0.375
0.34375 0.390625

0.34375 0.375
0.328125 0.390625

0.328125 0.390625
0.34375 0.40625

0.34375 0.390625
0.328125 0.40625

0.34375 0.375
0.359375 0.390625

0.359375 0.375
0.34375 0.390625

0.3125 0.40625
0.328125 0.421875

0.328125 0.40625
0.3125 0.421875

0.328125 0.40625
0.34375 0.421875

0.34375 0.40625
0.328125 0.421875

0.3125 0.421875
0.328125 0.4375

0.328125 0.421875
0.3125 0.4375

0.296875 0.4375
0.3125 0.453125

0.3125 0.4375
0.296875 0.453125

0.296875 0.453125
0.3125 0.46875

0.3125 0.453125
0.296875 0.46875

0.296875 0.46875
0.3125 0.484375

0.3125 0.46875
0.296875 0.484375

0.296875 0.484375
0.3125 0.5

0.3125 0.484375
0.296875 0.5

0.3125 0.4375
0.328125 0.453125

0.328125 0.4375
0.3125 0.453125

0.5 0.296875
0.515625 0.3125

0.515625 0.296875
0.5 0.3125

0.515625 0.296875
0.53125 0.3125

0.53125 0.296875
0.515625 0.3125

0.53125 0.296875
0.546875 0.3125

0.546875 0.296875
0.53125 0.3125

0.546875 0.296875
0.5625 0.3125

0.5625 0.296875
0.546875 0.3125

0.546875 0.3125
0.5625 0.328125

0.5625 0.3125
0.546875 0.328125

0.5625 0.3125
0.578125 0.328125

0.578125 0.3125
0.5625 0.328125

0.578125 0.3125
0.59375 0.328125

0.59375 0.3125
0.578125 0.328125

0.59375 0.3125
0.609375 0.328125

0.609375 0.3125
0.59375 0.328125

0.59375 0.328125
0.609375 0.34375

0.609375 0.328125
0.59375 0.34375

0.609375 0.328125
0.625 0.34375

0.625 0.328125
0.609375 0.34375

0.609375 0.34375
0.625 0.359375

0.625 0.34375
0.609375 0.359375

0.625 0.34375
0.640625 0.359375

0.640625 0.34375
0.625 0.359375

0.640625 0.34375
0.65625 0.359375

0.65625 0.34375
0.640625 0.359375

0.640625 0.359375
0.65625 0.375

0.65625 0.359375
0.640625 0.375

0.65625 0.359375
0.671875 0.375

0.671875 0.359375
0.65625 0.375

0.65625 0.375
0.671875 0.390625

0.671875 0.375
0.65625 0.390625

0.65625 0.390625
0.671875 0.40625

0.671875 0.390625
0.65625 0.40625

0.671875 0.390625
0.6875 0.40625

0.6875 0.390625
0.671875 0.40625

0.671875 0.40625
0.6875 0.421875

0.6875 0.40625
0.671875 0.421875

0.671875 0.421875
0.6875 0.4375

0.6875 0.421875
0.671875 0.4375

0.6875 0.421875
0.703125 0.4375

0.703125 0.421875
0.6875 0.4375

0.6875 0.4375
0.703125 0.453125

0.703125 0.4375
0.6875 0.453125

0.6875 0.453125
0.703125 0.46875

0.703125 0.453125
0.6875 0.46875

0.6875 0.46875
0.703125 0.484375

0.703125 0.46875
0.6875 0.484375

0.6875 0.484375
0.703125 0.5

0.703125 0.484375
0.6875 0.5

0.703125 0.484375
0.71875 0.5

0.71875 0.484375
0.703125 0.5

0.296875 0.5
0.3125 0.515625

0.3125 0.5
0.296875 0.515625

0.296875 0.515625
0.3125 0.53125

0.3125 0.515625
0.296875 0.53125

0.296875 0.53125
0.3125 0.546875

0.3125 0.53125
0.296875 0.546875

0.296875 0.546875
0.3125 0.5625

0.3125 0.546875
0.296875 0.5625

0.3125 0.546875
0.328125 0.5625

0.328125 0.546875
0.3125 0.5625

0.3125 0.5625
0.328125 0.578125

0.328125 0.5625
0.3125 0.578125

0.3125 0.578125
0.328125 0.59375

0.328125 0.578125
0.3125 0.59375

0.3125 0.59375
0.328125 0.609375

0.328125 0.59375
0.3125 0.609375

0.328125 0.59375
0.34375 0.609375

0.34375 0.59375
0.328125 0.609375

0.328125 0.609375
0.34375 0.625

0.34375 0.609375
0.328125 0.625

0.34375 0.609375
0.359375 0.625

0.359375 0.609375
0.34375 0.625

0.34375 0.625
0.359375 0.640625

0.359375 0.625
0.34375 0.640625

0.34375 0.640625
0.359375 0.65625

0.359375 0.640625
0.34375 0.65625

0.359375 0.640625
0.375 0.65625

0.375 0.640625
0.359375 0.65625

0.359375 0.65625
0.375 0.671875

0.375 0.65625
0.359375 0.671875

0.375 0.65625
0.390625 0.671875

0.390625 0.65625
0.375 0.671875

0.390625 0.65625
0.40625 0.671875

0.40625 0.65625
0.390625 0.671875

0.390625 0.671875
0.40625 0.6875

0.40625 0.671875
0.390625 0.6875

0.40625 0.671875
0.421875 0.6875

0.421875 0.671875
0.40625 0.6875

0.421875 0.671875
0.4375 0.6875

0.4375 0.671875
0.421875 0.6875

0.421875 0.6875
0.4375 0.703125

0.4375 0.6875
0.421875 0.703125

0.4375 0.6875
0.453125 0.703125

0.453125 0.6875
0.4375 0.703125

0.453125 0.6875
0.46875 0.703125

0.46875 0.6875
0.453125 0.703125

0.46875 0.6875
0.484375 0.703125

0.484375 0.6875
0.46875 0.703125

0.484375 0.6875
0.5 0.703125

0.5 0.6875
0.484375 0.703125

0.484375 0.703125
0.5 0.71875

0.5 0.703125
0.484375 0.71875

0.703125 0.5
0.71875 0.515625

0.71875 0.5
0.703125 0.515625

0.6875 0.515625
0.703125 0.53125

0.703125 0.515625
0.6875 0.53125

0.703125 0.515625
0.71875 0.53125

0.71875 0.515625
0.703125 0.53125

0.6875 0.53125
0.703125 0.546875

0.703125 0.53125
0.6875 0.546875

0.6875 0.546875
0.703125 0.5625

0.703125 0.546875
0.6875 0.5625

0.671875 0.578125
0.6875 0.59375

0.6875 0.578125
0.671875 0.59375

0.671875 0.59375
0.6875 0.609375

0.6875 0.59375
0.671875 0.609375

0.65625 0.609375
0.671875 0.625

0.671875 0.609375
0.65625 0.625

0.671875 0.609375
0.6875 0.625

0.6875 0.609375
0.671875 0.625

0.6875 0.5625
0.703125 0.578125

0.703125 0.5625
0.6875 0.578125

0.6875 0.578125
0.703125 0.59375

0.703125 0.578125
0.6875 0.59375

0.578125 0.671875
0.59375 0.6875

0.59375 0.671875
0.578125 0.6875

0.609375 0.65625
0.625 0.671875

0.625 0.65625
0.609375 0.671875

0.59375 0.671875
0.609375 0.6875

0.609375 0.671875
0.59375 0.6875

0.609375 0.671875
0.625 0.6875

0.625 0.671875
0.609375 0.6875

0.515625 0.6875
0.53125 0.703125

0.53125 0.6875
0.515625 0.703125

0.5 0.703125
0.515625 0.71875

0.515625 0.703125
0.5 0.71875

0.515625 0.703125
0.53125 0.71875

0.53125 0.703125
0.515625 0.71875

0.53125 0.6875
0.546875 0.703125

0.546875 0.6875
0.53125 0.703125

0.546875 0.6875
0.5625 0.703125

0.5625 0.6875
0.546875 0.703125

0.5625 0.6875
0.578125 0.703125

0.578125 0.6875
0.5625 0.703125

0.578125 0.6875
0.59375 0.703125

0.59375 0.6875
0.578125 0.703125

0.640625 0.625
0.65625 0.640625

0.65625 0.625
0.640625 0.640625

0.625 0.640625
0.640625 0.65625

0.640625 0.640625
0.625 0.65625

0.640625 0.640625
0.65625 0.65625

0.65625 0.640625
0.640625 0.65625

0.65625 0.625
0.671875 0.640625

0.671875 0.625
0.65625 0.640625

0.625 0.65625
0.640625 0.671875

0.640625 0.65625
0.625 0.671875

