0.6875 1.25
0.703125 1.26562

0.703125 1.25
0.6875 1.26562

0.703125 1.25
0.71875 1.26562

0.71875 1.25
0.703125 1.26562

0.5625 1.25
0.59375 1.28125

0.59375 1.25
0.5625 1.28125

0.59375 1.25
0.625 1.28125

0.625 1.25
0.59375 1.28125

0.40625 1.20312
0.421875 1.21875

0.421875 1.20312
0.40625 1.21875

0.640625 0.53125
0.65625 0.546875

0.65625 0.53125
0.640625 0.546875

0.8125 0.625
0.828125 0.640625

0.828125 0.625
0.8125 0.640625

0.8125 0.640625
0.828125 0.65625

0.828125 0.640625
0.8125 0.65625

0.828125 0.640625
0.84375 0.65625

0.84375 0.640625
0.828125 0.65625

0.421875 1.04688
0.4375 1.0625

0.4375 1.04688
0.421875 1.0625

0.5625 1.09375
0.59375 1.125

0.59375 1.09375
0.5625 1.125

0.59375 1.09375
0.625 1.125

0.625 1.09375
0.59375 1.125

0.6875 0.625
0.71875 0.65625

0.71875 0.625
0.6875 0.65625

0.6875 0.65625
0.71875 0.6875

0.71875 0.65625
0.6875 0.6875

0.71875 0.65625
0.75 0.6875

0.75 0.65625
0.71875 0.6875

0.71875 0.6875
0.75 0.71875

0.75 0.6875
0.71875 0.71875

0.71875 0.71875
0.75 0.75

0.75 0.71875
0.71875 0.75

0.6875 1
0.71875 1.03125

0.71875 1
0.6875 1.03125

0.71875 1
0.75 1.03125

0.75 1
0.71875 1.03125

0.6875 1.03125
0.71875 1.0625

0.71875 1.03125
0.6875 1.0625

0.71875 1.03125
0.75 1.0625

0.75 1.03125
0.71875 1.0625

0.84375 1.03125
0.859375 1.04688

0.859375 1.03125
0.84375 1.04688

0.84375 1.04688
0.859375 1.0625

0.859375 1.04688
0.84375 1.0625

0.65625 0.53125
0.671875 0.546875

0.671875 0.53125
0.65625 0.546875

0.671875 0.53125
0.6875 0.546875

0.6875 0.53125
0.671875 0.546875

0.75 1.1875
0.765625 1.20312

0.765625 1.1875
0.75 1.20312

0.765625 1.1875
0.78125 1.20312

0.78125 1.1875
0.765625 1.20312

0.765625 1.20312
0.78125 1.21875

0.78125 1.20312
0.765625 1.21875

0.75 0.71875
0.78125 0.75

0.78125 0.71875
0.75 0.75

0.75 0.75
0.78125 0.78125

0.78125 0.75
0.75 0.78125

0.75 0.78125
0.78125 0.8125

0.78125 0.78125
0.75 0.8125

0.84375 0.6875
0.859375 0.703125

0.859375 0.6875
0.84375 0.703125

0.859375 0.703125
0.875 0.71875

0.875 0.703125
0.859375 0.71875

0.71875 0.9375
0.75 0.96875

0.75 0.9375
0.71875 0.96875

0.71875 0.96875
0.75 1

0.75 0.96875
0.71875 1

0.53125 1.25
0.546875 1.26562

0.546875 1.25
0.53125 1.26562

0.546875 1.25
0.5625 1.26562

0.5625 1.25
0.546875 1.26562

0.75 0.9375
0.78125 0.96875

0.78125 0.9375
0.75 0.96875

0.75 0.96875
0.78125 1

0.78125 0.96875
0.75 1

0.671875 0.59375
0.6875 0.609375

0.6875 0.59375
0.671875 0.609375

0.65625 0.609375
0.671875 0.625

0.671875 0.609375
0.65625 0.625

0.671875 0.609375
0.6875 0.625

0.6875 0.609375
0.671875 0.625

0.75 0.875
0.78125 0.90625

0.78125 0.875
0.75 0.90625

0.75 0.90625
0.78125 0.9375

0.78125 0.90625
0.75 0.9375

0.71875 0.546875
0.734375 0.5625

0.734375 0.546875
0.71875 0.5625

0.71875 1.23438
0.734375 1.25

0.734375 1.23438
0.71875 1.25

0.734375 1.23438
0.75 1.25

0.75 1.23438
0.734375 1.25

0.625 1.25
0.640625 1.26562

0.640625 1.25
0.625 1.26562

0.640625 1.25
0.65625 1.26562

0.65625 1.25
0.640625 1.26562

0.84375 1.0625
0.859375 1.07812

0.859375 1.0625
0.84375 1.07812

0.84375 1.07812
0.859375 1.09375

0.859375 1.07812
0.84375 1.09375

0.6875 0.59375
0.703125 0.609375

0.703125 0.59375
0.6875 0.609375

0.6875 0.609375
0.703125 0.625

0.703125 0.609375
0.6875 0.625

0.625 1.0625
0.65625 1.09375

0.65625 1.0625
0.625 1.09375

0.65625 1.0625
0.6875 1.09375

0.6875 1.0625
0.65625 1.09375

0.625 1.09375
0.65625 1.125

0.65625 1.09375
0.625 1.125

0.484375 1.03125
0.5 1.04688

0.5 1.03125
0.484375 1.04688

0.6875 1.0625
0.71875 1.09375

0.71875 1.0625
0.6875 1.09375

0.359375 1.15625
0.375 1.17188

0.375 1.15625
0.359375 1.17188

0.75 0.5625
0.765625 0.578125

0.765625 0.5625
0.75 0.578125

0.765625 0.5625
0.78125 0.578125

0.78125 0.5625
0.765625 0.578125

0.796875 0.625
0.8125 0.640625

0.8125 0.625
0.796875 0.640625

0.859375 0.71875
0.875 0.734375

0.875 0.71875
0.859375 0.734375

0.859375 0.734375
0.875 0.75

0.875 0.734375
0.859375 0.75

0.84375 0.9375
0.875 0.96875

0.875 0.9375
0.84375 0.96875

0.84375 0.96875
0.875 1

0.875 0.96875
0.84375 1

0.84375 0.75
0.859375 0.765625

0.859375 0.75
0.84375 0.765625

0.859375 0.75
0.875 0.765625

0.875 0.75
0.859375 0.765625

0.859375 0.765625
0.875 0.78125

0.875 0.765625
0.859375 0.78125

0.671875 1.25
0.6875 1.26562

0.6875 1.25
0.671875 1.26562

0.65625 1.26562
0.671875 1.28125

0.671875 1.26562
0.65625 1.28125

0.796875 0.671875
0.8125 0.6875

0.8125 0.671875
0.796875 0.6875

0.53125 1.07812
0.546875 1.09375

0.546875 1.07812
0.53125 1.09375

0.546875 1.07812
0.5625 1.09375

0.5625 1.07812
0.546875 1.09375

0.6875 0.53125
0.703125 0.546875

0.703125 0.53125
0.6875 0.546875

0.703125 0.546875
0.71875 0.5625

0.71875 0.546875
0.703125 0.5625

0.5 1.07812
0.515625 1.09375

0.515625 1.07812
0.5 1.09375

0.515625 1.07812
0.53125 1.09375

0.53125 1.07812
0.515625 1.09375

0.40625 0.984375
0.421875 1

0.421875 0.984375
0.40625 1

0.46875 1.25
0.484375 1.26562

0.484375 1.25
0.46875 1.26562

0.484375 1.25
0.5 1.26562

0.5 1.25
0.484375 1.26562

0.734375 0.5625
0.75 0.578125

0.75 0.5625
0.734375 0.578125

0.75 0.609375
0.765625 0.625

0.765625 0.609375
0.75 0.625

0.765625 0.609375
0.78125 0.625

0.78125 0.609375
0.765625 0.625

0.53125 1.09375
0.546875 1.10938

0.546875 1.09375
0.53125 1.10938

0.546875 1.09375
0.5625 1.10938

0.5625 1.09375
0.546875 1.10938

0.796875 1.125
0.8125 1.14062

0.8125 1.125
0.796875 1.14062

0.796875 1.14062
0.8125 1.15625

0.8125 1.14062
0.796875 1.15625

0.828125 1.125
0.84375 1.14062

0.84375 1.125
0.828125 1.14062

0.8125 1.14062
0.828125 1.15625

0.828125 1.14062
0.8125 1.15625

0.34375 1.125
0.359375 1.14062

0.359375 1.125
0.34375 1.14062

0.359375 1.14062
0.375 1.15625

0.375 1.14062
0.359375 1.15625

0.34375 1.0625
0.359375 1.07812

0.359375 1.0625
0.34375 1.07812

0.34375 1.07812
0.359375 1.09375

0.359375 1.07812
0.34375 1.09375

0.84375 0.78125
0.875 0.8125

0.875 0.78125
0.84375 0.8125

0.78125 1.15625
0.8125 1.1875

0.8125 1.15625
0.78125 1.1875

0.75 1.21875
0.765625 1.23438

0.765625 1.21875
0.75 1.23438

0.84375 0.875
0.875 0.90625

0.875 0.875
0.84375 0.90625

0.84375 0.90625
0.875 0.9375

0.875 0.90625
0.84375 0.9375

0.484375 1.07812
0.5 1.09375

0.5 1.07812
0.484375 1.09375

0.4375 1
0.453125 1.01562

0.453125 1
0.4375 1.01562

0.453125 1
0.46875 1.01562

0.46875 1
0.453125 1.01562

0.515625 1.25
0.53125 1.26562

0.53125 1.25
0.515625 1.26562

0.5 1.26562
0.515625 1.28125

0.515625 1.26562
0.5 1.28125

0.375 1.1875
0.390625 1.20312

0.390625 1.1875
0.375 1.20312

0.390625 1.20312
0.40625 1.21875

0.40625 1.20312
0.390625 1.21875

0.421875 1.21875
0.4375 1.23438

0.4375 1.21875
0.421875 1.23438

0.78125 0.59375
0.796875 0.609375

0.796875 0.59375
0.78125 0.609375

0.78125 0.609375
0.796875 0.625

0.796875 0.609375
0.78125 0.625

0.796875 0.609375
0.8125 0.625

0.8125 0.609375
0.796875 0.625

0.84375 1
0.875 1.03125

0.875 1
0.84375 1.03125

0.359375 1.09375
0.375 1.10938

0.375 1.09375
0.359375 1.10938

0.34375 1.10938
0.359375 1.125

0.359375 1.10938
0.34375 1.125

0.84375 0.65625
0.859375 0.671875

0.859375 0.65625
0.84375 0.671875

0.84375 0.671875
0.859375 0.6875

0.859375 0.671875
0.84375 0.6875

0.46875 1.01562
0.484375 1.03125

0.484375 1.01562
0.46875 1.03125

0.390625 1
0.40625 1.01562

0.40625 1
0.390625 1.01562

0.765625 1.17188
0.78125 1.1875

0.78125 1.17188
0.765625 1.1875

0.84375 1.09375
0.859375 1.10938

0.859375 1.09375
0.84375 1.10938

0.84375 1.10938
0.859375 1.125

0.859375 1.10938
0.84375 1.125

0.4375 1.21875
0.453125 1.23438

0.453125 1.21875
0.4375 1.23438

0.453125 1.23438
0.46875 1.25

0.46875 1.23438
0.453125 1.25

0.46875 1.20312
0.484375 1.21875

0.484375 1.20312
0.46875 1.21875

0.796875 1.09375
0.8125 1.10938

0.8125 1.09375
0.796875 1.10938

0.726562 1.21875
0.730469 1.22266

0.730469 1.21875
0.726562 1.22266

0.730469 1.21875
0.734375 1.22266

0.734375 1.21875
0.730469 1.22266

0.726562 1.22266
0.730469 1.22656

0.730469 1.22266
0.726562 1.22656

0.730469 1.22266
0.734375 1.22656

0.734375 1.22266
0.730469 1.22656

0.75 0.8125
0.78125 0.84375

0.78125 0.8125
0.75 0.84375

0.75 0.84375
0.78125 0.875

0.78125 0.84375
0.75 0.875

0.359375 1.03125
0.375 1.04688

0.375 1.03125
0.359375 1.04688

0.375 1.17188
0.390625 1.1875

0.390625 1.17188
0.375 1.1875

0.84375 0.8125
0.875 0.84375

0.875 0.8125
0.84375 0.84375

0.84375 0.84375
0.875 0.875

0.875 0.84375
0.84375 0.875

0.78125 0.578125
0.796875 0.59375

0.796875 0.578125
0.78125 0.59375

