0.933594 0.621094
0.935547 0.623047

0.935547 0.621094
0.933594 0.623047

0.935547 0.621094
0.9375 0.623047

0.9375 0.621094
0.935547 0.623047

0.933594 0.623047
0.935547 0.625

0.935547 0.623047
0.933594 0.625

0.935547 0.623047
0.9375 0.625

0.9375 0.623047
0.935547 0.625

1 1
1.25 1.25

1.25 1
1 1.25

1.25 0.25
1.5 0.5

1.5 0.25
1.25 0.5

0.25 1.25
0.5 1.5

0.5 1.25
0.25 1.5

1.25 0.5
1.5 0.75

1.5 0.5
1.25 0.75

1.25 0.75
1.5 1

1.5 0.75
1.25 1

0.5 1.25
0.75 1.5

0.75 1.25
0.5 1.5

0.75 1.25
1 1.5

1 1.25
0.75 1.5

0.773438 0.929688
0.775391 0.931641

0.775391 0.929688
0.773438 0.931641

0.775391 0.929688
0.777344 0.931641

0.777344 0.929688
0.775391 0.931641

0.773438 0.931641
0.775391 0.933594

0.775391 0.931641
0.773438 0.933594

0.775391 0.931641
0.777344 0.933594

0.777344 0.931641
0.775391 0.933594

0.777344 0.929688
0.779297 0.931641

0.779297 0.929688
0.777344 0.931641

0.779297 0.929688
0.78125 0.931641

0.78125 0.929688
0.779297 0.931641

0.777344 0.931641
0.779297 0.933594

0.779297 0.931641
0.777344 0.933594

0.779297 0.931641
0.78125 0.933594

0.78125 0.931641
0.779297 0.933594

