0.25 0.5
0.3125 0.5625

0.3125 0.5
0.25 0.5625

0.75 0.4375
0.8125 0.5

0.8125 0.4375
0.75 0.5

0.375 0.375
0.4375 0.4375

0.4375 0.375
0.375 0.4375

0.4375 0.375
0.5 0.4375

0.5 0.375
0.4375 0.4375

0.1875 0.75
0.25 0.8125

0.25 0.75
0.1875 0.8125

0.1875 0.8125
0.25 0.875

0.25 0.8125
0.1875 0.875

0.5 0.375
0.5625 0.4375

0.5625 0.375
0.5 0.4375

0.5625 0.375
0.625 0.4375

0.625 0.375
0.5625 0.4375

0.3125 0.4375
0.375 0.5

0.375 0.4375
0.3125 0.5

0.625 0.375
0.6875 0.4375

0.6875 0.375
0.625 0.4375

0.6875 0.375
0.75 0.4375

0.75 0.375
0.6875 0.4375

0.1875 0.875
0.25 0.9375

0.25 0.875
0.1875 0.9375

0.1875 0.9375
0.25 1

0.25 0.9375
0.1875 1

0.25 1
0.3125 1.0625

0.3125 1
0.25 1.0625

0.3125 1.0625
0.375 1.125

0.375 1.0625
0.3125 1.125

0.125 0.625
0.1875 0.6875

0.1875 0.625
0.125 0.6875

0.125 0.6875
0.1875 0.75

0.1875 0.6875
0.125 0.75

0.1875 0.5625
0.25 0.625

0.25 0.5625
0.1875 0.625

