0.625 0.5
0.6875 0.5625

0.6875 0.5
0.625 0.5625

0.6875 0.5
0.75 0.5625

0.75 0.5
0.6875 0.5625

0.5625 0.625
0.625 0.6875

0.625 0.625
0.5625 0.6875

0.5625 0.6875
0.625 0.75

0.625 0.6875
0.5625 0.75

0.6875 1
0.75 1.0625

0.75 1
0.6875 1.0625

0.933594 0.621094
0.935547 0.623047

0.935547 0.621094
0.933594 0.623047

0.935547 0.621094
0.9375 0.623047

0.9375 0.621094
0.935547 0.623047

0.933594 0.623047
0.935547 0.625

0.935547 0.623047
0.933594 0.625

0.935547 0.623047
0.9375 0.625

0.9375 0.623047
0.935547 0.625

1 0.625
1.0625 0.6875

1.0625 0.625
1 0.6875

1 0.6875
1.0625 0.75

1.0625 0.6875
1 0.75

0.8125 0.3125
0.875 0.375

0.875 0.3125
0.8125 0.375

0.3125 0.8125
0.375 0.875

0.375 0.8125
0.3125 0.875

0.75 0.5625
0.8125 0.625

0.8125 0.5625
0.75 0.625

0.5625 0.75
0.625 0.8125

0.625 0.75
0.5625 0.8125

0.5625 0.5625
0.625 0.625

0.625 0.5625
0.5625 0.625

0.875 0.375
0.9375 0.4375

0.9375 0.375
0.875 0.4375

0.9375 0.4375
1 0.5

1 0.4375
0.9375 0.5

0.375 0.875
0.4375 0.9375

0.4375 0.875
0.375 0.9375

0.4375 0.9375
0.5 1

0.5 0.9375
0.4375 1

0.5 0.9375
0.5625 1

0.5625 0.9375
0.5 1

0.625 0.9375
0.6875 1

0.6875 0.9375
0.625 1

0.9375 0.875
1 0.9375

1 0.875
0.9375 0.9375

0.875 0.9375
0.9375 1

0.9375 0.9375
0.875 1

0.75 1
0.8125 1.0625

0.8125 1
0.75 1.0625

0.8125 1
0.875 1.0625

0.875 1
0.8125 1.0625

0.5625 1
0.625 1.0625

0.625 1
0.5625 1.0625

1 0.75
1.0625 0.8125

1.0625 0.75
1 0.8125

1 0.8125
1.0625 0.875

1.0625 0.8125
1 0.875

1 0.5
1.0625 0.5625

1.0625 0.5
1 0.5625

1 0.5625
1.0625 0.625

1.0625 0.5625
1 0.625

0.773438 0.929688
0.775391 0.931641

0.775391 0.929688
0.773438 0.931641

0.775391 0.929688
0.777344 0.931641

0.777344 0.929688
0.775391 0.931641

0.773438 0.931641
0.775391 0.933594

0.775391 0.931641
0.773438 0.933594

0.775391 0.931641
0.777344 0.933594

0.777344 0.931641
0.775391 0.933594

0.777344 0.929688
0.779297 0.931641

0.779297 0.929688
0.777344 0.931641

0.779297 0.929688
0.78125 0.931641

0.78125 0.929688
0.779297 0.931641

0.777344 0.931641
0.779297 0.933594

0.779297 0.931641
0.777344 0.933594

0.779297 0.931641
0.78125 0.933594

0.78125 0.931641
0.779297 0.933594

