0.53125 0.125
0.5625 0.15625

0.5625 0.125
0.53125 0.15625

0.5625 0.125
0.59375 0.15625

0.59375 0.125
0.5625 0.15625

0.59375 0.125
0.625 0.15625

0.625 0.125
0.59375 0.15625

0.59375 0.15625
0.625 0.1875

0.625 0.15625
0.59375 0.1875

0.625 0.15625
0.65625 0.1875

0.65625 0.15625
0.625 0.1875

0.625 0.1875
0.65625 0.21875

0.65625 0.1875
0.625 0.21875

0.65625 0.1875
0.6875 0.21875

0.6875 0.1875
0.65625 0.21875

0.65625 0.21875
0.6875 0.25

0.6875 0.21875
0.65625 0.25

0.6875 0.21875
0.71875 0.25

0.71875 0.21875
0.6875 0.25

0.6875 0.25
0.71875 0.28125

0.71875 0.25
0.6875 0.28125

0.71875 0.25
0.75 0.28125

0.75 0.25
0.71875 0.28125

0.71875 0.28125
0.75 0.3125

0.75 0.28125
0.71875 0.3125

0.75 0.28125
0.78125 0.3125

0.78125 0.28125
0.75 0.3125

0.75 0.3125
0.78125 0.34375

0.78125 0.3125
0.75 0.34375

0.78125 0.3125
0.8125 0.34375

0.8125 0.3125
0.78125 0.34375

0.78125 0.34375
0.8125 0.375

0.8125 0.34375
0.78125 0.375

0.8125 0.34375
0.84375 0.375

0.84375 0.34375
0.8125 0.375

0.8125 0.375
0.84375 0.40625

0.84375 0.375
0.8125 0.40625

0.84375 0.375
0.875 0.40625

0.875 0.375
0.84375 0.40625

0.84375 0.40625
0.875 0.4375

0.875 0.40625
0.84375 0.4375

0.84375 0.4375
0.875 0.46875

0.875 0.4375
0.84375 0.46875

0.125 0.53125
0.15625 0.5625

0.15625 0.53125
0.125 0.5625

0.125 0.5625
0.15625 0.59375

0.15625 0.5625
0.125 0.59375

0.125 0.59375
0.15625 0.625

0.15625 0.59375
0.125 0.625

0.15625 0.59375
0.1875 0.625

0.1875 0.59375
0.15625 0.625

0.15625 0.625
0.1875 0.65625

0.1875 0.625
0.15625 0.65625

0.1875 0.625
0.21875 0.65625

0.21875 0.625
0.1875 0.65625

0.1875 0.65625
0.21875 0.6875

0.21875 0.65625
0.1875 0.6875

0.21875 0.65625
0.25 0.6875

0.25 0.65625
0.21875 0.6875

0.21875 0.6875
0.25 0.71875

0.25 0.6875
0.21875 0.71875

0.25 0.6875
0.28125 0.71875

0.28125 0.6875
0.25 0.71875

0.25 0.71875
0.28125 0.75

0.28125 0.71875
0.25 0.75

0.28125 0.71875
0.3125 0.75

0.3125 0.71875
0.28125 0.75

0.28125 0.75
0.3125 0.78125

0.3125 0.75
0.28125 0.78125

0.3125 0.75
0.34375 0.78125

0.34375 0.75
0.3125 0.78125

0.3125 0.78125
0.34375 0.8125

0.34375 0.78125
0.3125 0.8125

0.34375 0.78125
0.375 0.8125

0.375 0.78125
0.34375 0.8125

0.34375 0.8125
0.375 0.84375

0.375 0.8125
0.34375 0.84375

0.375 0.8125
0.40625 0.84375

0.40625 0.8125
0.375 0.84375

0.375 0.84375
0.40625 0.875

0.40625 0.84375
0.375 0.875

0.40625 0.84375
0.4375 0.875

0.4375 0.84375
0.40625 0.875

0.4375 0.84375
0.46875 0.875

0.46875 0.84375
0.4375 0.875

0.328125 0.03125
0.34375 0.046875

0.34375 0.03125
0.328125 0.046875

0.34375 0.03125
0.359375 0.046875

0.359375 0.03125
0.34375 0.046875

0.375 0.046875
0.390625 0.0625

0.390625 0.046875
0.375 0.0625

0.390625 0.046875
0.40625 0.0625

0.40625 0.046875
0.390625 0.0625

0.40625 0.0625
0.421875 0.078125

0.421875 0.0625
0.40625 0.078125

0.421875 0.0625
0.4375 0.078125

0.4375 0.0625
0.421875 0.078125

0.4375 0.0625
0.453125 0.078125

0.453125 0.0625
0.4375 0.078125

0.4375 0.078125
0.453125 0.09375

0.453125 0.078125
0.4375 0.09375

0.453125 0.078125
0.46875 0.09375

0.46875 0.078125
0.453125 0.09375

0.46875 0.078125
0.484375 0.09375

0.484375 0.078125
0.46875 0.09375

0.484375 0.078125
0.5 0.09375

0.5 0.078125
0.484375 0.09375

0.484375 0.09375
0.5 0.109375

0.5 0.09375
0.484375 0.109375

0.03125 0.328125
0.046875 0.34375

0.046875 0.328125
0.03125 0.34375

0.046875 0.375
0.0625 0.390625

0.0625 0.375
0.046875 0.390625

0.046875 0.390625
0.0625 0.40625

0.0625 0.390625
0.046875 0.40625

0.0625 0.40625
0.078125 0.421875

0.078125 0.40625
0.0625 0.421875

0.0625 0.421875
0.078125 0.4375

0.078125 0.421875
0.0625 0.4375

0.0625 0.4375
0.078125 0.453125

0.078125 0.4375
0.0625 0.453125

0.078125 0.4375
0.09375 0.453125

0.09375 0.4375
0.078125 0.453125

0.078125 0.453125
0.09375 0.46875

0.09375 0.453125
0.078125 0.46875

0.078125 0.46875
0.09375 0.484375

0.09375 0.46875
0.078125 0.484375

0.078125 0.484375
0.09375 0.5

0.09375 0.484375
0.078125 0.5

0.09375 0.484375
0.109375 0.5

0.109375 0.484375
0.09375 0.5

0.890625 0.5
0.90625 0.515625

0.90625 0.5
0.890625 0.515625

0.90625 0.5
0.921875 0.515625

0.921875 0.5
0.90625 0.515625

0.90625 0.515625
0.921875 0.53125

0.921875 0.515625
0.90625 0.53125

0.90625 0.53125
0.921875 0.546875

0.921875 0.53125
0.90625 0.546875

0.90625 0.546875
0.921875 0.5625

0.921875 0.546875
0.90625 0.5625

0.921875 0.546875
0.9375 0.5625

0.9375 0.546875
0.921875 0.5625

0.921875 0.5625
0.9375 0.578125

0.9375 0.5625
0.921875 0.578125

0.921875 0.578125
0.9375 0.59375

0.9375 0.578125
0.921875 0.59375

0.9375 0.59375
0.953125 0.609375

0.953125 0.59375
0.9375 0.609375

0.9375 0.609375
0.953125 0.625

0.953125 0.609375
0.9375 0.625

0.953125 0.65625
0.96875 0.671875

0.96875 0.65625
0.953125 0.671875

0.5 0.890625
0.515625 0.90625

0.515625 0.890625
0.5 0.90625

0.5 0.90625
0.515625 0.921875

0.515625 0.90625
0.5 0.921875

0.515625 0.90625
0.53125 0.921875

0.53125 0.90625
0.515625 0.921875

0.53125 0.90625
0.546875 0.921875

0.546875 0.90625
0.53125 0.921875

0.546875 0.90625
0.5625 0.921875

0.5625 0.90625
0.546875 0.921875

0.546875 0.921875
0.5625 0.9375

0.5625 0.921875
0.546875 0.9375

0.5625 0.921875
0.578125 0.9375

0.578125 0.921875
0.5625 0.9375

0.578125 0.921875
0.59375 0.9375

0.59375 0.921875
0.578125 0.9375

0.59375 0.9375
0.609375 0.953125

0.609375 0.9375
0.59375 0.953125

0.609375 0.9375
0.625 0.953125

0.625 0.9375
0.609375 0.953125

0.640625 0.953125
0.65625 0.96875

0.65625 0.953125
0.640625 0.96875

0.65625 0.953125
0.671875 0.96875

0.671875 0.953125
0.65625 0.96875

0.242188 0.03125
0.25 0.0390625

0.25 0.03125
0.242188 0.0390625

0.148438 0.0625
0.15625 0.0703125

0.15625 0.0625
0.148438 0.0703125

0.0625 0.148438
0.0703125 0.15625

0.0703125 0.148438
0.0625 0.15625

0.03125 0.242188
0.0390625 0.25

0.0390625 0.242188
0.03125 0.25

0.25 0.03125
0.257812 0.0390625

0.257812 0.03125
0.25 0.0390625

0.273438 0.03125
0.28125 0.0390625

0.28125 0.03125
0.273438 0.0390625

0.28125 0.03125
0.289062 0.0390625

0.289062 0.03125
0.28125 0.0390625

0.289062 0.03125
0.296875 0.0390625

0.296875 0.03125
0.289062 0.0390625

0.304688 0.0390625
0.3125 0.046875

0.3125 0.0390625
0.304688 0.046875

0.03125 0.25
0.0390625 0.257812

0.0390625 0.25
0.03125 0.257812

0.03125 0.273438
0.0390625 0.28125

0.0390625 0.273438
0.03125 0.28125

0.03125 0.28125
0.0390625 0.289062

0.0390625 0.28125
0.03125 0.289062

0.03125 0.289062
0.0390625 0.296875

0.0390625 0.289062
0.03125 0.296875

0.960938 0.703125
0.96875 0.710938

0.96875 0.703125
0.960938 0.710938

0.960938 0.710938
0.96875 0.71875

0.96875 0.710938
0.960938 0.71875

0.960938 0.71875
0.96875 0.726562

0.96875 0.71875
0.960938 0.726562

0.960938 0.742188
0.96875 0.75

0.96875 0.742188
0.960938 0.75

0.6875 0.953125
0.695312 0.960938

0.695312 0.953125
0.6875 0.960938

0.703125 0.960938
0.710938 0.96875

0.710938 0.960938
0.703125 0.96875

0.710938 0.960938
0.71875 0.96875

0.71875 0.960938
0.710938 0.96875

0.71875 0.960938
0.726562 0.96875

0.726562 0.960938
0.71875 0.96875

0.742188 0.960938
0.75 0.96875

0.75 0.960938
0.742188 0.96875

0.960938 0.75
0.96875 0.757812

0.96875 0.75
0.960938 0.757812

0.929688 0.84375
0.9375 0.851562

0.9375 0.84375
0.929688 0.851562

0.84375 0.929688
0.851562 0.9375

0.851562 0.929688
0.84375 0.9375

0.75 0.960938
0.757812 0.96875

0.757812 0.960938
0.75 0.96875

0.3125 0.0390625
0.320312 0.046875

0.320312 0.0390625
0.3125 0.046875

0.320312 0.0390625
0.328125 0.046875

0.328125 0.0390625
0.320312 0.046875

0.0390625 0.304688
0.046875 0.3125

0.046875 0.304688
0.0390625 0.3125

0.953125 0.6875
0.960938 0.695312

0.960938 0.6875
0.953125 0.695312

0.671875 0.953125
0.679688 0.960938

0.679688 0.953125
0.671875 0.960938

0.679688 0.953125
0.6875 0.960938

0.6875 0.953125
0.679688 0.960938

0.515625 0.09375
0.53125 0.109375

0.53125 0.09375
0.515625 0.109375

0.515625 0.109375
0.53125 0.125

0.53125 0.109375
0.515625 0.125

0.09375 0.515625
0.109375 0.53125

0.109375 0.515625
0.09375 0.53125

0.109375 0.515625
0.125 0.53125

0.125 0.515625
0.109375 0.53125

0.875 0.46875
0.890625 0.484375

0.890625 0.46875
0.875 0.484375

0.890625 0.46875
0.90625 0.484375

0.90625 0.46875
0.890625 0.484375

0.46875 0.875
0.484375 0.890625

0.484375 0.875
0.46875 0.890625

0.46875 0.890625
0.484375 0.90625

0.484375 0.890625
0.46875 0.90625

0.53125 0.109375
0.546875 0.125

0.546875 0.109375
0.53125 0.125

0.875 0.453125
0.890625 0.46875

0.890625 0.453125
0.875 0.46875

0.109375 0.53125
0.125 0.546875

0.125 0.53125
0.109375 0.546875

0.453125 0.875
0.46875 0.890625

0.46875 0.875
0.453125 0.890625

0.34375 0.046875
0.351562 0.0546875

0.351562 0.046875
0.34375 0.0546875

0.351562 0.046875
0.359375 0.0546875

0.359375 0.046875
0.351562 0.0546875

0.359375 0.046875
0.367188 0.0546875

0.367188 0.046875
0.359375 0.0546875

0.367188 0.046875
0.375 0.0546875

0.375 0.046875
0.367188 0.0546875

0.40625 0.0546875
0.414062 0.0625

0.414062 0.0546875
0.40625 0.0625

0.0390625 0.3125
0.046875 0.320312

0.046875 0.3125
0.0390625 0.320312

0.0390625 0.320312
0.046875 0.328125

0.046875 0.320312
0.0390625 0.328125

0.0390625 0.34375
0.046875 0.351562

0.046875 0.34375
0.0390625 0.351562

0.046875 0.34375
0.0546875 0.351562

0.0546875 0.34375
0.046875 0.351562

0.046875 0.351562
0.0546875 0.359375

0.0546875 0.351562
0.046875 0.359375

0.046875 0.359375
0.0546875 0.367188

0.0546875 0.359375
0.046875 0.367188

0.046875 0.367188
0.0546875 0.375

0.0546875 0.367188
0.046875 0.375

0.0546875 0.40625
0.0625 0.414062

0.0625 0.40625
0.0546875 0.414062

0.9375 0.585938
0.945312 0.59375

0.945312 0.585938
0.9375 0.59375

0.945312 0.625
0.953125 0.632812

0.953125 0.625
0.945312 0.632812

0.945312 0.632812
0.953125 0.640625

0.953125 0.632812
0.945312 0.640625

0.945312 0.640625
0.953125 0.648438

0.953125 0.640625
0.945312 0.648438

0.945312 0.648438
0.953125 0.65625

0.953125 0.648438
0.945312 0.65625

0.953125 0.648438
0.960938 0.65625

0.960938 0.648438
0.953125 0.65625

0.953125 0.671875
0.960938 0.679688

0.960938 0.671875
0.953125 0.679688

0.953125 0.679688
0.960938 0.6875

0.960938 0.679688
0.953125 0.6875

0.585938 0.9375
0.59375 0.945312

0.59375 0.9375
0.585938 0.945312

0.625 0.945312
0.632812 0.953125

0.632812 0.945312
0.625 0.953125

0.632812 0.945312
0.640625 0.953125

0.640625 0.945312
0.632812 0.953125

0.640625 0.945312
0.648438 0.953125

0.648438 0.945312
0.640625 0.953125

0.648438 0.945312
0.65625 0.953125

0.65625 0.945312
0.648438 0.953125

0.105469 0.0898438
0.105469 0.0898438

0.105469 0.0898438
0.105469 0.0898438

0.113281 0.0820312
0.113281 0.0820312

0.113281 0.0820312
0.113281 0.0820312

0.117188 0.078125
0.117188 0.078125

0.117188 0.078125
0.117188 0.078125

0.121094 0.078125
0.121094 0.078125

0.121094 0.078125
0.121094 0.078125

0.117188 0.0820312
0.117188 0.0820312

0.117188 0.0820312
0.117188 0.0820312

0.109375 0.0859375
0.109375 0.0859375

0.109375 0.0859375
0.109375 0.0859375

0.113281 0.0859375
0.113281 0.0859375

0.113281 0.0859375
0.113281 0.0859375

0.109375 0.0898438
0.109375 0.0898438

0.109375 0.0898438
0.109375 0.0898438

0.0898438 0.105469
0.0898438 0.105469

0.0898438 0.105469
0.0898438 0.105469

0.0820312 0.113281
0.0820312 0.113281

0.0820312 0.113281
0.0820312 0.113281

0.0859375 0.109375
0.0859375 0.109375

0.0859375 0.109375
0.0859375 0.109375

0.0898438 0.109375
0.0898438 0.109375

0.0898438 0.109375
0.0898438 0.109375

0.0859375 0.113281
0.0859375 0.113281

0.0859375 0.113281
0.0859375 0.113281

0.078125 0.117188
0.078125 0.117188

0.078125 0.117188
0.078125 0.117188

0.0820312 0.117188
0.0820312 0.117188

0.0820312 0.117188
0.0820312 0.117188

0.078125 0.121094
0.078125 0.121094

0.078125 0.121094
0.078125 0.121094

0.0976562 0.0976562
0.0976562 0.0976562

0.0976562 0.0976562
0.0976562 0.0976562

0.101562 0.09375
0.101562 0.09375

0.101562 0.09375
0.101562 0.09375

0.105469 0.09375
0.105469 0.09375

0.105469 0.09375
0.105469 0.09375

0.101562 0.0976562
0.101562 0.0976562

0.101562 0.0976562
0.101562 0.0976562

0.09375 0.101562
0.09375 0.101562

0.09375 0.101562
0.09375 0.101562

0.0976562 0.101562
0.0976562 0.101562

0.0976562 0.101562
0.0976562 0.101562

0.09375 0.105469
0.09375 0.105469

0.09375 0.105469
0.09375 0.105469

0.152344 0.0585938
0.152344 0.0585938

0.152344 0.0585938
0.152344 0.0585938

0.167969 0.0507812
0.167969 0.0507812

0.167969 0.0507812
0.167969 0.0507812

0.160156 0.0546875
0.160156 0.0546875

0.160156 0.0546875
0.160156 0.0546875

0.15625 0.0585938
0.15625 0.0585938

0.15625 0.0585938
0.15625 0.0585938

0.160156 0.0585938
0.160156 0.0585938

0.160156 0.0585938
0.160156 0.0585938

0.164062 0.0546875
0.164062 0.0546875

0.164062 0.0546875
0.164062 0.0546875

0.167969 0.0546875
0.167969 0.0546875

0.167969 0.0546875
0.167969 0.0546875

0.171875 0.0507812
0.171875 0.0507812

0.171875 0.0507812
0.171875 0.0507812

0.175781 0.0507812
0.175781 0.0507812

0.175781 0.0507812
0.175781 0.0507812

0.179688 0.046875
0.179688 0.046875

0.179688 0.046875
0.179688 0.046875

0.183594 0.046875
0.183594 0.046875

0.183594 0.046875
0.183594 0.046875

0.179688 0.0507812
0.179688 0.0507812

0.179688 0.0507812
0.179688 0.0507812

0.195312 0.0429688
0.195312 0.0429688

0.195312 0.0429688
0.195312 0.0429688

0.199219 0.0429688
0.199219 0.0429688

0.199219 0.0429688
0.199219 0.0429688

0.203125 0.0429688
0.203125 0.0429688

0.203125 0.0429688
0.203125 0.0429688

0.207031 0.0429688
0.207031 0.0429688

0.207031 0.0429688
0.207031 0.0429688

0.210938 0.0390625
0.210938 0.0390625

0.210938 0.0390625
0.210938 0.0390625

0.214844 0.0390625
0.214844 0.0390625

0.214844 0.0390625
0.214844 0.0390625

0.210938 0.0429688
0.210938 0.0429688

0.210938 0.0429688
0.210938 0.0429688

0.1875 0.046875
0.1875 0.046875

0.1875 0.046875
0.1875 0.046875

0.191406 0.046875
0.191406 0.046875

0.191406 0.046875
0.191406 0.046875

0.195312 0.046875
0.195312 0.046875

0.195312 0.046875
0.195312 0.046875

0.21875 0.0390625
0.21875 0.0390625

0.21875 0.0390625
0.21875 0.0390625

0.222656 0.0390625
0.222656 0.0390625

0.222656 0.0390625
0.222656 0.0390625

0.226562 0.0390625
0.226562 0.0390625

0.226562 0.0390625
0.226562 0.0390625

0.230469 0.0390625
0.230469 0.0390625

0.230469 0.0390625
0.230469 0.0390625

0.234375 0.0390625
0.234375 0.0390625

0.234375 0.0390625
0.234375 0.0390625

0.238281 0.0390625
0.238281 0.0390625

0.238281 0.0390625
0.238281 0.0390625

0.242188 0.0390625
0.242188 0.0390625

0.242188 0.0390625
0.242188 0.0390625

0.136719 0.0664062
0.136719 0.0664062

0.136719 0.0664062
0.136719 0.0664062

0.128906 0.0703125
0.128906 0.0703125

0.128906 0.0703125
0.128906 0.0703125

0.125 0.0742188
0.125 0.0742188

0.125 0.0742188
0.125 0.0742188

0.128906 0.0742188
0.128906 0.0742188

0.128906 0.0742188
0.128906 0.0742188

0.132812 0.0703125
0.132812 0.0703125

0.132812 0.0703125
0.132812 0.0703125

0.136719 0.0703125
0.136719 0.0703125

0.136719 0.0703125
0.136719 0.0703125

0.144531 0.0625
0.144531 0.0625

0.144531 0.0625
0.144531 0.0625

0.140625 0.0664062
0.140625 0.0664062

0.140625 0.0664062
0.140625 0.0664062

0.144531 0.0664062
0.144531 0.0664062

0.144531 0.0664062
0.144531 0.0664062

0.125 0.078125
0.125 0.078125

0.125 0.078125
0.125 0.078125

0.0585938 0.152344
0.0585938 0.152344

0.0585938 0.152344
0.0585938 0.152344

0.0585938 0.15625
0.0585938 0.15625

0.0585938 0.15625
0.0585938 0.15625

0.0546875 0.160156
0.0546875 0.160156

0.0546875 0.160156
0.0546875 0.160156

0.0585938 0.160156
0.0585938 0.160156

0.0585938 0.160156
0.0585938 0.160156

0.0507812 0.167969
0.0507812 0.167969

0.0507812 0.167969
0.0507812 0.167969

0.0546875 0.164062
0.0546875 0.164062

0.0546875 0.164062
0.0546875 0.164062

0.0546875 0.167969
0.0546875 0.167969

0.0546875 0.167969
0.0546875 0.167969

0.0507812 0.171875
0.0507812 0.171875

0.0507812 0.171875
0.0507812 0.171875

0.0507812 0.175781
0.0507812 0.175781

0.0507812 0.175781
0.0507812 0.175781

0.046875 0.179688
0.046875 0.179688

0.046875 0.179688
0.046875 0.179688

0.0507812 0.179688
0.0507812 0.179688

0.0507812 0.179688
0.0507812 0.179688

0.046875 0.183594
0.046875 0.183594

0.046875 0.183594
0.046875 0.183594

0.0742188 0.125
0.0742188 0.125

0.0742188 0.125
0.0742188 0.125

0.0703125 0.128906
0.0703125 0.128906

0.0703125 0.128906
0.0703125 0.128906

0.0742188 0.128906
0.0742188 0.128906

0.0742188 0.128906
0.0742188 0.128906

0.0664062 0.136719
0.0664062 0.136719

0.0664062 0.136719
0.0664062 0.136719

0.0703125 0.132812
0.0703125 0.132812

0.0703125 0.132812
0.0703125 0.132812

0.0703125 0.136719
0.0703125 0.136719

0.0703125 0.136719
0.0703125 0.136719

0.078125 0.125
0.078125 0.125

0.078125 0.125
0.078125 0.125

0.0664062 0.140625
0.0664062 0.140625

0.0664062 0.140625
0.0664062 0.140625

0.0625 0.144531
0.0625 0.144531

0.0625 0.144531
0.0625 0.144531

0.0664062 0.144531
0.0664062 0.144531

0.0664062 0.144531
0.0664062 0.144531

0.0429688 0.195312
0.0429688 0.195312

0.0429688 0.195312
0.0429688 0.195312

0.0429688 0.199219
0.0429688 0.199219

0.0429688 0.199219
0.0429688 0.199219

0.046875 0.1875
0.046875 0.1875

0.046875 0.1875
0.046875 0.1875

0.046875 0.191406
0.046875 0.191406

0.046875 0.191406
0.046875 0.191406

0.046875 0.195312
0.046875 0.195312

0.046875 0.195312
0.046875 0.195312

0.0429688 0.203125
0.0429688 0.203125

0.0429688 0.203125
0.0429688 0.203125

0.0429688 0.207031
0.0429688 0.207031

0.0429688 0.207031
0.0429688 0.207031

0.0390625 0.210938
0.0390625 0.210938

0.0390625 0.210938
0.0390625 0.210938

0.0429688 0.210938
0.0429688 0.210938

0.0429688 0.210938
0.0429688 0.210938

0.0390625 0.214844
0.0390625 0.214844

0.0390625 0.214844
0.0390625 0.214844

0.0390625 0.21875
0.0390625 0.21875

0.0390625 0.21875
0.0390625 0.21875

0.0390625 0.222656
0.0390625 0.222656

0.0390625 0.222656
0.0390625 0.222656

0.0390625 0.226562
0.0390625 0.226562

0.0390625 0.226562
0.0390625 0.226562

0.0390625 0.230469
0.0390625 0.230469

0.0390625 0.230469
0.0390625 0.230469

0.0390625 0.234375
0.0390625 0.234375

0.0390625 0.234375
0.0390625 0.234375

0.0390625 0.238281
0.0390625 0.238281

0.0390625 0.238281
0.0390625 0.238281

0.0390625 0.242188
0.0390625 0.242188

0.0390625 0.242188
0.0390625 0.242188

0.257812 0.0351562
0.257812 0.0351562

0.257812 0.0351562
0.257812 0.0351562

0.261719 0.0351562
0.261719 0.0351562

0.261719 0.0351562
0.261719 0.0351562

0.265625 0.0351562
0.265625 0.0351562

0.265625 0.0351562
0.265625 0.0351562

0.269531 0.0351562
0.269531 0.0351562

0.269531 0.0351562
0.269531 0.0351562

0.292969 0.0390625
0.292969 0.0390625

0.292969 0.0390625
0.292969 0.0390625

0.296875 0.0390625
0.296875 0.0390625

0.296875 0.0390625
0.296875 0.0390625

0.300781 0.0390625
0.300781 0.0390625

0.300781 0.0390625
0.300781 0.0390625

0.0351562 0.257812
0.0351562 0.257812

0.0351562 0.257812
0.0351562 0.257812

0.0351562 0.261719
0.0351562 0.261719

0.0351562 0.261719
0.0351562 0.261719

0.0351562 0.265625
0.0351562 0.265625

0.0351562 0.265625
0.0351562 0.265625

0.0351562 0.269531
0.0351562 0.269531

0.0351562 0.269531
0.0351562 0.269531

0.0390625 0.292969
0.0390625 0.292969

0.0390625 0.292969
0.0390625 0.292969

0.957031 0.703125
0.957031 0.703125

0.957031 0.703125
0.957031 0.703125

0.960938 0.726562
0.960938 0.726562

0.960938 0.726562
0.960938 0.726562

0.960938 0.730469
0.960938 0.730469

0.960938 0.730469
0.960938 0.730469

0.960938 0.734375
0.960938 0.734375

0.960938 0.734375
0.960938 0.734375

0.960938 0.738281
0.960938 0.738281

0.960938 0.738281
0.960938 0.738281

0.695312 0.957031
0.695312 0.957031

0.695312 0.957031
0.695312 0.957031

0.699219 0.957031
0.699219 0.957031

0.699219 0.957031
0.699219 0.957031

0.703125 0.957031
0.703125 0.957031

0.703125 0.957031
0.703125 0.957031

0.726562 0.960938
0.726562 0.960938

0.726562 0.960938
0.726562 0.960938

0.730469 0.960938
0.730469 0.960938

0.730469 0.960938
0.730469 0.960938

0.734375 0.960938
0.734375 0.960938

0.734375 0.960938
0.734375 0.960938

0.738281 0.960938
0.738281 0.960938

0.738281 0.960938
0.738281 0.960938

0.957031 0.753906
0.957031 0.753906

0.957031 0.753906
0.957031 0.753906

0.957031 0.757812
0.957031 0.757812

0.957031 0.757812
0.957031 0.757812

0.957031 0.761719
0.957031 0.761719

0.957031 0.761719
0.957031 0.761719

0.957031 0.765625
0.957031 0.765625

0.957031 0.765625
0.957031 0.765625

0.957031 0.769531
0.957031 0.769531

0.957031 0.769531
0.957031 0.769531

0.957031 0.773438
0.957031 0.773438

0.957031 0.773438
0.957031 0.773438

0.957031 0.777344
0.957031 0.777344

0.957031 0.777344
0.957031 0.777344

0.957031 0.78125
0.957031 0.78125

0.957031 0.78125
0.957031 0.78125

0.953125 0.785156
0.953125 0.785156

0.953125 0.785156
0.953125 0.785156

0.957031 0.785156
0.957031 0.785156

0.957031 0.785156
0.957031 0.785156

0.953125 0.789062
0.953125 0.789062

0.953125 0.789062
0.953125 0.789062

0.953125 0.792969
0.953125 0.792969

0.953125 0.792969
0.953125 0.792969

0.949219 0.800781
0.949219 0.800781

0.949219 0.800781
0.949219 0.800781

0.949219 0.804688
0.949219 0.804688

0.949219 0.804688
0.949219 0.804688

0.949219 0.808594
0.949219 0.808594

0.949219 0.808594
0.949219 0.808594

0.953125 0.796875
0.953125 0.796875

0.953125 0.796875
0.953125 0.796875

0.953125 0.800781
0.953125 0.800781

0.953125 0.800781
0.953125 0.800781

0.929688 0.851562
0.929688 0.851562

0.929688 0.851562
0.929688 0.851562

0.933594 0.851562
0.933594 0.851562

0.933594 0.851562
0.933594 0.851562

0.929688 0.855469
0.929688 0.855469

0.929688 0.855469
0.929688 0.855469

0.917969 0.871094
0.917969 0.871094

0.917969 0.871094
0.917969 0.871094

0.925781 0.859375
0.925781 0.859375

0.925781 0.859375
0.925781 0.859375

0.925781 0.863281
0.925781 0.863281

0.925781 0.863281
0.925781 0.863281

0.929688 0.859375
0.929688 0.859375

0.929688 0.859375
0.929688 0.859375

0.921875 0.867188
0.921875 0.867188

0.921875 0.867188
0.921875 0.867188

0.925781 0.867188
0.925781 0.867188

0.925781 0.867188
0.925781 0.867188

0.921875 0.871094
0.921875 0.871094

0.921875 0.871094
0.921875 0.871094

0.949219 0.8125
0.949219 0.8125

0.949219 0.8125
0.949219 0.8125

0.945312 0.816406
0.945312 0.816406

0.945312 0.816406
0.945312 0.816406

0.949219 0.816406
0.949219 0.816406

0.949219 0.816406
0.949219 0.816406

0.945312 0.820312
0.945312 0.820312

0.945312 0.820312
0.945312 0.820312

0.945312 0.824219
0.945312 0.824219

0.945312 0.824219
0.945312 0.824219

0.941406 0.828125
0.941406 0.828125

0.941406 0.828125
0.941406 0.828125

0.941406 0.832031
0.941406 0.832031

0.941406 0.832031
0.941406 0.832031

0.945312 0.828125
0.945312 0.828125

0.945312 0.828125
0.945312 0.828125

0.9375 0.835938
0.9375 0.835938

0.9375 0.835938
0.9375 0.835938

0.941406 0.835938
0.941406 0.835938

0.941406 0.835938
0.941406 0.835938

0.9375 0.839844
0.9375 0.839844

0.9375 0.839844
0.9375 0.839844

0.9375 0.84375
0.9375 0.84375

0.9375 0.84375
0.9375 0.84375

0.871094 0.917969
0.871094 0.917969

0.871094 0.917969
0.871094 0.917969

0.851562 0.929688
0.851562 0.929688

0.851562 0.929688
0.851562 0.929688

0.855469 0.929688
0.855469 0.929688

0.855469 0.929688
0.855469 0.929688

0.851562 0.933594
0.851562 0.933594

0.851562 0.933594
0.851562 0.933594

0.859375 0.925781
0.859375 0.925781

0.859375 0.925781
0.859375 0.925781

0.863281 0.925781
0.863281 0.925781

0.863281 0.925781
0.863281 0.925781

0.867188 0.921875
0.867188 0.921875

0.867188 0.921875
0.867188 0.921875

0.871094 0.921875
0.871094 0.921875

0.871094 0.921875
0.871094 0.921875

0.867188 0.925781
0.867188 0.925781

0.867188 0.925781
0.867188 0.925781

0.859375 0.929688
0.859375 0.929688

0.859375 0.929688
0.859375 0.929688

0.753906 0.957031
0.753906 0.957031

0.753906 0.957031
0.753906 0.957031

0.757812 0.957031
0.757812 0.957031

0.757812 0.957031
0.757812 0.957031

0.761719 0.957031
0.761719 0.957031

0.761719 0.957031
0.761719 0.957031

0.765625 0.957031
0.765625 0.957031

0.765625 0.957031
0.765625 0.957031

0.769531 0.957031
0.769531 0.957031

0.769531 0.957031
0.769531 0.957031

0.773438 0.957031
0.773438 0.957031

0.773438 0.957031
0.773438 0.957031

0.777344 0.957031
0.777344 0.957031

0.777344 0.957031
0.777344 0.957031

0.800781 0.949219
0.800781 0.949219

0.800781 0.949219
0.800781 0.949219

0.804688 0.949219
0.804688 0.949219

0.804688 0.949219
0.804688 0.949219

0.808594 0.949219
0.808594 0.949219

0.808594 0.949219
0.808594 0.949219

0.785156 0.953125
0.785156 0.953125

0.785156 0.953125
0.785156 0.953125

0.78125 0.957031
0.78125 0.957031

0.78125 0.957031
0.78125 0.957031

0.785156 0.957031
0.785156 0.957031

0.785156 0.957031
0.785156 0.957031

0.789062 0.953125
0.789062 0.953125

0.789062 0.953125
0.789062 0.953125

0.792969 0.953125
0.792969 0.953125

0.792969 0.953125
0.792969 0.953125

0.796875 0.953125
0.796875 0.953125

0.796875 0.953125
0.796875 0.953125

0.800781 0.953125
0.800781 0.953125

0.800781 0.953125
0.800781 0.953125

0.816406 0.945312
0.816406 0.945312

0.816406 0.945312
0.816406 0.945312

0.8125 0.949219
0.8125 0.949219

0.8125 0.949219
0.8125 0.949219

0.816406 0.949219
0.816406 0.949219

0.816406 0.949219
0.816406 0.949219

0.820312 0.945312
0.820312 0.945312

0.820312 0.945312
0.820312 0.945312

0.824219 0.945312
0.824219 0.945312

0.824219 0.945312
0.824219 0.945312

0.828125 0.941406
0.828125 0.941406

0.828125 0.941406
0.828125 0.941406

0.832031 0.941406
0.832031 0.941406

0.832031 0.941406
0.832031 0.941406

0.835938 0.9375
0.835938 0.9375

0.835938 0.9375
0.835938 0.9375

0.839844 0.9375
0.839844 0.9375

0.839844 0.9375
0.839844 0.9375

0.835938 0.941406
0.835938 0.941406

0.835938 0.941406
0.835938 0.941406

0.828125 0.945312
0.828125 0.945312

0.828125 0.945312
0.828125 0.945312

0.84375 0.9375
0.84375 0.9375

0.84375 0.9375
0.84375 0.9375

0.902344 0.890625
0.902344 0.890625

0.902344 0.890625
0.902344 0.890625

0.898438 0.894531
0.898438 0.894531

0.898438 0.894531
0.898438 0.894531

0.902344 0.894531
0.902344 0.894531

0.902344 0.894531
0.902344 0.894531

0.894531 0.898438
0.894531 0.898438

0.894531 0.898438
0.894531 0.898438

0.890625 0.902344
0.890625 0.902344

0.890625 0.902344
0.890625 0.902344

0.894531 0.902344
0.894531 0.902344

0.894531 0.902344
0.894531 0.902344

0.898438 0.898438
0.898438 0.898438

0.898438 0.898438
0.898438 0.898438

0.917969 0.875
0.917969 0.875

0.917969 0.875
0.917969 0.875

0.914062 0.878906
0.914062 0.878906

0.914062 0.878906
0.914062 0.878906

0.917969 0.878906
0.917969 0.878906

0.917969 0.878906
0.917969 0.878906

0.910156 0.882812
0.910156 0.882812

0.910156 0.882812
0.910156 0.882812

0.90625 0.886719
0.90625 0.886719

0.90625 0.886719
0.90625 0.886719

0.910156 0.886719
0.910156 0.886719

0.910156 0.886719
0.910156 0.886719

0.914062 0.882812
0.914062 0.882812

0.914062 0.882812
0.914062 0.882812

0.90625 0.890625
0.90625 0.890625

0.90625 0.890625
0.90625 0.890625

0.886719 0.90625
0.886719 0.90625

0.886719 0.90625
0.886719 0.90625

0.882812 0.910156
0.882812 0.910156

0.882812 0.910156
0.882812 0.910156

0.886719 0.910156
0.886719 0.910156

0.886719 0.910156
0.886719 0.910156

0.878906 0.914062
0.878906 0.914062

0.878906 0.914062
0.878906 0.914062

0.875 0.917969
0.875 0.917969

0.875 0.917969
0.875 0.917969

0.878906 0.917969
0.878906 0.917969

0.878906 0.917969
0.878906 0.917969

0.882812 0.914062
0.882812 0.914062

0.882812 0.914062
0.882812 0.914062

0.890625 0.90625
0.890625 0.90625

0.890625 0.90625
0.890625 0.90625

0.0390625 0.296875
0.0390625 0.296875

0.0390625 0.296875
0.0390625 0.296875

0.0390625 0.300781
0.0390625 0.300781

0.0390625 0.300781
0.0390625 0.300781

0.957031 0.695312
0.957031 0.695312

0.957031 0.695312
0.957031 0.695312

0.957031 0.699219
0.957031 0.699219

0.957031 0.699219
0.957031 0.699219

0.5 0.09375
0.507812 0.101562

0.507812 0.09375
0.5 0.101562

0.5 0.101562
0.507812 0.109375

0.507812 0.101562
0.5 0.109375

0.507812 0.101562
0.515625 0.109375

0.515625 0.101562
0.507812 0.109375

0.09375 0.5
0.101562 0.507812

0.101562 0.5
0.09375 0.507812

0.101562 0.5
0.109375 0.507812

0.109375 0.5
0.101562 0.507812

0.101562 0.507812
0.109375 0.515625

0.109375 0.507812
0.101562 0.515625

0.890625 0.484375
0.898438 0.492188

0.898438 0.484375
0.890625 0.492188

0.890625 0.492188
0.898438 0.5

0.898438 0.492188
0.890625 0.5

0.898438 0.492188
0.90625 0.5

0.90625 0.492188
0.898438 0.5

0.484375 0.890625
0.492188 0.898438

0.492188 0.890625
0.484375 0.898438

0.492188 0.890625
0.5 0.898438

0.5 0.890625
0.492188 0.898438

0.492188 0.898438
0.5 0.90625

0.5 0.898438
0.492188 0.90625

