2 -1 -0.0313497 0

2 0 -0.0313497 0

2 1 -0.0313497 0

2 2 -0.0313497 0

0.25 0.25 -1.04656 -1.04656

0.6875 0.25 1.04656 -1.04656

0.25 0.6875 -1.04656 1.04656

0.6875 0.6875 1.04656 1.04656

0.3125 0.3125 -8.37244 -8.37244

0.375 0.25 -0.131072 -0.131072

0.25 0.375 -0.131072 -0.131072

0.59375 0.25 0.131072 -0.131072

0.65625 0.3125 8.37244 -8.37244

0.71875 0.375 0.131072 -0.131072

0.25 0.59375 -0.131072 0.131072

0.3125 0.65625 -8.37244 8.37244

0.375 0.71875 -0.131072 0.131072

0.71875 0.59375 0.131072 0.131072

0.59375 0.71875 0.131072 0.131072

0.65625 0.65625 8.37244 8.37244

0.34375 0.34375 -66.8295 -66.8295

0.359375 0.34375 -89.4683 -102.229

0.34375 0.359375 -102.229 -89.4683

0.359375 0.359375 -61.0205 -61.0205

0.40625 0.28125 -1.04858 -1.04858

0.421875 0.28125 -9.39521 -11.4924

0.40625 0.296875 -29.5356 -66.783

0.421875 0.296875 -33.6217 -109.053

0.4375 0.28125 -16.0266 -36.9142

0.453125 0.28125 -12.8 -65.7408

0.4375 0.296875 -34.1113 -125.942

0.453125 0.296875 -25.6 -128

0.46875 0.28125 -7.68 -86.2208

0.484375 0.28125 -2.56 -96.4608

0.46875 0.296875 -15.36 -128

0.484375 0.296875 -5.12 -128

0.375 0.3125 -34.7832 -52.1482

0.390625 0.3125 -55.1513 -102.738

0.375 0.328125 -76.641 -110.908

0.390625 0.328125 -58.798 -105.823

0.40625 0.3125 -58.1493 -124.728

0.421875 0.3125 -39.0578 -116.508

0.40625 0.328125 -31.8862 -61.217

0.421875 0.328125 -14.8313 -18.9473

0.375 0.34375 -58.9466 -75.8518

0.390625 0.34375 -20.8168 -25.2618

0.375 0.359375 -14.5853 -14.5881

0.390625 0.359375 -0.00143711 -0.00143711

0.28125 0.40625 -1.04858 -1.04858

0.296875 0.40625 -66.783 -29.5356

0.28125 0.421875 -11.4924 -9.39521

0.296875 0.421875 -109.053 -33.6217

0.3125 0.375 -52.1482 -34.7832

0.328125 0.375 -110.908 -76.641

0.3125 0.390625 -102.738 -55.1513

0.328125 0.390625 -105.823 -58.798

0.34375 0.375 -75.8518 -58.9466

0.359375 0.375 -14.5881 -14.5853

0.34375 0.390625 -25.2618 -20.8168

0.359375 0.390625 -0.00143711 -0.00143711

0.3125 0.40625 -124.728 -58.1493

0.328125 0.40625 -61.217 -31.8862

0.3125 0.421875 -116.508 -39.0578

0.328125 0.421875 -18.9473 -14.8313

0.28125 0.4375 -36.9142 -16.0266

0.296875 0.4375 -125.942 -34.1113

0.28125 0.453125 -65.7408 -12.8

0.296875 0.453125 -128 -25.6

0.28125 0.46875 -86.2208 -7.68

0.296875 0.46875 -128 -15.36

0.28125 0.484375 -96.4608 -2.56

0.296875 0.484375 -128 -5.12

0.5 0.28125 2.56 -96.4608

0.515625 0.28125 7.68 -86.2208

0.5 0.296875 5.12 -128

0.515625 0.296875 15.36 -128

0.53125 0.28125 12.8 -65.7408

0.546875 0.28125 16.0266 -36.9142

0.53125 0.296875 25.6 -128

0.546875 0.296875 34.1113 -125.942

0.5625 0.28125 9.39521 -11.4924

0.578125 0.28125 1.04858 -1.04858

0.5625 0.296875 33.6217 -109.053

0.578125 0.296875 29.5356 -66.783

0.5625 0.3125 39.0578 -116.508

0.578125 0.3125 58.1493 -124.728

0.5625 0.328125 14.8313 -18.9473

0.578125 0.328125 31.8862 -61.217

0.59375 0.3125 55.1513 -102.738

0.609375 0.3125 34.7832 -52.1482

0.59375 0.328125 58.798 -105.823

0.609375 0.328125 76.641 -110.908

0.59375 0.34375 20.8168 -25.2618

0.609375 0.34375 58.9466 -75.8518

0.59375 0.359375 0.00143711 -0.00143711

0.609375 0.359375 14.5853 -14.5881

0.625 0.34375 89.4683 -102.229

0.640625 0.34375 66.8295 -66.8295

0.625 0.359375 61.0205 -61.0205

0.640625 0.359375 102.229 -89.4683

0.625 0.375 14.5881 -14.5853

0.640625 0.375 75.8518 -58.9466

0.625 0.390625 0.00143711 -0.00143711

0.640625 0.390625 25.2618 -20.8168

0.65625 0.375 110.908 -76.641

0.671875 0.375 52.1482 -34.7832

0.65625 0.390625 105.823 -58.798

0.671875 0.390625 102.738 -55.1513

0.65625 0.40625 61.217 -31.8862

0.671875 0.40625 124.728 -58.1493

0.65625 0.421875 18.9473 -14.8313

0.671875 0.421875 116.508 -39.0578

0.6875 0.40625 66.783 -29.5356

0.703125 0.40625 1.04858 -1.04858

0.6875 0.421875 109.053 -33.6217

0.703125 0.421875 11.4924 -9.39521

0.6875 0.4375 125.942 -34.1113

0.703125 0.4375 36.9142 -16.0266

0.6875 0.453125 128 -25.6

0.703125 0.453125 65.7408 -12.8

0.6875 0.46875 128 -15.36

0.703125 0.46875 86.2208 -7.68

0.6875 0.484375 128 -5.12

0.703125 0.484375 96.4608 -2.56

0.28125 0.5 -96.4608 2.56

0.296875 0.5 -128 5.12

0.28125 0.515625 -86.2208 7.68

0.296875 0.515625 -128 15.36

0.28125 0.53125 -65.7408 12.8

0.296875 0.53125 -128 25.6

0.28125 0.546875 -36.9142 16.0266

0.296875 0.546875 -125.942 34.1113

0.28125 0.5625 -11.4924 9.39521

0.296875 0.5625 -109.053 33.6217

0.28125 0.578125 -1.04858 1.04858

0.296875 0.578125 -66.783 29.5356

0.3125 0.5625 -116.508 39.0578

0.328125 0.5625 -18.9473 14.8313

0.3125 0.578125 -124.728 58.1493

0.328125 0.578125 -61.217 31.8862

0.3125 0.59375 -102.738 55.1513

0.328125 0.59375 -105.823 58.798

0.3125 0.609375 -52.1482 34.7832

0.328125 0.609375 -110.908 76.641

0.34375 0.59375 -25.2618 20.8168

0.359375 0.59375 -0.00143711 0.00143711

0.34375 0.609375 -75.8518 58.9466

0.359375 0.609375 -14.5881 14.5853

0.34375 0.625 -102.229 89.4683

0.359375 0.625 -61.0205 61.0205

0.34375 0.640625 -66.8295 66.8295

0.359375 0.640625 -89.4683 102.229

0.375 0.625 -14.5853 14.5881

0.390625 0.625 -0.00143711 0.00143711

0.375 0.640625 -58.9466 75.8518

0.390625 0.640625 -20.8168 25.2618

0.375 0.65625 -76.641 110.908

0.390625 0.65625 -58.798 105.823

0.375 0.671875 -34.7832 52.1482

0.390625 0.671875 -55.1513 102.738

0.40625 0.65625 -31.8862 61.217

0.421875 0.65625 -14.8313 18.9473

0.40625 0.671875 -58.1493 124.728

0.421875 0.671875 -39.0578 116.508

0.40625 0.6875 -29.5356 66.783

0.421875 0.6875 -33.6217 109.053

0.40625 0.703125 -1.04858 1.04858

0.421875 0.703125 -9.39521 11.4924

0.4375 0.6875 -34.1113 125.942

0.453125 0.6875 -25.6 128

0.4375 0.703125 -16.0266 36.9142

0.453125 0.703125 -12.8 65.7408

0.46875 0.6875 -15.36 128

0.484375 0.6875 -5.12 128

0.46875 0.703125 -7.68 86.2208

0.484375 0.703125 -2.56 96.4608

0.6875 0.5 128 5.12

0.703125 0.5 96.4608 2.56

0.6875 0.515625 128 15.36

0.703125 0.515625 86.2208 7.68

0.6875 0.53125 128 25.6

0.703125 0.53125 65.7408 12.8

0.6875 0.546875 125.942 34.1113

0.703125 0.546875 36.9142 16.0266

0.65625 0.5625 18.9473 14.8313

0.671875 0.5625 116.508 39.0578

0.65625 0.578125 61.217 31.8862

0.671875 0.578125 124.728 58.1493

0.625 0.59375 0.00143711 0.00143711

0.640625 0.59375 25.2618 20.8168

0.625 0.609375 14.5881 14.5853

0.640625 0.609375 75.8518 58.9466

0.65625 0.59375 105.823 58.798

0.671875 0.59375 102.738 55.1513

0.65625 0.609375 110.908 76.641

0.671875 0.609375 52.1482 34.7832

0.6875 0.5625 109.053 33.6217

0.703125 0.5625 11.4924 9.39521

0.6875 0.578125 66.783 29.5356

0.703125 0.578125 1.04858 1.04858

0.59375 0.625 0.00143711 0.00143711

0.609375 0.625 14.5853 14.5881

0.59375 0.640625 20.8168 25.2618

0.609375 0.640625 58.9466 75.8518

0.5625 0.65625 14.8313 18.9473

0.578125 0.65625 31.8862 61.217

0.5625 0.671875 39.0578 116.508

0.578125 0.671875 58.1493 124.728

0.59375 0.65625 58.798 105.823

0.609375 0.65625 76.641 110.908

0.59375 0.671875 55.1513 102.738

0.609375 0.671875 34.7832 52.1482

0.5 0.6875 5.12 128

0.515625 0.6875 15.36 128

0.5 0.703125 2.56 96.4608

0.515625 0.703125 7.68 86.2208

0.53125 0.6875 25.6 128

0.546875 0.6875 34.1113 125.942

0.53125 0.703125 12.8 65.7408

0.546875 0.703125 16.0266 36.9142

0.5625 0.6875 33.6217 109.053

0.578125 0.6875 29.5356 66.783

0.5625 0.703125 9.39521 11.4924

0.578125 0.703125 1.04858 1.04858

0.625 0.625 61.0205 61.0205

0.640625 0.625 102.229 89.4683

0.625 0.640625 89.4683 102.229

0.640625 0.640625 66.8295 66.8295

0.34375 0.3125 0 0

0.359375 0.3125 -11.1861 -11.1861

0.34375 0.328125 -17.4147 -17.7149

0.359375 0.328125 -54.2206 -66.9781

0.3125 0.34375 0 0

0.328125 0.34375 -17.7149 -17.4147

0.3125 0.359375 -11.1861 -11.1861

0.328125 0.359375 -66.9781 -54.2206

0.40625 0.25 0 0

0.421875 0.25 0 0

0.40625 0.265625 0 0

0.421875 0.265625 0 0

0.375 0.28125 0 0

0.390625 0.28125 0 0

0.375 0.296875 -2.50358 -2.50358

0.390625 0.296875 -17.1687 -22.1759

0.4375 0.25 0 0

0.453125 0.25 0 0

0.4375 0.265625 0 0

0.453125 0.265625 0 0

0.4375 0.34375 -2.11116 -2.11116

0.46875 0.34375 0 0

0.4375 0.3125 -20.1427 -91.0858

0.453125 0.3125 -12.8 -62.2592

0.4375 0.328125 -2.05801 -2.05801

0.453125 0.328125 0 0

0.46875 0.25 0 0

0.484375 0.25 0 0

0.46875 0.265625 0 0

0.484375 0.265625 0 0

0.46875 0.3125 -7.68 -41.7792

0.484375 0.3125 -2.56 -31.5392

0.46875 0.328125 0 0

0.484375 0.328125 0 0

0.40625 0.34375 -2.22391 -2.22391

0.421875 0.34375 0 0

0.40625 0.359375 0 0

0.421875 0.359375 0 0

0.4375 0.4375 0 0

0.40625 0.375 -0.000179638 -0.000179638

0.375 0.40625 -0.000179638 -0.000179638

0.40625 0.40625 0 0

0.375 0.375 0 0

0.390625 0.375 0 0

0.375 0.390625 0 0

0.390625 0.390625 0 0

0.28125 0.375 0 0

0.296875 0.375 -2.50358 -2.50358

0.28125 0.390625 0 0

0.296875 0.390625 -22.1759 -17.1687

0.25 0.40625 0 0

0.265625 0.40625 0 0

0.25 0.421875 0 0

0.265625 0.421875 0 0

0.34375 0.40625 -2.22391 -2.22391

0.359375 0.40625 0 0

0.34375 0.421875 0 0

0.359375 0.421875 0 0

0.34375 0.4375 -2.11116 -2.11116

0.34375 0.46875 0 0

0.3125 0.4375 -91.0858 -20.1427

0.328125 0.4375 -2.05801 -2.05801

0.3125 0.453125 -62.2592 -12.8

0.328125 0.453125 0 0

0.25 0.4375 0 0

0.265625 0.4375 0 0

0.25 0.453125 0 0

0.265625 0.453125 0 0

0.3125 0.46875 -41.7792 -7.68

0.328125 0.46875 0 0

0.3125 0.484375 -31.5392 -2.56

0.328125 0.484375 0 0

0.25 0.46875 0 0

0.265625 0.46875 0 0

0.25 0.484375 0 0

0.265625 0.484375 0 0

0.5 0.25 0 0

0.515625 0.25 0 0

0.5 0.265625 0 0

0.515625 0.265625 0 0

0.5 0.34375 0 0

0.53125 0.34375 2.11116 -2.11116

0.5 0.3125 2.56 -31.5392

0.515625 0.3125 7.68 -41.7792

0.5 0.328125 0 0

0.515625 0.328125 0 0

0.53125 0.25 0 0

0.546875 0.25 0 0

0.53125 0.265625 0 0

0.546875 0.265625 0 0

0.53125 0.3125 12.8 -62.2592

0.546875 0.3125 20.1427 -91.0858

0.53125 0.328125 0 0

0.546875 0.328125 2.05801 -2.05801

0.59375 0.28125 0 0

0.609375 0.28125 0 0

0.59375 0.296875 17.1687 -22.1759

0.609375 0.296875 2.50358 -2.50358

0.5625 0.25 0 0

0.578125 0.25 0 0

0.5625 0.265625 0 0

0.578125 0.265625 0 0

0.5625 0.34375 0 0

0.578125 0.34375 2.22391 -2.22391

0.5625 0.359375 0 0

0.578125 0.359375 0 0

0.625 0.3125 11.1861 -11.1861

0.640625 0.3125 0 0

0.625 0.328125 54.2206 -66.9781

0.640625 0.328125 17.4147 -17.7149

0.5 0.4375 0 0

0.5625 0.375 0.000179638 -0.000179638

0.5625 0.40625 0 0

0.59375 0.40625 0.000179638 -0.000179638

0.59375 0.375 0 0

0.609375 0.375 0 0

0.59375 0.390625 0 0

0.609375 0.390625 0 0

0.65625 0.34375 17.7149 -17.4147

0.671875 0.34375 0 0

0.65625 0.359375 66.9781 -54.2206

0.671875 0.359375 11.1861 -11.1861

0.625 0.40625 0 0

0.640625 0.40625 2.22391 -2.22391

0.625 0.421875 0 0

0.640625 0.421875 0 0

0.6875 0.375 2.50358 -2.50358

0.703125 0.375 0 0

0.6875 0.390625 22.1759 -17.1687

0.703125 0.390625 0 0

0.625 0.4375 2.11116 -2.11116

0.625 0.46875 0 0

0.65625 0.4375 2.05801 -2.05801

0.671875 0.4375 91.0858 -20.1427

0.65625 0.453125 0 0

0.671875 0.453125 62.2592 -12.8

0.71875 0.40625 0 0

0.734375 0.40625 0 0

0.71875 0.421875 0 0

0.734375 0.421875 0 0

0.71875 0.4375 0 0

0.734375 0.4375 0 0

0.71875 0.453125 0 0

0.734375 0.453125 0 0

0.71875 0.46875 0 0

0.734375 0.46875 0 0

0.71875 0.484375 0 0

0.734375 0.484375 0 0

0.65625 0.46875 0 0

0.671875 0.46875 41.7792 -7.68

0.65625 0.484375 0 0

0.671875 0.484375 31.5392 -2.56

0.34375 0.5 0 0

0.34375 0.53125 -2.11116 2.11116

0.3125 0.5 -31.5392 2.56

0.328125 0.5 0 0

0.3125 0.515625 -41.7792 7.68

0.328125 0.515625 0 0

0.25 0.5 0 0

0.265625 0.5 0 0

0.25 0.515625 0 0

0.265625 0.515625 0 0

0.3125 0.53125 -62.2592 12.8

0.328125 0.53125 0 0

0.3125 0.546875 -91.0858 20.1427

0.328125 0.546875 -2.05801 2.05801

0.25 0.53125 0 0

0.265625 0.53125 0 0

0.25 0.546875 0 0

0.265625 0.546875 0 0

0.25 0.5625 0 0

0.265625 0.5625 0 0

0.25 0.578125 0 0

0.265625 0.578125 0 0

0.28125 0.59375 0 0

0.296875 0.59375 -22.1759 17.1687

0.28125 0.609375 0 0

0.296875 0.609375 -2.50358 2.50358

0.34375 0.5625 0 0

0.359375 0.5625 0 0

0.34375 0.578125 -2.22391 2.22391

0.359375 0.578125 0 0

0.3125 0.625 -11.1861 11.1861

0.328125 0.625 -66.9781 54.2206

0.3125 0.640625 0 0

0.328125 0.640625 -17.7149 17.4147

0.4375 0.5 0 0

0.375 0.5625 -0.000179638 0.000179638

0.40625 0.5625 0 0

0.40625 0.59375 -0.000179638 0.000179638

0.375 0.59375 0 0

0.390625 0.59375 0 0

0.375 0.609375 0 0

0.390625 0.609375 0 0

0.34375 0.65625 -17.4147 17.7149

0.359375 0.65625 -54.2206 66.9781

0.34375 0.671875 0 0

0.359375 0.671875 -11.1861 11.1861

0.40625 0.625 0 0

0.421875 0.625 0 0

0.40625 0.640625 -2.22391 2.22391

0.421875 0.640625 0 0

0.375 0.6875 -2.50358 2.50358

0.390625 0.6875 -17.1687 22.1759

0.375 0.703125 0 0

0.390625 0.703125 0 0

0.4375 0.625 -2.11116 2.11116

0.46875 0.625 0 0

0.4375 0.65625 -2.05801 2.05801

0.453125 0.65625 0 0

0.4375 0.671875 -20.1427 91.0858

0.453125 0.671875 -12.8 62.2592

0.40625 0.71875 0 0

0.421875 0.71875 0 0

0.40625 0.734375 0 0

0.421875 0.734375 0 0

0.4375 0.71875 0 0

0.453125 0.71875 0 0

0.4375 0.734375 0 0

0.453125 0.734375 0 0

0.46875 0.65625 0 0

0.484375 0.65625 0 0

0.46875 0.671875 -7.68 41.7792

0.484375 0.671875 -2.56 31.5392

0.46875 0.71875 0 0

0.484375 0.71875 0 0

0.46875 0.734375 0 0

0.484375 0.734375 0 0

0.71875 0.5 0 0

0.734375 0.5 0 0

0.71875 0.515625 0 0

0.734375 0.515625 0 0

0.625 0.5 0 0

0.625 0.53125 2.11116 2.11116

0.65625 0.5 0 0

0.671875 0.5 31.5392 2.56

0.65625 0.515625 0 0

0.671875 0.515625 41.7792 7.68

0.71875 0.53125 0 0

0.734375 0.53125 0 0

0.71875 0.546875 0 0

0.734375 0.546875 0 0

0.65625 0.53125 0 0

0.671875 0.53125 62.2592 12.8

0.65625 0.546875 2.05801 2.05801

0.671875 0.546875 91.0858 20.1427

0.625 0.5625 0 0

0.640625 0.5625 0 0

0.625 0.578125 0 0

0.640625 0.578125 2.22391 2.22391

0.5 0.5 0 0

0.5625 0.5625 0 0

0.59375 0.5625 0.000179638 0.000179638

0.5625 0.59375 0.000179638 0.000179638

0.59375 0.59375 0 0

0.609375 0.59375 0 0

0.59375 0.609375 0 0

0.609375 0.609375 0 0

0.6875 0.59375 22.1759 17.1687

0.703125 0.59375 0 0

0.6875 0.609375 2.50358 2.50358

0.703125 0.609375 0 0

0.65625 0.625 66.9781 54.2206

0.671875 0.625 11.1861 11.1861

0.65625 0.640625 17.7149 17.4147

0.671875 0.640625 0 0

0.71875 0.5625 0 0

0.734375 0.5625 0 0

0.71875 0.578125 0 0

0.734375 0.578125 0 0

0.5625 0.625 0 0

0.578125 0.625 0 0

0.5625 0.640625 0 0

0.578125 0.640625 2.22391 2.22391

0.5 0.625 0 0

0.53125 0.625 2.11116 2.11116

0.53125 0.65625 0 0

0.546875 0.65625 2.05801 2.05801

0.53125 0.671875 12.8 62.2592

0.546875 0.671875 20.1427 91.0858

0.625 0.65625 54.2206 66.9781

0.640625 0.65625 17.4147 17.7149

0.625 0.671875 11.1861 11.1861

0.640625 0.671875 0 0

0.59375 0.6875 17.1687 22.1759

0.609375 0.6875 2.50358 2.50358

0.59375 0.703125 0 0

0.609375 0.703125 0 0

0.5 0.65625 0 0

0.515625 0.65625 0 0

0.5 0.671875 2.56 31.5392

0.515625 0.671875 7.68 41.7792

0.5 0.71875 0 0

0.515625 0.71875 0 0

0.5 0.734375 0 0

0.515625 0.734375 0 0

0.53125 0.71875 0 0

0.546875 0.71875 0 0

0.53125 0.734375 0 0

0.546875 0.734375 0 0

0.5625 0.71875 0 0

0.578125 0.71875 0 0

0.5625 0.734375 0 0

0.578125 0.734375 0 0

0.3125 0.25 0 0

0.34375 0.25 0 0

0.3125 0.28125 0 0

0.34375 0.28125 -5.43322 -5.43322

0.25 0.3125 0 0

0.28125 0.3125 0 0

0.25 0.34375 0 0

0.28125 0.34375 -5.43322 -5.43322

0.25 0 0 0

0.375 0.125 0 0

0.4375 0.125 0 0

0.375 0.1875 0 0

0.40625 0.1875 0 0

0.375 0.21875 0 0

0.40625 0.21875 0 0

0.4375 0.1875 0 0

0.46875 0.1875 0 0

0.4375 0.21875 0 0

0.46875 0.21875 0 0

0.4375 0.375 0 0

0.46875 0.375 0 0

0.4375 0.40625 0 0

0.46875 0.40625 0 0

0 0.25 0 0

0.125 0.375 0 0

0.125 0.4375 0 0

0.1875 0.375 0 0

0.21875 0.375 0 0

0.1875 0.40625 0 0

0.21875 0.40625 0 0

0.1875 0.4375 0 0

0.21875 0.4375 0 0

0.1875 0.46875 0 0

0.21875 0.46875 0 0

0.375 0.4375 0 0

0.40625 0.4375 0 0

0.375 0.46875 0 0

0.40625 0.46875 0 0

0.625 0 0 0

0.5 0.125 0 0

0.5625 0.125 0 0

0.5 0.1875 0 0

0.53125 0.1875 0 0

0.5 0.21875 0 0

0.53125 0.21875 0 0

0.625 0.25 0 0

0.65625 0.25 0 0

0.625 0.28125 5.43322 -5.43322

0.65625 0.28125 0 0

0.5625 0.1875 0 0

0.59375 0.1875 0 0

0.5625 0.21875 0 0

0.59375 0.21875 0 0

0.5 0.375 0 0

0.53125 0.375 0 0

0.5 0.40625 0 0

0.53125 0.40625 0 0

0.6875 0.3125 0 0

0.71875 0.3125 0 0

0.6875 0.34375 5.43322 -5.43322

0.71875 0.34375 0 0

0.875 0.25 0 0

0.8125 0.375 0 0

0.8125 0.4375 0 0

0.75 0.375 0 0

0.78125 0.375 0 0

0.75 0.40625 0 0

0.78125 0.40625 0 0

0.5625 0.4375 0 0

0.59375 0.4375 0 0

0.5625 0.46875 0 0

0.59375 0.46875 0 0

0.75 0.4375 0 0

0.78125 0.4375 0 0

0.75 0.46875 0 0

0.78125 0.46875 0 0

0 0.625 0 0

0.125 0.5 0 0

0.125 0.5625 0 0

0.1875 0.5 0 0

0.21875 0.5 0 0

0.1875 0.53125 0 0

0.21875 0.53125 0 0

0.375 0.5 0 0

0.40625 0.5 0 0

0.375 0.53125 0 0

0.40625 0.53125 0 0

0.1875 0.5625 0 0

0.21875 0.5625 0 0

0.1875 0.59375 0 0

0.21875 0.59375 0 0

0.25 0.625 0 0

0.28125 0.625 -5.43322 5.43322

0.25 0.65625 0 0

0.28125 0.65625 0 0

0.3125 0.6875 0 0

0.34375 0.6875 -5.43322 5.43322

0.3125 0.71875 0 0

0.34375 0.71875 0 0

0.4375 0.5625 0 0

0.46875 0.5625 0 0

0.4375 0.59375 0 0

0.46875 0.59375 0 0

0.25 0.875 0 0

0.375 0.8125 0 0

0.4375 0.8125 0 0

0.375 0.75 0 0

0.40625 0.75 0 0

0.375 0.78125 0 0

0.40625 0.78125 0 0

0.4375 0.75 0 0

0.46875 0.75 0 0

0.4375 0.78125 0 0

0.46875 0.78125 0 0

0.5625 0.5 0 0

0.59375 0.5 0 0

0.5625 0.53125 0 0

0.59375 0.53125 0 0

0.875 0.625 0 0

0.8125 0.5 0 0

0.8125 0.5625 0 0

0.75 0.5 0 0

0.78125 0.5 0 0

0.75 0.53125 0 0

0.78125 0.53125 0 0

0.75 0.5625 0 0

0.78125 0.5625 0 0

0.75 0.59375 0 0

0.78125 0.59375 0 0

0.6875 0.625 5.43322 5.43322

0.71875 0.625 0 0

0.6875 0.65625 0 0

0.71875 0.65625 0 0

0.5 0.5625 0 0

0.53125 0.5625 0 0

0.5 0.59375 0 0

0.53125 0.59375 0 0

0.625 0.875 0 0

0.5 0.8125 0 0

0.5625 0.8125 0 0

0.5 0.75 0 0

0.53125 0.75 0 0

0.5 0.78125 0 0

0.53125 0.78125 0 0

0.625 0.6875 5.43322 5.43322

0.65625 0.6875 0 0

0.625 0.71875 0 0

0.65625 0.71875 0 0

0.5625 0.75 0 0

0.59375 0.75 0 0

0.5625 0.78125 0 0

0.59375 0.78125 0 0

0.25 0.125 0 0

0.3125 0.125 0 0

0.25 0.1875 0 0

0.3125 0.1875 -0.016384 -0.016384

0.125 0.25 0 0

0.1875 0.25 0 0

0.125 0.3125 0 0

0.1875 0.3125 -0.016384 -0.016384

0.75 0.25 0 0

0.8125 0.25 0 0

0.75 0.3125 0.016384 -0.016384

0.8125 0.3125 0 0

0.625 0.125 0 0

0.6875 0.125 0 0

0.625 0.1875 0.016384 -0.016384

0.6875 0.1875 0 0

0.125 0.625 0 0

0.1875 0.625 -0.016384 0.016384

0.125 0.6875 0 0

0.1875 0.6875 0 0

0.25 0.75 0 0

0.3125 0.75 -0.016384 0.016384

0.25 0.8125 0 0

0.3125 0.8125 0 0

0.75 0.625 0.016384 0.016384

0.8125 0.625 0 0

0.75 0.6875 0 0

0.8125 0.6875 0 0

0.625 0.75 0.016384 0.016384

0.6875 0.75 0 0

0.625 0.8125 0 0

0.6875 0.8125 0 0

0.375 0 0 0

0.4375 0 0 0

0.375 0.0625 0 0

0.4375 0.0625 0 0

0 0.375 0 0

0.0625 0.375 0 0

0 0.4375 0 0

0.0625 0.4375 0 0

0.5 0 0 0

0.5625 0 0 0

0.5 0.0625 0 0

0.5625 0.0625 0 0

0.875 0.375 0 0

0.9375 0.375 0 0

0.875 0.4375 0 0

0.9375 0.4375 0 0

0 0.5 0 0

0.0625 0.5 0 0

0 0.5625 0 0

0.0625 0.5625 0 0

0.375 0.875 0 0

0.4375 0.875 0 0

0.375 0.9375 0 0

0.4375 0.9375 0 0

0.875 0.5 0 0

0.9375 0.5 0 0

0.875 0.5625 0 0

0.9375 0.5625 0 0

0.5 0.875 0 0

0.5625 0.875 0 0

0.5 0.9375 0 0

0.5625 0.9375 0 0

0 -1 0 0

0.5 -1 0 0

0 -0.5 0 0

0.25 -0.5 0 0

0.25 -0.25 0 0

0.375 -0.25 0 0

0.25 -0.125 0 0

0 0 0 0

0.125 0 0 0

0 0.125 0 0

0.125 0.125 -0.130819 -0.130819

-1 0 0.0626994 0

-1 0.5 0.0626994 0

-0.5 0 0 0

-0.5 0.25 0 0

-0.25 0.25 0 0

-0.125 0.25 0 0

-0.25 0.375 0 0

0.75 0 0 0

0.875 0 0 0

0.75 0.125 0.130819 -0.130819

0.875 0.125 0 0

0.5 -0.5 0 0

0.75 -0.5 0 0

0.5 -0.25 0 0

0.625 -0.25 0 0

0.625 -0.125 0 0

1.5 0 0 0

1.5 0.5 0 0

1.25 0 0 0

1.25 0.25 0 0

1 0.25 0 0

1.125 0.25 0 0

1.125 0.375 0 0

-0.5 0.5 0 0

-0.5 0.75 0 0

-0.25 0.5 0 0

-0.25 0.625 0 0

-0.125 0.625 0 0

0 0.75 0 0

0.125 0.75 -0.130819 0.130819

0 0.875 0 0

0.125 0.875 0 0

0 1.5 0 0

0.5 1.5 0 0

0 1 0 0

0 1.25 0 0

0.25 1.25 0 0

0.25 1 0 0

0.375 1 0 0

0.25 1.125 0 0

0.375 1.125 0 0

1.25 0.5 0 0

1.25 0.75 0 0

1.125 0.5 0 0

1 0.625 0 0

1.125 0.625 0 0

0.75 0.75 0.130819 0.130819

0.875 0.75 0 0

0.75 0.875 0 0

0.875 0.875 0 0

0.75 1 0 0

0.5 1.25 0 0

0.75 1.25 0 0

0.5 1 0 0

0.625 1 0 0

0.5 1.125 0 0

0.625 1.125 0 0

-0.25 0 0 0

-0.125 0 0 0

-0.25 0.125 0 0

-0.125 0.125 0 0

-0.125 0.375 0 0

-0.0625 0.375 0 0

-0.125 0.4375 0 0

-0.0625 0.4375 0 0

-0.125 0.5 0 0

-0.0625 0.5 0 0

-0.125 0.5625 0 0

-0.0625 0.5625 0 0

-0.25 0.75 0 0

-0.125 0.75 0 0

-0.25 0.875 0 0

-0.125 0.875 0 0

-1 1 0.0626994 0

-1 1.5 0.0626994 0

-0.5 1.5 0 0

1 0 0 0

1.125 0 0 0

1 0.125 0 0

1.125 0.125 0 0

1 0.375 0 0

1.0625 0.375 0 0

1 0.4375 0 0

1.0625 0.4375 0 0

1 0.5 0 0

1.0625 0.5 0 0

1 0.5625 0 0

1.0625 0.5625 0 0

1 0.75 0 0

1.125 0.75 0 0

1 0.875 0 0

1.125 0.875 0 0

1.5 1 0 0

1 1.5 0 0

1.5 1.5 0 0

0 -0.25 0 0

0.125 -0.25 0 0

0 -0.125 0 0

0.125 -0.125 0 0

0.375 -0.125 0 0

0.4375 -0.125 0 0

0.375 -0.0625 0 0

0.4375 -0.0625 0 0

0.5 -0.125 0 0

0.5625 -0.125 0 0

0.5 -0.0625 0 0

0.5625 -0.0625 0 0

0.75 -0.25 0 0

0.875 -0.25 0 0

0.75 -0.125 0 0

0.875 -0.125 0 0

0 2 0 0

0.5 2 0 0

0 2.5 0 0

0.5 2.5 0 0

-1 -1 0.0626994 0

-0.5 -1 0 0

-1 -0.5 0.0626994 0

-1 2 0.0626994 0

-0.5 2 0 0

-1 2.5 0.0626994 0

-0.5 2.5 0 0

1 -1 0 0

1.5 -1 0 0

1.5 -0.5 0 0

1 2 0 0

1.5 2 0 0

1 2.5 0 0

1.5 2.5 0 0

-0.5 1 0 0

-0.25 1 0 0

-0.5 1.25 0 0

-0.25 1.25 0 0

1 1 0 0

1.25 1 0 0

1 1.25 0 0

1.25 1.25 0 0

-0.5 -0.5 0 0

-0.25 -0.5 0 0

-0.5 -0.25 0 0

1 -0.5 0 0

1.25 -0.5 0 0

1.25 -0.25 0 0

-0.25 -0.25 0 0

-0.125 -0.25 0 0

-0.25 -0.125 0 0

-0.125 -0.125 0 0

1 -0.25 0 0

1.125 -0.25 0 0

1 -0.125 0 0

1.125 -0.125 0 0

