2.5 -0.5 0.0237476 0.0237476

2.5 0.5 0.0237476 0.0237476

2.5 1.5 0.0237476 0.0237476

2.5 2.5 0.0237476 0.0237476

0.476562 0.289062 13.3916 13.4354

0.492188 0.289062 23.9998 38.2844

0.476562 0.304688 25.0962 38.86

0.492188 0.304688 17.7287 19.4444

0.414062 0.351562 27.8413 31.0188

0.429688 0.351562 25.5685 28.6563

0.414062 0.367188 24.7768 26.2705

0.429688 0.367188 2.5699 2.5699

0.445312 0.320312 23.2102 26.9401

0.460938 0.320312 26.1783 35.7379

0.445312 0.335938 26.2821 31.9042

0.460938 0.335938 6.92484 6.92484

0.476562 0.320312 11.7046 11.7046

0.492188 0.320312 0 0

0.476562 0.335938 0 0

0.492188 0.335938 0 0

0.445312 0.351562 4.11381 4.11381

0.460938 0.351562 0 0

0.445312 0.367188 0 0

0.460938 0.367188 0 0

0.351562 0.414062 31.0188 27.8413

0.367188 0.414062 26.2705 24.7768

0.351562 0.429688 28.6563 25.5685

0.367188 0.429688 2.5699 2.5699

0.289062 0.476562 13.4354 13.3916

0.304688 0.476562 38.86 25.0962

0.289062 0.492188 38.2844 23.9998

0.304688 0.492188 19.4444 17.7287

0.320312 0.445312 26.9401 23.2102

0.335938 0.445312 31.9042 26.2821

0.320312 0.460938 35.7379 26.1783

0.335938 0.460938 6.92484 6.92484

0.351562 0.445312 4.11381 4.11381

0.367188 0.445312 0 0

0.351562 0.460938 0 0

0.367188 0.460938 0 0

0.320312 0.476562 11.7046 11.7046

0.335938 0.476562 0 0

0.320312 0.492188 0 0

0.335938 0.492188 0 0

0.382812 0.382812 30.3965 30.3965

0.398438 0.382812 24.4337 24.8728

0.382812 0.398438 24.8728 24.4337

0.398438 0.398438 1.60352 1.60352

0.414062 0.382812 1.82306 1.82306

0.429688 0.382812 0 0

0.414062 0.398438 0 0

0.429688 0.398438 0 0

0.382812 0.414062 1.82306 1.82306

0.398438 0.414062 0 0

0.382812 0.429688 0 0

0.398438 0.429688 0 0

0.570312 0.226562 12.2832 13.0212

0.585938 0.226562 17.0918 40.2439

0.570312 0.242188 18.3344 44.9275

0.585938 0.242188 16.0157 22.6799

0.601562 0.226562 15.78 46.0677

0.617188 0.226562 14.1201 22.8319

0.601562 0.242188 3.33213 3.33213

0.617188 0.242188 0 0

0.632812 0.195312 8.51227 9.0334

0.648438 0.195312 11.2087 28.7543

0.632812 0.210938 12.8682 50.6107

0.648438 0.210938 11.2087 35.2457

0.664062 0.195312 9.35414 49.0764

0.679688 0.195312 7.23942 56.5199

0.664062 0.210938 9.23379 14.8032

0.679688 0.210938 2.78472 2.78472

0.632812 0.226562 4.35589 4.35589

0.648438 0.226562 0 0

0.632812 0.242188 0 0

0.648438 0.242188 0 0

0.695312 0.195312 4.76128 50.0886

0.710938 0.195312 1.75306 43.5743

0.695312 0.210938 0 0

0.710938 0.210938 0 0

0.726562 0.195312 -2.08001 43.9012

0.742188 0.195312 -7.3264 51.971

0.726562 0.210938 0 0

0.742188 0.210938 -0.668333 0.668333

0.757812 0.195312 -15.4478 47.2155

0.773438 0.195312 -17.5833 18.887

0.757812 0.210938 -13.0965 14.4332

0.773438 0.210938 -31.3482 31.3482

0.789062 0.195312 -0.65184 0.65184

0.804688 0.195312 0 0

0.789062 0.210938 -18.887 17.5833

0.804688 0.210938 0 0

0.789062 0.226562 -47.2155 15.4478

0.804688 0.226562 -2.35131 2.35131

0.789062 0.242188 -51.971 7.3264

0.804688 0.242188 -11.3607 6.65807

0.507812 0.257812 1.24947 1.24947

0.523438 0.257812 16.8669 19.3658

0.507812 0.273438 22.0463 32.0897

0.523438 0.273438 21.7989 39.7021

0.539062 0.257812 20.6763 42.7774

0.554688 0.257812 19.156 30.7123

0.539062 0.273438 13.6105 14.1568

0.554688 0.273438 0.273148 0.273148

0.507812 0.289062 21.6547 29.803

0.523438 0.289062 4.93201 4.93201

0.507812 0.304688 0.857863 0.857863

0.523438 0.304688 0 0

0.570312 0.257812 6.05128 6.05128

0.585938 0.257812 0 0

0.570312 0.273438 0 0

0.585938 0.273438 0 0

0.726562 0.414062 -6.05128 -6.05128

0.742188 0.414062 -44.9275 -18.3344

0.726562 0.429688 -30.7123 -19.156

0.742188 0.429688 -32.6455 -19.2519

0.726562 0.445312 -42.7774 -20.6763

0.742188 0.445312 -7.06584 -7.06584

0.726562 0.460938 -19.3658 -16.8669

0.742188 0.460938 0 0

0.695312 0.476562 -29.803 -21.6547

0.710938 0.476562 -32.0897 -22.0463

0.695312 0.492188 -38.2844 -23.9998

0.710938 0.492188 -6.27117 -6.27117

0.726562 0.476562 -1.24947 -1.24947

0.742188 0.476562 0 0

0.726562 0.492188 0 0

0.742188 0.492188 0 0

0.789062 0.257812 -43.9012 2.08001

0.804688 0.257812 -20.0988 2.08001

0.789062 0.273438 -43.5743 -1.75306

0.804688 0.273438 -20.4257 -1.75306

0.789062 0.289062 -50.0886 -4.76128

0.804688 0.289062 -13.9114 -4.76128

0.789062 0.304688 -56.5199 -7.23942

0.804688 0.304688 -4.69539 -4.4547

0.789062 0.320312 -49.0764 -9.35414

0.804688 0.320312 -0.120345 -0.120345

0.789062 0.335938 -28.7543 -11.2087

0.804688 0.335938 0 0

0.757812 0.351562 -4.35589 -4.35589

0.773438 0.351562 -50.6107 -12.8682

0.757812 0.367188 -22.8319 -14.1201

0.773438 0.367188 -40.9075 -14.3807

0.789062 0.351562 -9.0334 -8.51227

0.804688 0.351562 0 0

0.789062 0.367188 -0.260561 -0.260561

0.804688 0.367188 0 0

0.757812 0.382812 -46.0677 -15.78

0.773438 0.382812 -14.6002 -12.4478

0.757812 0.398438 -40.2439 -17.0918

0.773438 0.398438 -1.07616 -1.07616

0.757812 0.414062 -13.0212 -12.2832

0.773438 0.414062 0 0

0.757812 0.429688 -0.36904 -0.36904

0.773438 0.429688 0 0

0.226562 0.570312 13.0212 12.2832

0.242188 0.570312 44.9275 18.3344

0.226562 0.585938 40.2439 17.0918

0.242188 0.585938 22.6799 16.0157

0.226562 0.601562 46.0677 15.78

0.242188 0.601562 3.33213 3.33213

0.226562 0.617188 22.8319 14.1201

0.242188 0.617188 0 0

0.195312 0.632812 9.0334 8.51227

0.210938 0.632812 50.6107 12.8682

0.195312 0.648438 28.7543 11.2087

0.210938 0.648438 35.2457 11.2087

0.226562 0.632812 4.35589 4.35589

0.242188 0.632812 0 0

0.226562 0.648438 0 0

0.242188 0.648438 0 0

0.195312 0.664062 49.0764 9.35414

0.210938 0.664062 14.8032 9.23379

0.195312 0.679688 56.5199 7.23942

0.210938 0.679688 2.78472 2.78472

0.195312 0.695312 50.0886 4.76128

0.210938 0.695312 0 0

0.195312 0.710938 43.5743 1.75306

0.210938 0.710938 0 0

0.195312 0.726562 43.9012 -2.08001

0.210938 0.726562 0 0

0.195312 0.742188 51.971 -7.3264

0.210938 0.742188 0.668333 -0.668333

0.257812 0.507812 1.24947 1.24947

0.273438 0.507812 32.0897 22.0463

0.257812 0.523438 19.3658 16.8669

0.273438 0.523438 39.7021 21.7989

0.289062 0.507812 29.803 21.6547

0.304688 0.507812 0.857863 0.857863

0.289062 0.523438 4.93201 4.93201

0.304688 0.523438 0 0

0.257812 0.539062 42.7774 20.6763

0.273438 0.539062 14.1568 13.6105

0.257812 0.554688 30.7123 19.156

0.273438 0.554688 0.273148 0.273148

0.257812 0.570312 6.05128 6.05128

0.273438 0.570312 0 0

0.257812 0.585938 0 0

0.273438 0.585938 0 0

0.414062 0.726562 -6.05128 -6.05128

0.429688 0.726562 -19.156 -30.7123

0.414062 0.742188 -18.3344 -44.9275

0.429688 0.742188 -19.2519 -32.6455

0.476562 0.695312 -21.6547 -29.803

0.492188 0.695312 -23.9998 -38.2844

0.476562 0.710938 -22.0463 -32.0897

0.492188 0.710938 -6.27117 -6.27117

0.445312 0.726562 -20.6763 -42.7774

0.460938 0.726562 -16.8669 -19.3658

0.445312 0.742188 -7.06584 -7.06584

0.460938 0.742188 0 0

0.476562 0.726562 -1.24947 -1.24947

0.492188 0.726562 0 0

0.476562 0.742188 0 0

0.492188 0.742188 0 0

0.195312 0.757812 47.2155 -15.4478

0.210938 0.757812 14.4332 -13.0965

0.195312 0.773438 18.887 -17.5833

0.210938 0.773438 31.3482 -31.3482

0.195312 0.789062 0.65184 -0.65184

0.210938 0.789062 17.5833 -18.887

0.195312 0.804688 0 0

0.210938 0.804688 0 0

0.226562 0.789062 15.4478 -47.2155

0.242188 0.789062 7.3264 -51.971

0.226562 0.804688 2.35131 -2.35131

0.242188 0.804688 6.65807 -11.3607

0.257812 0.789062 2.08001 -43.9012

0.273438 0.789062 -1.75306 -43.5743

0.257812 0.804688 2.08001 -20.0988

0.273438 0.804688 -1.75306 -20.4257

0.289062 0.789062 -4.76128 -50.0886

0.304688 0.789062 -7.23942 -56.5199

0.289062 0.804688 -4.76128 -13.9114

0.304688 0.804688 -4.4547 -4.69539

0.351562 0.757812 -4.35589 -4.35589

0.367188 0.757812 -14.1201 -22.8319

0.351562 0.773438 -12.8682 -50.6107

0.367188 0.773438 -14.3807 -40.9075

0.320312 0.789062 -9.35414 -49.0764

0.335938 0.789062 -11.2087 -28.7543

0.320312 0.804688 -0.120345 -0.120345

0.335938 0.804688 0 0

0.351562 0.789062 -8.51227 -9.0334

0.367188 0.789062 -0.260561 -0.260561

0.351562 0.804688 0 0

0.367188 0.804688 0 0

0.382812 0.757812 -15.78 -46.0677

0.398438 0.757812 -17.0918 -40.2439

0.382812 0.773438 -12.4478 -14.6002

0.398438 0.773438 -1.07616 -1.07616

0.414062 0.757812 -12.2832 -13.0212

0.429688 0.757812 -0.36904 -0.36904

0.414062 0.773438 0 0

0.429688 0.773438 0 0

0.601562 0.570312 -1.82306 -1.82306

0.617188 0.570312 -26.2705 -24.7768

0.601562 0.585938 -24.8728 -24.4337

0.617188 0.585938 -31.0473 -29.3066

0.570312 0.601562 -1.82306 -1.82306

0.585938 0.601562 -24.4337 -24.8728

0.570312 0.617188 -24.7768 -26.2705

0.585938 0.617188 -29.3066 -31.0473

0.601562 0.601562 -30.3965 -30.3965

0.617188 0.601562 -7.34672 -7.34672

0.601562 0.617188 -7.34672 -7.34672

0.617188 0.617188 0 0

0.664062 0.507812 -11.7046 -11.7046

0.679688 0.507812 -38.86 -25.0962

0.664062 0.523438 -35.7379 -26.1783

0.679688 0.523438 -21.3154 -19.2754

0.632812 0.539062 -4.11381 -4.11381

0.648438 0.539062 -31.9042 -26.2821

0.632812 0.554688 -28.6563 -25.5685

0.648438 0.554688 -29.8669 -25.9055

0.664062 0.539062 -26.9401 -23.2102

0.679688 0.539062 -1.04191 -1.04191

0.664062 0.554688 -2.90687 -2.90687

0.679688 0.554688 0 0

0.695312 0.507812 -13.4354 -13.3916

0.710938 0.507812 0 0

0.695312 0.523438 -0.0218919 -0.0218919

0.710938 0.523438 0 0

0.632812 0.570312 -31.0188 -27.8413

0.648438 0.570312 -4.88761 -4.88761

0.632812 0.585938 -6.47636 -6.47636

0.648438 0.585938 0 0

0.539062 0.632812 -4.11381 -4.11381

0.554688 0.632812 -25.5685 -28.6563

0.539062 0.648438 -26.2821 -31.9042

0.554688 0.648438 -25.9055 -29.8669

0.507812 0.664062 -11.7046 -11.7046

0.523438 0.664062 -26.1783 -35.7379

0.507812 0.679688 -25.0962 -38.86

0.523438 0.679688 -19.2754 -21.3154

0.539062 0.664062 -23.2102 -26.9401

0.554688 0.664062 -2.90687 -2.90687

0.539062 0.679688 -1.04191 -1.04191

0.554688 0.679688 0 0

0.570312 0.632812 -27.8413 -31.0188

0.585938 0.632812 -6.47636 -6.47636

0.570312 0.648438 -4.88761 -4.88761

0.585938 0.648438 0 0

0.507812 0.695312 -13.3916 -13.4354

0.523438 0.695312 -0.0218919 -0.0218919

0.507812 0.710938 0 0

0.523438 0.710938 0 0

0.726562 0.351562 0 0

0.742188 0.351562 0 0

0.726562 0.367188 0 0

0.742188 0.367188 0 0

0.820312 0.351562 0 0

0.835938 0.351562 0 0

0.820312 0.367188 0 0

0.835938 0.367188 0 0

0.789062 0.414062 0 0

0.804688 0.414062 0 0

0.789062 0.429688 0 0

0.804688 0.429688 0 0

0.195312 0.570312 0 0

0.210938 0.570312 0 0

0.195312 0.585938 0 0

0.210938 0.585938 1.07616 1.07616

0.164062 0.632812 0 0

0.179688 0.632812 0 0

0.164062 0.648438 0 0

0.179688 0.648438 0 0

0.296875 0.671875 0 0

0.257812 0.632812 0 0

0.273438 0.632812 0 0

0.257812 0.648438 0 0

0.273438 0.648438 0 0

0.164062 0.664062 0 0

0.179688 0.664062 0.120345 0.120345

0.164062 0.679688 0 0

0.179688 0.679688 4.69539 4.4547

0.226562 0.695312 0 0

0.242188 0.695312 0 0

0.226562 0.710938 0 0

0.242188 0.710938 0 0

0.226562 0.726562 0 0

0.242188 0.726562 0 0

0.226562 0.742188 0 0

0.242188 0.742188 0 0

0.289062 0.570312 0 0

0.304688 0.570312 0 0

0.289062 0.585938 0 0

0.304688 0.585938 0 0

0.414062 0.695312 0 0

0.429688 0.695312 0 0

0.414062 0.710938 0 0

0.429688 0.710938 -0.273148 -0.273148

0.453125 0.640625 0 0

0.476562 0.664062 0 0

0.492188 0.664062 0 0

0.476562 0.679688 -0.857863 -0.857863

0.492188 0.679688 -17.7287 -19.4444

0.507812 0.726562 0 0

0.523438 0.726562 0 0

0.507812 0.742188 0 0

0.523438 0.742188 0 0

0.140625 0.796875 0 0

0.164062 0.757812 0 0

0.179688 0.757812 2.35131 -2.35131

0.164062 0.773438 0 0

0.179688 0.773438 0 0

0.203125 0.859375 0 0

0.226562 0.820312 0 0

0.242188 0.820312 0 0

0.226562 0.835938 0 0

0.242188 0.835938 0 0

0.257812 0.757812 0 0

0.273438 0.757812 0 0

0.257812 0.773438 0 0

0.273438 0.773438 0 0

0.289062 0.757812 0 0

0.304688 0.757812 0 0

0.289062 0.773438 0 0

0.304688 0.773438 -2.78472 -2.78472

0.328125 0.703125 0 0

0.351562 0.726562 0 0

0.367188 0.726562 0 0

0.351562 0.742188 0 0

0.367188 0.742188 0 0

0.320312 0.820312 0 0

0.335938 0.820312 0 0

0.320312 0.835938 0 0

0.335938 0.835938 0 0

0.351562 0.820312 0 0

0.367188 0.820312 0 0

0.351562 0.835938 0 0

0.367188 0.835938 0 0

0.414062 0.789062 0 0

0.429688 0.789062 0 0

0.414062 0.804688 0 0

0.429688 0.804688 0 0

0.578125 0.515625 0 0

0.601562 0.539062 0 0

0.617188 0.539062 0 0

0.601562 0.554688 0 0

0.617188 0.554688 -2.5699 -2.5699

0.570312 0.570312 0 0

0.585938 0.570312 0 0

0.570312 0.585938 0 0

0.585938 0.585938 -1.60352 -1.60352

0.515625 0.578125 0 0

0.539062 0.601562 0 0

0.554688 0.601562 0 0

0.539062 0.617188 0 0

0.554688 0.617188 -2.5699 -2.5699

0.632812 0.507812 0 0

0.648438 0.507812 0 0

0.632812 0.523438 0 0

0.648438 0.523438 -6.92484 -6.92484

0.695312 0.539062 0 0

0.710938 0.539062 0 0

0.695312 0.554688 0 0

0.710938 0.554688 0 0

0.507812 0.632812 0 0

0.523438 0.632812 0 0

0.507812 0.648438 0 0

0.523438 0.648438 -6.92484 -6.92484

0.539062 0.695312 0 0

0.554688 0.695312 0 0

0.539062 0.710938 0 0

0.554688 0.710938 0 0

0.3125 0.0625 0 0

0.40625 0.15625 0 0

0.453125 0.203125 0 0

0.484375 0.203125 0 0

0.453125 0.234375 0 0

0.476562 0.226562 0 0

0.492188 0.226562 0 0

0.476562 0.242188 0 0

0.492188 0.242188 0 0

0.445312 0.257812 0 0

0.460938 0.257812 0 0

0.445312 0.273438 0 0

0.460938 0.273438 0 0

0.390625 0.265625 0 0

0.421875 0.265625 0 0

0.390625 0.296875 0 0

0.414062 0.289062 0 0

0.429688 0.289062 0 0

0.414062 0.304688 0 0

0.429688 0.304688 0 0

0.382812 0.320312 0 0

0.398438 0.320312 0 0

0.382812 0.335938 0 0

0.398438 0.335938 0 0

0.28125 0.28125 0 0

0.328125 0.328125 0 0

0.359375 0.328125 0 0

0.328125 0.359375 0 0

0.351562 0.351562 0 0

0.367188 0.351562 0 0

0.351562 0.367188 0 0

0.367188 0.367188 0 0

0.507812 0.351562 0 0

0.523438 0.351562 0 0

0.507812 0.367188 0 0

0.523438 0.367188 0 0

0.476562 0.382812 0 0

0.492188 0.382812 0 0

0.476562 0.398438 0 0

0.492188 0.398438 0 0

0.320312 0.382812 0 0

0.335938 0.382812 0 0

0.320312 0.398438 0 0

0.335938 0.398438 0 0

0.265625 0.390625 0 0

0.296875 0.390625 0 0

0.265625 0.421875 0 0

0.289062 0.414062 0 0

0.304688 0.414062 0 0

0.289062 0.429688 0 0

0.304688 0.429688 0 0

0.257812 0.445312 0 0

0.273438 0.445312 0 0

0.257812 0.460938 0 0

0.273438 0.460938 0 0

0.0625 0.3125 0 0

0.15625 0.40625 0 0

0.203125 0.453125 0 0

0.234375 0.453125 0 0

0.203125 0.484375 0 0

0.226562 0.476562 0 0

0.242188 0.476562 0 0

0.226562 0.492188 0 0

0.242188 0.492188 0 0

0.382812 0.476562 0 0

0.398438 0.476562 0 0

0.382812 0.492188 0 0

0.398438 0.492188 0 0

0.351562 0.507812 0 0

0.367188 0.507812 0 0

0.351562 0.523438 0 0

0.367188 0.523438 0 0

0.445312 0.414062 0 0

0.460938 0.414062 0 0

0.445312 0.429688 0 0

0.460938 0.429688 0 0

0.414062 0.445312 0 0

0.429688 0.445312 0 0

0.414062 0.460938 0 0

0.429688 0.460938 0 0

0.578125 0.140625 0 0

0.609375 0.140625 0 0

0.570312 0.164062 0 0

0.585938 0.164062 0 0

0.570312 0.179688 0 0

0.585938 0.179688 0 0

0.539062 0.195312 0 0

0.554688 0.195312 0 0

0.539062 0.210938 0 0

0.554688 0.210938 0 0

0.601562 0.164062 0 0

0.617188 0.164062 0 0

0.601562 0.179688 0 0

0.617188 0.179688 0 0

0.664062 0.257812 0 0

0.679688 0.257812 0 0

0.664062 0.273438 0 0

0.679688 0.273438 0 0

0.703125 0.296875 0 0

0.695312 0.257812 0 0

0.710938 0.257812 0 0

0.695312 0.273438 0 0

0.710938 0.273438 0 0

0.726562 0.257812 0 0

0.742188 0.257812 0 0

0.726562 0.273438 0 0

0.742188 0.273438 0 0

0.820312 0.195312 0 0

0.835938 0.195312 0 0

0.820312 0.210938 0 0

0.835938 0.210938 0 0

0.789062 0.164062 0 0

0.804688 0.164062 0 0

0.789062 0.179688 0 0

0.804688 0.179688 0 0

0.507812 0.226562 0 0

0.523438 0.226562 0 0

0.507812 0.242188 0 0

0.523438 0.242188 0 0

0.539062 0.320312 0 0

0.554688 0.320312 0 0

0.539062 0.335938 0 0

0.554688 0.335938 0 0

0.601562 0.289062 0 0

0.617188 0.289062 0 0

0.601562 0.304688 0 0

0.617188 0.304688 0 0

0.609375 0.328125 0 0

0.578125 0.359375 0 0

0.609375 0.359375 0 0

0.570312 0.320312 0 0

0.585938 0.320312 0 0

0.570312 0.335938 0 0

0.585938 0.335938 0 0

0.695312 0.382812 0 0

0.710938 0.382812 0 0

0.695312 0.398438 0 0

0.710938 0.398438 0 0

0.640625 0.390625 0 0

0.671875 0.390625 0 0

0.640625 0.421875 0 0

0.664062 0.414062 0 0

0.679688 0.414062 0 0

0.664062 0.429688 0 0

0.679688 0.429688 0 0

0.664062 0.445312 0 0

0.679688 0.445312 0 0

0.664062 0.460938 0 0

0.679688 0.460938 0 0

0.757812 0.476562 0 0

0.773438 0.476562 0 0

0.757812 0.492188 0 0

0.773438 0.492188 0 0

0.726562 0.289062 0 0

0.742188 0.289062 0 0

0.726562 0.304688 0 0

0.742188 0.304688 0 0

0.726562 0.320312 0 0

0.742188 0.320312 0 0

0.726562 0.335938 0 0

0.742188 0.335938 0 0

0.859375 0.390625 0 0

0.859375 0.421875 0 0

0.820312 0.382812 0 0

0.835938 0.382812 0 0

0.820312 0.398438 0 0

0.835938 0.398438 0 0

0.820312 0.414062 0 0

0.835938 0.414062 0 0

0.820312 0.429688 0 0

0.835938 0.429688 0 0

0.789062 0.445312 0 0

0.804688 0.445312 0 0

0.789062 0.460938 0 0

0.804688 0.460938 0 0

0.195312 0.539062 0 0

0.210938 0.539062 0 0

0.195312 0.554688 0 0

0.210938 0.554688 0 0

0.140625 0.578125 0 0

0.140625 0.609375 0 0

0.164062 0.570312 0 0

0.179688 0.570312 0 0

0.164062 0.585938 0 0

0.179688 0.585938 0 0

0.164062 0.601562 0 0

0.179688 0.601562 0 0

0.164062 0.617188 0 0

0.179688 0.617188 0 0

0.257812 0.664062 0 0

0.273438 0.664062 0 0

0.257812 0.679688 0 0

0.273438 0.679688 0 0

0.296875 0.703125 0 0

0.257812 0.695312 0 0

0.273438 0.695312 0 0

0.257812 0.710938 0 0

0.273438 0.710938 0 0

0.257812 0.726562 0 0

0.273438 0.726562 0 0

0.257812 0.742188 0 0

0.273438 0.742188 0 0

0.226562 0.507812 0 0

0.242188 0.507812 0 0

0.226562 0.523438 0 0

0.242188 0.523438 0 0

0.320312 0.539062 0 0

0.335938 0.539062 0 0

0.320312 0.554688 0 0

0.335938 0.554688 0 0

0.359375 0.578125 0 0

0.328125 0.609375 0 0

0.359375 0.609375 0 0

0.320312 0.570312 0 0

0.335938 0.570312 0 0

0.320312 0.585938 0 0

0.335938 0.585938 0 0

0.289062 0.601562 0 0

0.304688 0.601562 0 0

0.289062 0.617188 0 0

0.304688 0.617188 0 0

0.390625 0.640625 0 0

0.421875 0.640625 0 0

0.390625 0.671875 0 0

0.414062 0.664062 0 0

0.429688 0.664062 0 0

0.414062 0.679688 0 0

0.429688 0.679688 0 0

0.382812 0.695312 0 0

0.398438 0.695312 0 0

0.382812 0.710938 0 0

0.398438 0.710938 0 0

0.445312 0.664062 0 0

0.460938 0.664062 0 0

0.445312 0.679688 0 0

0.460938 0.679688 0 0

0.476562 0.757812 0 0

0.492188 0.757812 0 0

0.476562 0.773438 0 0

0.492188 0.773438 0 0

0.164062 0.789062 0 0

0.179688 0.789062 0 0

0.164062 0.804688 0 0

0.179688 0.804688 0 0

0.195312 0.820312 0 0

0.210938 0.820312 0 0

0.195312 0.835938 0 0

0.210938 0.835938 0 0

0.289062 0.726562 0 0

0.304688 0.726562 0 0

0.289062 0.742188 0 0

0.304688 0.742188 0 0

0.320312 0.726562 0 0

0.335938 0.726562 0 0

0.320312 0.742188 0 0

0.335938 0.742188 0 0

0.390625 0.859375 0 0

0.421875 0.859375 0 0

0.382812 0.820312 0 0

0.398438 0.820312 0 0

0.382812 0.835938 0 0

0.398438 0.835938 0 0

0.445312 0.789062 0 0

0.460938 0.789062 0 0

0.445312 0.804688 0 0

0.460938 0.804688 0 0

0.414062 0.820312 0 0

0.429688 0.820312 0 0

0.414062 0.835938 0 0

0.429688 0.835938 0 0

0.570312 0.539062 0 0

0.585938 0.539062 0 0

0.570312 0.554688 0 0

0.585938 0.554688 0 0

0.539062 0.570312 0 0

0.554688 0.570312 0 0

0.539062 0.585938 0 0

0.554688 0.585938 0 0

0.632812 0.476562 0 0

0.648438 0.476562 0 0

0.632812 0.492188 0 0

0.648438 0.492188 0 0

0.601562 0.507812 0 0

0.617188 0.507812 0 0

0.601562 0.523438 0 0

0.617188 0.523438 0 0

0.9375 0.6875 0 0

0.84375 0.59375 0 0

0.796875 0.515625 0 0

0.765625 0.546875 0 0

0.796875 0.546875 0 0

0.757812 0.507812 0 0

0.773438 0.507812 0 0

0.757812 0.523438 0 0

0.773438 0.523438 0 0

0.726562 0.539062 0 0

0.742188 0.539062 0 0

0.726562 0.554688 0 0

0.742188 0.554688 0 0

0.734375 0.578125 0 0

0.703125 0.609375 0 0

0.734375 0.609375 0 0

0.695312 0.570312 0 0

0.710938 0.570312 0 0

0.695312 0.585938 0 0

0.710938 0.585938 0 0

0.664062 0.601562 0 0

0.679688 0.601562 0 0

0.664062 0.617188 0 0

0.679688 0.617188 0 0

0.71875 0.71875 0 0

0.671875 0.640625 0 0

0.640625 0.671875 0 0

0.671875 0.671875 0 0

0.632812 0.632812 0 0

0.648438 0.632812 0 0

0.632812 0.648438 0 0

0.648438 0.648438 0 0

0.507812 0.601562 0 0

0.523438 0.601562 0 0

0.507812 0.617188 0 0

0.523438 0.617188 0 0

0.476562 0.632812 0 0

0.492188 0.632812 0 0

0.476562 0.648438 0 0

0.492188 0.648438 0 0

0.601562 0.664062 0 0

0.617188 0.664062 0 0

0.601562 0.679688 0 0

0.617188 0.679688 0 0

0.609375 0.703125 0 0

0.578125 0.734375 0 0

0.609375 0.734375 0 0

0.570312 0.695312 0 0

0.585938 0.695312 0 0

0.570312 0.710938 0 0

0.585938 0.710938 0 0

0.539062 0.726562 0 0

0.554688 0.726562 0 0

0.539062 0.742188 0 0

0.554688 0.742188 0 0

0.6875 0.9375 0 0

0.59375 0.84375 0 0

0.546875 0.765625 0 0

0.515625 0.796875 0 0

0.546875 0.796875 0 0

0.507812 0.757812 0 0

0.523438 0.757812 0 0

0.507812 0.773438 0 0

0.523438 0.773438 0 0

0.695312 0.132812 0 0

0.710938 0.132812 0 0

0.695312 0.148438 0 0

0.710938 0.148438 0 0

0.726562 0.132812 0 0

0.742188 0.132812 0 0

0.726562 0.148438 0 0

0.742188 0.148438 0 0

0.851562 0.257812 0 0

0.867188 0.257812 0 0

0.851562 0.273438 0 0

0.867188 0.273438 0 0

0.851562 0.289062 0 0

0.867188 0.289062 0 0

0.851562 0.304688 0 0

0.867188 0.304688 0 0

0.132812 0.695312 0 0

0.148438 0.695312 0 0

0.132812 0.710938 0 0

0.148438 0.710938 0 0

0.132812 0.726562 0 0

0.148438 0.726562 0 0

0.132812 0.742188 0 0

0.148438 0.742188 0 0

0.257812 0.851562 0 0

0.273438 0.851562 0 0

0.257812 0.867188 0 0

0.273438 0.867188 0 0

0.289062 0.851562 0 0

0.304688 0.851562 0 0

0.289062 0.867188 0 0

0.304688 0.867188 0 0

0.632812 0.132812 0 0

0.648438 0.132812 0 0

0.632812 0.148438 0 0

0.648438 0.148438 0 0

0.664062 0.132812 0 0

0.679688 0.132812 0 0

0.664062 0.148438 0 0

0.679688 0.148438 0 0

0.632812 0.289062 0 0

0.648438 0.289062 0 0

0.632812 0.304688 0 0

0.648438 0.304688 0 0

0.757812 0.132812 0 0

0.773438 0.132812 0 0

0.757812 0.148438 0 0

0.773438 0.148438 0 0

0.851562 0.226562 0 0

0.867188 0.226562 0 0

0.851562 0.242188 0 0

0.867188 0.242188 0 0

0.851562 0.320312 0 0

0.867188 0.320312 0 0

0.851562 0.335938 0 0

0.867188 0.335938 0 0

0.851562 0.351562 0 0

0.867188 0.351562 0 0

0.851562 0.367188 0 0

0.867188 0.367188 0 0

0.695312 0.351562 0 0

0.710938 0.351562 0 0

0.695312 0.367188 0 0

0.710938 0.367188 0 0

0.132812 0.632812 0 0

0.148438 0.632812 0 0

0.132812 0.648438 0 0

0.148438 0.648438 0 0

0.445312 0.695312 0 0

0.460938 0.695312 -4.93201 -4.93201

0.445312 0.710938 -13.6105 -14.1568

0.460938 0.710938 -21.7989 -39.7021

0.132812 0.664062 0 0

0.148438 0.664062 0 0

0.132812 0.679688 0 0

0.148438 0.679688 0 0

0.289062 0.632812 0 0

0.304688 0.632812 0 0

0.289062 0.648438 0 0

0.304688 0.648438 0 0

0.132812 0.757812 0 0

0.148438 0.757812 0 0

0.132812 0.773438 0 0

0.148438 0.773438 0 0

0.226562 0.757812 0 0

0.242188 0.757812 0 0

0.226562 0.773438 13.0965 -14.4332

0.242188 0.773438 0.668333 -0.668333

0.226562 0.851562 0 0

0.242188 0.851562 0 0

0.226562 0.867188 0 0

0.242188 0.867188 0 0

0.351562 0.695312 0 0

0.367188 0.695312 0 0

0.351562 0.710938 0 0

0.367188 0.710938 0 0

0.320312 0.851562 0 0

0.335938 0.851562 0 0

0.320312 0.867188 0 0

0.335938 0.867188 0 0

0.351562 0.851562 0 0

0.367188 0.851562 0 0

0.351562 0.867188 0 0

0.367188 0.867188 0 0

0.390625 0.203125 0 0

0.421875 0.203125 0 0

0.390625 0.234375 0 0

0.421875 0.234375 0 0

0.289062 0.539062 0 0

0.304688 0.539062 0 0

0.289062 0.554688 0 0

0.304688 0.554688 0 0

0.328125 0.265625 0 0

0.359375 0.265625 0 0

0.328125 0.296875 0 0

0.359375 0.296875 0 0

0.265625 0.328125 0 0

0.296875 0.328125 0 0

0.265625 0.359375 0 0

0.296875 0.359375 0 0

0.203125 0.390625 0 0

0.234375 0.390625 0 0

0.203125 0.421875 0 0

0.234375 0.421875 0 0

0.53125 0.46875 0 0

0.515625 0.390625 0 0

0.546875 0.390625 0 0

0.515625 0.421875 0 0

0.546875 0.421875 0 0

0.453125 0.453125 0 0

0.484375 0.453125 0 0

0.453125 0.484375 0 0

0.484375 0.484375 0 0

0.46875 0.53125 0 0

0.390625 0.515625 0 0

0.421875 0.515625 0 0

0.390625 0.546875 0 0

0.421875 0.546875 0 0

0.53125 0.03125 0 0

0.59375 0.03125 0 0

0.53125 0.09375 0 0

0.578125 0.078125 0 0

0.609375 0.078125 0 0

0.578125 0.109375 0 0

0.609375 0.109375 0 0

0.515625 0.140625 0 0

0.546875 0.140625 0 0

0.515625 0.171875 0 0

0.546875 0.171875 0 0

0.65625 0.03125 0 0

0.71875 0.03125 0 0

0.640625 0.078125 0 0

0.671875 0.078125 0 0

0.640625 0.109375 0 0

0.671875 0.109375 0 0

0.703125 0.078125 0 0

0.734375 0.078125 0 0

0.703125 0.109375 0 0

0.734375 0.109375 0 0

0.828125 0.140625 0 0

0.859375 0.140625 0 0

0.828125 0.171875 0 0

0.859375 0.171875 0 0

0.414062 0.320312 0 0

0.429688 0.320312 2.90687 2.90687

0.414062 0.335938 4.88761 4.88761

0.429688 0.335938 25.9055 29.8669

0.78125 0.03125 0 0

0.84375 0.03125 0 0

0.84375 0.09375 0 0

0.765625 0.078125 0 0

0.796875 0.078125 0 0

0.765625 0.109375 0 0

0.796875 0.109375 0 0

0.382812 0.351562 0 0

0.398438 0.351562 6.47636 6.47636

0.382812 0.367188 7.34672 7.34672

0.398438 0.367188 29.3066 31.0473

0.90625 0.15625 0 0

0.96875 0.15625 0 0

0.96875 0.21875 0 0

0.890625 0.203125 0 0

0.921875 0.203125 0 0

0.890625 0.234375 0 0

0.921875 0.234375 0 0

0.640625 0.328125 0 0

0.671875 0.328125 0 0

0.640625 0.359375 0 0

0.671875 0.359375 0 0

0.578125 0.390625 0 0

0.609375 0.390625 0 0

0.578125 0.421875 0 0

0.609375 0.421875 0 0

0.578125 0.453125 0 0

0.609375 0.453125 0 0

0.578125 0.484375 0 0

0.609375 0.484375 0 0

0.96875 0.28125 0 0

0.96875 0.34375 0 0

0.890625 0.265625 0 0

0.921875 0.265625 0 0

0.890625 0.296875 0 0

0.921875 0.296875 0 0

0.351562 0.382812 0 0

0.367188 0.382812 7.34672 7.34672

0.351562 0.398438 6.47636 6.47636

0.367188 0.398438 31.0473 29.3066

0.890625 0.328125 0 0

0.921875 0.328125 0 0

0.890625 0.359375 0 0

0.921875 0.359375 0 0

0.96875 0.40625 0 0

0.90625 0.46875 0 0

0.96875 0.46875 0 0

0.320312 0.414062 0 0

0.335938 0.414062 4.88761 4.88761

0.320312 0.429688 2.90687 2.90687

0.335938 0.429688 29.8669 25.9055

0.890625 0.390625 0 0

0.921875 0.390625 0 0

0.890625 0.421875 0 0

0.921875 0.421875 0 0

0.828125 0.453125 0 0

0.859375 0.453125 0 0

0.828125 0.484375 0 0

0.859375 0.484375 0 0

0.140625 0.515625 0 0

0.171875 0.515625 0 0

0.140625 0.546875 0 0

0.171875 0.546875 0 0

0.03125 0.53125 0 0

0.09375 0.53125 0 0

0.03125 0.59375 0 0

0.078125 0.578125 0 0

0.109375 0.578125 0 0

0.078125 0.609375 0 0

0.109375 0.609375 0 0

0.03125 0.65625 0 0

0.03125 0.71875 0 0

0.078125 0.640625 0 0

0.109375 0.640625 0 0

0.078125 0.671875 0 0

0.109375 0.671875 0 0

0.078125 0.703125 0 0

0.109375 0.703125 0 0

0.078125 0.734375 0 0

0.109375 0.734375 0 0

0.390625 0.578125 0 0

0.421875 0.578125 0 0

0.390625 0.609375 0 0

0.421875 0.609375 0 0

0.328125 0.640625 0 0

0.359375 0.640625 0 0

0.328125 0.671875 0 0

0.359375 0.671875 0 0

0.515625 0.203125 0 0

0.539062 0.226562 0 0

0.554688 0.226562 0.36904 0.36904

0.539062 0.242188 7.06584 7.06584

0.554688 0.242188 19.2519 32.6455

0.453125 0.578125 0 0

0.484375 0.578125 0 0

0.453125 0.609375 0 0

0.484375 0.609375 0 0

0.03125 0.78125 0 0

0.03125 0.84375 0 0

0.09375 0.84375 0 0

0.078125 0.765625 0 0

0.109375 0.765625 0 0

0.078125 0.796875 0 0

0.109375 0.796875 0 0

0.601562 0.195312 0 0

0.617188 0.195312 0.260561 0.260561

0.601562 0.210938 12.4478 14.6002

0.617188 0.210938 14.3807 40.9075

0.140625 0.828125 0 0

0.171875 0.828125 0 0

0.140625 0.859375 0 0

0.171875 0.859375 0 0

0.601562 0.257812 0 0

0.617188 0.257812 0 0

0.601562 0.273438 0 0

0.617188 0.273438 0 0

0.15625 0.90625 0 0

0.15625 0.96875 0 0

0.21875 0.96875 0 0

0.203125 0.890625 0 0

0.234375 0.890625 0 0

0.203125 0.921875 0 0

0.234375 0.921875 0 0

0.28125 0.96875 0 0

0.34375 0.96875 0 0

0.664062 0.226562 0 0

0.679688 0.226562 0 0

0.664062 0.242188 0 0

0.679688 0.242188 0 0

0.265625 0.890625 0 0

0.296875 0.890625 0 0

0.265625 0.921875 0 0

0.296875 0.921875 0 0

0.328125 0.890625 0 0

0.359375 0.890625 0 0

0.328125 0.921875 0 0

0.359375 0.921875 0 0

0.453125 0.828125 0 0

0.484375 0.828125 0 0

0.453125 0.859375 0 0

0.484375 0.859375 0 0

0.46875 0.90625 0 0

0.40625 0.96875 0 0

0.46875 0.96875 0 0

0.695312 0.164062 0 0

0.710938 0.164062 0 0

0.695312 0.179688 4.76128 13.9114

0.710938 0.179688 1.75306 20.4257

0.390625 0.890625 0 0

0.421875 0.890625 0 0

0.390625 0.921875 0 0

0.421875 0.921875 0 0

0.726562 0.164062 0 0

0.742188 0.164062 0 0

0.726562 0.179688 -2.08001 20.0988

0.742188 0.179688 -6.65807 11.3607

0.515625 0.515625 0 0

0.546875 0.515625 0 0

0.515625 0.546875 0 0

0.546875 0.546875 0 0

0.765625 0.578125 0 0

0.796875 0.578125 0 0

0.765625 0.609375 0 0

0.796875 0.609375 0 0

0.703125 0.640625 0 0

0.734375 0.640625 0 0

0.703125 0.671875 0 0

0.734375 0.671875 0 0

0.640625 0.703125 0 0

0.671875 0.703125 0 0

0.640625 0.734375 0 0

0.671875 0.734375 0 0

0.578125 0.765625 0 0

0.609375 0.765625 0 0

0.578125 0.796875 0 0

0.609375 0.796875 0 0

0.453125 0.140625 0 0

0.484375 0.140625 0 0

0.453125 0.171875 0 0

0.484375 0.171875 0 0

0.695312 0.445312 0 0

0.710938 0.445312 -14.1568 -13.6105

0.695312 0.460938 -4.93201 -4.93201

0.710938 0.460938 -39.7021 -21.7989

0.140625 0.453125 0 0

0.171875 0.453125 0 0

0.140625 0.484375 0 0

0.171875 0.484375 0 0

0.828125 0.515625 0 0

0.859375 0.515625 0 0

0.828125 0.546875 0 0

0.859375 0.546875 0 0

0.515625 0.828125 0 0

0.546875 0.828125 0 0

0.515625 0.859375 0 0

0.546875 0.859375 0 0

0.28125 0.15625 0 0

0.34375 0.15625 0 0

0.28125 0.21875 0 0

0.34375 0.21875 0 0

0.796875 0.484375 0 0

0.757812 0.445312 0 0

0.773438 0.445312 0 0

0.757812 0.460938 0 0

0.773438 0.460938 0 0

0.15625 0.28125 0 0

0.21875 0.28125 0 0

0.15625 0.34375 0 0

0.21875 0.34375 0 0

0.25 -0.75 0 0

0.75 -0.75 0 0

0.625 -0.375 0 0

0.875 -0.375 0 0

0.5625 -0.1875 0 0

0.6875 -0.1875 0 0

0.820312 0.257812 0 0

0.835938 0.257812 0 0

0.820312 0.273438 0 0

0.835938 0.273438 0 0

0.53125 -0.09375 0 0

0.59375 -0.09375 0 0

0.53125 -0.03125 0 0

0.59375 -0.03125 0 0

0.40625 0.03125 0 0

0.46875 0.03125 0 0

0.40625 0.09375 0 0

0.46875 0.09375 0 0

0.539062 0.289062 0 0

0.554688 0.289062 0 0

0.539062 0.304688 0 0

0.554688 0.304688 0 0

0.65625 -0.09375 0 0

0.71875 -0.09375 0 0

0.65625 -0.03125 0 0

0.71875 -0.03125 0 0

0.90625 0.03125 0 0

0.96875 0.03125 0 0

0.90625 0.09375 0 0

0.96875 0.09375 0 0

0.820312 0.289062 0 0

0.835938 0.289062 0 0

0.820312 0.304688 0 0

0.835938 0.304688 0 0

0.8125 -0.1875 0 0

0.9375 -0.1875 0 0

0.78125 -0.09375 0 0

0.84375 -0.09375 0 0

0.78125 -0.03125 0 0

0.84375 -0.03125 0 0

0.757812 0.320312 0 0

0.773438 0.320312 -14.8032 -9.23379

0.757812 0.335938 0 0

0.773438 0.335938 -35.2457 -11.2087

1.75 0.25 0 0

1.75 0.75 0 0

1.375 0.125 0 0

1.375 0.375 0 0

1.1875 0.0625 0 0

1.1875 0.1875 0 0

1.03125 0.15625 0 0

1.09375 0.15625 0 0

1.03125 0.21875 0 0

1.09375 0.21875 0 0

0.789062 0.382812 0 0

0.804688 0.382812 0 0

0.789062 0.398438 0 0

0.804688 0.398438 0 0

1.1875 0.3125 0 0

1.1875 0.4375 0 0

1.03125 0.28125 0 0

1.09375 0.28125 0 0

1.03125 0.34375 0 0

1.09375 0.34375 0 0

0.757812 0.226562 0 0

0.773438 0.226562 -14.4332 13.0965

0.757812 0.242188 0 0

0.773438 0.242188 -0.668333 0.668333

0.726562 0.382812 0 0

0.742188 0.382812 -3.33213 -3.33213

0.726562 0.398438 0 0

0.742188 0.398438 -22.6799 -16.0157

1.03125 0.40625 0 0

1.09375 0.40625 0 0

1.03125 0.46875 0 0

1.09375 0.46875 0 0

0.90625 0.53125 0 0

0.96875 0.53125 0 0

0.90625 0.59375 0 0

0.96875 0.59375 0 0

0.03125 0.40625 0 0

0.09375 0.40625 0 0

0.03125 0.46875 0 0

0.09375 0.46875 0 0

0.203125 0.515625 0 0

0.226562 0.539062 0 0

0.242188 0.539062 7.06584 7.06584

0.226562 0.554688 0.36904 0.36904

0.242188 0.554688 32.6455 19.2519

-0.75 0.25 0 0

-0.75 0.75 0 0

-0.375 0.625 0 0

-0.375 0.875 0 0

-0.1875 0.5625 0 0

-0.1875 0.6875 0 0

0.257812 0.601562 0 0

0.273438 0.601562 0 0

0.257812 0.617188 0 0

0.273438 0.617188 0 0

-0.09375 0.53125 0 0

-0.03125 0.53125 0 0

-0.09375 0.59375 0 0

-0.03125 0.59375 0 0

0.195312 0.601562 0 0

0.210938 0.601562 14.6002 12.4478

0.195312 0.617188 0.260561 0.260561

0.210938 0.617188 40.9075 14.3807

-0.09375 0.65625 0 0

-0.03125 0.65625 0 0

-0.09375 0.71875 0 0

-0.03125 0.71875 0 0

-0.1875 0.8125 0 0

-0.1875 0.9375 0 0

-0.09375 0.78125 0 0

-0.03125 0.78125 0 0

-0.09375 0.84375 0 0

-0.03125 0.84375 0 0

0.03125 0.90625 0 0

0.09375 0.90625 0 0

0.03125 0.96875 0 0

0.09375 0.96875 0 0

0.226562 0.664062 0 0

0.242188 0.664062 0 0

0.226562 0.679688 0 0

0.242188 0.679688 0 0

0.25 1.75 0 0

0.75 1.75 0 0

0.164062 0.695312 0 0

0.179688 0.695312 13.9114 4.76128

0.164062 0.710938 0 0

0.179688 0.710938 20.4257 1.75306

0.125 1.375 0 0

0.375 1.375 0 0

0.0625 1.0625 0 0

0.0625 1.1875 0 0

0.1875 1.1875 0 0

0.164062 0.726562 0 0

0.179688 0.726562 20.0988 -2.08001

0.164062 0.742188 0 0

0.179688 0.742188 11.3607 -6.65807

0.15625 1.03125 0 0

0.21875 1.03125 0 0

0.15625 1.09375 0 0

0.21875 1.09375 0 0

0.3125 1.1875 0 0

0.4375 1.1875 0 0

0.28125 1.03125 0 0

0.34375 1.03125 0 0

0.28125 1.09375 0 0

0.34375 1.09375 0 0

0.53125 0.90625 0 0

0.59375 0.90625 0 0

0.53125 0.96875 0 0

0.59375 0.96875 0 0

0.40625 1.03125 0 0

0.46875 1.03125 0 0

0.40625 1.09375 0 0

0.46875 1.09375 0 0

0.78125 0.65625 0 0

0.84375 0.65625 0 0

0.78125 0.71875 0 0

0.84375 0.71875 0 0

0.65625 0.78125 0 0

0.71875 0.78125 0 0

0.65625 0.84375 0 0

0.71875 0.84375 0 0

0.125 -0.375 0 0

0.375 -0.375 0 0

0.3125 -0.1875 0 0

0.4375 -0.1875 0 0

0.3125 -0.0625 0 0

0.0625 0.0625 0 0

0.1875 0.0625 0 0

0.0625 0.1875 0 0

0.1875 0.1875 0 0

-0.375 0.125 0 0

-0.375 0.375 0 0

-0.1875 0.3125 0 0

-0.0625 0.3125 0 0

-0.1875 0.4375 0 0

1.375 0.625 0 0

1.375 0.875 0 0

0.484375 0.796875 0 0

0.445312 0.757812 0 0

0.460938 0.757812 0 0

0.445312 0.773438 0 0

0.460938 0.773438 0 0

1.1875 0.5625 0 0

1.0625 0.6875 0 0

1.1875 0.6875 0 0

0.257812 0.820312 0 0

0.273438 0.820312 0 0

0.257812 0.835938 0 0

0.273438 0.835938 0 0

0.8125 0.8125 0 0

0.9375 0.8125 0 0

0.8125 0.9375 0 0

0.9375 0.9375 0 0

0.875 1.125 0 0

0.625 1.375 0 0

0.875 1.375 0 0

0.5625 1.0625 0 0

0.6875 1.0625 0 0

0.5625 1.1875 0 0

0.6875 1.1875 0 0

-0.1875 0.0625 0 0

-0.0625 0.0625 0 0

-0.1875 0.1875 0 0

-0.0625 0.1875 0 0

0.289062 0.820312 0 0

0.304688 0.820312 0 0

0.289062 0.835938 0 0

0.304688 0.835938 0 0

-0.09375 0.40625 0 0

-0.03125 0.40625 0 0

-0.09375 0.46875 0 0

-0.03125 0.46875 0 0

-0.09375 0.90625 0 0

-0.03125 0.90625 0 0

-0.09375 0.96875 0 0

-0.03125 0.96875 0 0

0.320312 0.757812 0 0

0.335938 0.757812 0 0

0.320312 0.773438 -9.23379 -14.8032

0.335938 0.773438 -11.2087 -35.2457

-0.75 1.25 0 0

-0.75 1.75 0 0

-0.25 1.75 0 0

1.03125 0.03125 0 0

1.09375 0.03125 0 0

1.03125 0.09375 0 0

1.09375 0.09375 0 0

1.03125 0.53125 0 0

1.09375 0.53125 0 0

1.03125 0.59375 0 0

1.09375 0.59375 0 0

1.0625 0.8125 0 0

1.1875 0.8125 0 0

1.0625 0.9375 0 0

1.1875 0.9375 0 0

0.382812 0.789062 0 0

0.398438 0.789062 0 0

0.382812 0.804688 0 0

0.398438 0.804688 0 0

1.75 1.25 0 0

1.25 1.75 0 0

1.75 1.75 0 0

0.382812 0.726562 0 0

0.398438 0.726562 0 0

0.382812 0.742188 -3.33213 -3.33213

0.398438 0.742188 -16.0157 -22.6799

0.0625 -0.1875 0 0

0.1875 -0.1875 0 0

0.0625 -0.0625 0 0

0.1875 -0.0625 0 0

0.40625 -0.09375 0 0

0.46875 -0.09375 0 0

0.40625 -0.03125 0 0

0.46875 -0.03125 0 0

0.90625 -0.09375 0 0

0.96875 -0.09375 0 0

0.90625 -0.03125 0 0

0.96875 -0.03125 0 0

0.25 2.25 0 0

0.75 2.25 0 0

0.25 2.75 0 0

0.75 2.75 0 0

-0.75 -0.75 0 0

-0.25 -0.75 0 0

-0.75 -0.25 0 0

-0.75 2.25 0 0

-0.25 2.25 0 0

-0.75 2.75 0 0

-0.25 2.75 0 0

1.25 -0.75 0 0

1.75 -0.75 0 0

1.75 -0.25 0 0

0.632812 0.601562 0 0

0.648438 0.601562 0 0

0.632812 0.617188 0 0

0.648438 0.617188 0 0

1.25 2.25 0 0

1.75 2.25 0 0

1.25 2.75 0 0

1.75 2.75 0 0

-0.375 1.125 0 0

-0.375 1.375 0 0

-0.125 1.375 0 0

0.601562 0.632812 0 0

0.617188 0.632812 0 0

0.601562 0.648438 0 0

0.617188 0.648438 0 0

1.125 1.125 0 0

1.375 1.125 0 0

1.125 1.375 0 0

1.375 1.375 0 0

-0.375 -0.375 0 0

-0.125 -0.375 0 0

-0.375 -0.125 0 0

1.125 -0.375 0 0

1.375 -0.375 0 0

1.375 -0.125 0 0

-0.1875 1.0625 0 0

-0.0625 1.0625 0 0

-0.1875 1.1875 0 0

-0.0625 1.1875 0 0

-0.1875 -0.1875 0 0

-0.0625 -0.1875 0 0

-0.1875 -0.0625 0 0

-0.0625 -0.0625 0 0

0.664062 0.570312 0 0

0.679688 0.570312 0 0

0.664062 0.585938 0 0

0.679688 0.585938 0 0

1.0625 -0.1875 0 0

1.1875 -0.1875 0 0

1.1875 -0.0625 0 0

1.03125 -0.09375 0 0

1.09375 -0.09375 0 0

1.03125 -0.03125 0 0

1.09375 -0.03125 0 0

0.703125 0.328125 0 0

0.820312 0.320312 0 0

0.835938 0.320312 0 0

0.820312 0.335938 0 0

0.835938 0.335938 0 0

0.570312 0.664062 0 0

0.585938 0.664062 0 0

0.570312 0.679688 0 0

0.585938 0.679688 0 0

0.757812 0.289062 0 0

0.773438 0.289062 0 0

0.757812 0.304688 0 0

0.773438 0.304688 -2.78472 -2.78472

0.757812 0.257812 0 0

0.773438 0.257812 0 0

0.757812 0.273438 0 0

0.773438 0.273438 0 0

0.726562 0.507812 0 0

0.742188 0.507812 0 0

0.726562 0.523438 0 0

0.742188 0.523438 0 0

0.476562 0.257812 0 0

0.492188 0.257812 0 0

0.476562 0.273438 0 0

0.492188 0.273438 6.27117 6.27117

0.664062 0.476562 0 0

0.679688 0.476562 -0.857863 -0.857863

0.664062 0.492188 0 0

0.679688 0.492188 -19.4444 -17.7287

0.640625 0.453125 0 0

0.445312 0.289062 0 0

0.460938 0.289062 0.0218919 0.0218919

0.445312 0.304688 1.04191 1.04191

0.460938 0.304688 19.2754 21.3154

0.695312 0.414062 0 0

0.710938 0.414062 0 0

0.695312 0.429688 0 0

0.710938 0.429688 -0.273148 -0.273148

0.570312 0.289062 0 0

0.585938 0.289062 0 0

0.570312 0.304688 0 0

0.585938 0.304688 0 0

0.820312 0.226562 0 0

0.835938 0.226562 0 0

0.820312 0.242188 0 0

0.835938 0.242188 0 0

0.859375 0.203125 0 0

0.757812 0.164062 0 0

0.773438 0.164062 0 0

0.757812 0.179688 -2.35131 2.35131

0.773438 0.179688 0 0

0.546875 0.359375 0 0

0.507812 0.320312 0 0

0.523438 0.320312 0 0

0.507812 0.335938 0 0

0.523438 0.335938 0 0

0.796875 0.140625 0 0

0.726562 0.226562 0 0

0.742188 0.226562 0 0

0.726562 0.242188 0 0

0.742188 0.242188 0 0

0.476562 0.351562 0 0

0.492188 0.351562 0 0

0.476562 0.367188 0 0

0.492188 0.367188 0 0

0.695312 0.226562 0 0

0.710938 0.226562 0 0

0.695312 0.242188 0 0

0.710938 0.242188 0 0

0.632812 0.257812 0 0

0.648438 0.257812 0 0

0.632812 0.273438 0 0

0.648438 0.273438 0 0

0.484375 0.421875 0 0

0.445312 0.382812 0 0

0.460938 0.382812 0 0

0.445312 0.398438 0 0

0.460938 0.398438 0 0

0.671875 0.296875 0 0

0.664062 0.164062 0 0

0.679688 0.164062 0 0

0.664062 0.179688 0.120345 0.120345

0.679688 0.179688 4.4547 4.69539

0.289062 0.445312 0 0

0.304688 0.445312 1.04191 1.04191

0.289062 0.460938 0.0218919 0.0218919

0.304688 0.460938 21.3154 19.2754

0.632812 0.164062 0 0

0.648438 0.164062 0 0

0.632812 0.179688 0 0

0.648438 0.179688 0 0

0.257812 0.476562 0 0

0.273438 0.476562 0 0

0.257812 0.492188 0 0

0.273438 0.492188 6.27117 6.27117

0.570312 0.195312 0 0

0.585938 0.195312 0 0

0.570312 0.210938 0 0

0.585938 0.210938 1.07616 1.07616

0.414062 0.414062 0 0

0.429688 0.414062 0 0

0.414062 0.429688 0 0

0.429688 0.429688 0 0

0.320312 0.507812 0 0

0.335938 0.507812 0 0

0.320312 0.523438 0 0

0.335938 0.523438 0 0

0.421875 0.484375 0 0

0.382812 0.445312 0 0

0.398438 0.445312 0 0

0.382812 0.460938 0 0

0.398438 0.460938 0 0

0.359375 0.546875 0 0

0.351562 0.476562 0 0

0.367188 0.476562 0 0

0.351562 0.492188 0 0

0.367188 0.492188 0 0

