0.476562 0.304688 -57.4334 -73.1564 1.13477

0.492188 0.304688 -80.0627 -110.055 1.18593

0.429688 0.351562 -83.9054 -94.0746 0.956312

0.414062 0.367188 -88.1547 -94.5683 0.955824

0.429688 0.367188 -81.1223 -88.9925 0.956312

0.460938 0.320312 -69.439 -84.4274 0.961564

0.445312 0.335938 -77.9729 -91.1102 0.95804

0.460938 0.335938 -82.8686 -101.656 0.961564

0.476562 0.320312 -82.4093 -107.598 1.13477

0.445312 0.351562 -82.1726 -94.9254 0.95804

0.367188 0.414062 -94.5683 -88.1547 0.955824

0.351562 0.429688 -94.0746 -83.9054 0.956312

0.367188 0.429688 -88.9925 -81.1223 0.956312

0.304688 0.476562 -73.1564 -57.4334 1.13477

0.304688 0.492188 -110.055 -80.0627 1.18593

0.335938 0.445312 -91.1102 -77.9729 0.95804

0.320312 0.460938 -84.4274 -69.439 0.961564

0.335938 0.460938 -101.656 -82.8686 0.961564

0.351562 0.445312 -94.9254 -82.1726 0.95804

0.320312 0.476562 -107.598 -82.4093 1.13477

0.398438 0.382812 -91.2752 -93.4649 0.956029

0.382812 0.398438 -93.4649 -91.2752 0.956029

0.398438 0.398438 -81.7642 -81.7642 0.956029

0.414062 0.382812 -80.7557 -84.5023 0.955824

0.382812 0.414062 -84.5023 -80.7557 0.955824

0.570312 0.242188 -49.8766 -90.1895 1.5383

0.585938 0.242188 -63.5158 -120.707 1.63833

0.601562 0.226562 -45.9736 -101.24 1.92488

0.617188 0.226562 -56.5495 -124.218 1.90099

0.601562 0.242188 -52.4738 -112.874 1.92488

0.632812 0.210938 -35.6605 -99.8937 2.53912

0.648438 0.210938 -43.2096 -123.368 2.79526

0.679688 0.195312 -20.8828 -109.356 4.18982

0.664062 0.210938 -41.1163 -127.902 2.78281

0.679688 0.210938 -29.1624 -123.603 4.18982

0.632812 0.226562 -46.0936 -119.13 2.53912

0.695312 0.195312 -20.3904 -124.918 5.01258

0.710938 0.195312 -12.3365 -128 5.78709

0.726562 0.195312 1.08924 -128 7.55705

0.742188 0.195312 17.7669 -127.148 9.66342

0.757812 0.195312 31.7806 -110.931 15.332

0.757812 0.210938 38.9386 -115.969 15.332

0.773438 0.210938 78.4901 -110.723 15.9985

0.789062 0.210938 65.2689 -65.2689 7.07985

0.789062 0.226562 110.723 -78.4901 15.9985

0.789062 0.242188 115.969 -38.9386 15.332

0.804688 0.242188 110.931 -31.7806 15.332

0.523438 0.273438 -61.6778 -91.7269 1.15841

0.554688 0.257812 -65.8628 -112.923 1.37719

0.539062 0.273438 -73.0335 -116.038 1.3789

0.554688 0.273438 -53.9777 -88.6942 1.37719

0.507812 0.289062 -73.6525 -106.197 1.06497

0.523438 0.289062 -70.7066 -106.89 1.15841

0.507812 0.304688 -64.4361 -89.0832 1.06497

0.570312 0.257812 -63.0254 -114.685 1.5383

0.742188 0.429688 114.685 63.0254 1.5383

0.726562 0.445312 88.6942 53.9777 1.37719

0.742188 0.445312 112.923 65.8628 1.37719

0.726562 0.460938 116.038 73.0335 1.3789

0.710938 0.476562 106.89 70.7066 1.15841

0.695312 0.492188 89.0832 64.4361 1.06497

0.710938 0.492188 106.197 73.6525 1.06497

0.726562 0.476562 91.7269 61.6778 1.15841

0.804688 0.257812 127.148 -17.7669 9.66342

0.804688 0.273438 128 -1.08924 7.55705

0.804688 0.289062 128 12.3365 5.78709

0.804688 0.304688 124.918 20.3904 5.01258

0.789062 0.320312 123.603 29.1624 4.18982

0.804688 0.320312 109.356 20.8828 4.18982

0.789062 0.335938 127.902 41.1163 2.78281

0.773438 0.367188 119.13 46.0936 2.53912

0.789062 0.351562 123.368 43.2096 2.79526

0.789062 0.367188 99.8937 35.6605 2.53912

0.773438 0.382812 124.218 56.5495 1.90099

0.757812 0.398438 112.874 52.4738 1.92488

0.773438 0.398438 101.24 45.9736 1.92488

0.757812 0.414062 120.707 63.5158 1.63833

0.757812 0.429688 90.1895 49.8766 1.5383

0.242188 0.570312 -90.1895 -49.8766 1.5383

0.242188 0.585938 -120.707 -63.5158 1.63833

0.226562 0.601562 -101.24 -45.9736 1.92488

0.242188 0.601562 -112.874 -52.4738 1.92488

0.226562 0.617188 -124.218 -56.5495 1.90099

0.210938 0.632812 -99.8937 -35.6605 2.53912

0.210938 0.648438 -123.368 -43.2096 2.79526

0.226562 0.632812 -119.13 -46.0936 2.53912

0.210938 0.664062 -127.902 -41.1163 2.78281

0.195312 0.679688 -109.356 -20.8828 4.18982

0.210938 0.679688 -123.603 -29.1624 4.18982

0.195312 0.695312 -124.918 -20.3904 5.01258

0.195312 0.710938 -128 -12.3365 5.78709

0.195312 0.726562 -128 1.08924 7.55705

0.195312 0.742188 -127.148 17.7669 9.66342

0.273438 0.523438 -91.7269 -61.6778 1.15841

0.289062 0.507812 -106.197 -73.6525 1.06497

0.304688 0.507812 -89.0832 -64.4361 1.06497

0.289062 0.523438 -106.89 -70.7066 1.15841

0.273438 0.539062 -116.038 -73.0335 1.3789

0.257812 0.554688 -112.923 -65.8628 1.37719

0.273438 0.554688 -88.6942 -53.9777 1.37719

0.257812 0.570312 -114.685 -63.0254 1.5383

0.429688 0.742188 63.0254 114.685 1.5383

0.492188 0.695312 64.4361 89.0832 1.06497

0.476562 0.710938 70.7066 106.89 1.15841

0.492188 0.710938 73.6525 106.197 1.06497

0.445312 0.726562 53.9777 88.6942 1.37719

0.460938 0.726562 73.0335 116.038 1.3789

0.445312 0.742188 65.8628 112.923 1.37719

0.476562 0.726562 61.6778 91.7269 1.15841

0.195312 0.757812 -110.931 31.7806 15.332

0.210938 0.757812 -115.969 38.9386 15.332

0.210938 0.773438 -110.723 78.4901 15.9985

0.210938 0.789062 -65.2689 65.2689 7.07985

0.226562 0.789062 -78.4901 110.723 15.9985

0.242188 0.789062 -38.9386 115.969 15.332

0.242188 0.804688 -31.7806 110.931 15.332

0.257812 0.804688 -17.7669 127.148 9.66342

0.273438 0.804688 -1.08924 128 7.55705

0.289062 0.804688 12.3365 128 5.78709

0.304688 0.804688 20.3904 124.918 5.01258

0.367188 0.773438 46.0936 119.13 2.53912

0.320312 0.789062 29.1624 123.603 4.18982

0.335938 0.789062 41.1163 127.902 2.78281

0.320312 0.804688 20.8828 109.356 4.18982

0.351562 0.789062 43.2096 123.368 2.79526

0.367188 0.789062 35.6605 99.8937 2.53912

0.398438 0.757812 52.4738 112.874 1.92488

0.382812 0.773438 56.5495 124.218 1.90099

0.398438 0.773438 45.9736 101.24 1.92488

0.414062 0.757812 63.5158 120.707 1.63833

0.429688 0.757812 49.8766 90.1895 1.5383

0.617188 0.585938 84.5023 80.7557 0.955824

0.585938 0.617188 80.7557 84.5023 0.955824

0.601562 0.601562 81.7642 81.7642 0.956029

0.617188 0.601562 93.4649 91.2752 0.956029

0.601562 0.617188 91.2752 93.4649 0.956029

0.679688 0.523438 107.598 82.4093 1.13477

0.648438 0.554688 94.9254 82.1726 0.95804

0.664062 0.539062 101.656 82.8686 0.961564

0.679688 0.539062 84.4274 69.439 0.961564

0.664062 0.554688 91.1102 77.9729 0.95804

0.695312 0.507812 110.055 80.0627 1.18593

0.695312 0.523438 73.1564 57.4334 1.13477

0.632812 0.570312 88.9925 81.1223 0.956312

0.648438 0.570312 94.0746 83.9054 0.956312

0.632812 0.585938 94.5683 88.1547 0.955824

0.554688 0.648438 82.1726 94.9254 0.95804

0.523438 0.679688 82.4093 107.598 1.13477

0.539062 0.664062 82.8686 101.656 0.961564

0.554688 0.664062 77.9729 91.1102 0.95804

0.539062 0.679688 69.439 84.4274 0.961564

0.570312 0.632812 81.1223 88.9925 0.956312

0.585938 0.632812 88.1547 94.5683 0.955824

0.570312 0.648438 83.9054 94.0746 0.956312

0.507812 0.695312 80.0627 110.055 1.18593

0.523438 0.695312 57.4334 73.1564 1.13477

