-0.75 -0.75
-0.875 -0.375
-0.875 -0.125
-0.625 -0.125
-0.625 -0.375
-0.375 -0.375
-0.375 -0.125
-0.125 -0.125
-0.125 -0.375
-0.125 -0.625
-0.375 -0.625
-0.375 -0.875
-0.125 -0.875
0.125 -0.875
0.125 -0.625
0.375 -0.625
0.375 -0.875
0.625 -0.875
0.8125 -0.9375
0.9375 -0.9375
0.9375 -0.8125
0.8125 -0.8125
0.8125 -0.6875
0.9375 -0.6875
0.9375 -0.5625
0.8125 -0.5625
0.6875 -0.5625
0.6875 -0.6875
0.5625 -0.6875
0.5625 -0.5625
0.5625 -0.4375
0.5625 -0.3125
0.6875 -0.3125
0.6875 -0.4375
0.8125 -0.4375
0.9375 -0.4375
0.90625 -0.34375
0.96875 -0.34375
0.96875 -0.28125
0.90625 -0.28125
0.84375 -0.28125
0.84375 -0.34375
0.78125 -0.34375
0.78125 -0.28125
0.78125 -0.21875
0.78125 -0.15625
0.84375 -0.15625
0.84375 -0.21875
0.90625 -0.21875
0.96875 -0.21875
0.96875 -0.15625
0.90625 -0.15625
0.90625 -0.09375
0.96875 -0.09375
0.96875 -0.03125
0.921875 -0.015625
0.921875 -0.046875
0.890625 -0.046875
0.890625 -0.015625
0.859375 -0.015625
0.828125 -0.015625
0.828125 -0.046875
0.859375 -0.046875
0.84375 -0.09375
0.78125 -0.09375
0.765625 -0.046875
0.796875 -0.046875
0.796875 -0.015625
0.765625 -0.015625
0.71875 -0.03125
0.65625 -0.03125
0.65625 -0.09375
0.71875 -0.09375
0.71875 -0.15625
0.71875 -0.21875
0.65625 -0.21875
0.65625 -0.15625
0.5625 -0.1875
0.53125 -0.09375
0.59375 -0.09375
0.59375 -0.03125
0.53125 -0.03125
0.4375 -0.0625
0.3125 -0.0625
0.3125 -0.1875
0.4375 -0.1875
0.4375 -0.3125
0.4375 -0.4375
0.3125 -0.4375
0.3125 -0.3125
0.125 -0.375
0.0625 -0.1875
0.1875 -0.1875
0.1875 -0.0625
0.0625 -0.0625
0.0625 0.0625
0.1875 0.0625
0.1875 0.1875
0.0625 0.1875
0.0625 0.3125
0.0625 0.4375
0.1875 0.4375
0.1875 0.3125
0.3125 0.3125
0.3125 0.4375
0.4375 0.4375
0.46875 0.34375
0.40625 0.34375
0.40625 0.28125
0.46875 0.28125
0.46875 0.21875
0.46875 0.15625
0.40625 0.15625
0.40625 0.21875
0.34375 0.21875
0.28125 0.21875
0.28125 0.15625
0.34375 0.15625
0.3125 0.0625
0.40625 0.03125
0.40625 0.09375
0.46875 0.09375
0.46875 0.03125
0.53125 0.03125
0.59375 0.03125
0.59375 0.09375
0.53125 0.09375
0.53125 0.15625
0.53125 0.21875
0.59375 0.21875
0.609375 0.171875
0.578125 0.171875
0.578125 0.140625
0.609375 0.140625
0.640625 0.140625
0.671875 0.140625
0.671875 0.171875
0.640625 0.171875
0.640625 0.203125
0.640625 0.234375
0.671875 0.234375
0.671875 0.203125
0.703125 0.203125
0.703125 0.234375
0.734375 0.234375
0.734375 0.203125
0.734375 0.171875
0.703125 0.171875
0.703125 0.140625
0.726562 0.132812
0.726562 0.148438
0.742188 0.148438
0.742188 0.132812
0.734375 0.109375
0.734375 0.078125
0.703125 0.078125
0.703125 0.109375
0.671875 0.109375
0.640625 0.109375
0.640625 0.078125
0.671875 0.078125
0.65625 0.03125
0.703125 0.015625
0.703125 0.046875
0.734375 0.046875
0.734375 0.015625
0.765625 0.015625
0.796875 0.015625
0.796875 0.046875
0.765625 0.046875
0.765625 0.078125
0.757812 0.101562
0.757812 0.117188
0.773438 0.117188
0.773438 0.101562
0.789062 0.101562
0.789062 0.117188
0.804688 0.117188
0.804688 0.101562
0.804688 0.0859375
0.789062 0.0859375
0.789062 0.0703125
0.804688 0.0703125
0.820312 0.0703125
0.835938 0.0703125
0.835938 0.0859375
0.820312 0.0859375
0.820312 0.101562
0.820312 0.117188
0.835938 0.117188
0.835938 0.101562
0.851562 0.101562
0.851562 0.117188
0.867188 0.117188
0.867188 0.101562
0.867188 0.0859375
0.851562 0.0859375
0.851562 0.0703125
0.867188 0.0703125
0.859375 0.046875
0.828125 0.046875
0.828125 0.015625
0.859375 0.015625
0.890625 0.015625
0.890625 0.046875
0.921875 0.046875
0.921875 0.015625
0.953125 0.015625
0.984375 0.015625
0.984375 0.046875
0.953125 0.046875
0.953125 0.078125
0.984375 0.078125
0.984375 0.109375
0.953125 0.109375
0.921875 0.109375
0.921875 0.078125
0.890625 0.078125
0.882812 0.101562
0.898438 0.101562
0.898438 0.117188
0.882812 0.117188
0.882812 0.132812
0.898438 0.132812
0.898438 0.148438
0.882812 0.148438
0.882812 0.164062
0.882812 0.179688
0.898438 0.179688
0.898438 0.164062
0.914062 0.164062
0.914062 0.179688
0.929688 0.179688
0.929688 0.164062
0.929688 0.148438
0.914062 0.148438
0.914062 0.132812
0.929688 0.132812
0.945312 0.132812
0.945312 0.148438
0.960938 0.148438
0.960938 0.132812
0.976562 0.132812
0.992188 0.132812
0.992188 0.148438
0.976562 0.148438
0.976562 0.164062
0.992188 0.164062
0.992188 0.179688
0.976562 0.179688
0.960938 0.179688
0.960938 0.164062
0.945312 0.164062
0.945312 0.179688
0.945312 0.195312
0.941406 0.207031
0.941406 0.214844
0.949219 0.214844
0.949219 0.207031
0.957031 0.207031
0.957031 0.214844
0.964844 0.214844
0.964844 0.207031
0.964844 0.199219
0.957031 0.199219
0.957031 0.191406
0.964844 0.191406
0.972656 0.191406
0.972656 0.199219
0.980469 0.199219
0.980469 0.191406
0.992188 0.195312
0.988281 0.207031
0.996094 0.207031
0.996094 0.214844
0.988281 0.214844
0.980469 0.214844
0.980469 0.207031
0.972656 0.207031
0.972656 0.214844
0.972656 0.222656
0.972656 0.230469
0.980469 0.230469
0.980469 0.222656
0.988281 0.222656
0.996094 0.222656
0.996094 0.230469
0.988281 0.230469
0.992188 0.242188
0.980469 0.246094
0.980469 0.238281
0.972656 0.238281
0.972656 0.246094
0.960938 0.242188
0.964844 0.230469
0.964844 0.222656
0.957031 0.222656
0.957031 0.230469
0.945312 0.226562
0.945312 0.242188
0.929688 0.242188
0.914062 0.242188
0.914062 0.226562
0.929688 0.226562
0.929688 0.210938
0.929688 0.195312
0.914062 0.195312
0.914062 0.210938
0.898438 0.210938
0.898438 0.195312
0.882812 0.195312
0.882812 0.210938
0.882812 0.226562
0.898438 0.226562
0.898438 0.242188
0.882812 0.242188
0.867188 0.242188
0.867188 0.226562
0.851562 0.226562
0.851562 0.242188
0.835938 0.242188
0.820312 0.242188
0.820312 0.226562
0.835938 0.226562
0.835938 0.210938
0.820312 0.210938
0.820312 0.195312
0.835938 0.195312
0.851562 0.195312
0.851562 0.210938
0.867188 0.210938
0.867188 0.195312
0.867188 0.179688
0.851562 0.179688
0.855469 0.167969
0.847656 0.167969
0.847656 0.160156
0.855469 0.160156
0.867188 0.164062
0.867188 0.148438
0.867188 0.132812
0.851562 0.132812
0.847656 0.144531
0.855469 0.144531
0.855469 0.152344
0.847656 0.152344
0.839844 0.152344
0.832031 0.152344
0.832031 0.144531
0.839844 0.144531
0.839844 0.136719
0.839844 0.128906
0.832031 0.128906
0.832031 0.136719
0.824219 0.136719
0.824219 0.128906
0.816406 0.128906
0.816406 0.136719
0.816406 0.144531
0.824219 0.144531
0.824219 0.152344
0.816406 0.152344
0.816406 0.160156
0.816406 0.167969
0.824219 0.167969
0.824219 0.160156
0.832031 0.160156
0.839844 0.160156
0.839844 0.167969
0.832031 0.167969
0.832031 0.175781
0.839844 0.175781
0.839844 0.183594
0.832031 0.183594
0.820312 0.179688
0.804688 0.179688
0.789062 0.179688
0.789062 0.164062
0.804688 0.164062
0.808594 0.152344
0.800781 0.152344
0.800781 0.144531
0.808594 0.144531
0.804688 0.132812
0.789062 0.132812
0.789062 0.148438
0.773438 0.148438
0.773438 0.132812
0.757812 0.132812
0.757812 0.148438
0.757812 0.164062
0.773438 0.164062
0.773438 0.179688
0.757812 0.179688
0.765625 0.203125
0.789062 0.195312
0.804688 0.195312
0.804688 0.210938
0.789062 0.210938
0.796875 0.234375
0.765625 0.234375
0.765625 0.265625
0.796875 0.265625
0.796875 0.296875
0.765625 0.296875
0.765625 0.328125
0.765625 0.359375
0.796875 0.359375
0.796875 0.328125
0.828125 0.328125
0.828125 0.359375
0.859375 0.359375
0.859375 0.328125
0.859375 0.296875
0.828125 0.296875
0.828125 0.265625
0.859375 0.265625
0.890625 0.265625
0.890625 0.296875
0.921875 0.296875
0.929688 0.273438
0.914062 0.273438
0.914062 0.257812
0.929688 0.257812
0.945312 0.257812
0.945312 0.273438
0.960938 0.273438
0.960938 0.257812
0.976562 0.257812
0.992188 0.257812
0.992188 0.273438
0.976562 0.273438
0.976562 0.289062
0.992188 0.289062
0.992188 0.304688
0.976562 0.304688
0.960938 0.304688
0.960938 0.289062
0.945312 0.289062
0.945312 0.304688
0.953125 0.328125
0.984375 0.328125
0.984375 0.359375
0.953125 0.359375
0.921875 0.359375
0.921875 0.328125
0.890625 0.328125
0.890625 0.359375
0.890625 0.390625
0.890625 0.421875
0.921875 0.421875
0.921875 0.390625
0.953125 0.390625
0.984375 0.390625
0.984375 0.421875
0.953125 0.421875
0.96875 0.46875
0.90625 0.46875
0.84375 0.46875
0.84375 0.40625
0.78125 0.40625
0.78125 0.46875
0.71875 0.46875
0.65625 0.46875
0.65625 0.40625
0.71875 0.40625
0.71875 0.34375
0.734375 0.296875
0.734375 0.265625
0.703125 0.265625
0.703125 0.296875
0.65625 0.28125
0.65625 0.34375
0.59375 0.34375
0.59375 0.28125
0.53125 0.28125
0.53125 0.34375
0.53125 0.40625
0.59375 0.40625
0.59375 0.46875
0.53125 0.46875
0.5625 0.5625
0.5625 0.6875
0.6875 0.6875
0.71875 0.59375
0.65625 0.59375
0.65625 0.53125
0.71875 0.53125
0.78125 0.53125
0.78125 0.59375
0.84375 0.59375
0.84375 0.53125
0.90625 0.53125
0.96875 0.53125
0.96875 0.59375
0.90625 0.59375
0.90625 0.65625
0.96875 0.65625
0.96875 0.71875
0.90625 0.71875
0.8125 0.6875
0.8125 0.8125
0.9375 0.8125
0.9375 0.9375
0.8125 0.9375
0.6875 0.9375
0.6875 0.8125
0.5625 0.8125
0.5625 0.9375
0.4375 0.9375
0.3125 0.9375
0.3125 0.8125
0.4375 0.8125
0.4375 0.6875
0.4375 0.5625
0.3125 0.5625
0.3125 0.6875
0.1875 0.6875
0.1875 0.5625
0.0625 0.5625
0.0625 0.6875
0.125 0.875
-0.125 0.875
-0.375 0.875
-0.375 0.625
-0.125 0.625
-0.0625 0.4375
-0.1875 0.4375
-0.1875 0.3125
-0.0625 0.3125
-0.0625 0.1875
-0.0625 0.0625
-0.1875 0.0625
-0.1875 0.1875
-0.375 0.125
-0.375 0.375
-0.625 0.375
-0.625 0.125
-0.875 0.125
-0.875 0.375
-0.875 0.625
-0.625 0.625
-0.625 0.875
-0.875 0.875
-0.75 1.25
-0.375 1.125
-0.125 1.125
-0.125 1.375
-0.375 1.375
-0.25 1.75
-0.75 1.75
-0.75 2.25
-0.75 2.75
-0.25 2.75
-0.25 2.25
0.25 2.25
0.25 2.75
0.75 2.75
0.875 2.375
0.625 2.375
0.625 2.125
0.875 2.125
0.875 1.875
0.875 1.625
0.625 1.625
0.625 1.875
0.375 1.875
0.125 1.875
0.125 1.625
0.375 1.625
0.375 1.375
0.125 1.375
0.125 1.125
0.375 1.125
0.5625 1.0625
0.6875 1.0625
0.6875 1.1875
0.5625 1.1875
0.625 1.375
0.875 1.375
0.9375 1.1875
0.8125 1.1875
0.8125 1.0625
0.9375 1.0625
1.0625 1.0625
1.1875 1.0625
1.1875 1.1875
1.0625 1.1875
1.125 1.375
1.375 1.375
1.375 1.125
1.625 1.125
1.875 1.125
1.875 1.375
1.625 1.375
1.625 1.625
1.875 1.625
1.875 1.875
1.625 1.875
1.375 1.875
1.375 1.625
1.125 1.625
1.125 1.875
1.125 2.125
1.375 2.125
1.375 2.375
1.125 2.375
1.25 2.75
1.75 2.75
1.75 2.25
2.25 2.25
2.25 2.75
2.75 2.75
2.75 2.25
2.75 1.75
2.25 1.75
2.375 1.375
2.125 1.375
2.125 1.125
2.375 1.125
2.75 1.25
2.875 0.875
2.625 0.875
2.625 0.625
2.875 0.625
2.875 0.375
2.875 0.125
2.625 0.125
2.625 0.375
2.375 0.375
2.375 0.125
2.125 0.125
2.125 0.375
2.125 0.625
2.375 0.625
2.375 0.875
2.125 0.875
1.875 0.875
1.875 0.625
1.6875 0.6875
1.6875 0.5625
1.5625 0.5625
1.5625 0.6875
1.625 0.875
1.4375 0.9375
1.4375 0.8125
1.3125 0.8125
1.3125 0.9375
1.1875 0.9375
1.0625 0.9375
1.0625 0.8125
1.1875 0.8125
1.1875 0.6875
1.09375 0.71875
1.03125 0.71875
1.03125 0.65625
1.09375 0.65625
1.09375 0.59375
1.03125 0.59375
1.03125 0.53125
1.09375 0.53125
1.15625 0.53125
1.15625 0.59375
1.21875 0.59375
1.21875 0.53125
1.3125 0.5625
1.3125 0.6875
1.4375 0.6875
1.4375 0.5625
1.4375 0.4375
1.46875 0.34375
1.46875 0.28125
1.40625 0.28125
1.40625 0.34375
1.34375 0.34375
1.34375 0.28125
1.28125 0.28125
1.28125 0.34375
1.28125 0.40625
1.34375 0.40625
1.34375 0.46875
1.28125 0.46875
1.21875 0.46875
1.21875 0.40625
1.15625 0.40625
1.15625 0.46875
1.09375 0.46875
1.03125 0.46875
1.04688 0.421875
1.01562 0.421875
1.01562 0.390625
1.04688 0.390625
1.09375 0.40625
1.10938 0.359375
1.10938 0.328125
1.07812 0.328125
1.07812 0.359375
1.04688 0.359375
1.01562 0.359375
1.01562 0.328125
1.04688 0.328125
1.04688 0.296875
1.01562 0.296875
1.02344 0.273438
1.00781 0.273438
1.00781 0.257812
1.02344 0.257812
1.04688 0.265625
1.07812 0.265625
1.07812 0.296875
1.10938 0.296875
1.10938 0.265625
1.14062 0.265625
1.17188 0.265625
1.17188 0.296875
1.14062 0.296875
1.15625 0.34375
1.21875 0.34375
1.21875 0.28125
1.21875 0.21875
1.21875 0.15625
1.17188 0.171875
1.17188 0.140625
1.14062 0.140625
1.14062 0.171875
1.14062 0.203125
1.17188 0.203125
1.17188 0.234375
1.14062 0.234375
1.10938 0.234375
1.10938 0.203125
1.07812 0.203125
1.07812 0.234375
1.05469 0.242188
1.05469 0.226562
1.03906 0.226562
1.03906 0.242188
1.02344 0.242188
1.00781 0.242188
1.00781 0.226562
1.02344 0.226562
1.02344 0.210938
1.00781 0.210938
1.00781 0.195312
1.02344 0.195312
1.03906 0.195312
1.03906 0.210938
1.05469 0.210938
1.05469 0.195312
1.04688 0.171875
1.02344 0.179688
1.00781 0.179688
1.00781 0.164062
1.02344 0.164062
1.01562 0.140625
1.04688 0.140625
1.07812 0.140625
1.07812 0.171875
1.10938 0.171875
1.10938 0.140625
1.10938 0.109375
1.10938 0.078125
1.07812 0.078125
1.07812 0.109375
1.04688 0.109375
1.01562 0.109375
1.01562 0.078125
1.04688 0.078125
1.04688 0.046875
1.01562 0.046875
1.01562 0.015625
1.04688 0.015625
1.09375 0.03125
1.15625 0.03125
1.15625 0.09375
1.21875 0.09375
1.21875 0.03125
1.28125 0.03125
1.34375 0.03125
1.34375 0.09375
1.28125 0.09375
1.28125 0.15625
1.28125 0.21875
1.34375 0.21875
1.34375 0.15625
1.40625 0.15625
1.40625 0.21875
1.46875 0.21875
1.46875 0.15625
1.4375 0.0625
1.5625 0.0625
1.6875 0.0625
1.6875 0.1875
1.5625 0.1875
1.5625 0.3125
1.5625 0.4375
1.6875 0.4375
1.6875 0.3125
1.8125 0.3125
1.8125 0.4375
1.9375 0.4375
1.9375 0.3125
1.9375 0.1875
1.8125 0.1875
1.8125 0.0625
1.9375 0.0625
1.875 -0.125
1.875 -0.375
1.625 -0.375
1.5625 -0.1875
1.6875 -0.1875
1.6875 -0.0625
1.5625 -0.0625
1.4375 -0.0625
1.4375 -0.1875
1.3125 -0.1875
1.3125 -0.0625
1.21875 -0.03125
1.21875 -0.09375
1.15625 -0.09375
1.15625 -0.03125
1.09375 -0.03125
1.03125 -0.03125
1.03125 -0.09375
1.09375 -0.09375
1.09375 -0.15625
1.03125 -0.15625
1.03125 -0.21875
1.09375 -0.21875
1.1875 -0.1875
1.1875 -0.3125
1.0625 -0.3125
1.0625 -0.4375
1.1875 -0.4375
1.3125 -0.4375
1.3125 -0.3125
1.4375 -0.3125
1.4375 -0.4375
1.375 -0.625
1.1875 -0.5625
1.0625 -0.5625
1.0625 -0.6875
1.1875 -0.6875
1.125 -0.875
1.375 -0.875
1.625 -0.875
1.625 -0.625
1.875 -0.625
1.875 -0.875
2.125 -0.875
2.375 -0.875
2.375 -0.625
2.125 -0.625
2.125 -0.375
2.125 -0.125
2.375 -0.125
2.375 -0.375
2.625 -0.375
2.625 -0.125
2.875 -0.125
2.875 -0.375
2.75 -0.75
