-0.875 -0.875
-0.625 -0.875
-0.625 -0.625
-0.875 -0.625
-0.875 -0.375
-0.875 -0.125
-0.625 -0.125
-0.625 -0.375
-0.375 -0.375
-0.375 -0.125
-0.1875 -0.1875
-0.1875 -0.0625
-0.0625 -0.0625
-0.0625 -0.1875
-0.125 -0.375
-0.125 -0.625
-0.375 -0.625
-0.375 -0.875
-0.125 -0.875
0.125 -0.875
0.125 -0.625
0.375 -0.625
0.375 -0.875
0.625 -0.875
0.875 -0.875
0.875 -0.625
0.625 -0.625
0.5625 -0.4375
0.5625 -0.3125
0.6875 -0.3125
0.6875 -0.4375
0.875 -0.375
0.8125 -0.1875
0.9375 -0.1875
0.9375 -0.0625
0.8125 -0.0625
0.6875 -0.0625
0.6875 -0.1875
0.5625 -0.1875
0.5625 -0.0625
0.4375 -0.0625
0.3125 -0.0625
0.3125 -0.1875
0.4375 -0.1875
0.4375 -0.3125
0.4375 -0.4375
0.3125 -0.4375
0.3125 -0.3125
0.1875 -0.3125
0.1875 -0.4375
0.0625 -0.4375
0.0625 -0.3125
0.0625 -0.1875
0.1875 -0.1875
0.1875 -0.0625
0.0625 -0.0625
0.0625 0.0625
0.15625 0.03125
0.21875 0.03125
0.21875 0.09375
0.15625 0.09375
0.15625 0.15625
0.21875 0.15625
0.21875 0.21875
0.15625 0.21875
0.09375 0.21875
0.09375 0.15625
0.03125 0.15625
0.03125 0.21875
0.03125 0.28125
0.09375 0.28125
0.09375 0.34375
0.03125 0.34375
0.03125 0.40625
0.015625 0.453125
0.015625 0.484375
0.046875 0.484375
0.046875 0.453125
0.078125 0.453125
0.078125 0.484375
0.109375 0.484375
0.109375 0.453125
0.109375 0.421875
0.078125 0.421875
0.078125 0.390625
0.109375 0.390625
0.140625 0.390625
0.171875 0.390625
0.171875 0.421875
0.140625 0.421875
0.140625 0.453125
0.132812 0.476562
0.132812 0.492188
0.148438 0.492188
0.148438 0.476562
0.164062 0.476562
0.164062 0.492188
0.179688 0.492188
0.179688 0.476562
0.179688 0.460938
0.164062 0.460938
0.164062 0.445312
0.179688 0.445312
0.195312 0.445312
0.210938 0.445312
0.210938 0.460938
0.195312 0.460938
0.195312 0.476562
0.195312 0.492188
0.207031 0.488281
0.207031 0.496094
0.214844 0.496094
0.214844 0.488281
0.210938 0.476562
0.226562 0.476562
0.222656 0.488281
0.222656 0.496094
0.230469 0.496094
0.230469 0.488281
0.238281 0.488281
0.238281 0.496094
0.246094 0.496094
0.246094 0.488281
0.242188 0.476562
0.242188 0.460938
0.226562 0.460938
0.226562 0.445312
0.242188 0.445312
0.242188 0.429688
0.242188 0.414062
0.226562 0.414062
0.226562 0.429688
0.210938 0.429688
0.195312 0.429688
0.195312 0.414062
0.210938 0.414062
0.203125 0.390625
0.234375 0.390625
0.234375 0.359375
0.234375 0.328125
0.203125 0.328125
0.203125 0.359375
0.171875 0.359375
0.140625 0.359375
0.140625 0.328125
0.171875 0.328125
0.15625 0.28125
0.203125 0.265625
0.203125 0.296875
0.234375 0.296875
0.234375 0.265625
0.265625 0.265625
0.265625 0.296875
0.296875 0.296875
0.296875 0.265625
0.328125 0.265625
0.359375 0.265625
0.359375 0.296875
0.328125 0.296875
0.328125 0.328125
0.359375 0.328125
0.359375 0.359375
0.328125 0.359375
0.296875 0.359375
0.296875 0.328125
0.265625 0.328125
0.265625 0.359375
0.265625 0.390625
0.296875 0.390625
0.289062 0.414062
0.304688 0.414062
0.304688 0.429688
0.289062 0.429688
0.273438 0.429688
0.273438 0.414062
0.257812 0.414062
0.257812 0.429688
0.257812 0.445312
0.273438 0.445312
0.273438 0.460938
0.257812 0.460938
0.253906 0.472656
0.261719 0.472656
0.261719 0.480469
0.253906 0.480469
0.253906 0.488281
0.253906 0.496094
0.261719 0.496094
0.261719 0.488281
0.269531 0.488281
0.269531 0.496094
0.277344 0.496094
0.277344 0.488281
0.277344 0.480469
0.269531 0.480469
0.269531 0.472656
0.277344 0.472656
0.285156 0.472656
0.292969 0.472656
0.292969 0.480469
0.285156 0.480469
0.285156 0.488281
0.285156 0.496094
0.292969 0.496094
0.292969 0.488281
0.300781 0.488281
0.300781 0.496094
0.308594 0.496094
0.308594 0.488281
0.308594 0.480469
0.300781 0.480469
0.300781 0.472656
0.308594 0.472656
0.304688 0.460938
0.289062 0.460938
0.289062 0.445312
0.304688 0.445312
0.320312 0.445312
0.335938 0.445312
0.335938 0.460938
0.320312 0.460938
0.316406 0.472656
0.324219 0.472656
0.324219 0.480469
0.316406 0.480469
0.316406 0.488281
0.316406 0.496094
0.324219 0.496094
0.324219 0.488281
0.332031 0.488281
0.332031 0.496094
0.339844 0.496094
0.339844 0.488281
0.339844 0.480469
0.332031 0.480469
0.332031 0.472656
0.339844 0.472656
0.347656 0.472656
0.355469 0.472656
0.355469 0.480469
0.347656 0.480469
0.347656 0.488281
0.347656 0.496094
0.355469 0.496094
0.355469 0.488281
0.363281 0.488281
0.363281 0.496094
0.371094 0.496094
0.371094 0.488281
0.371094 0.480469
0.363281 0.480469
0.363281 0.472656
0.371094 0.472656
0.367188 0.460938
0.351562 0.460938
0.351562 0.445312
0.367188 0.445312
0.367188 0.429688
0.367188 0.414062
0.351562 0.414062
0.351562 0.429688
0.335938 0.429688
0.320312 0.429688
0.320312 0.414062
0.335938 0.414062
0.328125 0.390625
0.359375 0.390625
0.390625 0.390625
0.421875 0.390625
0.414062 0.414062
0.429688 0.414062
0.429688 0.429688
0.414062 0.429688
0.398438 0.429688
0.398438 0.414062
0.382812 0.414062
0.382812 0.429688
0.382812 0.445312
0.398438 0.445312
0.398438 0.460938
0.382812 0.460938
0.378906 0.472656
0.386719 0.472656
0.386719 0.480469
0.378906 0.480469
0.378906 0.488281
0.378906 0.496094
0.386719 0.496094
0.386719 0.488281
0.394531 0.488281
0.394531 0.496094
0.402344 0.496094
0.402344 0.488281
0.402344 0.480469
0.394531 0.480469
0.394531 0.472656
0.402344 0.472656
0.414062 0.476562
0.410156 0.488281
0.410156 0.496094
0.417969 0.496094
0.417969 0.488281
0.429688 0.492188
0.429688 0.476562
0.429688 0.460938
0.414062 0.460938
0.414062 0.445312
0.429688 0.445312
0.445312 0.445312
0.460938 0.445312
0.460938 0.460938
0.445312 0.460938
0.445312 0.476562
0.445312 0.492188
0.460938 0.492188
0.460938 0.476562
0.476562 0.476562
0.476562 0.492188
0.492188 0.492188
0.492188 0.476562
0.484375 0.453125
0.484375 0.421875
0.453125 0.421875
0.453125 0.390625
0.484375 0.390625
0.484375 0.359375
0.484375 0.328125
0.453125 0.328125
0.453125 0.359375
0.421875 0.359375
0.390625 0.359375
0.390625 0.328125
0.421875 0.328125
0.421875 0.296875
0.390625 0.296875
0.390625 0.265625
0.421875 0.265625
0.46875 0.28125
0.46875 0.21875
0.46875 0.15625
0.40625 0.15625
0.40625 0.21875
0.34375 0.21875
0.28125 0.21875
0.28125 0.15625
0.34375 0.15625
0.34375 0.09375
0.28125 0.09375
0.28125 0.03125
0.34375 0.03125
0.40625 0.03125
0.40625 0.09375
0.46875 0.09375
0.46875 0.03125
0.5625 0.0625
0.53125 0.15625
0.53125 0.21875
0.59375 0.21875
0.59375 0.15625
0.6875 0.1875
0.6875 0.0625
0.8125 0.0625
0.9375 0.0625
0.9375 0.1875
0.8125 0.1875
0.8125 0.3125
0.9375 0.3125
0.9375 0.4375
0.84375 0.46875
0.84375 0.40625
0.78125 0.40625
0.78125 0.46875
0.71875 0.46875
0.65625 0.46875
0.65625 0.40625
0.71875 0.40625
0.71875 0.34375
0.71875 0.28125
0.65625 0.28125
0.65625 0.34375
0.59375 0.34375
0.59375 0.28125
0.53125 0.28125
0.53125 0.34375
0.515625 0.390625
0.515625 0.421875
0.546875 0.421875
0.546875 0.390625
0.59375 0.40625
0.578125 0.453125
0.609375 0.453125
0.609375 0.484375
0.578125 0.484375
0.546875 0.484375
0.546875 0.453125
0.515625 0.453125
0.515625 0.484375
0.515625 0.515625
0.515625 0.546875
0.546875 0.546875
0.546875 0.515625
0.578125 0.515625
0.609375 0.515625
0.609375 0.546875
0.578125 0.546875
0.578125 0.578125
0.609375 0.578125
0.609375 0.609375
0.578125 0.609375
0.546875 0.609375
0.546875 0.578125
0.515625 0.578125
0.515625 0.609375
0.515625 0.640625
0.546875 0.640625
0.546875 0.671875
0.515625 0.671875
0.53125 0.71875
0.59375 0.71875
0.59375 0.65625
0.65625 0.65625
0.65625 0.71875
0.71875 0.71875
0.71875 0.65625
0.71875 0.59375
0.65625 0.59375
0.65625 0.53125
0.71875 0.53125
0.78125 0.53125
0.78125 0.59375
0.84375 0.59375
0.84375 0.53125
0.9375 0.5625
0.9375 0.6875
0.84375 0.71875
0.84375 0.65625
0.78125 0.65625
0.78125 0.71875
0.8125 0.8125
0.9375 0.8125
0.9375 0.9375
0.84375 0.96875
0.84375 0.90625
0.78125 0.90625
0.78125 0.96875
0.71875 0.96875
0.65625 0.96875
0.65625 0.90625
0.71875 0.90625
0.71875 0.84375
0.71875 0.78125
0.65625 0.78125
0.65625 0.84375
0.59375 0.84375
0.59375 0.78125
0.53125 0.78125
0.53125 0.84375
0.53125 0.90625
0.59375 0.90625
0.59375 0.96875
0.546875 0.984375
0.546875 0.953125
0.515625 0.953125
0.515625 0.984375
0.484375 0.984375
0.453125 0.984375
0.453125 0.953125
0.484375 0.953125
0.484375 0.921875
0.484375 0.890625
0.453125 0.890625
0.453125 0.921875
0.421875 0.921875
0.421875 0.890625
0.390625 0.890625
0.390625 0.921875
0.390625 0.953125
0.421875 0.953125
0.421875 0.984375
0.390625 0.984375
0.367188 0.992188
0.351562 0.992188
0.351562 0.976562
0.367188 0.976562
0.367188 0.960938
0.367188 0.945312
0.351562 0.945312
0.351562 0.960938
0.335938 0.960938
0.335938 0.945312
0.320312 0.945312
0.320312 0.960938
0.320312 0.976562
0.335938 0.976562
0.335938 0.992188
0.320312 0.992188
0.308594 0.996094
0.300781 0.996094
0.300781 0.988281
0.308594 0.988281
0.308594 0.980469
0.308594 0.972656
0.300781 0.972656
0.300781 0.980469
0.292969 0.980469
0.292969 0.972656
0.285156 0.972656
0.285156 0.980469
0.285156 0.988281
0.292969 0.988281
0.292969 0.996094
0.285156 0.996094
0.277344 0.996094
0.277344 0.988281
0.269531 0.988281
0.269531 0.996094
0.261719 0.996094
0.253906 0.996094
0.253906 0.988281
0.261719 0.988281
0.261719 0.980469
0.253906 0.980469
0.253906 0.972656
0.261719 0.972656
0.269531 0.972656
0.269531 0.980469
0.277344 0.980469
0.277344 0.972656
0.277344 0.964844
0.277344 0.957031
0.269531 0.957031
0.269531 0.964844
0.261719 0.964844
0.253906 0.964844
0.253906 0.957031
0.261719 0.957031
0.261719 0.949219
0.253906 0.949219
0.253906 0.941406
0.261719 0.941406
0.269531 0.941406
0.269531 0.949219
0.277344 0.949219
0.277344 0.941406
0.285156 0.941406
0.292969 0.941406
0.292969 0.949219
0.285156 0.949219
0.285156 0.957031
0.285156 0.964844
0.292969 0.964844
0.292969 0.957031
0.304688 0.960938
0.304688 0.945312
0.304688 0.929688
0.304688 0.914062
0.289062 0.914062
0.285156 0.925781
0.292969 0.925781
0.292969 0.933594
0.285156 0.933594
0.277344 0.933594
0.277344 0.925781
0.269531 0.925781
0.269531 0.933594
0.261719 0.933594
0.253906 0.933594
0.253906 0.925781
0.261719 0.925781
0.261719 0.917969
0.253906 0.917969
0.253906 0.910156
0.261719 0.910156
0.269531 0.910156
0.269531 0.917969
0.277344 0.917969
0.277344 0.910156
0.277344 0.902344
0.277344 0.894531
0.269531 0.894531
0.269531 0.902344
0.261719 0.902344
0.253906 0.902344
0.253906 0.894531
0.261719 0.894531
0.261719 0.886719
0.253906 0.886719
0.253906 0.878906
0.261719 0.878906
0.269531 0.878906
0.269531 0.886719
0.277344 0.886719
0.277344 0.878906
0.289062 0.882812
0.289062 0.898438
0.304688 0.898438
0.304688 0.882812
0.320312 0.882812
0.335938 0.882812
0.335938 0.898438
0.320312 0.898438
0.320312 0.914062
0.320312 0.929688
0.335938 0.929688
0.335938 0.914062
0.351562 0.914062
0.351562 0.929688
0.367188 0.929688
0.367188 0.914062
0.359375 0.890625
0.359375 0.859375
0.359375 0.828125
0.335938 0.835938
0.335938 0.820312
0.320312 0.820312
0.320312 0.835938
0.320312 0.851562
0.335938 0.851562
0.335938 0.867188
0.320312 0.867188
0.304688 0.867188
0.304688 0.851562
0.289062 0.851562
0.289062 0.867188
0.277344 0.871094
0.277344 0.863281
0.269531 0.863281
0.269531 0.871094
0.261719 0.871094
0.253906 0.871094
0.253906 0.863281
0.261719 0.863281
0.261719 0.855469
0.253906 0.855469
0.253906 0.847656
0.261719 0.847656
0.269531 0.847656
0.269531 0.855469
0.277344 0.855469
0.277344 0.847656
0.277344 0.839844
0.277344 0.832031
0.269531 0.832031
0.269531 0.839844
0.261719 0.839844
0.253906 0.839844
0.253906 0.832031
0.261719 0.832031
0.261719 0.824219
0.253906 0.824219
0.253906 0.816406
0.261719 0.816406
0.269531 0.816406
0.269531 0.824219
0.277344 0.824219
0.277344 0.816406
0.289062 0.820312
0.289062 0.835938
0.304688 0.835938
0.304688 0.820312
0.304688 0.804688
0.304688 0.789062
0.289062 0.789062
0.289062 0.804688
0.277344 0.808594
0.277344 0.800781
0.269531 0.800781
0.269531 0.808594
0.261719 0.808594
0.253906 0.808594
0.253906 0.800781
0.261719 0.800781
0.261719 0.792969
0.253906 0.792969
0.253906 0.785156
0.261719 0.785156
0.269531 0.785156
0.269531 0.792969
0.277344 0.792969
0.277344 0.785156
0.277344 0.777344
0.277344 0.769531
0.269531 0.769531
0.269531 0.777344
0.261719 0.777344
0.253906 0.777344
0.253906 0.769531
0.261719 0.769531
0.261719 0.761719
0.253906 0.761719
0.253906 0.753906
0.261719 0.753906
0.269531 0.753906
0.269531 0.761719
0.277344 0.761719
0.277344 0.753906
0.289062 0.757812
0.289062 0.773438
0.304688 0.773438
0.304688 0.757812
0.320312 0.757812
0.335938 0.757812
0.335938 0.773438
0.320312 0.773438
0.320312 0.789062
0.320312 0.804688
0.335938 0.804688
0.335938 0.789062
0.359375 0.796875
0.359375 0.765625
0.390625 0.765625
0.421875 0.765625
0.421875 0.796875
0.390625 0.796875
0.390625 0.828125
0.390625 0.859375
0.421875 0.859375
0.421875 0.828125
0.453125 0.828125
0.453125 0.859375
0.484375 0.859375
0.484375 0.828125
0.484375 0.796875
0.453125 0.796875
0.453125 0.765625
0.484375 0.765625
0.484375 0.734375
0.484375 0.703125
0.453125 0.703125
0.453125 0.734375
0.421875 0.734375
0.390625 0.734375
0.390625 0.703125
0.421875 0.703125
0.421875 0.671875
0.390625 0.671875
0.398438 0.648438
0.382812 0.648438
0.382812 0.632812
0.398438 0.632812
0.421875 0.640625
0.453125 0.640625
0.453125 0.671875
0.484375 0.671875
0.484375 0.640625
0.484375 0.609375
0.453125 0.609375
0.460938 0.585938
0.445312 0.585938
0.445312 0.570312
0.460938 0.570312
0.484375 0.578125
0.492188 0.554688
0.476562 0.554688
0.476562 0.539062
0.492188 0.539062
0.492188 0.523438
0.492188 0.507812
0.476562 0.507812
0.476562 0.523438
0.460938 0.523438
0.460938 0.507812
0.445312 0.507812
0.445312 0.523438
0.445312 0.539062
0.460938 0.539062
0.460938 0.554688
0.445312 0.554688
0.429688 0.554688
0.414062 0.554688
0.417969 0.542969
0.410156 0.542969
0.410156 0.535156
0.417969 0.535156
0.429688 0.539062
0.433594 0.527344
0.425781 0.527344
0.425781 0.519531
0.433594 0.519531
0.433594 0.511719
0.433594 0.503906
0.425781 0.503906
0.425781 0.511719
0.417969 0.511719
0.417969 0.503906
0.410156 0.503906
0.410156 0.511719
0.410156 0.519531
0.417969 0.519531
0.417969 0.527344
0.410156 0.527344
0.402344 0.527344
0.394531 0.527344
0.394531 0.519531
0.402344 0.519531
0.402344 0.511719
0.402344 0.503906
0.394531 0.503906
0.394531 0.511719
0.386719 0.511719
0.386719 0.503906
0.378906 0.503906
0.378906 0.511719
0.378906 0.519531
0.386719 0.519531
0.386719 0.527344
0.378906 0.527344
0.378906 0.535156
0.378906 0.542969
0.386719 0.542969
0.386719 0.535156
0.394531 0.535156
0.402344 0.535156
0.402344 0.542969
0.394531 0.542969
0.394531 0.550781
0.402344 0.550781
0.402344 0.558594
0.394531 0.558594
0.386719 0.558594
0.386719 0.550781
0.378906 0.550781
0.378906 0.558594
0.378906 0.566406
0.386719 0.566406
0.386719 0.574219
0.378906 0.574219
0.382812 0.585938
0.398438 0.585938
0.398438 0.570312
0.414062 0.570312
0.429688 0.570312
0.429688 0.585938
0.414062 0.585938
0.414062 0.601562
0.429688 0.601562
0.429688 0.617188
0.414062 0.617188
0.398438 0.617188
0.398438 0.601562
0.382812 0.601562
0.382812 0.617188
0.367188 0.617188
0.367188 0.601562
0.355469 0.605469
0.355469 0.597656
0.347656 0.597656
0.347656 0.605469
0.347656 0.613281
0.355469 0.613281
0.355469 0.621094
0.347656 0.621094
0.339844 0.621094
0.339844 0.613281
0.332031 0.613281
0.332031 0.621094
0.324219 0.621094
0.316406 0.621094
0.316406 0.613281
0.324219 0.613281
0.324219 0.605469
0.316406 0.605469
0.316406 0.597656
0.324219 0.597656
0.332031 0.597656
0.332031 0.605469
0.339844 0.605469
0.339844 0.597656
0.339844 0.589844
0.339844 0.582031
0.332031 0.582031
0.332031 0.589844
0.324219 0.589844
0.316406 0.589844
0.316406 0.582031
0.324219 0.582031
0.324219 0.574219
0.316406 0.574219
0.316406 0.566406
0.324219 0.566406
0.332031 0.566406
0.332031 0.574219
0.339844 0.574219
0.339844 0.566406
0.347656 0.566406
0.355469 0.566406
0.355469 0.574219
0.347656 0.574219
0.347656 0.582031
0.347656 0.589844
0.355469 0.589844
0.355469 0.582031
0.363281 0.582031
0.363281 0.589844
0.371094 0.589844
0.371094 0.582031
0.371094 0.574219
0.363281 0.574219
0.363281 0.566406
0.371094 0.566406
0.371094 0.558594
0.371094 0.550781
0.363281 0.550781
0.363281 0.558594
0.355469 0.558594
0.347656 0.558594
0.347656 0.550781
0.355469 0.550781
0.355469 0.542969
0.347656 0.542969
0.347656 0.535156
0.355469 0.535156
0.363281 0.535156
0.363281 0.542969
0.371094 0.542969
0.371094 0.535156
0.371094 0.527344
0.363281 0.527344
0.363281 0.519531
0.371094 0.519531
0.371094 0.511719
0.371094 0.503906
0.363281 0.503906
0.363281 0.511719
0.355469 0.511719
0.355469 0.503906
0.347656 0.503906
0.347656 0.511719
0.347656 0.519531
0.355469 0.519531
0.355469 0.527344
0.347656 0.527344
0.339844 0.527344
0.332031 0.527344
0.332031 0.519531
0.339844 0.519531
0.339844 0.511719
0.339844 0.503906
0.332031 0.503906
0.332031 0.511719
0.324219 0.511719
0.324219 0.503906
0.316406 0.503906
0.316406 0.511719
0.316406 0.519531
0.324219 0.519531
0.324219 0.527344
0.316406 0.527344
0.316406 0.535156
0.316406 0.542969
0.324219 0.542969
0.324219 0.535156
0.332031 0.535156
0.339844 0.535156
0.339844 0.542969
0.332031 0.542969
0.332031 0.550781
0.339844 0.550781
0.339844 0.558594
0.332031 0.558594
0.324219 0.558594
0.324219 0.550781
0.316406 0.550781
0.316406 0.558594
0.304688 0.554688
0.289062 0.554688
0.292969 0.542969
0.285156 0.542969
0.285156 0.535156
0.292969 0.535156
0.300781 0.535156
0.300781 0.542969
0.308594 0.542969
0.308594 0.535156
0.308594 0.527344
0.300781 0.527344
0.300781 0.519531
0.308594 0.519531
0.308594 0.511719
0.308594 0.503906
0.300781 0.503906
0.300781 0.511719
0.292969 0.511719
0.292969 0.503906
0.285156 0.503906
0.285156 0.511719
0.285156 0.519531
0.292969 0.519531
0.292969 0.527344
0.285156 0.527344
0.277344 0.527344
0.269531 0.527344
0.269531 0.519531
0.277344 0.519531
0.277344 0.511719
0.277344 0.503906
0.269531 0.503906
0.269531 0.511719
0.261719 0.511719
0.261719 0.503906
0.253906 0.503906
0.253906 0.511719
0.253906 0.519531
0.261719 0.519531
0.261719 0.527344
0.253906 0.527344
0.253906 0.535156
0.253906 0.542969
0.261719 0.542969
0.261719 0.535156
0.269531 0.535156
0.277344 0.535156
0.277344 0.542969
0.269531 0.542969
0.273438 0.554688
0.261719 0.558594
0.261719 0.550781
0.253906 0.550781
0.253906 0.558594
0.257812 0.570312
0.257812 0.585938
0.273438 0.585938
0.273438 0.570312
0.289062 0.570312
0.300781 0.566406
0.308594 0.566406
0.308594 0.574219
0.300781 0.574219
0.300781 0.582031
0.308594 0.582031
0.308594 0.589844
0.300781 0.589844
0.292969 0.589844
0.292969 0.582031
0.285156 0.582031
0.285156 0.589844
0.285156 0.597656
0.285156 0.605469
0.292969 0.605469
0.292969 0.597656
0.300781 0.597656
0.308594 0.597656
0.308594 0.605469
0.300781 0.605469
0.300781 0.613281
0.308594 0.613281
0.308594 0.621094
0.300781 0.621094
0.292969 0.621094
0.292969 0.613281
0.285156 0.613281
0.285156 0.621094
0.277344 0.621094
0.269531 0.621094
0.269531 0.613281
0.277344 0.613281
0.273438 0.601562
0.257812 0.601562
0.257812 0.617188
0.253906 0.628906
0.253906 0.636719
0.261719 0.636719
0.261719 0.628906
0.269531 0.628906
0.277344 0.628906
0.277344 0.636719
0.269531 0.636719
0.269531 0.644531
0.277344 0.644531
0.277344 0.652344
0.269531 0.652344
0.261719 0.652344
0.261719 0.644531
0.253906 0.644531
0.253906 0.652344
0.253906 0.660156
0.261719 0.660156
0.261719 0.667969
0.253906 0.667969
0.253906 0.675781
0.253906 0.683594
0.261719 0.683594
0.261719 0.675781
0.269531 0.675781
0.269531 0.683594
0.277344 0.683594
0.277344 0.675781
0.277344 0.667969
0.269531 0.667969
0.269531 0.660156
0.277344 0.660156
0.285156 0.660156
0.292969 0.660156
0.292969 0.667969
0.285156 0.667969
0.285156 0.675781
0.285156 0.683594
0.292969 0.683594
0.292969 0.675781
0.300781 0.675781
0.300781 0.683594
0.308594 0.683594
0.308594 0.675781
0.308594 0.667969
0.300781 0.667969
0.300781 0.660156
0.308594 0.660156
0.308594 0.652344
0.308594 0.644531
0.300781 0.644531
0.300781 0.652344
0.292969 0.652344
0.285156 0.652344
0.285156 0.644531
0.292969 0.644531
0.292969 0.636719
0.285156 0.636719
0.285156 0.628906
0.292969 0.628906
0.300781 0.628906
0.300781 0.636719
0.308594 0.636719
0.308594 0.628906
0.316406 0.628906
0.324219 0.628906
0.324219 0.636719
0.316406 0.636719
0.316406 0.644531
0.316406 0.652344
0.324219 0.652344
0.324219 0.644531
0.335938 0.648438
0.339844 0.636719
0.332031 0.636719
0.332031 0.628906
0.339844 0.628906
0.351562 0.632812
0.367188 0.632812
0.367188 0.648438
0.351562 0.648438
0.351562 0.664062
0.367188 0.664062
0.367188 0.679688
0.351562 0.679688
0.335938 0.679688
0.335938 0.664062
0.320312 0.664062
0.320312 0.679688
0.320312 0.695312
0.320312 0.710938
0.335938 0.710938
0.335938 0.695312
0.351562 0.695312
0.367188 0.695312
0.367188 0.710938
0.351562 0.710938
0.351562 0.726562
0.367188 0.726562
0.367188 0.742188
0.351562 0.742188
0.335938 0.742188
0.335938 0.726562
0.320312 0.726562
0.320312 0.742188
0.304688 0.742188
0.292969 0.746094
0.285156 0.746094
0.285156 0.738281
0.292969 0.738281
0.292969 0.730469
0.285156 0.730469
0.285156 0.722656
0.292969 0.722656
0.304688 0.726562
0.304688 0.710938
0.308594 0.699219
0.308594 0.691406
0.300781 0.691406
0.300781 0.699219
0.292969 0.699219
0.292969 0.691406
0.285156 0.691406
0.285156 0.699219
0.285156 0.707031
0.292969 0.707031
0.292969 0.714844
0.285156 0.714844
0.277344 0.714844
0.269531 0.714844
0.269531 0.707031
0.277344 0.707031
0.277344 0.699219
0.277344 0.691406
0.269531 0.691406
0.269531 0.699219
0.261719 0.699219
0.261719 0.691406
0.253906 0.691406
0.253906 0.699219
0.253906 0.707031
0.261719 0.707031
0.261719 0.714844
0.253906 0.714844
0.253906 0.722656
0.253906 0.730469
0.261719 0.730469
0.261719 0.722656
0.269531 0.722656
0.277344 0.722656
0.277344 0.730469
0.269531 0.730469
0.269531 0.738281
0.277344 0.738281
0.277344 0.746094
0.269531 0.746094
0.261719 0.746094
0.261719 0.738281
0.253906 0.738281
0.253906 0.746094
0.246094 0.746094
0.246094 0.738281
0.238281 0.738281
0.238281 0.746094
0.230469 0.746094
0.222656 0.746094
0.222656 0.738281
0.230469 0.738281
0.230469 0.730469
0.222656 0.730469
0.222656 0.722656
0.230469 0.722656
0.238281 0.722656
0.238281 0.730469
0.246094 0.730469
0.246094 0.722656
0.246094 0.714844
0.238281 0.714844
0.238281 0.707031
0.246094 0.707031
0.246094 0.699219
0.246094 0.691406
0.238281 0.691406
0.238281 0.699219
0.230469 0.699219
0.230469 0.691406
0.222656 0.691406
0.222656 0.699219
0.222656 0.707031
0.230469 0.707031
0.230469 0.714844
0.222656 0.714844
0.210938 0.710938
0.210938 0.695312
0.195312 0.695312
0.195312 0.710938
0.195312 0.726562
0.210938 0.726562
0.207031 0.738281
0.214844 0.738281
0.214844 0.746094
0.207031 0.746094
0.195312 0.742188
0.179688 0.742188
0.179688 0.726562
0.164062 0.726562
0.164062 0.742188
0.148438 0.742188
0.136719 0.746094
0.128906 0.746094
0.128906 0.738281
0.136719 0.738281
0.136719 0.730469
0.128906 0.730469
0.128906 0.722656
0.136719 0.722656
0.148438 0.726562
0.148438 0.710938
0.136719 0.714844
0.128906 0.714844
0.128906 0.707031
0.136719 0.707031
0.136719 0.699219
0.128906 0.699219
0.128906 0.691406
0.136719 0.691406
0.148438 0.695312
0.164062 0.695312
0.164062 0.710938
0.179688 0.710938
0.179688 0.695312
0.179688 0.679688
0.179688 0.664062
0.164062 0.664062
0.164062 0.679688
0.152344 0.683594
0.152344 0.675781
0.144531 0.675781
0.144531 0.683594
0.136719 0.683594
0.128906 0.683594
0.128906 0.675781
0.136719 0.675781
0.136719 0.667969
0.128906 0.667969
0.128906 0.660156
0.136719 0.660156
0.144531 0.660156
0.144531 0.667969
0.152344 0.667969
0.152344 0.660156
0.152344 0.652344
0.152344 0.644531
0.144531 0.644531
0.144531 0.652344
0.136719 0.652344
0.128906 0.652344
0.128906 0.644531
0.136719 0.644531
0.136719 0.636719
0.128906 0.636719
0.128906 0.628906
0.136719 0.628906
0.144531 0.628906
0.144531 0.636719
0.152344 0.636719
0.152344 0.628906
0.160156 0.628906
0.167969 0.628906
0.167969 0.636719
0.160156 0.636719
0.164062 0.648438
0.179688 0.648438
0.179688 0.632812
0.195312 0.632812
0.210938 0.632812
0.210938 0.648438
0.195312 0.648438
0.195312 0.664062
0.195312 0.679688
0.210938 0.679688
0.210938 0.664062
0.226562 0.664062
0.226562 0.679688
0.238281 0.675781
0.238281 0.683594
0.246094 0.683594
0.246094 0.675781
0.246094 0.667969
0.238281 0.667969
0.238281 0.660156
0.246094 0.660156
0.242188 0.648438
0.226562 0.648438
0.226562 0.632812
0.242188 0.632812
0.242188 0.617188
0.242188 0.601562
0.226562 0.601562
0.226562 0.617188
0.210938 0.617188
0.195312 0.617188
0.195312 0.601562
0.210938 0.601562
0.210938 0.585938
0.199219 0.589844
0.191406 0.589844
0.191406 0.582031
0.199219 0.582031
0.199219 0.574219
0.191406 0.574219
0.191406 0.566406
0.199219 0.566406
0.207031 0.566406
0.207031 0.574219
0.214844 0.574219
0.214844 0.566406
0.226562 0.570312
0.226562 0.585938
0.242188 0.585938
0.242188 0.570312
0.246094 0.558594
0.246094 0.550781
0.238281 0.550781
0.238281 0.558594
0.230469 0.558594
0.222656 0.558594
0.222656 0.550781
0.230469 0.550781
0.230469 0.542969
0.222656 0.542969
0.222656 0.535156
0.230469 0.535156
0.238281 0.535156
0.238281 0.542969
0.246094 0.542969
0.246094 0.535156
0.246094 0.527344
0.238281 0.527344
0.238281 0.519531
0.246094 0.519531
0.246094 0.511719
0.246094 0.503906
0.238281 0.503906
0.238281 0.511719
0.230469 0.511719
0.230469 0.503906
0.222656 0.503906
0.222656 0.511719
0.222656 0.519531
0.230469 0.519531
0.230469 0.527344
0.222656 0.527344
0.214844 0.527344
0.207031 0.527344
0.207031 0.519531
0.214844 0.519531
0.214844 0.511719
0.214844 0.503906
0.207031 0.503906
0.207031 0.511719
0.199219 0.511719
0.199219 0.503906
0.191406 0.503906
0.191406 0.511719
0.191406 0.519531
0.199219 0.519531
0.199219 0.527344
0.191406 0.527344
0.191406 0.535156
0.191406 0.542969
0.199219 0.542969
0.199219 0.535156
0.207031 0.535156
0.214844 0.535156
0.214844 0.542969
0.207031 0.542969
0.207031 0.550781
0.214844 0.550781
0.214844 0.558594
0.207031 0.558594
0.199219 0.558594
0.199219 0.550781
0.191406 0.550781
0.191406 0.558594
0.183594 0.558594
0.183594 0.550781
0.175781 0.550781
0.175781 0.558594
0.167969 0.558594
0.160156 0.558594
0.160156 0.550781
0.167969 0.550781
0.167969 0.542969
0.160156 0.542969
0.160156 0.535156
0.167969 0.535156
0.175781 0.535156
0.175781 0.542969
0.183594 0.542969
0.183594 0.535156
0.183594 0.527344
0.175781 0.527344
0.175781 0.519531
0.183594 0.519531
0.179688 0.507812
0.164062 0.507812
0.164062 0.523438
0.148438 0.523438
0.148438 0.507812
0.132812 0.507812
0.132812 0.523438
0.132812 0.539062
0.148438 0.539062
0.144531 0.550781
0.152344 0.550781
0.152344 0.558594
0.144531 0.558594
0.132812 0.554688
0.128906 0.566406
0.136719 0.566406
0.136719 0.574219
0.128906 0.574219
0.128906 0.582031
0.128906 0.589844
0.136719 0.589844
0.136719 0.582031
0.144531 0.582031
0.144531 0.589844
0.152344 0.589844
0.152344 0.582031
0.152344 0.574219
0.144531 0.574219
0.144531 0.566406
0.152344 0.566406
0.160156 0.566406
0.160156 0.574219
0.167969 0.574219
0.167969 0.566406
0.175781 0.566406
0.183594 0.566406
0.183594 0.574219
0.175781 0.574219
0.175781 0.582031
0.183594 0.582031
0.183594 0.589844
0.175781 0.589844
0.167969 0.589844
0.167969 0.582031
0.160156 0.582031
0.160156 0.589844
0.160156 0.597656
0.160156 0.605469
0.167969 0.605469
0.167969 0.597656
0.175781 0.597656
0.183594 0.597656
0.183594 0.605469
0.175781 0.605469
0.179688 0.617188
0.167969 0.621094
0.167969 0.613281
0.160156 0.613281
0.160156 0.621094
0.152344 0.621094
0.144531 0.621094
0.144531 0.613281
0.152344 0.613281
0.152344 0.605469
0.152344 0.597656
0.144531 0.597656
0.144531 0.605469
0.136719 0.605469
0.136719 0.597656
0.128906 0.597656
0.128906 0.605469
0.128906 0.613281
0.136719 0.613281
0.136719 0.621094
0.128906 0.621094
0.121094 0.621094
0.113281 0.621094
0.113281 0.613281
0.121094 0.613281
0.121094 0.605469
0.121094 0.597656
0.113281 0.597656
0.113281 0.605469
0.105469 0.605469
0.105469 0.597656
0.0976562 0.597656
0.0976562 0.605469
0.0976562 0.613281
0.105469 0.613281
0.105469 0.621094
0.0976562 0.621094
0.0859375 0.617188
0.0703125 0.617188
0.0703125 0.601562
0.0859375 0.601562
0.0859375 0.585938
0.0703125 0.585938
0.0703125 0.570312
0.0859375 0.570312
0.101562 0.570312
0.101562 0.585938
0.113281 0.582031
0.113281 0.589844
0.121094 0.589844
0.121094 0.582031
0.117188 0.570312
0.117188 0.554688
0.101562 0.554688
0.101562 0.539062
0.117188 0.539062
0.117188 0.523438
0.117188 0.507812
0.101562 0.507812
0.101562 0.523438
0.078125 0.515625
0.0703125 0.539062
0.0859375 0.539062
0.0859375 0.554688
0.0703125 0.554688
0.046875 0.546875
0.046875 0.515625
0.015625 0.515625
0.015625 0.546875
0.015625 0.578125
0.0390625 0.570312
0.0546875 0.570312
0.0546875 0.585938
0.0390625 0.585938
0.0390625 0.601562
0.0546875 0.601562
0.0546875 0.617188
0.0390625 0.617188
0.015625 0.609375
0.0078125 0.632812
0.0234375 0.632812
0.0234375 0.648438
0.0078125 0.648438
0.0078125 0.664062
0.0078125 0.679688
0.0234375 0.679688
0.0234375 0.664062
0.0390625 0.664062
0.0390625 0.679688
0.0546875 0.679688
0.0546875 0.664062
0.0546875 0.648438
0.0390625 0.648438
0.0390625 0.632812
0.0546875 0.632812
0.0703125 0.632812
0.0703125 0.648438
0.0820312 0.644531
0.0820312 0.652344
0.0898438 0.652344
0.0898438 0.644531
0.0898438 0.636719
0.0820312 0.636719
0.0820312 0.628906
0.0898438 0.628906
0.0976562 0.628906
0.0976562 0.636719
0.105469 0.636719
0.105469 0.628906
0.113281 0.628906
0.121094 0.628906
0.121094 0.636719
0.113281 0.636719
0.113281 0.644531
0.121094 0.644531
0.121094 0.652344
0.113281 0.652344
0.105469 0.652344
0.105469 0.644531
0.0976562 0.644531
0.0976562 0.652344
0.0976562 0.660156
0.0976562 0.667969
0.105469 0.667969
0.105469 0.660156
0.113281 0.660156
0.121094 0.660156
0.121094 0.667969
0.113281 0.667969
0.113281 0.675781
0.121094 0.675781
0.121094 0.683594
0.113281 0.683594
0.105469 0.683594
0.105469 0.675781
0.0976562 0.675781
0.0976562 0.683594
0.0898438 0.683594
0.0820312 0.683594
0.0820312 0.675781
0.0898438 0.675781
0.0898438 0.667969
0.0898438 0.660156
0.0820312 0.660156
0.0820312 0.667969
0.0703125 0.664062
0.0703125 0.679688
0.0664062 0.691406
0.0742188 0.691406
0.0742188 0.699219
0.0664062 0.699219
0.0664062 0.707031
0.0664062 0.714844
0.0742188 0.714844
0.0742188 0.707031
0.0820312 0.707031
0.0820312 0.714844
0.0898438 0.714844
0.0898438 0.707031
0.0898438 0.699219
0.0820312 0.699219
0.0820312 0.691406
0.0898438 0.691406
0.0976562 0.691406
0.0976562 0.699219
0.105469 0.699219
0.105469 0.691406
0.113281 0.691406
0.121094 0.691406
0.121094 0.699219
0.113281 0.699219
0.113281 0.707031
0.121094 0.707031
0.121094 0.714844
0.113281 0.714844
0.105469 0.714844
0.105469 0.707031
0.0976562 0.707031
0.0976562 0.714844
0.0976562 0.722656
0.0976562 0.730469
0.105469 0.730469
0.105469 0.722656
0.113281 0.722656
0.121094 0.722656
0.121094 0.730469
0.113281 0.730469
0.113281 0.738281
0.121094 0.738281
0.121094 0.746094
0.113281 0.746094
0.105469 0.746094
0.105469 0.738281
0.0976562 0.738281
0.0976562 0.746094
0.0898438 0.746094
0.0820312 0.746094
0.0820312 0.738281
0.0898438 0.738281
0.0898438 0.730469
0.0898438 0.722656
0.0820312 0.722656
0.0820312 0.730469
0.0742188 0.730469
0.0742188 0.722656
0.0664062 0.722656
0.0664062 0.730469
0.0664062 0.738281
0.0742188 0.738281
0.0742188 0.746094
0.0664062 0.746094
0.0546875 0.742188
0.0390625 0.742188
0.0390625 0.726562
0.0546875 0.726562
0.0546875 0.710938
0.0546875 0.695312
0.0390625 0.695312
0.0390625 0.710938
0.0234375 0.710938
0.0234375 0.695312
0.0078125 0.695312
0.0078125 0.710938
0.0078125 0.726562
0.0234375 0.726562
0.0234375 0.742188
0.0078125 0.742188
0.0078125 0.757812
0.0078125 0.773438
0.0234375 0.773438
0.0234375 0.757812
0.0390625 0.757812
0.0546875 0.757812
0.0546875 0.773438
0.0390625 0.773438
0.0390625 0.789062
0.0546875 0.789062
0.0546875 0.804688
0.0390625 0.804688
0.0234375 0.804688
0.0234375 0.789062
0.0078125 0.789062
0.0078125 0.804688
0.0078125 0.820312
0.0234375 0.820312
0.0234375 0.835938
0.0078125 0.835938
0.0078125 0.851562
0.0078125 0.867188
0.0234375 0.867188
0.0234375 0.851562
0.0390625 0.851562
0.0390625 0.867188
0.0546875 0.867188
0.0546875 0.851562
0.0546875 0.835938
0.0390625 0.835938
0.0390625 0.820312
0.0546875 0.820312
0.0664062 0.816406
0.0664062 0.824219
0.0742188 0.824219
0.0742188 0.816406
0.0820312 0.816406
0.0898438 0.816406
0.0898438 0.824219
0.0820312 0.824219
0.0820312 0.832031
0.0898438 0.832031
0.0898438 0.839844
0.0820312 0.839844
0.0742188 0.839844
0.0742188 0.832031
0.0664062 0.832031
0.0664062 0.839844
0.0664062 0.847656
0.0742188 0.847656
0.0742188 0.855469
0.0664062 0.855469
0.0664062 0.863281
0.0664062 0.871094
0.0742188 0.871094
0.0742188 0.863281
0.0820312 0.863281
0.0820312 0.871094
0.0898438 0.871094
0.0898438 0.863281
0.0898438 0.855469
0.0820312 0.855469
0.0820312 0.847656
0.0898438 0.847656
0.0976562 0.847656
0.105469 0.847656
0.105469 0.855469
0.0976562 0.855469
0.0976562 0.863281
0.0976562 0.871094
0.105469 0.871094
0.105469 0.863281
0.113281 0.863281
0.113281 0.871094
0.121094 0.871094
0.121094 0.863281
0.121094 0.855469
0.113281 0.855469
0.113281 0.847656
0.121094 0.847656
0.121094 0.839844
0.121094 0.832031
0.113281 0.832031
0.113281 0.839844
0.105469 0.839844
0.0976562 0.839844
0.0976562 0.832031
0.105469 0.832031
0.105469 0.824219
0.0976562 0.824219
0.0976562 0.816406
0.105469 0.816406
0.113281 0.816406
0.113281 0.824219
0.121094 0.824219
0.121094 0.816406
0.121094 0.808594
0.113281 0.808594
0.113281 0.800781
0.121094 0.800781
0.121094 0.792969
0.121094 0.785156
0.113281 0.785156
0.113281 0.792969
0.105469 0.792969
0.105469 0.785156
0.0976562 0.785156
0.0976562 0.792969
0.0976562 0.800781
0.105469 0.800781
0.105469 0.808594
0.0976562 0.808594
0.0898438 0.808594
0.0898438 0.800781
0.0820312 0.800781
0.0820312 0.808594
0.0742188 0.808594
0.0664062 0.808594
0.0664062 0.800781
0.0742188 0.800781
0.0742188 0.792969
0.0664062 0.792969
0.0664062 0.785156
0.0742188 0.785156
0.0820312 0.785156
0.0820312 0.792969
0.0898438 0.792969
0.0898438 0.785156
0.0898438 0.777344
0.0898438 0.769531
0.0820312 0.769531
0.0820312 0.777344
0.0742188 0.777344
0.0664062 0.777344
0.0664062 0.769531
0.0742188 0.769531
0.0742188 0.761719
0.0664062 0.761719
0.0664062 0.753906
0.0742188 0.753906
0.0820312 0.753906
0.0820312 0.761719
0.0898438 0.761719
0.0898438 0.753906
0.0976562 0.753906
0.105469 0.753906
0.105469 0.761719
0.0976562 0.761719
0.0976562 0.769531
0.0976562 0.777344
0.105469 0.777344
0.105469 0.769531
0.113281 0.769531
0.113281 0.777344
0.121094 0.777344
0.121094 0.769531
0.121094 0.761719
0.113281 0.761719
0.113281 0.753906
0.121094 0.753906
0.128906 0.753906
0.128906 0.761719
0.136719 0.761719
0.136719 0.753906
0.148438 0.757812
0.148438 0.773438
0.136719 0.777344
0.136719 0.769531
0.128906 0.769531
0.128906 0.777344
0.128906 0.785156
0.136719 0.785156
0.136719 0.792969
0.128906 0.792969
0.128906 0.800781
0.128906 0.808594
0.136719 0.808594
0.136719 0.800781
0.148438 0.804688
0.148438 0.789062
0.164062 0.789062
0.164062 0.804688
0.179688 0.804688
0.179688 0.789062
0.179688 0.773438
0.164062 0.773438
0.164062 0.757812
0.179688 0.757812
0.195312 0.757812
0.195312 0.773438
0.207031 0.769531
0.207031 0.777344
0.214844 0.777344
0.214844 0.769531
0.214844 0.761719
0.207031 0.761719
0.207031 0.753906
0.214844 0.753906
0.222656 0.753906
0.222656 0.761719
0.230469 0.761719
0.230469 0.753906
0.238281 0.753906
0.246094 0.753906
0.246094 0.761719
0.238281 0.761719
0.238281 0.769531
0.246094 0.769531
0.246094 0.777344
0.238281 0.777344
0.230469 0.777344
0.230469 0.769531
0.222656 0.769531
0.222656 0.777344
0.222656 0.785156
0.222656 0.792969
0.230469 0.792969
0.230469 0.785156
0.238281 0.785156
0.246094 0.785156
0.246094 0.792969
0.238281 0.792969
0.238281 0.800781
0.246094 0.800781
0.246094 0.808594
0.238281 0.808594
0.230469 0.808594
0.230469 0.800781
0.222656 0.800781
0.222656 0.808594
0.214844 0.808594
0.207031 0.808594
0.207031 0.800781
0.214844 0.800781
0.214844 0.792969
0.214844 0.785156
0.207031 0.785156
0.207031 0.792969
0.195312 0.789062
0.195312 0.804688
0.195312 0.820312
0.195312 0.835938
0.207031 0.832031
0.207031 0.839844
0.214844 0.839844
0.214844 0.832031
0.214844 0.824219
0.207031 0.824219
0.207031 0.816406
0.214844 0.816406
0.222656 0.816406
0.222656 0.824219
0.230469 0.824219
0.230469 0.816406
0.238281 0.816406
0.246094 0.816406
0.246094 0.824219
0.238281 0.824219
0.238281 0.832031
0.246094 0.832031
0.246094 0.839844
0.238281 0.839844
0.230469 0.839844
0.230469 0.832031
0.222656 0.832031
0.222656 0.839844
0.222656 0.847656
0.222656 0.855469
0.230469 0.855469
0.230469 0.847656
0.238281 0.847656
0.246094 0.847656
0.246094 0.855469
0.238281 0.855469
0.238281 0.863281
0.246094 0.863281
0.246094 0.871094
0.238281 0.871094
0.230469 0.871094
0.230469 0.863281
0.222656 0.863281
0.222656 0.871094
0.214844 0.871094
0.207031 0.871094
0.207031 0.863281
0.214844 0.863281
0.214844 0.855469
0.214844 0.847656
0.207031 0.847656
0.207031 0.855469
0.195312 0.851562
0.195312 0.867188
0.179688 0.867188
0.164062 0.867188
0.164062 0.851562
0.179688 0.851562
0.179688 0.835938
0.179688 0.820312
0.164062 0.820312
0.164062 0.835938
0.148438 0.835938
0.148438 0.820312
0.136719 0.824219
0.136719 0.816406
0.128906 0.816406
0.128906 0.824219
0.128906 0.832031
0.136719 0.832031
0.136719 0.839844
0.128906 0.839844
0.128906 0.847656
0.128906 0.855469
0.136719 0.855469
0.136719 0.847656
0.148438 0.851562
0.148438 0.867188
0.136719 0.871094
0.136719 0.863281
0.128906 0.863281
0.128906 0.871094
0.128906 0.878906
0.128906 0.886719
0.136719 0.886719
0.136719 0.878906
0.148438 0.882812
0.148438 0.898438
0.136719 0.902344
0.136719 0.894531
0.128906 0.894531
0.128906 0.902344
0.128906 0.910156
0.136719 0.910156
0.136719 0.917969
0.128906 0.917969
0.128906 0.925781
0.128906 0.933594
0.136719 0.933594
0.136719 0.925781
0.148438 0.929688
0.148438 0.914062
0.164062 0.914062
0.164062 0.929688
0.179688 0.929688
0.179688 0.914062
0.179688 0.898438
0.164062 0.898438
0.164062 0.882812
0.179688 0.882812
0.195312 0.882812
0.195312 0.898438
0.207031 0.894531
0.207031 0.902344
0.214844 0.902344
0.214844 0.894531
0.214844 0.886719
0.207031 0.886719
0.207031 0.878906
0.214844 0.878906
0.222656 0.878906
0.222656 0.886719
0.230469 0.886719
0.230469 0.878906
0.238281 0.878906
0.246094 0.878906
0.246094 0.886719
0.238281 0.886719
0.238281 0.894531
0.246094 0.894531
0.246094 0.902344
0.238281 0.902344
0.230469 0.902344
0.230469 0.894531
0.222656 0.894531
0.222656 0.902344
0.222656 0.910156
0.222656 0.917969
0.230469 0.917969
0.230469 0.910156
0.238281 0.910156
0.246094 0.910156
0.246094 0.917969
0.238281 0.917969
0.238281 0.925781
0.246094 0.925781
0.246094 0.933594
0.238281 0.933594
0.230469 0.933594
0.230469 0.925781
0.222656 0.925781
0.222656 0.933594
0.214844 0.933594
0.207031 0.933594
0.207031 0.925781
0.214844 0.925781
0.214844 0.917969
0.214844 0.910156
0.207031 0.910156
0.207031 0.917969
0.195312 0.914062
0.195312 0.929688
0.195312 0.945312
0.195312 0.960938
0.210938 0.960938
0.210938 0.945312
0.222656 0.941406
0.222656 0.949219
0.230469 0.949219
0.230469 0.941406
0.238281 0.941406
0.246094 0.941406
0.246094 0.949219
0.238281 0.949219
0.238281 0.957031
0.246094 0.957031
0.246094 0.964844
0.238281 0.964844
0.230469 0.964844
0.230469 0.957031
0.222656 0.957031
0.222656 0.964844
0.222656 0.972656
0.222656 0.980469
0.230469 0.980469
0.230469 0.972656
0.238281 0.972656
0.246094 0.972656
0.246094 0.980469
0.238281 0.980469
0.238281 0.988281
0.246094 0.988281
0.246094 0.996094
0.238281 0.996094
0.226562 0.992188
0.210938 0.992188
0.210938 0.976562
0.195312 0.976562
0.195312 0.992188
0.179688 0.992188
0.164062 0.992188
0.164062 0.976562
0.179688 0.976562
0.179688 0.960938
0.179688 0.945312
0.164062 0.945312
0.164062 0.960938
0.148438 0.960938
0.148438 0.945312
0.136719 0.949219
0.136719 0.941406
0.128906 0.941406
0.128906 0.949219
0.128906 0.957031
0.136719 0.957031
0.136719 0.964844
0.128906 0.964844
0.128906 0.972656
0.128906 0.980469
0.136719 0.980469
0.136719 0.972656
0.144531 0.972656
0.152344 0.972656
0.152344 0.980469
0.144531 0.980469
0.144531 0.988281
0.152344 0.988281
0.152344 0.996094
0.144531 0.996094
0.136719 0.996094
0.136719 0.988281
0.128906 0.988281
0.128906 0.996094
0.121094 0.996094
0.113281 0.996094
0.113281 0.988281
0.121094 0.988281
0.121094 0.980469
0.121094 0.972656
0.113281 0.972656
0.113281 0.980469
0.105469 0.980469
0.105469 0.972656
0.0976562 0.972656
0.0976562 0.980469
0.0976562 0.988281
0.105469 0.988281
0.105469 0.996094
0.0976562 0.996094
0.0898438 0.996094
0.0898438 0.988281
0.0820312 0.988281
0.0820312 0.996094
0.0703125 0.992188
0.0742188 0.980469
0.0664062 0.980469
0.0664062 0.972656
0.0742188 0.972656
0.0820312 0.972656
0.0820312 0.980469
0.0898438 0.980469
0.0898438 0.972656
0.0898438 0.964844
0.0898438 0.957031
0.0820312 0.957031
0.0820312 0.964844
0.0742188 0.964844
0.0664062 0.964844
0.0664062 0.957031
0.0742188 0.957031
0.0742188 0.949219
0.0664062 0.949219
0.0664062 0.941406
0.0742188 0.941406
0.0820312 0.941406
0.0820312 0.949219
0.0898438 0.949219
0.0898438 0.941406
0.0976562 0.941406
0.105469 0.941406
0.105469 0.949219
0.0976562 0.949219
0.0976562 0.957031
0.0976562 0.964844
0.105469 0.964844
0.105469 0.957031
0.113281 0.957031
0.113281 0.964844
0.121094 0.964844
0.121094 0.957031
0.121094 0.949219
0.113281 0.949219
0.113281 0.941406
0.121094 0.941406
0.121094 0.933594
0.121094 0.925781
0.113281 0.925781
0.113281 0.933594
0.105469 0.933594
0.0976562 0.933594
0.0976562 0.925781
0.105469 0.925781
0.105469 0.917969
0.0976562 0.917969
0.0976562 0.910156
0.105469 0.910156
0.113281 0.910156
0.113281 0.917969
0.121094 0.917969
0.121094 0.910156
0.121094 0.902344
0.113281 0.902344
0.113281 0.894531
0.121094 0.894531
0.121094 0.886719
0.121094 0.878906
0.113281 0.878906
0.113281 0.886719
0.105469 0.886719
0.105469 0.878906
0.0976562 0.878906
0.0976562 0.886719
0.0976562 0.894531
0.105469 0.894531
0.105469 0.902344
0.0976562 0.902344
0.0898438 0.902344
0.0820312 0.902344
0.0820312 0.894531
0.0898438 0.894531
0.0898438 0.886719
0.0898438 0.878906
0.0820312 0.878906
0.0820312 0.886719
0.0742188 0.886719
0.0742188 0.878906
0.0664062 0.878906
0.0664062 0.886719
0.0664062 0.894531
0.0742188 0.894531
0.0742188 0.902344
0.0664062 0.902344
0.0664062 0.910156
0.0664062 0.917969
0.0742188 0.917969
0.0742188 0.910156
0.0820312 0.910156
0.0898438 0.910156
0.0898438 0.917969
0.0820312 0.917969
0.0820312 0.925781
0.0898438 0.925781
0.0898438 0.933594
0.0820312 0.933594
0.0742188 0.933594
0.0742188 0.925781
0.0664062 0.925781
0.0664062 0.933594
0.0546875 0.929688
0.0390625 0.929688
0.0390625 0.914062
0.0546875 0.914062
0.0546875 0.898438
0.0546875 0.882812
0.0390625 0.882812
0.0390625 0.898438
0.0234375 0.898438
0.0234375 0.882812
0.0078125 0.882812
0.0078125 0.898438
0.0078125 0.914062
0.0234375 0.914062
0.0234375 0.929688
0.0078125 0.929688
0.0078125 0.945312
0.0078125 0.960938
0.0234375 0.960938
0.0234375 0.945312
0.0390625 0.945312
0.0546875 0.945312
0.0546875 0.960938
0.0390625 0.960938
0.0390625 0.976562
0.0546875 0.976562
0.0546875 0.992188
0.0390625 0.992188
0.0234375 0.992188
0.0234375 0.976562
0.0078125 0.976562
0.0078125 0.992188
-0.015625 0.984375
-0.015625 0.953125
-0.046875 0.953125
-0.046875 0.984375
-0.078125 0.984375
-0.109375 0.984375
-0.109375 0.953125
-0.078125 0.953125
-0.078125 0.921875
-0.109375 0.921875
-0.109375 0.890625
-0.078125 0.890625
-0.046875 0.890625
-0.046875 0.921875
-0.015625 0.921875
-0.015625 0.890625
-0.015625 0.859375
-0.046875 0.859375
-0.046875 0.828125
-0.015625 0.828125
-0.015625 0.796875
-0.015625 0.765625
-0.046875 0.765625
-0.046875 0.796875
-0.078125 0.796875
-0.078125 0.765625
-0.109375 0.765625
-0.109375 0.796875
-0.109375 0.828125
-0.078125 0.828125
-0.078125 0.859375
-0.109375 0.859375
-0.15625 0.84375
-0.15625 0.78125
-0.21875 0.78125
-0.21875 0.84375
-0.21875 0.90625
-0.15625 0.90625
-0.15625 0.96875
-0.21875 0.96875
-0.28125 0.96875
-0.28125 0.90625
-0.34375 0.90625
-0.34375 0.96875
-0.4375 0.9375
-0.4375 0.8125
-0.34375 0.78125
-0.34375 0.84375
-0.28125 0.84375
-0.28125 0.78125
-0.28125 0.71875
-0.28125 0.65625
-0.34375 0.65625
-0.34375 0.71875
-0.4375 0.6875
-0.4375 0.5625
-0.34375 0.53125
-0.34375 0.59375
-0.28125 0.59375
-0.28125 0.53125
-0.21875 0.53125
-0.15625 0.53125
-0.15625 0.59375
-0.21875 0.59375
-0.21875 0.65625
-0.21875 0.71875
-0.15625 0.71875
-0.15625 0.65625
-0.109375 0.640625
-0.078125 0.640625
-0.078125 0.671875
-0.109375 0.671875
-0.109375 0.703125
-0.109375 0.734375
-0.078125 0.734375
-0.078125 0.703125
-0.046875 0.703125
-0.046875 0.734375
-0.015625 0.734375
-0.015625 0.703125
-0.015625 0.671875
-0.046875 0.671875
-0.046875 0.640625
-0.015625 0.640625
-0.015625 0.609375
-0.015625 0.578125
-0.046875 0.578125
-0.046875 0.609375
-0.078125 0.609375
-0.109375 0.609375
-0.109375 0.578125
-0.078125 0.578125
-0.09375 0.53125
-0.046875 0.515625
-0.046875 0.546875
-0.015625 0.546875
-0.015625 0.515625
-0.03125 0.46875
-0.03125 0.40625
-0.09375 0.40625
-0.09375 0.46875
-0.15625 0.46875
-0.21875 0.46875
-0.21875 0.40625
-0.15625 0.40625
-0.1875 0.3125
-0.09375 0.28125
-0.09375 0.34375
-0.03125 0.34375
-0.03125 0.28125
-0.0625 0.1875
-0.0625 0.0625
-0.1875 0.0625
-0.1875 0.1875
-0.3125 0.1875
-0.3125 0.0625
-0.4375 0.0625
-0.4375 0.1875
-0.4375 0.3125
-0.3125 0.3125
-0.3125 0.4375
-0.4375 0.4375
-0.5625 0.4375
-0.6875 0.4375
-0.6875 0.3125
-0.5625 0.3125
-0.625 0.125
-0.875 0.125
-0.875 0.375
-0.9375 0.5625
-0.9375 0.6875
-0.8125 0.6875
-0.8125 0.5625
-0.6875 0.5625
-0.5625 0.5625
-0.5625 0.6875
-0.6875 0.6875
-0.6875 0.8125
-0.5625 0.8125
-0.5625 0.9375
-0.6875 0.9375
-0.8125 0.9375
-0.8125 0.8125
-0.9375 0.8125
-0.9375 0.9375
-0.9375 1.0625
-0.8125 1.0625
-0.8125 1.1875
-0.9375 1.1875
-0.875 1.375
-0.6875 1.3125
-0.6875 1.4375
-0.5625 1.4375
-0.5625 1.3125
-0.5625 1.1875
-0.6875 1.1875
-0.6875 1.0625
-0.5625 1.0625
-0.4375 1.0625
-0.4375 1.1875
-0.34375 1.15625
-0.34375 1.21875
-0.28125 1.21875
-0.28125 1.15625
-0.28125 1.09375
-0.34375 1.09375
-0.34375 1.03125
-0.28125 1.03125
-0.21875 1.03125
-0.21875 1.09375
-0.15625 1.09375
-0.15625 1.03125
-0.109375 1.01562
-0.109375 1.04688
-0.078125 1.04688
-0.078125 1.01562
-0.046875 1.01562
-0.015625 1.01562
-0.015625 1.04688
-0.046875 1.04688
-0.046875 1.07812
-0.015625 1.07812
-0.015625 1.10938
-0.046875 1.10938
-0.078125 1.10938
-0.078125 1.07812
-0.109375 1.07812
-0.109375 1.10938
-0.09375 1.15625
-0.046875 1.14062
-0.015625 1.14062
-0.015625 1.17188
-0.046875 1.17188
-0.03125 1.21875
-0.09375 1.21875
-0.15625 1.21875
-0.15625 1.15625
-0.21875 1.15625
-0.21875 1.21875
-0.21875 1.28125
-0.21875 1.34375
-0.15625 1.34375
-0.15625 1.28125
-0.09375 1.28125
-0.03125 1.28125
-0.03125 1.34375
-0.09375 1.34375
-0.09375 1.40625
-0.03125 1.40625
-0.03125 1.46875
-0.09375 1.46875
-0.1875 1.4375
-0.3125 1.4375
-0.3125 1.3125
-0.4375 1.3125
-0.4375 1.4375
-0.4375 1.5625
-0.4375 1.6875
-0.3125 1.6875
-0.3125 1.5625
-0.1875 1.5625
-0.0625 1.5625
-0.0625 1.6875
-0.1875 1.6875
-0.1875 1.8125
-0.0625 1.8125
-0.0625 1.9375
-0.1875 1.9375
-0.375 1.875
-0.625 1.875
-0.625 1.625
-0.875 1.625
-0.875 1.875
-0.875 2.125
-0.625 2.125
-0.625 2.375
-0.875 2.375
-0.75 2.75
-0.375 2.625
-0.375 2.875
-0.125 2.875
-0.125 2.625
-0.125 2.375
-0.375 2.375
-0.375 2.125
-0.125 2.125
0.0625 2.0625
0.0625 2.1875
0.1875 2.1875
0.1875 2.0625
0.3125 2.0625
0.4375 2.0625
0.4375 2.1875
0.3125 2.1875
0.375 2.375
0.125 2.375
0.125 2.625
0.125 2.875
0.375 2.875
0.375 2.625
0.625 2.625
0.625 2.875
0.875 2.875
0.875 2.625
0.875 2.375
0.625 2.375
0.6875 2.1875
0.5625 2.1875
0.5625 2.0625
0.6875 2.0625
0.875 2.125
0.9375 1.9375
0.8125 1.9375
0.8125 1.8125
0.9375 1.8125
0.9375 1.6875
0.9375 1.5625
0.8125 1.5625
0.8125 1.6875
0.6875 1.6875
0.6875 1.5625
0.59375 1.59375
0.59375 1.53125
0.53125 1.53125
0.53125 1.59375
0.5625 1.6875
0.5625 1.8125
0.6875 1.8125
0.6875 1.9375
0.5625 1.9375
0.4375 1.9375
0.4375 1.8125
0.3125 1.8125
0.3125 1.9375
0.1875 1.9375
0.0625 1.9375
0.0625 1.8125
0.1875 1.8125
0.21875 1.71875
0.21875 1.65625
0.15625 1.65625
0.15625 1.71875
0.0625 1.6875
0.09375 1.59375
0.03125 1.59375
0.03125 1.53125
0.09375 1.53125
0.15625 1.53125
0.15625 1.59375
0.21875 1.59375
0.21875 1.53125
0.28125 1.53125
0.34375 1.53125
0.34375 1.59375
0.28125 1.59375
0.28125 1.65625
0.28125 1.71875
0.34375 1.71875
0.34375 1.65625
0.40625 1.65625
0.40625 1.71875
0.46875 1.71875
0.46875 1.65625
0.46875 1.59375
0.40625 1.59375
0.40625 1.53125
0.46875 1.53125
0.46875 1.46875
0.421875 1.48438
0.390625 1.48438
0.390625 1.45312
0.421875 1.45312
0.421875 1.42188
0.390625 1.42188
0.390625 1.39062
0.421875 1.39062
0.453125 1.39062
0.453125 1.42188
0.484375 1.42188
0.484375 1.39062
0.484375 1.35938
0.453125 1.35938
0.453125 1.32812
0.484375 1.32812
0.484375 1.29688
0.492188 1.27344
0.492188 1.25781
0.476562 1.25781
0.476562 1.27344
0.460938 1.27344
0.460938 1.25781
0.445312 1.25781
0.445312 1.27344
0.445312 1.28906
0.460938 1.28906
0.460938 1.30469
0.445312 1.30469
0.429688 1.30469
0.414062 1.30469
0.414062 1.28906
0.429688 1.28906
0.429688 1.27344
0.429688 1.25781
0.414062 1.25781
0.414062 1.27344
0.398438 1.27344
0.402344 1.26172
0.402344 1.25391
0.394531 1.25391
0.394531 1.26172
0.386719 1.26172
0.386719 1.25391
0.378906 1.25391
0.378906 1.26172
0.382812 1.27344
0.382812 1.28906
0.398438 1.28906
0.398438 1.30469
0.382812 1.30469
0.382812 1.32031
0.382812 1.33594
0.398438 1.33594
0.398438 1.32031
0.421875 1.32812
0.421875 1.35938
0.390625 1.35938
0.359375 1.35938
0.328125 1.35938
0.335938 1.33594
0.320312 1.33594
0.320312 1.32031
0.335938 1.32031
0.351562 1.32031
0.351562 1.33594
0.367188 1.33594
0.367188 1.32031
0.367188 1.30469
0.351562 1.30469
0.351562 1.28906
0.367188 1.28906
0.367188 1.27344
0.371094 1.26172
0.371094 1.25391
0.363281 1.25391
0.363281 1.26172
0.355469 1.26172
0.355469 1.25391
0.347656 1.25391
0.347656 1.26172
0.351562 1.27344
0.335938 1.27344
0.339844 1.26172
0.339844 1.25391
0.332031 1.25391
0.332031 1.26172
0.324219 1.26172
0.324219 1.25391
0.316406 1.25391
0.316406 1.26172
0.320312 1.27344
0.320312 1.28906
0.335938 1.28906
0.335938 1.30469
0.320312 1.30469
0.304688 1.30469
0.289062 1.30469
0.289062 1.28906
0.304688 1.28906
0.304688 1.27344
0.308594 1.26172
0.308594 1.25391
0.300781 1.25391
0.300781 1.26172
0.289062 1.25781
0.289062 1.27344
0.273438 1.27344
0.273438 1.25781
0.257812 1.25781
0.257812 1.27344
0.257812 1.28906
0.273438 1.28906
0.273438 1.30469
0.257812 1.30469
0.265625 1.32812
0.289062 1.32031
0.304688 1.32031
0.304688 1.33594
0.289062 1.33594
0.296875 1.35938
0.265625 1.35938
0.265625 1.39062
0.265625 1.42188
0.296875 1.42188
0.296875 1.39062
0.328125 1.39062
0.359375 1.39062
0.359375 1.42188
0.328125 1.42188
0.328125 1.45312
0.359375 1.45312
0.359375 1.48438
0.328125 1.48438
0.296875 1.48438
0.296875 1.45312
0.265625 1.45312
0.265625 1.48438
0.21875 1.46875
0.234375 1.42188
0.234375 1.39062
0.203125 1.39062
0.203125 1.42188
0.15625 1.40625
0.15625 1.46875
0.09375 1.46875
0.03125 1.46875
0.03125 1.40625
0.09375 1.40625
0.09375 1.34375
0.03125 1.34375
0.03125 1.28125
0.078125 1.26562
0.078125 1.29688
0.109375 1.29688
0.109375 1.26562
0.140625 1.26562
0.171875 1.26562
0.171875 1.29688
0.140625 1.29688
0.140625 1.32812
0.140625 1.35938
0.171875 1.35938
0.171875 1.32812
0.203125 1.32812
0.203125 1.35938
0.234375 1.35938
0.234375 1.32812
0.242188 1.30469
0.242188 1.28906
0.226562 1.28906
0.226562 1.30469
0.203125 1.29688
0.210938 1.27344
0.195312 1.27344
0.195312 1.25781
0.210938 1.25781
0.226562 1.25781
0.226562 1.27344
0.242188 1.27344
0.242188 1.25781
0.242188 1.24219
0.246094 1.23047
0.246094 1.22266
0.238281 1.22266
0.238281 1.23047
0.230469 1.23047
0.230469 1.22266
0.222656 1.22266
0.222656 1.23047
0.226562 1.24219
0.210938 1.24219
0.195312 1.24219
0.195312 1.22656
0.210938 1.22656
0.214844 1.21484
0.214844 1.20703
0.207031 1.20703
0.207031 1.21484
0.195312 1.21094
0.199219 1.19922
0.191406 1.19922
0.191406 1.19141
0.199219 1.19141
0.207031 1.19141
0.207031 1.19922
0.214844 1.19922
0.214844 1.19141
0.222656 1.19141
0.230469 1.19141
0.230469 1.19922
0.222656 1.19922
0.222656 1.20703
0.222656 1.21484
0.230469 1.21484
0.230469 1.20703
0.238281 1.20703
0.238281 1.21484
0.246094 1.21484
0.246094 1.20703
0.246094 1.19922
0.238281 1.19922
0.238281 1.19141
0.246094 1.19141
0.246094 1.18359
0.246094 1.17578
0.238281 1.17578
0.238281 1.18359
0.230469 1.18359
0.222656 1.18359
0.222656 1.17578
0.230469 1.17578
0.230469 1.16797
0.222656 1.16797
0.222656 1.16016
0.230469 1.16016
0.238281 1.16016
0.238281 1.16797
0.246094 1.16797
0.246094 1.16016
0.242188 1.14844
0.242188 1.13281
0.226562 1.13281
0.222656 1.14453
0.230469 1.14453
0.230469 1.15234
0.222656 1.15234
0.214844 1.15234
0.207031 1.15234
0.207031 1.14453
0.214844 1.14453
0.214844 1.13672
0.214844 1.12891
0.207031 1.12891
0.207031 1.13672
0.199219 1.13672
0.199219 1.12891
0.191406 1.12891
0.191406 1.13672
0.191406 1.14453
0.199219 1.14453
0.199219 1.15234
0.191406 1.15234
0.191406 1.16016
0.191406 1.16797
0.199219 1.16797
0.199219 1.16016
0.207031 1.16016
0.214844 1.16016
0.214844 1.16797
0.207031 1.16797
0.207031 1.17578
0.214844 1.17578
0.214844 1.18359
0.207031 1.18359
0.199219 1.18359
0.199219 1.17578
0.191406 1.17578
0.191406 1.18359
0.183594 1.18359
0.183594 1.17578
0.175781 1.17578
0.175781 1.18359
0.164062 1.17969
0.167969 1.16797
0.160156 1.16797
0.160156 1.16016
0.167969 1.16016
0.175781 1.16016
0.175781 1.16797
0.183594 1.16797
0.183594 1.16016
0.183594 1.15234
0.175781 1.15234
0.175781 1.14453
0.183594 1.14453
0.183594 1.13672
0.183594 1.12891
0.175781 1.12891
0.175781 1.13672
0.167969 1.13672
0.167969 1.12891
0.160156 1.12891
0.160156 1.13672
0.160156 1.14453
0.167969 1.14453
0.167969 1.15234
0.160156 1.15234
0.152344 1.15234
0.144531 1.15234
0.144531 1.14453
0.152344 1.14453
0.152344 1.13672
0.152344 1.12891
0.144531 1.12891
0.144531 1.13672
0.136719 1.13672
0.136719 1.12891
0.128906 1.12891
0.128906 1.13672
0.132812 1.14844
0.132812 1.16406
0.148438 1.16406
0.148438 1.17969
0.132812 1.17969
0.132812 1.19531
0.132812 1.21094
0.148438 1.21094
0.148438 1.19531
0.164062 1.19531
0.179688 1.19531
0.179688 1.21094
0.164062 1.21094
0.164062 1.22656
0.179688 1.22656
0.179688 1.24219
0.164062 1.24219
0.140625 1.23438
0.109375 1.23438
0.109375 1.20312
0.078125 1.20312
0.078125 1.23438
0.046875 1.23438
0.015625 1.23438
0.015625 1.20312
0.046875 1.20312
0.046875 1.17188
0.015625 1.17188
0.015625 1.14062
0.046875 1.14062
0.0703125 1.13281
0.0859375 1.13281
0.0859375 1.14844
0.0703125 1.14844
0.078125 1.17188
0.101562 1.16406
0.101562 1.17969
0.117188 1.17969
0.117188 1.16406
0.117188 1.14844
0.101562 1.14844
0.101562 1.13281
0.117188 1.13281
0.117188 1.11719
0.101562 1.11719
0.101562 1.10156
0.113281 1.09766
0.113281 1.10547
0.121094 1.10547
0.121094 1.09766
0.121094 1.08984
0.113281 1.08984
0.113281 1.08203
0.121094 1.08203
0.121094 1.07422
0.121094 1.06641
0.113281 1.06641
0.113281 1.07422
0.105469 1.07422
0.105469 1.06641
0.0976562 1.06641
0.0976562 1.07422
0.101562 1.08594
0.0859375 1.08594
0.0859375 1.07031
0.0703125 1.07031
0.0703125 1.08594
0.0703125 1.10156
0.0859375 1.10156
0.0859375 1.11719
0.0703125 1.11719
0.0546875 1.11719
0.0546875 1.10156
0.0390625 1.10156
0.0390625 1.11719
0.015625 1.10938
0.015625 1.07812
0.0390625 1.07031
0.0390625 1.08594
0.0546875 1.08594
0.0546875 1.07031
0.0546875 1.05469
0.0546875 1.03906
0.0390625 1.03906
0.0390625 1.05469
0.0234375 1.05469
0.0078125 1.05469
0.0078125 1.03906
0.0234375 1.03906
0.0234375 1.02344
0.0078125 1.02344
0.0078125 1.00781
0.0234375 1.00781
0.0390625 1.00781
0.0390625 1.02344
0.0546875 1.02344
0.0546875 1.00781
0.0703125 1.00781
0.0820312 1.00391
0.0898438 1.00391
0.0898438 1.01172
0.0820312 1.01172
0.0820312 1.01953
0.0898438 1.01953
0.0898438 1.02734
0.0820312 1.02734
0.0703125 1.02344
0.0703125 1.03906
0.0703125 1.05469
0.0859375 1.05469
0.0898438 1.04297
0.0820312 1.04297
0.0820312 1.03516
0.0898438 1.03516
0.0976562 1.03516
0.105469 1.03516
0.105469 1.04297
0.0976562 1.04297
0.0976562 1.05078
0.0976562 1.05859
0.105469 1.05859
0.105469 1.05078
0.113281 1.05078
0.113281 1.05859
0.121094 1.05859
0.121094 1.05078
0.121094 1.04297
0.113281 1.04297
0.113281 1.03516
0.121094 1.03516
0.121094 1.02734
0.121094 1.01953
0.113281 1.01953
0.113281 1.02734
0.105469 1.02734
0.0976562 1.02734
0.0976562 1.01953
0.105469 1.01953
0.105469 1.01172
0.0976562 1.01172
0.0976562 1.00391
0.105469 1.00391
0.113281 1.00391
0.113281 1.01172
0.121094 1.01172
0.121094 1.00391
0.128906 1.00391
0.136719 1.00391
0.136719 1.01172
0.128906 1.01172
0.128906 1.01953
0.128906 1.02734
0.136719 1.02734
0.136719 1.01953
0.144531 1.01953
0.144531 1.02734
0.152344 1.02734
0.152344 1.01953
0.152344 1.01172
0.144531 1.01172
0.144531 1.00391
0.152344 1.00391
0.164062 1.00781
0.179688 1.00781
0.179688 1.02344
0.164062 1.02344
0.160156 1.03516
0.160156 1.04297
0.167969 1.04297
0.167969 1.03516
0.179688 1.03906
0.179688 1.05469
0.167969 1.05859
0.167969 1.05078
0.160156 1.05078
0.160156 1.05859
0.152344 1.05859
0.144531 1.05859
0.144531 1.05078
0.152344 1.05078
0.152344 1.04297
0.152344 1.03516
0.144531 1.03516
0.144531 1.04297
0.136719 1.04297
0.136719 1.03516
0.128906 1.03516
0.128906 1.04297
0.128906 1.05078
0.136719 1.05078
0.136719 1.05859
0.128906 1.05859
0.128906 1.06641
0.128906 1.07422
0.136719 1.07422
0.136719 1.06641
0.144531 1.06641
0.152344 1.06641
0.152344 1.07422
0.144531 1.07422
0.144531 1.08203
0.152344 1.08203
0.152344 1.08984
0.144531 1.08984
0.136719 1.08984
0.136719 1.08203
0.128906 1.08203
0.128906 1.08984
0.128906 1.09766
0.136719 1.09766
0.136719 1.10547
0.128906 1.10547
0.128906 1.11328
0.128906 1.12109
0.136719 1.12109
0.136719 1.11328
0.144531 1.11328
0.144531 1.12109
0.152344 1.12109
0.152344 1.11328
0.152344 1.10547
0.144531 1.10547
0.144531 1.09766
0.152344 1.09766
0.160156 1.09766
0.167969 1.09766
0.167969 1.10547
0.160156 1.10547
0.160156 1.11328
0.160156 1.12109
0.167969 1.12109
0.167969 1.11328
0.175781 1.11328
0.175781 1.12109
0.183594 1.12109
0.183594 1.11328
0.183594 1.10547
0.175781 1.10547
0.175781 1.09766
0.183594 1.09766
0.183594 1.08984
0.183594 1.08203
0.175781 1.08203
0.175781 1.08984
0.167969 1.08984
0.160156 1.08984
0.160156 1.08203
0.167969 1.08203
0.167969 1.07422
0.160156 1.07422
0.160156 1.06641
0.167969 1.06641
0.179688 1.07031
0.195312 1.07031
0.210938 1.07031
0.210938 1.08594
0.195312 1.08594
0.195312 1.10156
0.191406 1.11328
0.191406 1.12109
0.199219 1.12109
0.199219 1.11328
0.210938 1.11719
0.210938 1.10156
0.226562 1.10156
0.226562 1.11719
0.242188 1.11719
0.242188 1.10156
0.242188 1.08594
0.226562 1.08594
0.226562 1.07031
0.242188 1.07031
0.242188 1.05469
0.242188 1.03906
0.226562 1.03906
0.226562 1.05469
0.210938 1.05469
0.195312 1.05469
0.195312 1.03906
0.210938 1.03906
0.210938 1.02344
0.195312 1.02344
0.195312 1.00781
0.210938 1.00781
0.226562 1.00781
0.226562 1.02344
0.242188 1.02344
0.246094 1.01172
0.238281 1.01172
0.238281 1.00391
0.246094 1.00391
0.253906 1.00391
0.253906 1.01172
0.261719 1.01172
0.261719 1.00391
0.269531 1.00391
0.277344 1.00391
0.277344 1.01172
0.269531 1.01172
0.269531 1.01953
0.277344 1.01953
0.277344 1.02734
0.269531 1.02734
0.261719 1.02734
0.261719 1.01953
0.253906 1.01953
0.253906 1.02734
0.257812 1.03906
0.257812 1.05469
0.269531 1.05078
0.269531 1.05859
0.277344 1.05859
0.277344 1.05078
0.277344 1.04297
0.269531 1.04297
0.269531 1.03516
0.277344 1.03516
0.285156 1.03516
0.292969 1.03516
0.292969 1.04297
0.285156 1.04297
0.285156 1.05078
0.285156 1.05859
0.292969 1.05859
0.292969 1.05078
0.300781 1.05078
0.300781 1.05859
0.308594 1.05859
0.308594 1.05078
0.308594 1.04297
0.300781 1.04297
0.300781 1.03516
0.308594 1.03516
0.308594 1.02734
0.308594 1.01953
0.300781 1.01953
0.300781 1.02734
0.292969 1.02734
0.285156 1.02734
0.285156 1.01953
0.292969 1.01953
0.292969 1.01172
0.285156 1.01172
0.285156 1.00391
0.292969 1.00391
0.300781 1.00391
0.300781 1.01172
0.308594 1.01172
0.308594 1.00391
0.316406 1.00391
0.324219 1.00391
0.324219 1.01172
0.316406 1.01172
0.316406 1.01953
0.316406 1.02734
0.324219 1.02734
0.324219 1.01953
0.335938 1.02344
0.335938 1.00781
0.351562 1.00781
0.367188 1.00781
0.367188 1.02344
0.351562 1.02344
0.351562 1.03906
0.367188 1.03906
0.363281 1.05078
0.371094 1.05078
0.371094 1.05859
0.363281 1.05859
0.355469 1.05859
0.355469 1.05078
0.347656 1.05078
0.347656 1.05859
0.339844 1.05859
0.332031 1.05859
0.332031 1.05078
0.339844 1.05078
0.339844 1.04297
0.339844 1.03516
0.332031 1.03516
0.332031 1.04297
0.324219 1.04297
0.324219 1.03516
0.316406 1.03516
0.316406 1.04297
0.316406 1.05078
0.324219 1.05078
0.324219 1.05859
0.316406 1.05859
0.316406 1.06641
0.324219 1.06641
0.324219 1.07422
0.316406 1.07422
0.316406 1.08203
0.316406 1.08984
0.324219 1.08984
0.324219 1.08203
0.332031 1.08203
0.332031 1.08984
0.339844 1.08984
0.339844 1.08203
0.339844 1.07422
0.332031 1.07422
0.332031 1.06641
0.339844 1.06641
0.347656 1.06641
0.347656 1.07422
0.355469 1.07422
0.355469 1.06641
0.363281 1.06641
0.371094 1.06641
0.371094 1.07422
0.363281 1.07422
0.363281 1.08203
0.371094 1.08203
0.371094 1.08984
0.363281 1.08984
0.355469 1.08984
0.355469 1.08203
0.347656 1.08203
0.347656 1.08984
0.347656 1.09766
0.347656 1.10547
0.355469 1.10547
0.355469 1.09766
0.363281 1.09766
0.371094 1.09766
0.371094 1.10547
0.363281 1.10547
0.363281 1.11328
0.371094 1.11328
0.371094 1.12109
0.363281 1.12109
0.355469 1.12109
0.355469 1.11328
0.347656 1.11328
0.347656 1.12109
0.335938 1.11719
0.339844 1.10547
0.339844 1.09766
0.332031 1.09766
0.332031 1.10547
0.324219 1.10547
0.324219 1.09766
0.316406 1.09766
0.316406 1.10547
0.320312 1.11719
0.304688 1.11719
0.289062 1.11719
0.289062 1.10156
0.304688 1.10156
0.308594 1.08984
0.300781 1.08984
0.300781 1.08203
0.308594 1.08203
0.308594 1.07422
0.308594 1.06641
0.300781 1.06641
0.300781 1.07422
0.292969 1.07422
0.292969 1.06641
0.285156 1.06641
0.285156 1.07422
0.289062 1.08594
0.273438 1.08594
0.273438 1.07031
0.257812 1.07031
0.257812 1.08594
0.257812 1.10156
0.273438 1.10156
0.273438 1.11719
0.257812 1.11719
0.257812 1.13281
0.257812 1.14844
0.273438 1.14844
0.273438 1.13281
0.289062 1.13281
0.304688 1.13281
0.304688 1.14844
0.289062 1.14844
0.289062 1.16406
0.304688 1.16406
0.300781 1.17578
0.308594 1.17578
0.308594 1.18359
0.300781 1.18359
0.292969 1.18359
0.292969 1.17578
0.285156 1.17578
0.285156 1.18359
0.277344 1.18359
0.269531 1.18359
0.269531 1.17578
0.277344 1.17578
0.273438 1.16406
0.261719 1.16797
0.261719 1.16016
0.253906 1.16016
0.253906 1.16797
0.253906 1.17578
0.261719 1.17578
0.261719 1.18359
0.253906 1.18359
0.253906 1.19141
0.253906 1.19922
0.261719 1.19922
0.261719 1.19141
0.269531 1.19141
0.277344 1.19141
0.277344 1.19922
0.269531 1.19922
0.269531 1.20703
0.277344 1.20703
0.277344 1.21484
0.269531 1.21484
0.261719 1.21484
0.261719 1.20703
0.253906 1.20703
0.253906 1.21484
0.253906 1.22266
0.261719 1.22266
0.261719 1.23047
0.253906 1.23047
0.253906 1.23828
0.253906 1.24609
0.261719 1.24609
0.261719 1.23828
0.269531 1.23828
0.269531 1.24609
0.277344 1.24609
0.277344 1.23828
0.277344 1.23047
0.269531 1.23047
0.269531 1.22266
0.277344 1.22266
0.285156 1.22266
0.292969 1.22266
0.292969 1.23047
0.285156 1.23047
0.285156 1.23828
0.285156 1.24609
0.292969 1.24609
0.292969 1.23828
0.300781 1.23828
0.300781 1.24609
0.308594 1.24609
0.308594 1.23828
0.308594 1.23047
0.300781 1.23047
0.300781 1.22266
0.308594 1.22266
0.308594 1.21484
0.308594 1.20703
0.300781 1.20703
0.300781 1.21484
0.292969 1.21484
0.285156 1.21484
0.285156 1.20703
0.292969 1.20703
0.292969 1.19922
0.285156 1.19922
0.285156 1.19141
0.292969 1.19141
0.300781 1.19141
0.300781 1.19922
0.308594 1.19922
0.308594 1.19141
0.316406 1.19141
0.316406 1.19922
0.324219 1.19922
0.324219 1.19141
0.332031 1.19141
0.339844 1.19141
0.339844 1.19922
0.332031 1.19922
0.332031 1.20703
0.339844 1.20703
0.339844 1.21484
0.332031 1.21484
0.324219 1.21484
0.324219 1.20703
0.316406 1.20703
0.316406 1.21484
0.316406 1.22266
0.324219 1.22266
0.324219 1.23047
0.316406 1.23047
0.316406 1.23828
0.316406 1.24609
0.324219 1.24609
0.324219 1.23828
0.332031 1.23828
0.332031 1.24609
0.339844 1.24609
0.339844 1.23828
0.339844 1.23047
0.332031 1.23047
0.332031 1.22266
0.339844 1.22266
0.347656 1.22266
0.355469 1.22266
0.355469 1.23047
0.347656 1.23047
0.347656 1.23828
0.347656 1.24609
0.355469 1.24609
0.355469 1.23828
0.363281 1.23828
0.363281 1.24609
0.371094 1.24609
0.371094 1.23828
0.371094 1.23047
0.363281 1.23047
0.363281 1.22266
0.371094 1.22266
0.371094 1.21484
0.371094 1.20703
0.363281 1.20703
0.363281 1.21484
0.355469 1.21484
0.347656 1.21484
0.347656 1.20703
0.355469 1.20703
0.355469 1.19922
0.347656 1.19922
0.347656 1.19141
0.355469 1.19141
0.363281 1.19141
0.363281 1.19922
0.371094 1.19922
0.371094 1.19141
0.367188 1.17969
0.367188 1.16406
0.351562 1.16406
0.351562 1.17969
0.335938 1.17969
0.320312 1.17969
0.320312 1.16406
0.335938 1.16406
0.335938 1.14844
0.320312 1.14844
0.320312 1.13281
0.335938 1.13281
0.351562 1.13281
0.351562 1.14844
0.367188 1.14844
0.371094 1.13672
0.363281 1.13672
0.363281 1.12891
0.371094 1.12891
0.378906 1.12891
0.386719 1.12891
0.386719 1.13672
0.378906 1.13672
0.382812 1.14844
0.394531 1.14453
0.394531 1.15234
0.402344 1.15234
0.402344 1.14453
0.402344 1.13672
0.394531 1.13672
0.394531 1.12891
0.402344 1.12891
0.410156 1.12891
0.410156 1.13672
0.417969 1.13672
0.417969 1.12891
0.425781 1.12891
0.433594 1.12891
0.433594 1.13672
0.425781 1.13672
0.425781 1.14453
0.433594 1.14453
0.433594 1.15234
0.425781 1.15234
0.417969 1.15234
0.417969 1.14453
0.410156 1.14453
0.410156 1.15234
0.414062 1.16406
0.425781 1.16016
0.433594 1.16016
0.433594 1.16797
0.425781 1.16797
0.425781 1.17578
0.433594 1.17578
0.433594 1.18359
0.425781 1.18359
0.417969 1.18359
0.417969 1.17578
0.410156 1.17578
0.410156 1.18359
0.402344 1.18359
0.394531 1.18359
0.394531 1.17578
0.402344 1.17578
0.398438 1.16406
0.382812 1.16406
0.382812 1.17969
0.378906 1.19141
0.378906 1.19922
0.386719 1.19922
0.386719 1.19141
0.394531 1.19141
0.402344 1.19141
0.402344 1.19922
0.394531 1.19922
0.394531 1.20703
0.402344 1.20703
0.402344 1.21484
0.394531 1.21484
0.386719 1.21484
0.386719 1.20703
0.378906 1.20703
0.378906 1.21484
0.378906 1.22266
0.386719 1.22266
0.386719 1.23047
0.378906 1.23047
0.378906 1.23828
0.378906 1.24609
0.386719 1.24609
0.386719 1.23828
0.394531 1.23828
0.394531 1.24609
0.402344 1.24609
0.402344 1.23828
0.402344 1.23047
0.394531 1.23047
0.394531 1.22266
0.402344 1.22266
0.410156 1.22266
0.417969 1.22266
0.417969 1.23047
0.410156 1.23047
0.410156 1.23828
0.410156 1.24609
0.417969 1.24609
0.417969 1.23828
0.425781 1.23828
0.425781 1.24609
0.433594 1.24609
0.433594 1.23828
0.433594 1.23047
0.425781 1.23047
0.425781 1.22266
0.433594 1.22266
0.433594 1.21484
0.433594 1.20703
0.425781 1.20703
0.425781 1.21484
0.417969 1.21484
0.410156 1.21484
0.410156 1.20703
0.417969 1.20703
0.417969 1.19922
0.410156 1.19922
0.410156 1.19141
0.417969 1.19141
0.425781 1.19141
0.425781 1.19922
0.433594 1.19922
0.433594 1.19141
0.441406 1.19141
0.441406 1.19922
0.449219 1.19922
0.449219 1.19141
0.457031 1.19141
0.464844 1.19141
0.464844 1.19922
0.457031 1.19922
0.457031 1.20703
0.464844 1.20703
0.464844 1.21484
0.457031 1.21484
0.449219 1.21484
0.449219 1.20703
0.441406 1.20703
0.441406 1.21484
0.441406 1.22266
0.449219 1.22266
0.449219 1.23047
0.441406 1.23047
0.445312 1.24219
0.460938 1.24219
0.464844 1.23047
0.457031 1.23047
0.457031 1.22266
0.464844 1.22266
0.476562 1.22656
0.476562 1.24219
0.492188 1.24219
0.492188 1.22656
0.492188 1.21094
0.480469 1.21484
0.472656 1.21484
0.472656 1.20703
0.480469 1.20703
0.480469 1.19922
0.472656 1.19922
0.472656 1.19141
0.480469 1.19141
0.488281 1.19141
0.488281 1.19922
0.496094 1.19922
0.496094 1.19141
0.496094 1.18359
0.488281 1.18359
0.488281 1.17578
0.496094 1.17578
0.496094 1.16797
0.496094 1.16016
0.488281 1.16016
0.488281 1.16797
0.480469 1.16797
0.480469 1.16016
0.472656 1.16016
0.472656 1.16797
0.472656 1.17578
0.480469 1.17578
0.480469 1.18359
0.472656 1.18359
0.464844 1.18359
0.464844 1.17578
0.457031 1.17578
0.457031 1.18359
0.449219 1.18359
0.441406 1.18359
0.441406 1.17578
0.449219 1.17578
0.449219 1.16797
0.441406 1.16797
0.441406 1.16016
0.449219 1.16016
0.457031 1.16016
0.457031 1.16797
0.464844 1.16797
0.464844 1.16016
0.464844 1.15234
0.464844 1.14453
0.457031 1.14453
0.457031 1.15234
0.449219 1.15234
0.441406 1.15234
0.441406 1.14453
0.449219 1.14453
0.449219 1.13672
0.441406 1.13672
0.441406 1.12891
0.449219 1.12891
0.457031 1.12891
0.457031 1.13672
0.464844 1.13672
0.464844 1.12891
0.472656 1.12891
0.480469 1.12891
0.480469 1.13672
0.472656 1.13672
0.472656 1.14453
0.472656 1.15234
0.480469 1.15234
0.480469 1.14453
0.488281 1.14453
0.488281 1.15234
0.496094 1.15234
0.496094 1.14453
0.492188 1.13281
0.492188 1.11719
0.476562 1.11719
0.476562 1.10156
0.492188 1.10156
0.492188 1.08594
0.492188 1.07031
0.476562 1.07031
0.476562 1.08594
0.460938 1.08594
0.460938 1.07031
0.445312 1.07031
0.445312 1.08594
0.441406 1.09766
0.441406 1.10547
0.449219 1.10547
0.449219 1.09766
0.460938 1.10156
0.457031 1.11328
0.464844 1.11328
0.464844 1.12109
0.457031 1.12109
0.449219 1.12109
0.449219 1.11328
0.441406 1.11328
0.441406 1.12109
0.433594 1.12109
0.425781 1.12109
0.425781 1.11328
0.433594 1.11328
0.433594 1.10547
0.433594 1.09766
0.425781 1.09766
0.425781 1.10547
0.417969 1.10547
0.417969 1.09766
0.410156 1.09766
0.410156 1.10547
0.410156 1.11328
0.417969 1.11328
0.417969 1.12109
0.410156 1.12109
0.402344 1.12109
0.402344 1.11328
0.394531 1.11328
0.394531 1.12109
0.386719 1.12109
0.378906 1.12109
0.378906 1.11328
0.386719 1.11328
0.386719 1.10547
0.378906 1.10547
0.378906 1.09766
0.386719 1.09766
0.394531 1.09766
0.394531 1.10547
0.402344 1.10547
0.402344 1.09766
0.402344 1.08984
0.402344 1.08203
0.394531 1.08203
0.394531 1.08984
0.386719 1.08984
0.378906 1.08984
0.378906 1.08203
0.386719 1.08203
0.386719 1.07422
0.378906 1.07422
0.378906 1.06641
0.386719 1.06641
0.394531 1.06641
0.394531 1.07422
0.402344 1.07422
0.402344 1.06641
0.414062 1.07031
0.410156 1.08203
0.410156 1.08984
0.417969 1.08984
0.417969 1.08203
0.425781 1.08203
0.425781 1.08984
0.433594 1.08984
0.433594 1.08203
0.429688 1.07031
0.429688 1.05469
0.429688 1.03906
0.414062 1.03906
0.414062 1.05469
0.398438 1.05469
0.382812 1.05469
0.382812 1.03906
0.398438 1.03906
0.398438 1.02344
0.382812 1.02344
0.382812 1.00781
0.398438 1.00781
0.414062 1.00781
0.414062 1.02344
0.429688 1.02344
0.429688 1.00781
0.453125 1.01562
0.445312 1.03906
0.445312 1.05469
0.460938 1.05469
0.460938 1.03906
0.484375 1.04688
0.484375 1.01562
0.515625 1.01562
0.546875 1.01562
0.546875 1.04688
0.515625 1.04688
0.515625 1.07812
0.507812 1.10156
0.507812 1.11719
0.523438 1.11719
0.523438 1.10156
0.546875 1.10938
0.546875 1.07812
0.578125 1.07812
0.578125 1.10938
0.609375 1.10938
0.609375 1.07812
0.609375 1.04688
0.578125 1.04688
0.578125 1.01562
0.609375 1.01562
0.65625 1.03125
0.71875 1.03125
0.71875 1.09375
0.671875 1.10938
0.671875 1.07812
0.640625 1.07812
0.640625 1.10938
0.640625 1.14062
0.640625 1.17188
0.671875 1.17188
0.671875 1.14062
0.71875 1.15625
0.71875 1.21875
0.671875 1.23438
0.671875 1.20312
0.640625 1.20312
0.640625 1.23438
0.609375 1.23438
0.578125 1.23438
0.578125 1.20312
0.609375 1.20312
0.609375 1.17188
0.609375 1.14062
0.578125 1.14062
0.578125 1.17188
0.554688 1.17969
0.539062 1.17969
0.539062 1.16406
0.554688 1.16406
0.554688 1.14844
0.554688 1.13281
0.539062 1.13281
0.539062 1.14844
0.523438 1.14844
0.523438 1.13281
0.507812 1.13281
0.507812 1.14844
0.507812 1.16406
0.523438 1.16406
0.523438 1.17969
0.507812 1.17969
0.507812 1.19531
0.507812 1.21094
0.523438 1.21094
0.523438 1.19531
0.539062 1.19531
0.554688 1.19531
0.554688 1.21094
0.539062 1.21094
0.546875 1.23438
0.523438 1.24219
0.523438 1.22656
0.507812 1.22656
0.507812 1.24219
0.515625 1.26562
0.515625 1.29688
0.546875 1.29688
0.546875 1.26562
0.578125 1.26562
0.609375 1.26562
0.609375 1.29688
0.578125 1.29688
0.59375 1.34375
0.546875 1.35938
0.546875 1.32812
0.515625 1.32812
0.515625 1.35938
0.53125 1.40625
0.53125 1.46875
0.59375 1.46875
0.59375 1.40625
0.65625 1.40625
0.65625 1.46875
0.71875 1.46875
0.71875 1.40625
0.71875 1.34375
0.65625 1.34375
0.65625 1.28125
0.71875 1.28125
0.78125 1.28125
0.84375 1.28125
0.84375 1.34375
0.78125 1.34375
0.8125 1.4375
0.9375 1.4375
0.9375 1.3125
0.96875 1.21875
0.96875 1.15625
0.90625 1.15625
0.90625 1.21875
0.84375 1.21875
0.78125 1.21875
0.78125 1.15625
0.84375 1.15625
0.84375 1.09375
0.78125 1.09375
0.78125 1.03125
0.84375 1.03125
0.90625 1.03125
0.90625 1.09375
0.96875 1.09375
0.96875 1.03125
1.0625 1.0625
1.1875 1.0625
1.1875 1.1875
1.0625 1.1875
1.0625 1.3125
1.0625 1.4375
1.1875 1.4375
1.1875 1.3125
1.3125 1.3125
1.3125 1.4375
1.4375 1.4375
1.4375 1.3125
1.4375 1.1875
1.3125 1.1875
1.3125 1.0625
1.4375 1.0625
1.625 1.125
1.875 1.125
1.875 1.375
1.625 1.375
1.625 1.625
1.875 1.625
1.875 1.875
1.625 1.875
1.375 1.875
1.375 1.625
1.1875 1.6875
1.1875 1.5625
1.0625 1.5625
1.0625 1.6875
1.125 1.875
1.125 2.125
1.375 2.125
1.375 2.375
1.125 2.375
1.125 2.625
1.125 2.875
1.375 2.875
1.375 2.625
1.75 2.75
1.875 2.375
1.625 2.375
1.625 2.125
1.875 2.125
2.5 2.5
2.5 1.5
2.5 0.5
1.875 0.875
1.875 0.625
1.625 0.625
1.625 0.875
1.4375 0.9375
1.4375 0.8125
1.3125 0.8125
1.3125 0.9375
1.1875 0.9375
1.0625 0.9375
1.0625 0.8125
1.1875 0.8125
1.1875 0.6875
1.0625 0.6875
1.0625 0.5625
1.1875 0.5625
1.3125 0.5625
1.3125 0.6875
1.4375 0.6875
1.4375 0.5625
1.4375 0.4375
1.4375 0.3125
1.3125 0.3125
1.3125 0.4375
1.1875 0.4375
1.0625 0.4375
1.0625 0.3125
1.1875 0.3125
1.1875 0.1875
1.0625 0.1875
1.0625 0.0625
1.1875 0.0625
1.375 0.125
1.625 0.125
1.625 0.375
1.875 0.375
1.875 0.125
1.875 -0.125
1.875 -0.375
1.625 -0.375
1.625 -0.125
1.375 -0.125
1.125 -0.125
1.125 -0.375
1.375 -0.375
1.375 -0.625
1.125 -0.625
1.125 -0.875
1.375 -0.875
1.75 -0.75
2.5 -0.5
