-0.875 -0.875
-0.625 -0.875
-0.625 -0.625
-0.875 -0.625
-0.875 -0.375
-0.875 -0.125
-0.625 -0.125
-0.625 -0.375
-0.375 -0.375
-0.375 -0.125
-0.1875 -0.1875
-0.1875 -0.0625
-0.0625 -0.0625
-0.0625 -0.1875
-0.125 -0.375
-0.125 -0.625
-0.375 -0.625
-0.375 -0.875
-0.125 -0.875
0.125 -0.875
0.125 -0.625
0.3125 -0.6875
0.3125 -0.5625
0.4375 -0.5625
0.4375 -0.6875
0.375 -0.875
0.5625 -0.9375
0.5625 -0.8125
0.6875 -0.8125
0.6875 -0.9375
0.8125 -0.9375
0.9375 -0.9375
0.9375 -0.8125
0.8125 -0.8125
0.8125 -0.6875
0.9375 -0.6875
0.9375 -0.5625
0.8125 -0.5625
0.6875 -0.5625
0.6875 -0.6875
0.5625 -0.6875
0.5625 -0.5625
0.5625 -0.4375
0.5625 -0.3125
0.65625 -0.34375
0.65625 -0.28125
0.71875 -0.28125
0.71875 -0.34375
0.6875 -0.4375
0.78125 -0.46875
0.78125 -0.40625
0.84375 -0.40625
0.84375 -0.46875
0.9375 -0.4375
0.90625 -0.34375
0.96875 -0.34375
0.96875 -0.28125
0.90625 -0.28125
0.84375 -0.28125
0.84375 -0.34375
0.78125 -0.34375
0.78125 -0.28125
0.78125 -0.21875
0.765625 -0.171875
0.765625 -0.140625
0.796875 -0.140625
0.796875 -0.171875
0.828125 -0.171875
0.828125 -0.140625
0.859375 -0.140625
0.859375 -0.171875
0.84375 -0.21875
0.90625 -0.21875
0.96875 -0.21875
0.96875 -0.15625
0.90625 -0.15625
0.890625 -0.109375
0.890625 -0.078125
0.921875 -0.078125
0.921875 -0.109375
0.96875 -0.09375
0.953125 -0.046875
0.984375 -0.046875
0.984375 -0.015625
0.953125 -0.015625
0.921875 -0.015625
0.921875 -0.046875
0.890625 -0.046875
0.890625 -0.015625
0.867188 -0.0078125
0.867188 -0.0234375
0.851562 -0.0234375
0.851562 -0.0078125
0.835938 -0.0078125
0.820312 -0.0078125
0.820312 -0.0234375
0.835938 -0.0234375
0.835938 -0.0390625
0.820312 -0.0390625
0.820312 -0.0546875
0.835938 -0.0546875
0.859375 -0.046875
0.859375 -0.078125
0.859375 -0.109375
0.828125 -0.109375
0.828125 -0.078125
0.796875 -0.078125
0.796875 -0.109375
0.765625 -0.109375
0.765625 -0.078125
0.765625 -0.046875
0.796875 -0.046875
0.789062 -0.0234375
0.804688 -0.0234375
0.804688 -0.0078125
0.789062 -0.0078125
0.765625 -0.015625
0.734375 -0.015625
0.734375 -0.046875
0.703125 -0.046875
0.703125 -0.015625
0.671875 -0.015625
0.640625 -0.015625
0.640625 -0.046875
0.671875 -0.046875
0.65625 -0.09375
0.703125 -0.109375
0.703125 -0.078125
0.734375 -0.078125
0.734375 -0.109375
0.71875 -0.15625
0.71875 -0.21875
0.65625 -0.21875
0.65625 -0.15625
0.59375 -0.15625
0.59375 -0.21875
0.53125 -0.21875
0.53125 -0.15625
0.53125 -0.09375
0.59375 -0.09375
0.59375 -0.03125
0.53125 -0.03125
0.46875 -0.03125
0.46875 -0.09375
0.40625 -0.09375
0.40625 -0.03125
0.3125 -0.0625
0.3125 -0.1875
0.4375 -0.1875
0.4375 -0.3125
0.4375 -0.4375
0.3125 -0.4375
0.3125 -0.3125
0.1875 -0.3125
0.1875 -0.4375
0.0625 -0.4375
0.0625 -0.3125
0.0625 -0.1875
0.1875 -0.1875
0.1875 -0.0625
0.0625 -0.0625
0.0625 0.0625
0.1875 0.0625
0.1875 0.1875
0.0625 0.1875
0.0625 0.3125
0.0625 0.4375
0.1875 0.4375
0.1875 0.3125
0.28125 0.28125
0.34375 0.28125
0.34375 0.34375
0.28125 0.34375
0.28125 0.40625
0.28125 0.46875
0.34375 0.46875
0.34375 0.40625
0.40625 0.40625
0.40625 0.46875
0.46875 0.46875
0.46875 0.40625
0.46875 0.34375
0.40625 0.34375
0.40625 0.28125
0.46875 0.28125
0.46875 0.21875
0.46875 0.15625
0.40625 0.15625
0.40625 0.21875
0.34375 0.21875
0.28125 0.21875
0.28125 0.15625
0.34375 0.15625
0.34375 0.09375
0.28125 0.09375
0.28125 0.03125
0.34375 0.03125
0.40625 0.03125
0.40625 0.09375
0.46875 0.09375
0.46875 0.03125
0.53125 0.03125
0.578125 0.015625
0.609375 0.015625
0.609375 0.046875
0.578125 0.046875
0.59375 0.09375
0.53125 0.09375
0.53125 0.15625
0.53125 0.21875
0.578125 0.203125
0.578125 0.234375
0.609375 0.234375
0.609375 0.203125
0.59375 0.15625
0.640625 0.140625
0.671875 0.140625
0.671875 0.171875
0.640625 0.171875
0.640625 0.203125
0.640625 0.234375
0.671875 0.234375
0.671875 0.203125
0.703125 0.203125
0.695312 0.226562
0.695312 0.242188
0.710938 0.242188
0.710938 0.226562
0.726562 0.226562
0.726562 0.242188
0.742188 0.242188
0.742188 0.226562
0.742188 0.210938
0.726562 0.210938
0.726562 0.195312
0.742188 0.195312
0.734375 0.171875
0.703125 0.171875
0.703125 0.140625
0.734375 0.140625
0.734375 0.109375
0.734375 0.078125
0.703125 0.078125
0.703125 0.109375
0.671875 0.109375
0.640625 0.109375
0.640625 0.078125
0.671875 0.078125
0.671875 0.046875
0.640625 0.046875
0.640625 0.015625
0.671875 0.015625
0.703125 0.015625
0.703125 0.046875
0.726562 0.0390625
0.726562 0.0546875
0.742188 0.0546875
0.742188 0.0390625
0.734375 0.015625
0.757812 0.0078125
0.757812 0.0234375
0.773438 0.0234375
0.773438 0.0078125
0.789062 0.0078125
0.804688 0.0078125
0.804688 0.0234375
0.789062 0.0234375
0.789062 0.0390625
0.800781 0.0351562
0.808594 0.0351562
0.808594 0.0429688
0.800781 0.0429688
0.804688 0.0546875
0.789062 0.0546875
0.773438 0.0546875
0.773438 0.0390625
0.757812 0.0390625
0.757812 0.0546875
0.757812 0.0703125
0.773438 0.0703125
0.773438 0.0859375
0.757812 0.0859375
0.765625 0.109375
0.789062 0.101562
0.789062 0.117188
0.804688 0.117188
0.804688 0.101562
0.804688 0.0859375
0.789062 0.0859375
0.789062 0.0703125
0.804688 0.0703125
0.820312 0.0703125
0.832031 0.0664062
0.839844 0.0664062
0.839844 0.0742188
0.832031 0.0742188
0.835938 0.0859375
0.820312 0.0859375
0.820312 0.101562
0.820312 0.117188
0.835938 0.117188
0.835938 0.101562
0.851562 0.101562
0.851562 0.117188
0.867188 0.117188
0.867188 0.101562
0.867188 0.0859375
0.851562 0.0859375
0.851562 0.0703125
0.867188 0.0703125
0.867188 0.0546875
0.867188 0.0390625
0.855469 0.0429688
0.855469 0.0351562
0.847656 0.0351562
0.847656 0.0429688
0.847656 0.0507812
0.855469 0.0507812
0.855469 0.0585938
0.847656 0.0585938
0.839844 0.0585938
0.839844 0.0507812
0.832031 0.0507812
0.832031 0.0585938
0.824219 0.0585938
0.816406 0.0585938
0.816406 0.0507812
0.824219 0.0507812
0.824219 0.0429688
0.816406 0.0429688
0.816406 0.0351562
0.824219 0.0351562
0.832031 0.0351562
0.832031 0.0429688
0.839844 0.0429688
0.839844 0.0351562
0.839844 0.0273438
0.839844 0.0195312
0.832031 0.0195312
0.832031 0.0273438
0.824219 0.0273438
0.816406 0.0273438
0.816406 0.0195312
0.824219 0.0195312
0.820312 0.0078125
0.835938 0.0078125
0.851562 0.0078125
0.851562 0.0234375
0.867188 0.0234375
0.867188 0.0078125
0.882812 0.0078125
0.898438 0.0078125
0.898438 0.0234375
0.882812 0.0234375
0.882812 0.0390625
0.882812 0.0546875
0.898438 0.0546875
0.898438 0.0390625
0.914062 0.0390625
0.914062 0.0546875
0.929688 0.0546875
0.929688 0.0390625
0.921875 0.015625
0.953125 0.015625
0.984375 0.015625
0.984375 0.046875
0.953125 0.046875
0.953125 0.078125
0.984375 0.078125
0.984375 0.109375
0.953125 0.109375
0.921875 0.109375
0.921875 0.078125
0.898438 0.0859375
0.898438 0.0703125
0.882812 0.0703125
0.882812 0.0859375
0.890625 0.109375
0.890625 0.140625
0.890625 0.171875
0.921875 0.171875
0.921875 0.140625
0.953125 0.140625
0.984375 0.140625
0.984375 0.171875
0.953125 0.171875
0.953125 0.203125
0.984375 0.203125
0.984375 0.234375
0.953125 0.234375
0.921875 0.234375
0.921875 0.203125
0.890625 0.203125
0.890625 0.234375
0.859375 0.234375
0.835938 0.242188
0.820312 0.242188
0.820312 0.226562
0.835938 0.226562
0.828125 0.203125
0.859375 0.203125
0.859375 0.171875
0.859375 0.140625
0.835938 0.148438
0.835938 0.132812
0.820312 0.132812
0.820312 0.148438
0.828125 0.171875
0.796875 0.171875
0.796875 0.140625
0.765625 0.140625
0.757812 0.164062
0.773438 0.164062
0.773438 0.179688
0.757812 0.179688
0.757812 0.195312
0.757812 0.210938
0.773438 0.210938
0.773438 0.195312
0.789062 0.195312
0.804688 0.195312
0.804688 0.210938
0.789062 0.210938
0.789062 0.226562
0.804688 0.226562
0.804688 0.242188
0.789062 0.242188
0.777344 0.246094
0.769531 0.246094
0.769531 0.238281
0.777344 0.238281
0.773438 0.226562
0.757812 0.226562
0.757812 0.242188
0.753906 0.253906
0.761719 0.253906
0.761719 0.261719
0.753906 0.261719
0.753906 0.269531
0.753906 0.277344
0.761719 0.277344
0.761719 0.269531
0.769531 0.269531
0.769531 0.277344
0.777344 0.277344
0.777344 0.269531
0.777344 0.261719
0.769531 0.261719
0.769531 0.253906
0.777344 0.253906
0.785156 0.253906
0.785156 0.261719
0.792969 0.261719
0.792969 0.253906
0.804688 0.257812
0.800781 0.269531
0.808594 0.269531
0.808594 0.277344
0.800781 0.277344
0.792969 0.277344
0.792969 0.269531
0.785156 0.269531
0.785156 0.277344
0.785156 0.285156
0.785156 0.292969
0.792969 0.292969
0.792969 0.285156
0.800781 0.285156
0.808594 0.285156
0.808594 0.292969
0.800781 0.292969
0.804688 0.304688
0.792969 0.308594
0.792969 0.300781
0.785156 0.300781
0.785156 0.308594
0.777344 0.308594
0.769531 0.308594
0.769531 0.300781
0.777344 0.300781
0.777344 0.292969
0.777344 0.285156
0.769531 0.285156
0.769531 0.292969
0.761719 0.292969
0.761719 0.285156
0.753906 0.285156
0.753906 0.292969
0.753906 0.300781
0.761719 0.300781
0.761719 0.308594
0.753906 0.308594
0.753906 0.316406
0.753906 0.324219
0.761719 0.324219
0.761719 0.316406
0.769531 0.316406
0.777344 0.316406
0.777344 0.324219
0.769531 0.324219
0.769531 0.332031
0.777344 0.332031
0.777344 0.339844
0.769531 0.339844
0.761719 0.339844
0.761719 0.332031
0.753906 0.332031
0.753906 0.339844
0.753906 0.347656
0.761719 0.347656
0.761719 0.355469
0.753906 0.355469
0.753906 0.363281
0.753906 0.371094
0.761719 0.371094
0.761719 0.363281
0.773438 0.367188
0.777344 0.355469
0.769531 0.355469
0.769531 0.347656
0.777344 0.347656
0.789062 0.351562
0.789062 0.367188
0.804688 0.367188
0.804688 0.351562
0.804688 0.335938
0.792969 0.339844
0.785156 0.339844
0.785156 0.332031
0.792969 0.332031
0.792969 0.324219
0.785156 0.324219
0.785156 0.316406
0.792969 0.316406
0.800781 0.316406
0.800781 0.324219
0.808594 0.324219
0.808594 0.316406
0.820312 0.320312
0.835938 0.320312
0.835938 0.335938
0.820312 0.335938
0.820312 0.351562
0.820312 0.367188
0.835938 0.367188
0.835938 0.351562
0.851562 0.351562
0.851562 0.367188
0.867188 0.367188
0.867188 0.351562
0.867188 0.335938
0.851562 0.335938
0.851562 0.320312
0.867188 0.320312
0.867188 0.304688
0.867188 0.289062
0.851562 0.289062
0.851562 0.304688
0.835938 0.304688
0.820312 0.304688
0.820312 0.289062
0.835938 0.289062
0.835938 0.273438
0.820312 0.273438
0.820312 0.257812
0.835938 0.257812
0.851562 0.257812
0.851562 0.273438
0.867188 0.273438
0.867188 0.257812
0.882812 0.257812
0.898438 0.257812
0.898438 0.273438
0.882812 0.273438
0.882812 0.289062
0.882812 0.304688
0.898438 0.304688
0.898438 0.289062
0.914062 0.289062
0.914062 0.304688
0.929688 0.304688
0.929688 0.289062
0.929688 0.273438
0.914062 0.273438
0.914062 0.257812
0.929688 0.257812
0.945312 0.257812
0.945312 0.273438
0.960938 0.273438
0.960938 0.257812
0.984375 0.265625
0.976562 0.289062
0.992188 0.289062
0.992188 0.304688
0.976562 0.304688
0.960938 0.304688
0.960938 0.289062
0.945312 0.289062
0.945312 0.304688
0.945312 0.320312
0.941406 0.332031
0.941406 0.339844
0.949219 0.339844
0.949219 0.332031
0.960938 0.335938
0.960938 0.320312
0.976562 0.320312
0.992188 0.320312
0.992188 0.335938
0.976562 0.335938
0.976562 0.351562
0.992188 0.351562
0.992188 0.367188
0.976562 0.367188
0.964844 0.371094
0.957031 0.371094
0.957031 0.363281
0.964844 0.363281
0.964844 0.355469
0.964844 0.347656
0.957031 0.347656
0.957031 0.355469
0.949219 0.355469
0.949219 0.347656
0.941406 0.347656
0.941406 0.355469
0.941406 0.363281
0.949219 0.363281
0.949219 0.371094
0.941406 0.371094
0.933594 0.371094
0.933594 0.363281
0.925781 0.363281
0.925781 0.371094
0.917969 0.371094
0.910156 0.371094
0.910156 0.363281
0.917969 0.363281
0.917969 0.355469
0.910156 0.355469
0.910156 0.347656
0.917969 0.347656
0.925781 0.347656
0.925781 0.355469
0.933594 0.355469
0.933594 0.347656
0.933594 0.339844
0.925781 0.339844
0.925781 0.332031
0.933594 0.332031
0.933594 0.324219
0.933594 0.316406
0.925781 0.316406
0.925781 0.324219
0.917969 0.324219
0.917969 0.316406
0.910156 0.316406
0.910156 0.324219
0.910156 0.332031
0.917969 0.332031
0.917969 0.339844
0.910156 0.339844
0.902344 0.339844
0.894531 0.339844
0.894531 0.332031
0.902344 0.332031
0.898438 0.320312
0.882812 0.320312
0.882812 0.335938
0.882812 0.351562
0.898438 0.351562
0.894531 0.363281
0.902344 0.363281
0.902344 0.371094
0.894531 0.371094
0.882812 0.367188
0.878906 0.378906
0.878906 0.386719
0.886719 0.386719
0.886719 0.378906
0.894531 0.378906
0.902344 0.378906
0.902344 0.386719
0.894531 0.386719
0.894531 0.394531
0.902344 0.394531
0.902344 0.402344
0.894531 0.402344
0.886719 0.402344
0.886719 0.394531
0.878906 0.394531
0.878906 0.402344
0.878906 0.410156
0.886719 0.410156
0.886719 0.417969
0.878906 0.417969
0.882812 0.429688
0.894531 0.425781
0.894531 0.433594
0.902344 0.433594
0.902344 0.425781
0.902344 0.417969
0.894531 0.417969
0.894531 0.410156
0.902344 0.410156
0.910156 0.410156
0.917969 0.410156
0.917969 0.417969
0.910156 0.417969
0.914062 0.429688
0.929688 0.429688
0.929688 0.414062
0.933594 0.402344
0.933594 0.394531
0.925781 0.394531
0.925781 0.402344
0.917969 0.402344
0.910156 0.402344
0.910156 0.394531
0.917969 0.394531
0.917969 0.386719
0.910156 0.386719
0.910156 0.378906
0.917969 0.378906
0.925781 0.378906
0.925781 0.386719
0.933594 0.386719
0.933594 0.378906
0.941406 0.378906
0.949219 0.378906
0.949219 0.386719
0.941406 0.386719
0.945312 0.398438
0.960938 0.398438
0.960938 0.382812
0.976562 0.382812
0.992188 0.382812
0.992188 0.398438
0.976562 0.398438
0.976562 0.414062
0.992188 0.414062
0.992188 0.429688
0.976562 0.429688
0.960938 0.429688
0.960938 0.414062
0.945312 0.414062
0.945312 0.429688
0.945312 0.445312
0.945312 0.460938
0.960938 0.460938
0.960938 0.445312
0.984375 0.453125
0.984375 0.484375
0.953125 0.484375
0.929688 0.492188
0.914062 0.492188
0.914062 0.476562
0.929688 0.476562
0.929688 0.460938
0.929688 0.445312
0.914062 0.445312
0.914062 0.460938
0.898438 0.460938
0.898438 0.445312
0.882812 0.445312
0.882812 0.460938
0.882812 0.476562
0.898438 0.476562
0.898438 0.492188
0.882812 0.492188
0.859375 0.484375
0.828125 0.484375
0.828125 0.453125
0.851562 0.445312
0.851562 0.460938
0.867188 0.460938
0.867188 0.445312
0.867188 0.429688
0.851562 0.429688
0.851562 0.414062
0.867188 0.414062
0.871094 0.402344
0.863281 0.402344
0.863281 0.394531
0.871094 0.394531
0.867188 0.382812
0.851562 0.382812
0.851562 0.398438
0.835938 0.398438
0.835938 0.382812
0.820312 0.382812
0.820312 0.398438
0.820312 0.414062
0.835938 0.414062
0.835938 0.429688
0.820312 0.429688
0.796875 0.421875
0.804688 0.398438
0.804688 0.382812
0.789062 0.382812
0.789062 0.398438
0.773438 0.398438
0.773438 0.382812
0.757812 0.382812
0.757812 0.398438
0.757812 0.414062
0.773438 0.414062
0.773438 0.429688
0.757812 0.429688
0.765625 0.453125
0.796875 0.453125
0.796875 0.484375
0.765625 0.484375
0.734375 0.484375
0.734375 0.453125
0.703125 0.453125
0.703125 0.484375
0.671875 0.484375
0.640625 0.484375
0.640625 0.453125
0.671875 0.453125
0.671875 0.421875
0.640625 0.421875
0.640625 0.390625
0.671875 0.390625
0.695312 0.382812
0.710938 0.382812
0.710938 0.398438
0.695312 0.398438
0.703125 0.421875
0.726562 0.414062
0.726562 0.429688
0.742188 0.429688
0.742188 0.414062
0.742188 0.398438
0.726562 0.398438
0.726562 0.382812
0.742188 0.382812
0.742188 0.367188
0.746094 0.355469
0.746094 0.347656
0.738281 0.347656
0.738281 0.355469
0.726562 0.351562
0.726562 0.367188
0.710938 0.367188
0.695312 0.367188
0.695312 0.351562
0.710938 0.351562
0.710938 0.335938
0.695312 0.335938
0.695312 0.320312
0.710938 0.320312
0.726562 0.320312
0.722656 0.332031
0.722656 0.339844
0.730469 0.339844
0.730469 0.332031
0.738281 0.332031
0.738281 0.339844
0.746094 0.339844
0.746094 0.332031
0.746094 0.324219
0.738281 0.324219
0.738281 0.316406
0.746094 0.316406
0.742188 0.304688
0.726562 0.304688
0.726562 0.289062
0.738281 0.285156
0.738281 0.292969
0.746094 0.292969
0.746094 0.285156
0.746094 0.277344
0.738281 0.277344
0.738281 0.269531
0.746094 0.269531
0.742188 0.257812
0.726562 0.257812
0.726562 0.273438
0.710938 0.273438
0.710938 0.257812
0.695312 0.257812
0.695312 0.273438
0.695312 0.289062
0.710938 0.289062
0.710938 0.304688
0.695312 0.304688
0.679688 0.304688
0.664062 0.304688
0.664062 0.289062
0.679688 0.289062
0.679688 0.273438
0.679688 0.257812
0.664062 0.257812
0.664062 0.273438
0.640625 0.265625
0.640625 0.296875
0.640625 0.328125
0.664062 0.320312
0.679688 0.320312
0.679688 0.335938
0.664062 0.335938
0.664062 0.351562
0.679688 0.351562
0.679688 0.367188
0.664062 0.367188
0.640625 0.359375
0.609375 0.359375
0.578125 0.359375
0.578125 0.328125
0.609375 0.328125
0.609375 0.296875
0.609375 0.265625
0.578125 0.265625
0.578125 0.296875
0.546875 0.296875
0.546875 0.265625
0.515625 0.265625
0.515625 0.296875
0.515625 0.328125
0.546875 0.328125
0.546875 0.359375
0.515625 0.359375
0.53125 0.40625
0.578125 0.390625
0.609375 0.390625
0.609375 0.421875
0.578125 0.421875
0.59375 0.46875
0.53125 0.46875
0.53125 0.53125
0.59375 0.53125
0.59375 0.59375
0.53125 0.59375
0.53125 0.65625
0.53125 0.71875
0.59375 0.71875
0.59375 0.65625
0.65625 0.65625
0.65625 0.71875
0.71875 0.71875
0.71875 0.65625
0.71875 0.59375
0.65625 0.59375
0.65625 0.53125
0.703125 0.515625
0.703125 0.546875
0.734375 0.546875
0.734375 0.515625
0.765625 0.515625
0.796875 0.515625
0.796875 0.546875
0.765625 0.546875
0.78125 0.59375
0.828125 0.578125
0.828125 0.609375
0.859375 0.609375
0.859375 0.578125
0.859375 0.546875
0.828125 0.546875
0.828125 0.515625
0.859375 0.515625
0.890625 0.515625
0.890625 0.546875
0.921875 0.546875
0.921875 0.515625
0.953125 0.515625
0.984375 0.515625
0.984375 0.546875
0.953125 0.546875
0.953125 0.578125
0.984375 0.578125
0.984375 0.609375
0.953125 0.609375
0.921875 0.609375
0.921875 0.578125
0.890625 0.578125
0.890625 0.609375
0.90625 0.65625
0.96875 0.65625
0.96875 0.71875
0.90625 0.71875
0.84375 0.71875
0.84375 0.65625
0.78125 0.65625
0.78125 0.71875
0.78125 0.78125
0.78125 0.84375
0.84375 0.84375
0.84375 0.78125
0.90625 0.78125
0.96875 0.78125
0.96875 0.84375
0.90625 0.84375
0.9375 0.9375
0.8125 0.9375
0.6875 0.9375
0.71875 0.84375
0.71875 0.78125
0.65625 0.78125
0.65625 0.84375
0.5625 0.8125
0.5625 0.9375
0.4375 0.9375
0.3125 0.9375
0.3125 0.8125
0.4375 0.8125
0.4375 0.6875
0.46875 0.59375
0.46875 0.53125
0.40625 0.53125
0.40625 0.59375
0.3125 0.5625
0.3125 0.6875
0.1875 0.6875
0.1875 0.5625
0.0625 0.5625
0.0625 0.6875
0.0625 0.8125
0.1875 0.8125
0.1875 0.9375
0.0625 0.9375
-0.125 0.875
-0.375 0.875
-0.375 0.625
-0.1875 0.5625
-0.1875 0.6875
-0.0625 0.6875
-0.0625 0.5625
-0.0625 0.4375
-0.1875 0.4375
-0.1875 0.3125
-0.0625 0.3125
-0.0625 0.1875
-0.0625 0.0625
-0.1875 0.0625
-0.1875 0.1875
-0.375 0.125
-0.375 0.375
-0.625 0.375
-0.625 0.125
-0.875 0.125
-0.875 0.375
-0.875 0.625
-0.625 0.625
-0.625 0.875
-0.875 0.875
-0.875 1.125
-0.875 1.375
-0.625 1.375
-0.625 1.125
-0.375 1.125
-0.125 1.125
-0.125 1.375
-0.375 1.375
-0.375 1.625
-0.125 1.625
-0.125 1.875
-0.375 1.875
-0.75 1.75
-0.75 2.25
-0.75 2.75
-0.25 2.75
-0.25 2.25
0.125 2.125
0.375 2.125
0.375 2.375
0.125 2.375
0.25 2.75
0.75 2.75
0.875 2.375
0.625 2.375
0.625 2.125
0.875 2.125
0.875 1.875
0.875 1.625
0.625 1.625
0.625 1.875
0.375 1.875
0.125 1.875
0.125 1.625
0.375 1.625
0.375 1.375
0.125 1.375
0.125 1.125
0.3125 1.0625
0.3125 1.1875
0.4375 1.1875
0.4375 1.0625
0.5625 1.0625
0.6875 1.0625
0.6875 1.1875
0.5625 1.1875
0.5625 1.3125
0.5625 1.4375
0.6875 1.4375
0.6875 1.3125
0.8125 1.3125
0.8125 1.4375
0.9375 1.4375
0.9375 1.3125
0.9375 1.1875
0.8125 1.1875
0.8125 1.0625
0.9375 1.0625
1.0625 1.0625
1.1875 1.0625
1.1875 1.1875
1.0625 1.1875
1.0625 1.3125
1.0625 1.4375
1.1875 1.4375
1.1875 1.3125
1.375 1.375
1.4375 1.1875
1.3125 1.1875
1.3125 1.0625
1.4375 1.0625
1.625 1.125
1.875 1.125
1.875 1.375
1.625 1.375
1.625 1.625
1.875 1.625
1.875 1.875
1.625 1.875
1.375 1.875
1.375 1.625
1.125 1.625
1.125 1.875
1.125 2.125
1.375 2.125
1.375 2.375
1.125 2.375
1.25 2.75
1.75 2.75
1.75 2.25
2.25 2.25
2.25 2.75
2.75 2.75
2.75 2.25
2.75 1.75
2.25 1.75
2.375 1.375
2.125 1.375
2.125 1.125
2.375 1.125
2.75 1.25
2.875 0.875
2.625 0.875
2.625 0.625
2.875 0.625
2.875 0.375
2.875 0.125
2.625 0.125
2.625 0.375
2.375 0.375
2.375 0.125
2.125 0.125
2.125 0.375
2.125 0.625
2.375 0.625
2.375 0.875
2.125 0.875
1.875 0.875
1.9375 0.6875
1.9375 0.5625
1.8125 0.5625
1.8125 0.6875
1.6875 0.6875
1.6875 0.5625
1.5625 0.5625
1.5625 0.6875
1.5625 0.8125
1.6875 0.8125
1.6875 0.9375
1.5625 0.9375
1.4375 0.9375
1.4375 0.8125
1.3125 0.8125
1.3125 0.9375
1.1875 0.9375
1.0625 0.9375
1.09375 0.84375
1.03125 0.84375
1.03125 0.78125
1.09375 0.78125
1.1875 0.8125
1.21875 0.71875
1.21875 0.65625
1.15625 0.65625
1.15625 0.71875
1.09375 0.71875
1.03125 0.71875
1.03125 0.65625
1.09375 0.65625
1.09375 0.59375
1.03125 0.59375
1.04688 0.546875
1.01562 0.546875
1.01562 0.515625
1.04688 0.515625
1.09375 0.53125
1.15625 0.53125
1.15625 0.59375
1.21875 0.59375
1.21875 0.53125
1.28125 0.53125
1.34375 0.53125
1.34375 0.59375
1.28125 0.59375
1.3125 0.6875
1.4375 0.6875
1.4375 0.5625
1.46875 0.46875
1.40625 0.46875
1.40625 0.40625
1.46875 0.40625
1.46875 0.34375
1.46875 0.28125
1.40625 0.28125
1.40625 0.34375
1.34375 0.34375
1.34375 0.28125
1.28125 0.28125
1.28125 0.34375
1.28125 0.40625
1.34375 0.40625
1.34375 0.46875
1.28125 0.46875
1.21875 0.46875
1.21875 0.40625
1.17188 0.421875
1.17188 0.390625
1.14062 0.390625
1.14062 0.421875
1.15625 0.46875
1.10938 0.484375
1.10938 0.453125
1.07812 0.453125
1.07812 0.484375
1.04688 0.484375
1.01562 0.484375
1.01562 0.453125
1.04688 0.453125
1.04688 0.421875
1.01562 0.421875
1.02344 0.398438
1.00781 0.398438
1.00781 0.382812
1.02344 0.382812
1.04688 0.390625
1.07812 0.390625
1.07812 0.421875
1.10938 0.421875
1.10938 0.390625
1.10938 0.359375
1.10938 0.328125
1.07812 0.328125
1.07812 0.359375
1.04688 0.359375
1.02344 0.367188
1.00781 0.367188
1.00781 0.351562
1.02344 0.351562
1.02344 0.335938
1.00781 0.335938
1.00781 0.320312
1.02344 0.320312
1.04688 0.328125
1.04688 0.296875
1.01562 0.296875
1.01562 0.265625
1.04688 0.265625
1.07812 0.265625
1.07812 0.296875
1.10938 0.296875
1.10938 0.265625
1.15625 0.28125
1.14062 0.328125
1.14062 0.359375
1.17188 0.359375
1.17188 0.328125
1.21875 0.34375
1.21875 0.28125
1.21875 0.21875
1.21875 0.15625
1.15625 0.15625
1.15625 0.21875
1.09375 0.21875
1.04688 0.234375
1.01562 0.234375
1.01562 0.203125
1.04688 0.203125
1.03125 0.15625
1.09375 0.15625
1.09375 0.09375
1.04688 0.109375
1.01562 0.109375
1.01562 0.078125
1.04688 0.078125
1.04688 0.046875
1.01562 0.046875
1.01562 0.015625
1.04688 0.015625
1.09375 0.03125
1.15625 0.03125
1.15625 0.09375
1.21875 0.09375
1.21875 0.03125
1.28125 0.03125
1.34375 0.03125
1.34375 0.09375
1.28125 0.09375
1.28125 0.15625
1.28125 0.21875
1.34375 0.21875
1.34375 0.15625
1.4375 0.1875
1.4375 0.0625
1.5625 0.0625
1.6875 0.0625
1.6875 0.1875
1.5625 0.1875
1.5625 0.3125
1.5625 0.4375
1.6875 0.4375
1.6875 0.3125
1.8125 0.3125
1.8125 0.4375
1.9375 0.4375
1.9375 0.3125
1.9375 0.1875
1.8125 0.1875
1.8125 0.0625
1.9375 0.0625
1.875 -0.125
1.875 -0.375
1.625 -0.375
1.5625 -0.1875
1.6875 -0.1875
1.6875 -0.0625
1.5625 -0.0625
1.4375 -0.0625
1.4375 -0.1875
1.3125 -0.1875
1.3125 -0.0625
1.21875 -0.03125
1.21875 -0.09375
1.15625 -0.09375
1.15625 -0.03125
1.09375 -0.03125
1.03125 -0.03125
1.03125 -0.09375
1.09375 -0.09375
1.09375 -0.15625
1.03125 -0.15625
1.03125 -0.21875
1.09375 -0.21875
1.1875 -0.1875
1.1875 -0.3125
1.0625 -0.3125
1.0625 -0.4375
1.1875 -0.4375
1.3125 -0.4375
1.3125 -0.3125
1.4375 -0.3125
1.4375 -0.4375
1.375 -0.625
1.1875 -0.5625
1.0625 -0.5625
1.0625 -0.6875
1.1875 -0.6875
1.125 -0.875
1.375 -0.875
1.625 -0.875
1.625 -0.625
1.875 -0.625
1.875 -0.875
2.125 -0.875
2.375 -0.875
2.375 -0.625
2.125 -0.625
2.125 -0.375
2.125 -0.125
2.375 -0.125
2.375 -0.375
2.625 -0.375
2.625 -0.125
2.875 -0.125
2.875 -0.375
2.75 -0.75
