-0.4375 -0.4375
-0.3125 -0.4375
-0.3125 -0.3125
-0.4375 -0.3125
-0.4375 -0.1875
-0.4375 -0.0625
-0.3125 -0.0625
-0.3125 -0.1875
-0.1875 -0.1875
-0.1875 -0.0625
-0.09375 -0.09375
-0.09375 -0.03125
-0.03125 -0.03125
-0.03125 -0.09375
-0.0625 -0.1875
-0.0625 -0.3125
-0.1875 -0.3125
-0.1875 -0.4375
-0.0625 -0.4375
0.0625 -0.4375
0.0625 -0.3125
0.15625 -0.34375
0.15625 -0.28125
0.21875 -0.28125
0.21875 -0.34375
0.1875 -0.4375
0.28125 -0.46875
0.28125 -0.40625
0.34375 -0.40625
0.34375 -0.46875
0.40625 -0.46875
0.46875 -0.46875
0.46875 -0.40625
0.40625 -0.40625
0.40625 -0.34375
0.46875 -0.34375
0.46875 -0.28125
0.40625 -0.28125
0.34375 -0.28125
0.34375 -0.34375
0.28125 -0.34375
0.28125 -0.28125
0.28125 -0.21875
0.28125 -0.15625
0.34375 -0.15625
0.34375 -0.21875
0.40625 -0.21875
0.453125 -0.234375
0.484375 -0.234375
0.484375 -0.203125
0.453125 -0.203125
0.453125 -0.171875
0.484375 -0.171875
0.484375 -0.140625
0.453125 -0.140625
0.421875 -0.140625
0.421875 -0.171875
0.390625 -0.171875
0.390625 -0.140625
0.390625 -0.109375
0.390625 -0.078125
0.421875 -0.078125
0.421875 -0.109375
0.453125 -0.109375
0.484375 -0.109375
0.484375 -0.078125
0.453125 -0.078125
0.453125 -0.046875
0.484375 -0.046875
0.476562 -0.0234375
0.492188 -0.0234375
0.492188 -0.0078125
0.476562 -0.0078125
0.453125 -0.015625
0.421875 -0.015625
0.421875 -0.046875
0.390625 -0.046875
0.390625 -0.015625
0.359375 -0.015625
0.328125 -0.015625
0.328125 -0.046875
0.359375 -0.046875
0.359375 -0.078125
0.359375 -0.109375
0.328125 -0.109375
0.328125 -0.078125
0.28125 -0.09375
0.265625 -0.046875
0.296875 -0.046875
0.296875 -0.015625
0.265625 -0.015625
0.21875 -0.03125
0.15625 -0.03125
0.15625 -0.09375
0.21875 -0.09375
0.21875 -0.15625
0.21875 -0.21875
0.15625 -0.21875
0.15625 -0.15625
0.09375 -0.15625
0.09375 -0.21875
0.03125 -0.21875
0.03125 -0.15625
0.03125 -0.09375
0.09375 -0.09375
0.09375 -0.03125
0.03125 -0.03125
0.03125 0.03125
0.09375 0.03125
0.09375 0.09375
0.03125 0.09375
0.03125 0.15625
0.03125 0.21875
0.09375 0.21875
0.09375 0.15625
0.140625 0.140625
0.171875 0.140625
0.171875 0.171875
0.140625 0.171875
0.140625 0.203125
0.140625 0.234375
0.171875 0.234375
0.171875 0.203125
0.203125 0.203125
0.203125 0.234375
0.234375 0.234375
0.234375 0.203125
0.234375 0.171875
0.203125 0.171875
0.203125 0.140625
0.234375 0.140625
0.234375 0.109375
0.234375 0.078125
0.203125 0.078125
0.203125 0.109375
0.171875 0.109375
0.140625 0.109375
0.140625 0.078125
0.171875 0.078125
0.15625 0.03125
0.203125 0.015625
0.203125 0.046875
0.234375 0.046875
0.234375 0.015625
0.265625 0.015625
0.296875 0.015625
0.296875 0.046875
0.265625 0.046875
0.265625 0.078125
0.265625 0.109375
0.296875 0.109375
0.296875 0.078125
0.328125 0.078125
0.328125 0.109375
0.351562 0.101562
0.351562 0.117188
0.367188 0.117188
0.367188 0.101562
0.359375 0.078125
0.359375 0.046875
0.328125 0.046875
0.328125 0.015625
0.359375 0.015625
0.390625 0.015625
0.390625 0.046875
0.414062 0.0390625
0.414062 0.0546875
0.429688 0.0546875
0.429688 0.0390625
0.421875 0.015625
0.445312 0.0078125
0.445312 0.0234375
0.460938 0.0234375
0.460938 0.0078125
0.476562 0.0078125
0.492188 0.0078125
0.492188 0.0234375
0.476562 0.0234375
0.476562 0.0390625
0.492188 0.0390625
0.492188 0.0546875
0.476562 0.0546875
0.460938 0.0546875
0.460938 0.0390625
0.445312 0.0390625
0.445312 0.0546875
0.445312 0.0703125
0.445312 0.0859375
0.460938 0.0859375
0.460938 0.0703125
0.476562 0.0703125
0.488281 0.0664062
0.496094 0.0664062
0.496094 0.0742188
0.488281 0.0742188
0.488281 0.0820312
0.496094 0.0820312
0.496094 0.0898438
0.488281 0.0898438
0.480469 0.0898438
0.480469 0.0820312
0.472656 0.0820312
0.472656 0.0898438
0.472656 0.0976562
0.472656 0.105469
0.480469 0.105469
0.480469 0.0976562
0.488281 0.0976562
0.496094 0.0976562
0.496094 0.105469
0.488281 0.105469
0.488281 0.113281
0.496094 0.113281
0.496094 0.121094
0.488281 0.121094
0.480469 0.121094
0.480469 0.113281
0.472656 0.113281
0.472656 0.121094
0.464844 0.121094
0.457031 0.121094
0.457031 0.113281
0.464844 0.113281
0.464844 0.105469
0.464844 0.0976562
0.457031 0.0976562
0.457031 0.105469
0.445312 0.101562
0.445312 0.117188
0.429688 0.117188
0.414062 0.117188
0.414062 0.101562
0.429688 0.101562
0.429688 0.0859375
0.429688 0.0703125
0.414062 0.0703125
0.414062 0.0859375
0.398438 0.0859375
0.398438 0.0703125
0.382812 0.0703125
0.382812 0.0859375
0.382812 0.101562
0.398438 0.101562
0.398438 0.117188
0.382812 0.117188
0.382812 0.132812
0.398438 0.132812
0.398438 0.148438
0.382812 0.148438
0.382812 0.164062
0.382812 0.179688
0.398438 0.179688
0.398438 0.164062
0.414062 0.164062
0.410156 0.175781
0.410156 0.183594
0.417969 0.183594
0.417969 0.175781
0.425781 0.175781
0.425781 0.183594
0.433594 0.183594
0.433594 0.175781
0.433594 0.167969
0.425781 0.167969
0.425781 0.160156
0.433594 0.160156
0.433594 0.152344
0.433594 0.144531
0.425781 0.144531
0.425781 0.152344
0.414062 0.148438
0.414062 0.132812
0.429688 0.132812
0.441406 0.128906
0.449219 0.128906
0.449219 0.136719
0.441406 0.136719
0.441406 0.144531
0.441406 0.152344
0.449219 0.152344
0.449219 0.144531
0.457031 0.144531
0.457031 0.152344
0.464844 0.152344
0.464844 0.144531
0.464844 0.136719
0.457031 0.136719
0.457031 0.128906
0.464844 0.128906
0.472656 0.128906
0.472656 0.136719
0.480469 0.136719
0.480469 0.128906
0.488281 0.128906
0.494141 0.126953
0.498047 0.126953
0.498047 0.130859
0.494141 0.130859
0.494141 0.134766
0.498047 0.134766
0.498047 0.138672
0.494141 0.138672
0.488281 0.136719
0.486328 0.142578
0.486328 0.146484
0.490234 0.146484
0.490234 0.142578
0.494141 0.142578
0.498047 0.142578
0.498047 0.146484
0.494141 0.146484
0.494141 0.150391
0.498047 0.150391
0.498047 0.154297
0.494141 0.154297
0.490234 0.154297
0.490234 0.150391
0.486328 0.150391
0.486328 0.154297
0.482422 0.154297
0.478516 0.154297
0.478516 0.150391
0.482422 0.150391
0.480469 0.144531
0.472656 0.144531
0.472656 0.152344
0.472656 0.160156
0.470703 0.166016
0.470703 0.169922
0.474609 0.169922
0.474609 0.166016
0.478516 0.166016
0.478516 0.169922
0.482422 0.169922
0.482422 0.166016
0.482422 0.162109
0.478516 0.162109
0.478516 0.158203
0.482422 0.158203
0.486328 0.158203
0.486328 0.162109
0.490234 0.162109
0.490234 0.158203
0.494141 0.158203
0.498047 0.158203
0.498047 0.162109
0.494141 0.162109
0.494141 0.166016
0.498047 0.166016
0.498047 0.169922
0.494141 0.169922
0.490234 0.169922
0.490234 0.166016
0.486328 0.166016
0.486328 0.169922
0.486328 0.173828
0.486328 0.177734
0.490234 0.177734
0.490234 0.173828
0.494141 0.173828
0.498047 0.173828
0.498047 0.177734
0.494141 0.177734
0.494141 0.181641
0.498047 0.181641
0.498047 0.185547
0.494141 0.185547
0.490234 0.185547
0.490234 0.181641
0.486328 0.181641
0.486328 0.185547
0.482422 0.185547
0.478516 0.185547
0.478516 0.181641
0.482422 0.181641
0.482422 0.177734
0.482422 0.173828
0.478516 0.173828
0.478516 0.177734
0.474609 0.177734
0.474609 0.173828
0.470703 0.173828
0.470703 0.177734
0.470703 0.181641
0.474609 0.181641
0.474609 0.185547
0.470703 0.185547
0.466797 0.185547
0.466797 0.181641
0.462891 0.181641
0.462891 0.185547
0.457031 0.183594
0.457031 0.175781
0.464844 0.175781
0.464844 0.167969
0.464844 0.160156
0.457031 0.160156
0.457031 0.167969
0.449219 0.167969
0.449219 0.160156
0.441406 0.160156
0.441406 0.167969
0.441406 0.175781
0.449219 0.175781
0.449219 0.183594
0.441406 0.183594
0.441406 0.191406
0.449219 0.191406
0.449219 0.199219
0.441406 0.199219
0.441406 0.207031
0.441406 0.214844
0.449219 0.214844
0.449219 0.207031
0.457031 0.207031
0.457031 0.214844
0.464844 0.214844
0.464844 0.207031
0.464844 0.199219
0.457031 0.199219
0.457031 0.191406
0.464844 0.191406
0.470703 0.189453
0.474609 0.189453
0.474609 0.193359
0.470703 0.193359
0.472656 0.199219
0.478516 0.197266
0.478516 0.201172
0.482422 0.201172
0.482422 0.197266
0.482422 0.193359
0.478516 0.193359
0.478516 0.189453
0.482422 0.189453
0.486328 0.189453
0.486328 0.193359
0.490234 0.193359
0.490234 0.189453
0.496094 0.191406
0.496094 0.199219
0.488281 0.199219
0.488281 0.207031
0.496094 0.207031
0.496094 0.214844
0.488281 0.214844
0.480469 0.214844
0.482422 0.208984
0.482422 0.205078
0.478516 0.205078
0.478516 0.208984
0.472656 0.207031
0.470703 0.212891
0.474609 0.212891
0.474609 0.216797
0.470703 0.216797
0.470703 0.220703
0.474609 0.220703
0.474609 0.224609
0.470703 0.224609
0.470703 0.228516
0.470703 0.232422
0.474609 0.232422
0.474609 0.228516
0.480469 0.230469
0.480469 0.222656
0.488281 0.222656
0.496094 0.222656
0.496094 0.230469
0.488281 0.230469
0.488281 0.238281
0.496094 0.238281
0.496094 0.246094
0.488281 0.246094
0.480469 0.246094
0.480469 0.238281
0.472656 0.238281
0.472656 0.246094
0.466797 0.248047
0.466797 0.244141
0.462891 0.244141
0.462891 0.248047
0.457031 0.246094
0.457031 0.238281
0.462891 0.236328
0.462891 0.240234
0.466797 0.240234
0.466797 0.236328
0.466797 0.232422
0.462891 0.232422
0.462891 0.228516
0.466797 0.228516
0.464844 0.222656
0.457031 0.222656
0.457031 0.230469
0.449219 0.230469
0.449219 0.222656
0.441406 0.222656
0.441406 0.230469
0.441406 0.238281
0.449219 0.238281
0.449219 0.246094
0.441406 0.246094
0.433594 0.246094
0.433594 0.238281
0.425781 0.238281
0.425781 0.246094
0.417969 0.246094
0.410156 0.246094
0.410156 0.238281
0.417969 0.238281
0.417969 0.230469
0.410156 0.230469
0.410156 0.222656
0.417969 0.222656
0.425781 0.222656
0.425781 0.230469
0.433594 0.230469
0.433594 0.222656
0.433594 0.214844
0.425781 0.214844
0.425781 0.207031
0.433594 0.207031
0.433594 0.199219
0.433594 0.191406
0.425781 0.191406
0.425781 0.199219
0.414062 0.195312
0.414062 0.210938
0.398438 0.210938
0.398438 0.195312
0.382812 0.195312
0.382812 0.210938
0.382812 0.226562
0.398438 0.226562
0.398438 0.242188
0.382812 0.242188
0.367188 0.242188
0.367188 0.226562
0.351562 0.226562
0.351562 0.242188
0.335938 0.242188
0.320312 0.242188
0.320312 0.226562
0.335938 0.226562
0.335938 0.210938
0.320312 0.210938
0.320312 0.195312
0.335938 0.195312
0.351562 0.195312
0.351562 0.210938
0.367188 0.210938
0.367188 0.195312
0.367188 0.179688
0.351562 0.179688
0.351562 0.164062
0.367188 0.164062
0.367188 0.148438
0.367188 0.132812
0.351562 0.132812
0.351562 0.148438
0.335938 0.148438
0.335938 0.132812
0.320312 0.132812
0.320312 0.148438
0.320312 0.164062
0.335938 0.164062
0.335938 0.179688
0.320312 0.179688
0.296875 0.171875
0.296875 0.140625
0.265625 0.140625
0.265625 0.171875
0.265625 0.203125
0.296875 0.203125
0.296875 0.234375
0.265625 0.234375
0.265625 0.265625
0.296875 0.265625
0.289062 0.289062
0.304688 0.289062
0.304688 0.304688
0.289062 0.304688
0.265625 0.296875
0.265625 0.328125
0.265625 0.359375
0.289062 0.351562
0.289062 0.367188
0.304688 0.367188
0.304688 0.351562
0.304688 0.335938
0.289062 0.335938
0.289062 0.320312
0.304688 0.320312
0.320312 0.320312
0.335938 0.320312
0.335938 0.335938
0.320312 0.335938
0.320312 0.351562
0.320312 0.367188
0.335938 0.367188
0.335938 0.351562
0.351562 0.351562
0.351562 0.367188
0.367188 0.367188
0.367188 0.351562
0.367188 0.335938
0.351562 0.335938
0.351562 0.320312
0.367188 0.320312
0.367188 0.304688
0.367188 0.289062
0.351562 0.289062
0.351562 0.304688
0.335938 0.304688
0.320312 0.304688
0.320312 0.289062
0.335938 0.289062
0.335938 0.273438
0.320312 0.273438
0.320312 0.257812
0.335938 0.257812
0.351562 0.257812
0.351562 0.273438
0.367188 0.273438
0.367188 0.257812
0.382812 0.257812
0.398438 0.257812
0.398438 0.273438
0.382812 0.273438
0.382812 0.289062
0.378906 0.300781
0.378906 0.308594
0.386719 0.308594
0.386719 0.300781
0.394531 0.300781
0.394531 0.308594
0.402344 0.308594
0.402344 0.300781
0.402344 0.292969
0.394531 0.292969
0.394531 0.285156
0.402344 0.285156
0.410156 0.285156
0.417969 0.285156
0.417969 0.292969
0.410156 0.292969
0.410156 0.300781
0.410156 0.308594
0.417969 0.308594
0.417969 0.300781
0.425781 0.300781
0.425781 0.308594
0.431641 0.306641
0.431641 0.310547
0.435547 0.310547
0.435547 0.306641
0.435547 0.302734
0.431641 0.302734
0.431641 0.298828
0.435547 0.298828
0.433594 0.292969
0.425781 0.292969
0.425781 0.285156
0.433594 0.285156
0.433594 0.277344
0.433594 0.269531
0.425781 0.269531
0.425781 0.277344
0.417969 0.277344
0.410156 0.277344
0.410156 0.269531
0.417969 0.269531
0.417969 0.261719
0.410156 0.261719
0.410156 0.253906
0.417969 0.253906
0.425781 0.253906
0.425781 0.261719
0.433594 0.261719
0.433594 0.253906
0.441406 0.253906
0.449219 0.253906
0.449219 0.261719
0.441406 0.261719
0.441406 0.269531
0.441406 0.277344
0.449219 0.277344
0.449219 0.269531
0.455078 0.267578
0.458984 0.267578
0.458984 0.271484
0.455078 0.271484
0.455078 0.275391
0.455078 0.279297
0.458984 0.279297
0.458984 0.275391
0.464844 0.277344
0.464844 0.269531
0.464844 0.261719
0.458984 0.263672
0.455078 0.263672
0.455078 0.259766
0.458984 0.259766
0.458984 0.255859
0.455078 0.255859
0.455078 0.251953
0.458984 0.251953
0.462891 0.251953
0.462891 0.255859
0.466797 0.255859
0.466797 0.251953
0.472656 0.253906
0.472656 0.261719
0.480469 0.261719
0.480469 0.253906
0.488281 0.253906
0.496094 0.253906
0.496094 0.261719
0.488281 0.261719
0.488281 0.269531
0.496094 0.269531
0.496094 0.277344
0.488281 0.277344
0.480469 0.277344
0.480469 0.269531
0.472656 0.269531
0.472656 0.277344
0.472656 0.285156
0.472656 0.292969
0.480469 0.292969
0.480469 0.285156
0.488281 0.285156
0.496094 0.285156
0.496094 0.292969
0.488281 0.292969
0.488281 0.300781
0.496094 0.300781
0.496094 0.308594
0.488281 0.308594
0.480469 0.308594
0.480469 0.300781
0.472656 0.300781
0.472656 0.308594
0.466797 0.310547
0.466797 0.306641
0.462891 0.306641
0.462891 0.310547
0.458984 0.310547
0.455078 0.310547
0.455078 0.306641
0.458984 0.306641
0.458984 0.302734
0.455078 0.302734
0.455078 0.298828
0.458984 0.298828
0.462891 0.298828
0.462891 0.302734
0.466797 0.302734
0.466797 0.298828
0.464844 0.292969
0.464844 0.285156
0.458984 0.287109
0.458984 0.283203
0.455078 0.283203
0.455078 0.287109
0.455078 0.291016
0.458984 0.291016
0.458984 0.294922
0.455078 0.294922
0.451172 0.294922
0.447266 0.294922
0.447266 0.291016
0.451172 0.291016
0.451172 0.287109
0.451172 0.283203
0.447266 0.283203
0.447266 0.287109
0.441406 0.285156
0.439453 0.291016
0.443359 0.291016
0.443359 0.294922
0.439453 0.294922
0.439453 0.298828
0.439453 0.302734
0.443359 0.302734
0.443359 0.298828
0.447266 0.298828
0.451172 0.298828
0.451172 0.302734
0.447266 0.302734
0.447266 0.306641
0.451172 0.306641
0.451172 0.310547
0.447266 0.310547
0.443359 0.310547
0.443359 0.306641
0.439453 0.306641
0.439453 0.310547
0.439453 0.314453
0.439453 0.318359
0.443359 0.318359
0.443359 0.314453
0.447266 0.314453
0.451172 0.314453
0.451172 0.318359
0.447266 0.318359
0.447266 0.322266
0.451172 0.322266
0.451172 0.326172
0.447266 0.326172
0.443359 0.326172
0.443359 0.322266
0.439453 0.322266
0.439453 0.326172
0.439453 0.330078
0.443359 0.330078
0.443359 0.333984
0.439453 0.333984
0.439453 0.337891
0.439453 0.341797
0.443359 0.341797
0.443359 0.337891
0.447266 0.337891
0.447266 0.341797
0.451172 0.341797
0.451172 0.337891
0.451172 0.333984
0.447266 0.333984
0.447266 0.330078
0.451172 0.330078
0.455078 0.330078
0.458984 0.330078
0.458984 0.333984
0.455078 0.333984
0.455078 0.337891
0.455078 0.341797
0.458984 0.341797
0.458984 0.337891
0.462891 0.337891
0.462891 0.341797
0.466797 0.341797
0.466797 0.337891
0.466797 0.333984
0.462891 0.333984
0.462891 0.330078
0.466797 0.330078
0.466797 0.326172
0.466797 0.322266
0.462891 0.322266
0.462891 0.326172
0.458984 0.326172
0.455078 0.326172
0.455078 0.322266
0.458984 0.322266
0.458984 0.318359
0.455078 0.318359
0.455078 0.314453
0.458984 0.314453
0.462891 0.314453
0.462891 0.318359
0.466797 0.318359
0.466797 0.314453
0.472656 0.316406
0.470703 0.322266
0.470703 0.326172
0.474609 0.326172
0.474609 0.322266
0.480469 0.324219
0.480469 0.316406
0.488281 0.316406
0.496094 0.316406
0.496094 0.324219
0.488281 0.324219
0.488281 0.332031
0.496094 0.332031
0.496094 0.339844
0.490234 0.341797
0.490234 0.337891
0.486328 0.337891
0.486328 0.341797
0.482422 0.341797
0.478516 0.341797
0.478516 0.337891
0.482422 0.337891
0.482422 0.333984
0.482422 0.330078
0.478516 0.330078
0.478516 0.333984
0.474609 0.333984
0.474609 0.330078
0.470703 0.330078
0.470703 0.333984
0.470703 0.337891
0.474609 0.337891
0.474609 0.341797
0.470703 0.341797
0.470703 0.345703
0.474609 0.345703
0.474609 0.349609
0.470703 0.349609
0.470703 0.353516
0.470703 0.357422
0.474609 0.357422
0.474609 0.353516
0.478516 0.353516
0.478516 0.357422
0.482422 0.357422
0.482422 0.353516
0.482422 0.349609
0.478516 0.349609
0.478516 0.345703
0.482422 0.345703
0.486328 0.345703
0.486328 0.349609
0.490234 0.349609
0.490234 0.345703
0.494141 0.345703
0.498047 0.345703
0.498047 0.349609
0.494141 0.349609
0.494141 0.353516
0.498047 0.353516
0.498047 0.357422
0.494141 0.357422
0.490234 0.357422
0.490234 0.353516
0.486328 0.353516
0.486328 0.357422
0.486328 0.361328
0.486328 0.365234
0.490234 0.365234
0.490234 0.361328
0.494141 0.361328
0.498047 0.361328
0.498047 0.365234
0.494141 0.365234
0.494141 0.369141
0.498047 0.369141
0.498047 0.373047
0.494141 0.373047
0.490234 0.373047
0.490234 0.369141
0.486328 0.369141
0.486328 0.373047
0.482422 0.373047
0.478516 0.373047
0.478516 0.369141
0.482422 0.369141
0.482422 0.365234
0.482422 0.361328
0.478516 0.361328
0.478516 0.365234
0.474609 0.365234
0.474609 0.361328
0.470703 0.361328
0.470703 0.365234
0.470703 0.369141
0.474609 0.369141
0.474609 0.373047
0.470703 0.373047
0.466797 0.373047
0.466797 0.369141
0.462891 0.369141
0.462891 0.373047
0.457031 0.371094
0.458984 0.365234
0.455078 0.365234
0.455078 0.361328
0.458984 0.361328
0.462891 0.361328
0.462891 0.365234
0.466797 0.365234
0.466797 0.361328
0.466797 0.357422
0.462891 0.357422
0.462891 0.353516
0.466797 0.353516
0.466797 0.349609
0.466797 0.345703
0.462891 0.345703
0.462891 0.349609
0.458984 0.349609
0.458984 0.345703
0.455078 0.345703
0.455078 0.349609
0.455078 0.353516
0.458984 0.353516
0.458984 0.357422
0.455078 0.357422
0.451172 0.357422
0.447266 0.357422
0.447266 0.353516
0.451172 0.353516
0.451172 0.349609
0.451172 0.345703
0.447266 0.345703
0.447266 0.349609
0.443359 0.349609
0.443359 0.345703
0.439453 0.345703
0.439453 0.349609
0.441406 0.355469
0.441406 0.363281
0.449219 0.363281
0.449219 0.371094
0.441406 0.371094
0.433594 0.371094
0.433594 0.363281
0.425781 0.363281
0.425781 0.371094
0.417969 0.371094
0.410156 0.371094
0.410156 0.363281
0.417969 0.363281
0.417969 0.355469
0.410156 0.355469
0.410156 0.347656
0.417969 0.347656
0.425781 0.347656
0.425781 0.355469
0.433594 0.355469
0.433594 0.347656
0.433594 0.339844
0.425781 0.339844
0.425781 0.332031
0.433594 0.332031
0.435547 0.326172
0.431641 0.326172
0.431641 0.322266
0.435547 0.322266
0.435547 0.318359
0.435547 0.314453
0.431641 0.314453
0.431641 0.318359
0.425781 0.316406
0.425781 0.324219
0.417969 0.324219
0.417969 0.316406
0.410156 0.316406
0.410156 0.324219
0.410156 0.332031
0.417969 0.332031
0.417969 0.339844
0.410156 0.339844
0.402344 0.339844
0.394531 0.339844
0.394531 0.332031
0.402344 0.332031
0.402344 0.324219
0.402344 0.316406
0.394531 0.316406
0.394531 0.324219
0.386719 0.324219
0.386719 0.316406
0.378906 0.316406
0.378906 0.324219
0.382812 0.335938
0.382812 0.351562
0.394531 0.347656
0.402344 0.347656
0.402344 0.355469
0.394531 0.355469
0.398438 0.367188
0.382812 0.367188
0.382812 0.382812
0.398438 0.382812
0.398438 0.398438
0.382812 0.398438
0.382812 0.414062
0.382812 0.429688
0.398438 0.429688
0.398438 0.414062
0.414062 0.414062
0.414062 0.429688
0.429688 0.429688
0.429688 0.414062
0.429688 0.398438
0.414062 0.398438
0.414062 0.382812
0.425781 0.378906
0.425781 0.386719
0.433594 0.386719
0.433594 0.378906
0.441406 0.378906
0.449219 0.378906
0.449219 0.386719
0.441406 0.386719
0.441406 0.394531
0.441406 0.402344
0.449219 0.402344
0.449219 0.394531
0.457031 0.394531
0.457031 0.402344
0.464844 0.402344
0.464844 0.394531
0.464844 0.386719
0.457031 0.386719
0.457031 0.378906
0.464844 0.378906
0.470703 0.376953
0.474609 0.376953
0.474609 0.380859
0.470703 0.380859
0.472656 0.386719
0.478516 0.384766
0.478516 0.388672
0.482422 0.388672
0.482422 0.384766
0.482422 0.380859
0.478516 0.380859
0.478516 0.376953
0.482422 0.376953
0.486328 0.376953
0.486328 0.380859
0.490234 0.380859
0.490234 0.376953
0.494141 0.376953
0.498047 0.376953
0.498047 0.380859
0.494141 0.380859
0.494141 0.384766
0.498047 0.384766
0.498047 0.388672
0.494141 0.388672
0.490234 0.388672
0.490234 0.384766
0.486328 0.384766
0.486328 0.388672
0.486328 0.392578
0.486328 0.396484
0.490234 0.396484
0.490234 0.392578
0.494141 0.392578
0.498047 0.392578
0.498047 0.396484
0.494141 0.396484
0.494141 0.400391
0.498047 0.400391
0.498047 0.404297
0.494141 0.404297
0.488281 0.402344
0.480469 0.402344
0.480469 0.394531
0.472656 0.394531
0.472656 0.402344
0.472656 0.410156
0.472656 0.417969
0.480469 0.417969
0.480469 0.410156
0.488281 0.410156
0.496094 0.410156
0.496094 0.417969
0.488281 0.417969
0.488281 0.425781
0.496094 0.425781
0.496094 0.433594
0.488281 0.433594
0.480469 0.433594
0.480469 0.425781
0.472656 0.425781
0.472656 0.433594
0.460938 0.429688
0.464844 0.417969
0.464844 0.410156
0.457031 0.410156
0.457031 0.417969
0.445312 0.414062
0.445312 0.429688
0.445312 0.445312
0.445312 0.460938
0.460938 0.460938
0.460938 0.445312
0.476562 0.445312
0.488281 0.441406
0.496094 0.441406
0.496094 0.449219
0.488281 0.449219
0.492188 0.460938
0.476562 0.460938
0.476562 0.476562
0.492188 0.476562
0.492188 0.492188
0.476562 0.492188
0.460938 0.492188
0.460938 0.476562
0.445312 0.476562
0.445312 0.492188
0.429688 0.492188
0.414062 0.492188
0.414062 0.476562
0.429688 0.476562
0.429688 0.460938
0.429688 0.445312
0.414062 0.445312
0.414062 0.460938
0.398438 0.460938
0.398438 0.445312
0.382812 0.445312
0.382812 0.460938
0.390625 0.484375
0.359375 0.484375
0.328125 0.484375
0.328125 0.453125
0.359375 0.453125
0.367188 0.429688
0.351562 0.429688
0.351562 0.414062
0.367188 0.414062
0.367188 0.398438
0.367188 0.382812
0.351562 0.382812
0.351562 0.398438
0.335938 0.398438
0.335938 0.382812
0.320312 0.382812
0.320312 0.398438
0.328125 0.421875
0.296875 0.421875
0.296875 0.390625
0.265625 0.390625
0.265625 0.421875
0.265625 0.453125
0.296875 0.453125
0.296875 0.484375
0.265625 0.484375
0.234375 0.484375
0.234375 0.453125
0.203125 0.453125
0.203125 0.484375
0.15625 0.46875
0.171875 0.421875
0.140625 0.421875
0.140625 0.390625
0.171875 0.390625
0.203125 0.390625
0.203125 0.421875
0.234375 0.421875
0.234375 0.390625
0.234375 0.359375
0.203125 0.359375
0.203125 0.328125
0.234375 0.328125
0.234375 0.296875
0.234375 0.265625
0.203125 0.265625
0.203125 0.296875
0.171875 0.296875
0.171875 0.265625
0.140625 0.265625
0.140625 0.296875
0.140625 0.328125
0.171875 0.328125
0.171875 0.359375
0.140625 0.359375
0.109375 0.359375
0.078125 0.359375
0.078125 0.328125
0.109375 0.328125
0.109375 0.296875
0.109375 0.265625
0.078125 0.265625
0.078125 0.296875
0.03125 0.28125
0.03125 0.34375
0.03125 0.40625
0.09375 0.40625
0.09375 0.46875
0.03125 0.46875
-0.03125 0.46875
-0.03125 0.40625
-0.09375 0.40625
-0.09375 0.46875
-0.15625 0.46875
-0.21875 0.46875
-0.21875 0.40625
-0.15625 0.40625
-0.15625 0.34375
-0.21875 0.34375
-0.21875 0.28125
-0.15625 0.28125
-0.09375 0.28125
-0.09375 0.34375
-0.03125 0.34375
-0.03125 0.28125
-0.03125 0.21875
-0.09375 0.21875
-0.09375 0.15625
-0.03125 0.15625
-0.03125 0.09375
-0.03125 0.03125
-0.09375 0.03125
-0.09375 0.09375
-0.15625 0.09375
-0.15625 0.03125
-0.21875 0.03125
-0.21875 0.09375
-0.21875 0.15625
-0.15625 0.15625
-0.15625 0.21875
-0.21875 0.21875
-0.3125 0.1875
-0.3125 0.0625
-0.4375 0.0625
-0.4375 0.1875
-0.4375 0.3125
-0.34375 0.28125
-0.28125 0.28125
-0.28125 0.34375
-0.34375 0.34375
-0.3125 0.4375
-0.4375 0.4375
-0.4375 0.5625
-0.4375 0.6875
-0.3125 0.6875
-0.3125 0.5625
-0.1875 0.5625
-0.09375 0.53125
-0.03125 0.53125
-0.03125 0.59375
-0.09375 0.59375
-0.0625 0.6875
-0.1875 0.6875
-0.1875 0.8125
-0.0625 0.8125
-0.0625 0.9375
-0.1875 0.9375
-0.3125 0.9375
-0.3125 0.8125
-0.4375 0.8125
-0.4375 0.9375
-0.4375 1.0625
-0.3125 1.0625
-0.3125 1.1875
-0.4375 1.1875
-0.375 1.375
-0.1875 1.3125
-0.1875 1.4375
-0.0625 1.4375
-0.0625 1.3125
-0.0625 1.1875
-0.1875 1.1875
-0.1875 1.0625
-0.0625 1.0625
0.0625 1.0625
0.1875 1.0625
0.1875 1.1875
0.0625 1.1875
0.0625 1.3125
0.0625 1.4375
0.1875 1.4375
0.1875 1.3125
0.3125 1.3125
0.3125 1.4375
0.4375 1.4375
0.4375 1.3125
0.4375 1.1875
0.3125 1.1875
0.3125 1.0625
0.40625 1.03125
0.40625 1.09375
0.46875 1.09375
0.46875 1.03125
0.46875 0.96875
0.40625 0.96875
0.40625 0.90625
0.46875 0.90625
0.46875 0.84375
0.46875 0.78125
0.40625 0.78125
0.40625 0.84375
0.34375 0.84375
0.34375 0.78125
0.28125 0.78125
0.28125 0.84375
0.28125 0.90625
0.34375 0.90625
0.34375 0.96875
0.28125 0.96875
0.1875 0.9375
0.0625 0.9375
0.0625 0.8125
0.15625 0.78125
0.15625 0.84375
0.21875 0.84375
0.21875 0.78125
0.21875 0.71875
0.21875 0.65625
0.15625 0.65625
0.15625 0.71875
0.09375 0.71875
0.03125 0.71875
0.03125 0.65625
0.09375 0.65625
0.09375 0.59375
0.03125 0.59375
0.03125 0.53125
0.09375 0.53125
0.15625 0.53125
0.15625 0.59375
0.21875 0.59375
0.21875 0.53125
0.265625 0.515625
0.265625 0.546875
0.296875 0.546875
0.296875 0.515625
0.328125 0.515625
0.359375 0.515625
0.359375 0.546875
0.328125 0.546875
0.328125 0.578125
0.359375 0.578125
0.359375 0.609375
0.328125 0.609375
0.28125 0.59375
0.28125 0.65625
0.28125 0.71875
0.34375 0.71875
0.34375 0.65625
0.390625 0.640625
0.421875 0.640625
0.421875 0.671875
0.390625 0.671875
0.40625 0.71875
0.453125 0.703125
0.453125 0.734375
0.484375 0.734375
0.484375 0.703125
0.484375 0.671875
0.453125 0.671875
0.453125 0.640625
0.484375 0.640625
0.484375 0.609375
0.484375 0.578125
0.453125 0.578125
0.453125 0.609375
0.421875 0.609375
0.390625 0.609375
0.390625 0.578125
0.421875 0.578125
0.421875 0.546875
0.390625 0.546875
0.390625 0.515625
0.421875 0.515625
0.445312 0.507812
0.460938 0.507812
0.460938 0.523438
0.445312 0.523438
0.453125 0.546875
0.476562 0.539062
0.476562 0.554688
0.492188 0.554688
0.492188 0.539062
0.492188 0.523438
0.476562 0.523438
0.476562 0.507812
0.492188 0.507812
0.507812 0.507812
0.523438 0.507812
0.523438 0.523438
0.507812 0.523438
0.507812 0.539062
0.507812 0.554688
0.523438 0.554688
0.523438 0.539062
0.539062 0.539062
0.539062 0.554688
0.554688 0.554688
0.554688 0.539062
0.554688 0.523438
0.539062 0.523438
0.539062 0.507812
0.554688 0.507812
0.570312 0.507812
0.570312 0.523438
0.585938 0.523438
0.585938 0.507812
0.601562 0.507812
0.617188 0.507812
0.617188 0.523438
0.601562 0.523438
0.601562 0.539062
0.617188 0.539062
0.617188 0.554688
0.601562 0.554688
0.585938 0.554688
0.585938 0.539062
0.570312 0.539062
0.570312 0.554688
0.578125 0.578125
0.609375 0.578125
0.609375 0.609375
0.578125 0.609375
0.546875 0.609375
0.546875 0.578125
0.515625 0.578125
0.515625 0.609375
0.515625 0.640625
0.546875 0.640625
0.546875 0.671875
0.515625 0.671875
0.515625 0.703125
0.515625 0.734375
0.546875 0.734375
0.546875 0.703125
0.578125 0.703125
0.578125 0.734375
0.609375 0.734375
0.609375 0.703125
0.609375 0.671875
0.578125 0.671875
0.578125 0.640625
0.609375 0.640625
0.640625 0.640625
0.671875 0.640625
0.671875 0.671875
0.640625 0.671875
0.640625 0.703125
0.640625 0.734375
0.671875 0.734375
0.671875 0.703125
0.71875 0.71875
0.734375 0.671875
0.703125 0.671875
0.703125 0.640625
0.734375 0.640625
0.734375 0.609375
0.734375 0.578125
0.703125 0.578125
0.703125 0.609375
0.671875 0.609375
0.640625 0.609375
0.640625 0.578125
0.671875 0.578125
0.671875 0.546875
0.648438 0.554688
0.632812 0.554688
0.632812 0.539062
0.648438 0.539062
0.648438 0.523438
0.632812 0.523438
0.632812 0.507812
0.648438 0.507812
0.664062 0.507812
0.664062 0.523438
0.679688 0.523438
0.679688 0.507812
0.703125 0.515625
0.703125 0.546875
0.734375 0.546875
0.734375 0.515625
0.765625 0.515625
0.796875 0.515625
0.796875 0.546875
0.765625 0.546875
0.765625 0.578125
0.765625 0.609375
0.796875 0.609375
0.796875 0.578125
0.84375 0.59375
0.859375 0.546875
0.828125 0.546875
0.828125 0.515625
0.859375 0.515625
0.90625 0.53125
0.96875 0.53125
0.96875 0.59375
0.90625 0.59375
0.90625 0.65625
0.96875 0.65625
0.96875 0.71875
0.90625 0.71875
0.84375 0.71875
0.84375 0.65625
0.78125 0.65625
0.78125 0.71875
0.78125 0.78125
0.78125 0.84375
0.84375 0.84375
0.84375 0.78125
0.90625 0.78125
0.96875 0.78125
0.96875 0.84375
0.90625 0.84375
0.9375 0.9375
0.84375 0.96875
0.84375 0.90625
0.78125 0.90625
0.78125 0.96875
0.71875 0.96875
0.65625 0.96875
0.65625 0.90625
0.71875 0.90625
0.71875 0.84375
0.71875 0.78125
0.65625 0.78125
0.65625 0.84375
0.59375 0.84375
0.59375 0.78125
0.53125 0.78125
0.53125 0.84375
0.53125 0.90625
0.59375 0.90625
0.59375 0.96875
0.53125 0.96875
0.53125 1.03125
0.53125 1.09375
0.59375 1.09375
0.59375 1.03125
0.65625 1.03125
0.71875 1.03125
0.71875 1.09375
0.65625 1.09375
0.6875 1.1875
0.5625 1.1875
0.5625 1.3125
0.5625 1.4375
0.6875 1.4375
0.6875 1.3125
0.8125 1.3125
0.8125 1.4375
0.9375 1.4375
0.9375 1.3125
0.9375 1.1875
0.8125 1.1875
0.8125 1.0625
0.9375 1.0625
1.25 1.25
1.25 0.75
1.25 0.25
0.96875 0.46875
0.921875 0.484375
0.890625 0.484375
0.890625 0.453125
0.921875 0.453125
0.921875 0.421875
0.890625 0.421875
0.890625 0.390625
0.921875 0.390625
0.953125 0.390625
0.953125 0.421875
0.984375 0.421875
0.984375 0.390625
0.984375 0.359375
0.953125 0.359375
0.953125 0.328125
0.984375 0.328125
0.984375 0.296875
0.984375 0.265625
0.953125 0.265625
0.953125 0.296875
0.921875 0.296875
0.921875 0.265625
0.898438 0.273438
0.898438 0.257812
0.882812 0.257812
0.882812 0.273438
0.890625 0.296875
0.890625 0.328125
0.921875 0.328125
0.921875 0.359375
0.890625 0.359375
0.859375 0.359375
0.835938 0.367188
0.820312 0.367188
0.820312 0.351562
0.835938 0.351562
0.835938 0.335938
0.820312 0.335938
0.820312 0.320312
0.835938 0.320312
0.851562 0.320312
0.851562 0.335938
0.867188 0.335938
0.867188 0.320312
0.867188 0.304688
0.851562 0.304688
0.851562 0.289062
0.867188 0.289062
0.867188 0.273438
0.867188 0.257812
0.851562 0.257812
0.851562 0.273438
0.835938 0.273438
0.835938 0.257812
0.820312 0.257812
0.820312 0.273438
0.820312 0.289062
0.835938 0.289062
0.835938 0.304688
0.820312 0.304688
0.804688 0.304688
0.789062 0.304688
0.789062 0.289062
0.804688 0.289062
0.804688 0.273438
0.804688 0.257812
0.792969 0.261719
0.792969 0.253906
0.785156 0.253906
0.785156 0.261719
0.785156 0.269531
0.792969 0.269531
0.792969 0.277344
0.785156 0.277344
0.777344 0.277344
0.769531 0.277344
0.769531 0.269531
0.777344 0.269531
0.777344 0.261719
0.777344 0.253906
0.769531 0.253906
0.769531 0.261719
0.761719 0.261719
0.761719 0.253906
0.753906 0.253906
0.753906 0.261719
0.753906 0.269531
0.761719 0.269531
0.761719 0.277344
0.753906 0.277344
0.753906 0.285156
0.753906 0.292969
0.761719 0.292969
0.761719 0.285156
0.769531 0.285156
0.777344 0.285156
0.777344 0.292969
0.769531 0.292969
0.769531 0.300781
0.777344 0.300781
0.777344 0.308594
0.769531 0.308594
0.761719 0.308594
0.761719 0.300781
0.753906 0.300781
0.753906 0.308594
0.753906 0.316406
0.761719 0.316406
0.761719 0.324219
0.753906 0.324219
0.753906 0.332031
0.753906 0.339844
0.761719 0.339844
0.761719 0.332031
0.773438 0.335938
0.773438 0.320312
0.789062 0.320312
0.804688 0.320312
0.804688 0.335938
0.789062 0.335938
0.789062 0.351562
0.804688 0.351562
0.804688 0.367188
0.789062 0.367188
0.773438 0.367188
0.773438 0.351562
0.757812 0.351562
0.757812 0.367188
0.757812 0.382812
0.773438 0.382812
0.773438 0.398438
0.757812 0.398438
0.757812 0.414062
0.757812 0.429688
0.773438 0.429688
0.773438 0.414062
0.796875 0.421875
0.804688 0.398438
0.789062 0.398438
0.789062 0.382812
0.804688 0.382812
0.828125 0.390625
0.859375 0.390625
0.859375 0.421875
0.828125 0.421875
0.828125 0.453125
0.859375 0.453125
0.859375 0.484375
0.828125 0.484375
0.796875 0.484375
0.796875 0.453125
0.765625 0.453125
0.765625 0.484375
0.734375 0.484375
0.710938 0.492188
0.695312 0.492188
0.695312 0.476562
0.710938 0.476562
0.710938 0.460938
0.695312 0.460938
0.695312 0.445312
0.710938 0.445312
0.726562 0.445312
0.726562 0.460938
0.742188 0.460938
0.742188 0.445312
0.742188 0.429688
0.726562 0.429688
0.726562 0.414062
0.742188 0.414062
0.742188 0.398438
0.742188 0.382812
0.726562 0.382812
0.726562 0.398438
0.710938 0.398438
0.714844 0.386719
0.714844 0.378906
0.707031 0.378906
0.707031 0.386719
0.699219 0.386719
0.699219 0.378906
0.691406 0.378906
0.691406 0.386719
0.691406 0.394531
0.699219 0.394531
0.699219 0.402344
0.691406 0.402344
0.695312 0.414062
0.710938 0.414062
0.710938 0.429688
0.695312 0.429688
0.679688 0.429688
0.667969 0.433594
0.660156 0.433594
0.660156 0.425781
0.667969 0.425781
0.667969 0.417969
0.660156 0.417969
0.660156 0.410156
0.667969 0.410156
0.675781 0.410156
0.675781 0.417969
0.683594 0.417969
0.683594 0.410156
0.683594 0.402344
0.675781 0.402344
0.675781 0.394531
0.683594 0.394531
0.683594 0.386719
0.683594 0.378906
0.675781 0.378906
0.675781 0.386719
0.667969 0.386719
0.669922 0.380859
0.669922 0.376953
0.666016 0.376953
0.666016 0.380859
0.662109 0.380859
0.662109 0.376953
0.658203 0.376953
0.658203 0.380859
0.658203 0.384766
0.662109 0.384766
0.662109 0.388672
0.658203 0.388672
0.660156 0.394531
0.667969 0.394531
0.667969 0.402344
0.660156 0.402344
0.652344 0.402344
0.644531 0.402344
0.646484 0.396484
0.642578 0.396484
0.642578 0.392578
0.646484 0.392578
0.652344 0.394531
0.654297 0.388672
0.650391 0.388672
0.650391 0.384766
0.654297 0.384766
0.654297 0.380859
0.654297 0.376953
0.650391 0.376953
0.650391 0.380859
0.646484 0.380859
0.646484 0.376953
0.642578 0.376953
0.642578 0.380859
0.642578 0.384766
0.646484 0.384766
0.646484 0.388672
0.642578 0.388672
0.638672 0.388672
0.634766 0.388672
0.634766 0.384766
0.638672 0.384766
0.638672 0.380859
0.638672 0.376953
0.634766 0.376953
0.634766 0.380859
0.630859 0.380859
0.630859 0.376953
0.626953 0.376953
0.626953 0.380859
0.626953 0.384766
0.630859 0.384766
0.630859 0.388672
0.626953 0.388672
0.626953 0.392578
0.626953 0.396484
0.630859 0.396484
0.630859 0.392578
0.634766 0.392578
0.638672 0.392578
0.638672 0.396484
0.634766 0.396484
0.634766 0.400391
0.638672 0.400391
0.638672 0.404297
0.634766 0.404297
0.630859 0.404297
0.630859 0.400391
0.626953 0.400391
0.626953 0.404297
0.628906 0.410156
0.628906 0.417969
0.636719 0.417969
0.636719 0.410156
0.644531 0.410156
0.652344 0.410156
0.652344 0.417969
0.644531 0.417969
0.644531 0.425781
0.652344 0.425781
0.652344 0.433594
0.644531 0.433594
0.636719 0.433594
0.636719 0.425781
0.628906 0.425781
0.628906 0.433594
0.628906 0.441406
0.636719 0.441406
0.636719 0.449219
0.628906 0.449219
0.632812 0.460938
0.648438 0.460938
0.652344 0.449219
0.644531 0.449219
0.644531 0.441406
0.652344 0.441406
0.664062 0.445312
0.679688 0.445312
0.679688 0.460938
0.664062 0.460938
0.664062 0.476562
0.679688 0.476562
0.679688 0.492188
0.664062 0.492188
0.648438 0.492188
0.648438 0.476562
0.632812 0.476562
0.632812 0.492188
0.617188 0.492188
0.601562 0.492188
0.601562 0.476562
0.617188 0.476562
0.621094 0.464844
0.613281 0.464844
0.613281 0.457031
0.621094 0.457031
0.621094 0.449219
0.621094 0.441406
0.613281 0.441406
0.613281 0.449219
0.605469 0.449219
0.605469 0.441406
0.597656 0.441406
0.597656 0.449219
0.597656 0.457031
0.605469 0.457031
0.605469 0.464844
0.597656 0.464844
0.589844 0.464844
0.582031 0.464844
0.582031 0.457031
0.589844 0.457031
0.589844 0.449219
0.589844 0.441406
0.582031 0.441406
0.582031 0.449219
0.574219 0.449219
0.574219 0.441406
0.566406 0.441406
0.566406 0.449219
0.566406 0.457031
0.574219 0.457031
0.574219 0.464844
0.566406 0.464844
0.570312 0.476562
0.585938 0.476562
0.585938 0.492188
0.570312 0.492188
0.554688 0.492188
0.554688 0.476562
0.539062 0.476562
0.539062 0.492188
0.523438 0.492188
0.507812 0.492188
0.507812 0.476562
0.523438 0.476562
0.527344 0.464844
0.527344 0.457031
0.519531 0.457031
0.519531 0.464844
0.511719 0.464844
0.503906 0.464844
0.503906 0.457031
0.511719 0.457031
0.511719 0.449219
0.503906 0.449219
0.503906 0.441406
0.511719 0.441406
0.519531 0.441406
0.519531 0.449219
0.527344 0.449219
0.527344 0.441406
0.535156 0.441406
0.542969 0.441406
0.542969 0.449219
0.535156 0.449219
0.535156 0.457031
0.535156 0.464844
0.542969 0.464844
0.542969 0.457031
0.550781 0.457031
0.550781 0.464844
0.558594 0.464844
0.558594 0.457031
0.558594 0.449219
0.550781 0.449219
0.550781 0.441406
0.558594 0.441406
0.558594 0.433594
0.550781 0.433594
0.550781 0.425781
0.558594 0.425781
0.560547 0.419922
0.556641 0.419922
0.556641 0.416016
0.560547 0.416016
0.560547 0.412109
0.560547 0.408203
0.556641 0.408203
0.556641 0.412109
0.552734 0.412109
0.552734 0.408203
0.548828 0.408203
0.548828 0.412109
0.548828 0.416016
0.552734 0.416016
0.552734 0.419922
0.548828 0.419922
0.544922 0.419922
0.541016 0.419922
0.541016 0.416016
0.544922 0.416016
0.544922 0.412109
0.544922 0.408203
0.541016 0.408203
0.541016 0.412109
0.537109 0.412109
0.537109 0.408203
0.533203 0.408203
0.533203 0.412109
0.533203 0.416016
0.537109 0.416016
0.537109 0.419922
0.533203 0.419922
0.535156 0.425781
0.542969 0.425781
0.542969 0.433594
0.535156 0.433594
0.527344 0.433594
0.527344 0.425781
0.519531 0.425781
0.519531 0.433594
0.511719 0.433594
0.503906 0.433594
0.503906 0.425781
0.511719 0.425781
0.511719 0.417969
0.503906 0.417969
0.505859 0.412109
0.501953 0.412109
0.501953 0.408203
0.505859 0.408203
0.509766 0.408203
0.509766 0.412109
0.513672 0.412109
0.513672 0.408203
0.517578 0.408203
0.521484 0.408203
0.521484 0.412109
0.517578 0.412109
0.517578 0.416016
0.517578 0.419922
0.521484 0.419922
0.521484 0.416016
0.525391 0.416016
0.525391 0.419922
0.529297 0.419922
0.529297 0.416016
0.529297 0.412109
0.525391 0.412109
0.525391 0.408203
0.529297 0.408203
0.529297 0.404297
0.525391 0.404297
0.525391 0.400391
0.529297 0.400391
0.529297 0.396484
0.529297 0.392578
0.525391 0.392578
0.525391 0.396484
0.521484 0.396484
0.521484 0.392578
0.517578 0.392578
0.517578 0.396484
0.517578 0.400391
0.521484 0.400391
0.521484 0.404297
0.517578 0.404297
0.513672 0.404297
0.513672 0.400391
0.509766 0.400391
0.509766 0.404297
0.505859 0.404297
0.501953 0.404297
0.501953 0.400391
0.505859 0.400391
0.505859 0.396484
0.501953 0.396484
0.501953 0.392578
0.505859 0.392578
0.509766 0.392578
0.509766 0.396484
0.513672 0.396484
0.513672 0.392578
0.513672 0.388672
0.513672 0.384766
0.509766 0.384766
0.509766 0.388672
0.505859 0.388672
0.501953 0.388672
0.501953 0.384766
0.505859 0.384766
0.505859 0.380859
0.501953 0.380859
0.501953 0.376953
0.505859 0.376953
0.509766 0.376953
0.509766 0.380859
0.513672 0.380859
0.513672 0.376953
0.517578 0.376953
0.521484 0.376953
0.521484 0.380859
0.517578 0.380859
0.517578 0.384766
0.517578 0.388672
0.521484 0.388672
0.521484 0.384766
0.525391 0.384766
0.525391 0.388672
0.529297 0.388672
0.529297 0.384766
0.529297 0.380859
0.525391 0.380859
0.525391 0.376953
0.529297 0.376953
0.533203 0.376953
0.533203 0.380859
0.537109 0.380859
0.537109 0.376953
0.541016 0.376953
0.544922 0.376953
0.544922 0.380859
0.541016 0.380859
0.541016 0.384766
0.544922 0.384766
0.544922 0.388672
0.541016 0.388672
0.537109 0.388672
0.537109 0.384766
0.533203 0.384766
0.533203 0.388672
0.533203 0.392578
0.537109 0.392578
0.537109 0.396484
0.533203 0.396484
0.533203 0.400391
0.533203 0.404297
0.537109 0.404297
0.537109 0.400391
0.541016 0.400391
0.541016 0.404297
0.544922 0.404297
0.544922 0.400391
0.544922 0.396484
0.541016 0.396484
0.541016 0.392578
0.544922 0.392578
0.548828 0.392578
0.552734 0.392578
0.552734 0.396484
0.548828 0.396484
0.548828 0.400391
0.548828 0.404297
0.552734 0.404297
0.552734 0.400391
0.556641 0.400391
0.556641 0.404297
0.560547 0.404297
0.560547 0.400391
0.560547 0.396484
0.556641 0.396484
0.556641 0.392578
0.560547 0.392578
0.560547 0.388672
0.560547 0.384766
0.556641 0.384766
0.556641 0.388672
0.552734 0.388672
0.548828 0.388672
0.548828 0.384766
0.552734 0.384766
0.552734 0.380859
0.548828 0.380859
0.548828 0.376953
0.552734 0.376953
0.556641 0.376953
0.556641 0.380859
0.560547 0.380859
0.560547 0.376953
0.564453 0.376953
0.568359 0.376953
0.568359 0.380859
0.564453 0.380859
0.564453 0.384766
0.564453 0.388672
0.568359 0.388672
0.568359 0.384766
0.572266 0.384766
0.572266 0.388672
0.576172 0.388672
0.576172 0.384766
0.576172 0.380859
0.572266 0.380859
0.572266 0.376953
0.576172 0.376953
0.580078 0.376953
0.580078 0.380859
0.583984 0.380859
0.583984 0.376953
0.587891 0.376953
0.591797 0.376953
0.591797 0.380859
0.587891 0.380859
0.587891 0.384766
0.591797 0.384766
0.591797 0.388672
0.587891 0.388672
0.583984 0.388672
0.583984 0.384766
0.580078 0.384766
0.580078 0.388672
0.580078 0.392578
0.580078 0.396484
0.583984 0.396484
0.583984 0.392578
0.587891 0.392578
0.591797 0.392578
0.591797 0.396484
0.587891 0.396484
0.587891 0.400391
0.591797 0.400391
0.591797 0.404297
0.587891 0.404297
0.583984 0.404297
0.583984 0.400391
0.580078 0.400391
0.580078 0.404297
0.576172 0.404297
0.572266 0.404297
0.572266 0.400391
0.576172 0.400391
0.576172 0.396484
0.576172 0.392578
0.572266 0.392578
0.572266 0.396484
0.568359 0.396484
0.568359 0.392578
0.564453 0.392578
0.564453 0.396484
0.564453 0.400391
0.568359 0.400391
0.568359 0.404297
0.564453 0.404297
0.564453 0.408203
0.564453 0.412109
0.568359 0.412109
0.568359 0.408203
0.572266 0.408203
0.576172 0.408203
0.576172 0.412109
0.572266 0.412109
0.572266 0.416016
0.576172 0.416016
0.576172 0.419922
0.572266 0.419922
0.568359 0.419922
0.568359 0.416016
0.564453 0.416016
0.564453 0.419922
0.566406 0.425781
0.566406 0.433594
0.574219 0.433594
0.574219 0.425781
0.582031 0.425781
0.582031 0.433594
0.589844 0.433594
0.589844 0.425781
0.591797 0.419922
0.591797 0.416016
0.587891 0.416016
0.587891 0.419922
0.583984 0.419922
0.580078 0.419922
0.580078 0.416016
0.583984 0.416016
0.583984 0.412109
0.580078 0.412109
0.580078 0.408203
0.583984 0.408203
0.587891 0.408203
0.587891 0.412109
0.591797 0.412109
0.591797 0.408203
0.595703 0.408203
0.595703 0.412109
0.599609 0.412109
0.599609 0.408203
0.603516 0.408203
0.607422 0.408203
0.607422 0.412109
0.603516 0.412109
0.603516 0.416016
0.607422 0.416016
0.607422 0.419922
0.603516 0.419922
0.599609 0.419922
0.599609 0.416016
0.595703 0.416016
0.595703 0.419922
0.597656 0.425781
0.597656 0.433594
0.605469 0.433594
0.605469 0.425781
0.613281 0.425781
0.613281 0.433594
0.621094 0.433594
0.621094 0.425781
0.621094 0.417969
0.613281 0.417969
0.615234 0.412109
0.611328 0.412109
0.611328 0.408203
0.615234 0.408203
0.619141 0.408203
0.619141 0.412109
0.623047 0.412109
0.623047 0.408203
0.623047 0.404297
0.619141 0.404297
0.619141 0.400391
0.623047 0.400391
0.623047 0.396484
0.623047 0.392578
0.619141 0.392578
0.619141 0.396484
0.615234 0.396484
0.615234 0.392578
0.611328 0.392578
0.611328 0.396484
0.611328 0.400391
0.615234 0.400391
0.615234 0.404297
0.611328 0.404297
0.607422 0.404297
0.607422 0.400391
0.603516 0.400391
0.603516 0.404297
0.599609 0.404297
0.595703 0.404297
0.595703 0.400391
0.599609 0.400391
0.599609 0.396484
0.595703 0.396484
0.595703 0.392578
0.599609 0.392578
0.603516 0.392578
0.603516 0.396484
0.607422 0.396484
0.607422 0.392578
0.607422 0.388672
0.607422 0.384766
0.603516 0.384766
0.603516 0.388672
0.599609 0.388672
0.595703 0.388672
0.595703 0.384766
0.599609 0.384766
0.599609 0.380859
0.595703 0.380859
0.595703 0.376953
0.599609 0.376953
0.603516 0.376953
0.603516 0.380859
0.607422 0.380859
0.607422 0.376953
0.611328 0.376953
0.615234 0.376953
0.615234 0.380859
0.611328 0.380859
0.611328 0.384766
0.611328 0.388672
0.615234 0.388672
0.615234 0.384766
0.619141 0.384766
0.619141 0.388672
0.623047 0.388672
0.623047 0.384766
0.623047 0.380859
0.619141 0.380859
0.619141 0.376953
0.623047 0.376953
0.623047 0.373047
0.619141 0.373047
0.619141 0.369141
0.623047 0.369141
0.623047 0.365234
0.623047 0.361328
0.619141 0.361328
0.619141 0.365234
0.615234 0.365234
0.615234 0.361328
0.611328 0.361328
0.611328 0.365234
0.611328 0.369141
0.615234 0.369141
0.615234 0.373047
0.611328 0.373047
0.607422 0.373047
0.607422 0.369141
0.603516 0.369141
0.603516 0.373047
0.599609 0.373047
0.595703 0.373047
0.595703 0.369141
0.599609 0.369141
0.597656 0.363281
0.605469 0.363281
0.605469 0.355469
0.597656 0.355469
0.597656 0.347656
0.605469 0.347656
0.613281 0.347656
0.613281 0.355469
0.621094 0.355469
0.621094 0.347656
0.621094 0.339844
0.613281 0.339844
0.613281 0.332031
0.621094 0.332031
0.621094 0.324219
0.621094 0.316406
0.613281 0.316406
0.613281 0.324219
0.605469 0.324219
0.605469 0.316406
0.597656 0.316406
0.597656 0.324219
0.597656 0.332031
0.605469 0.332031
0.605469 0.339844
0.597656 0.339844
0.589844 0.339844
0.582031 0.339844
0.582031 0.332031
0.589844 0.332031
0.589844 0.324219
0.589844 0.316406
0.582031 0.316406
0.582031 0.324219
0.574219 0.324219
0.574219 0.316406
0.566406 0.316406
0.566406 0.324219
0.566406 0.332031
0.574219 0.332031
0.574219 0.339844
0.566406 0.339844
0.566406 0.347656
0.566406 0.355469
0.574219 0.355469
0.574219 0.347656
0.582031 0.347656
0.589844 0.347656
0.589844 0.355469
0.582031 0.355469
0.582031 0.363281
0.589844 0.363281
0.587891 0.369141
0.591797 0.369141
0.591797 0.373047
0.587891 0.373047
0.583984 0.373047
0.583984 0.369141
0.580078 0.369141
0.580078 0.373047
0.576172 0.373047
0.572266 0.373047
0.572266 0.369141
0.576172 0.369141
0.574219 0.363281
0.566406 0.363281
0.564453 0.369141
0.568359 0.369141
0.568359 0.373047
0.564453 0.373047
0.560547 0.373047
0.560547 0.369141
0.556641 0.369141
0.556641 0.373047
0.552734 0.373047
0.548828 0.373047
0.548828 0.369141
0.552734 0.369141
0.550781 0.363281
0.558594 0.363281
0.558594 0.355469
0.558594 0.347656
0.550781 0.347656
0.550781 0.355469
0.542969 0.355469
0.542969 0.347656
0.535156 0.347656
0.535156 0.355469
0.535156 0.363281
0.542969 0.363281
0.541016 0.369141
0.544922 0.369141
0.544922 0.373047
0.541016 0.373047
0.537109 0.373047
0.537109 0.369141
0.533203 0.369141
0.533203 0.373047
0.529297 0.373047
0.525391 0.373047
0.525391 0.369141
0.529297 0.369141
0.527344 0.363281
0.521484 0.365234
0.521484 0.361328
0.517578 0.361328
0.517578 0.365234
0.517578 0.369141
0.521484 0.369141
0.521484 0.373047
0.517578 0.373047
0.513672 0.373047
0.513672 0.369141
0.509766 0.369141
0.509766 0.373047
0.505859 0.373047
0.501953 0.373047
0.501953 0.369141
0.505859 0.369141
0.505859 0.365234
0.501953 0.365234
0.501953 0.361328
0.505859 0.361328
0.509766 0.361328
0.509766 0.365234
0.513672 0.365234
0.513672 0.361328
0.511719 0.355469
0.505859 0.357422
0.501953 0.357422
0.501953 0.353516
0.505859 0.353516
0.503906 0.347656
0.511719 0.347656
0.519531 0.347656
0.519531 0.355469
0.527344 0.355469
0.527344 0.347656
0.527344 0.339844
0.527344 0.332031
0.519531 0.332031
0.519531 0.339844
0.511719 0.339844
0.503906 0.339844
0.503906 0.332031
0.511719 0.332031
0.511719 0.324219
0.503906 0.324219
0.503906 0.316406
0.511719 0.316406
0.519531 0.316406
0.519531 0.324219
0.527344 0.324219
0.527344 0.316406
0.535156 0.316406
0.542969 0.316406
0.542969 0.324219
0.535156 0.324219
0.535156 0.332031
0.535156 0.339844
0.542969 0.339844
0.542969 0.332031
0.550781 0.332031
0.550781 0.339844
0.558594 0.339844
0.558594 0.332031
0.558594 0.324219
0.550781 0.324219
0.550781 0.316406
0.558594 0.316406
0.554688 0.304688
0.554688 0.289062
0.539062 0.289062
0.539062 0.304688
0.523438 0.304688
0.511719 0.308594
0.503906 0.308594
0.503906 0.300781
0.511719 0.300781
0.511719 0.292969
0.503906 0.292969
0.503906 0.285156
0.511719 0.285156
0.523438 0.289062
0.523438 0.273438
0.511719 0.277344
0.503906 0.277344
0.503906 0.269531
0.511719 0.269531
0.511719 0.261719
0.503906 0.261719
0.503906 0.253906
0.511719 0.253906
0.523438 0.257812
0.539062 0.257812
0.539062 0.273438
0.554688 0.273438
0.554688 0.257812
0.570312 0.257812
0.585938 0.257812
0.585938 0.273438
0.570312 0.273438
0.570312 0.289062
0.570312 0.304688
0.585938 0.304688
0.585938 0.289062
0.601562 0.289062
0.601562 0.304688
0.617188 0.304688
0.617188 0.289062
0.617188 0.273438
0.601562 0.273438
0.601562 0.257812
0.617188 0.257812
0.632812 0.257812
0.632812 0.273438
0.644531 0.269531
0.644531 0.277344
0.652344 0.277344
0.652344 0.269531
0.652344 0.261719
0.644531 0.261719
0.644531 0.253906
0.652344 0.253906
0.660156 0.253906
0.660156 0.261719
0.667969 0.261719
0.667969 0.253906
0.675781 0.253906
0.683594 0.253906
0.683594 0.261719
0.675781 0.261719
0.675781 0.269531
0.683594 0.269531
0.683594 0.277344
0.675781 0.277344
0.667969 0.277344
0.667969 0.269531
0.660156 0.269531
0.660156 0.277344
0.660156 0.285156
0.660156 0.292969
0.667969 0.292969
0.667969 0.285156
0.675781 0.285156
0.683594 0.285156
0.683594 0.292969
0.675781 0.292969
0.675781 0.300781
0.681641 0.298828
0.685547 0.298828
0.685547 0.302734
0.681641 0.302734
0.681641 0.306641
0.685547 0.306641
0.685547 0.310547
0.681641 0.310547
0.675781 0.308594
0.667969 0.308594
0.667969 0.300781
0.660156 0.300781
0.660156 0.308594
0.652344 0.308594
0.644531 0.308594
0.644531 0.300781
0.652344 0.300781
0.652344 0.292969
0.652344 0.285156
0.644531 0.285156
0.644531 0.292969
0.632812 0.289062
0.628906 0.300781
0.636719 0.300781
0.636719 0.308594
0.628906 0.308594
0.628906 0.316406
0.628906 0.324219
0.636719 0.324219
0.636719 0.316406
0.644531 0.316406
0.652344 0.316406
0.652344 0.324219
0.644531 0.324219
0.644531 0.332031
0.652344 0.332031
0.650391 0.337891
0.654297 0.337891
0.654297 0.341797
0.650391 0.341797
0.644531 0.339844
0.636719 0.339844
0.636719 0.332031
0.628906 0.332031
0.628906 0.339844
0.628906 0.347656
0.636719 0.347656
0.634766 0.353516
0.638672 0.353516
0.638672 0.357422
0.634766 0.357422
0.630859 0.357422
0.630859 0.353516
0.626953 0.353516
0.626953 0.357422
0.626953 0.361328
0.630859 0.361328
0.630859 0.365234
0.626953 0.365234
0.626953 0.369141
0.626953 0.373047
0.630859 0.373047
0.630859 0.369141
0.634766 0.369141
0.634766 0.373047
0.638672 0.373047
0.638672 0.369141
0.638672 0.365234
0.634766 0.365234
0.634766 0.361328
0.638672 0.361328
0.642578 0.361328
0.646484 0.361328
0.646484 0.365234
0.642578 0.365234
0.642578 0.369141
0.642578 0.373047
0.646484 0.373047
0.646484 0.369141
0.650391 0.369141
0.650391 0.373047
0.654297 0.373047
0.654297 0.369141
0.654297 0.365234
0.650391 0.365234
0.650391 0.361328
0.654297 0.361328
0.654297 0.357422
0.654297 0.353516
0.650391 0.353516
0.650391 0.357422
0.646484 0.357422
0.642578 0.357422
0.642578 0.353516
0.646484 0.353516
0.646484 0.349609
0.642578 0.349609
0.642578 0.345703
0.646484 0.345703
0.650391 0.345703
0.650391 0.349609
0.654297 0.349609
0.654297 0.345703
0.658203 0.345703
0.658203 0.349609
0.662109 0.349609
0.662109 0.345703
0.666016 0.345703
0.669922 0.345703
0.669922 0.349609
0.666016 0.349609
0.666016 0.353516
0.669922 0.353516
0.669922 0.357422
0.666016 0.357422
0.662109 0.357422
0.662109 0.353516
0.658203 0.353516
0.658203 0.357422
0.658203 0.361328
0.662109 0.361328
0.662109 0.365234
0.658203 0.365234
0.658203 0.369141
0.658203 0.373047
0.662109 0.373047
0.662109 0.369141
0.666016 0.369141
0.666016 0.373047
0.669922 0.373047
0.669922 0.369141
0.669922 0.365234
0.666016 0.365234
0.666016 0.361328
0.669922 0.361328
0.673828 0.361328
0.677734 0.361328
0.677734 0.365234
0.673828 0.365234
0.673828 0.369141
0.673828 0.373047
0.677734 0.373047
0.677734 0.369141
0.683594 0.371094
0.685547 0.365234
0.681641 0.365234
0.681641 0.361328
0.685547 0.361328
0.685547 0.357422
0.685547 0.353516
0.681641 0.353516
0.681641 0.357422
0.677734 0.357422
0.673828 0.357422
0.673828 0.353516
0.677734 0.353516
0.677734 0.349609
0.673828 0.349609
0.673828 0.345703
0.677734 0.345703
0.681641 0.345703
0.681641 0.349609
0.685547 0.349609
0.685547 0.345703
0.685547 0.341797
0.681641 0.341797
0.681641 0.337891
0.685547 0.337891
0.685547 0.333984
0.685547 0.330078
0.681641 0.330078
0.681641 0.333984
0.677734 0.333984
0.677734 0.330078
0.673828 0.330078
0.673828 0.333984
0.673828 0.337891
0.677734 0.337891
0.677734 0.341797
0.673828 0.341797
0.669922 0.341797
0.669922 0.337891
0.666016 0.337891
0.666016 0.341797
0.662109 0.341797
0.658203 0.341797
0.658203 0.337891
0.662109 0.337891
0.662109 0.333984
0.658203 0.333984
0.658203 0.330078
0.662109 0.330078
0.666016 0.330078
0.666016 0.333984
0.669922 0.333984
0.669922 0.330078
0.669922 0.326172
0.669922 0.322266
0.666016 0.322266
0.666016 0.326172
0.660156 0.324219
0.660156 0.316406
0.667969 0.316406
0.673828 0.314453
0.677734 0.314453
0.677734 0.318359
0.673828 0.318359
0.673828 0.322266
0.673828 0.326172
0.677734 0.326172
0.677734 0.322266
0.681641 0.322266
0.681641 0.326172
0.685547 0.326172
0.685547 0.322266
0.685547 0.318359
0.681641 0.318359
0.681641 0.314453
0.685547 0.314453
0.689453 0.314453
0.693359 0.314453
0.693359 0.318359
0.689453 0.318359
0.689453 0.322266
0.689453 0.326172
0.693359 0.326172
0.693359 0.322266
0.697266 0.322266
0.697266 0.326172
0.701172 0.326172
0.701172 0.322266
0.701172 0.318359
0.697266 0.318359
0.697266 0.314453
0.701172 0.314453
0.705078 0.314453
0.705078 0.318359
0.708984 0.318359
0.708984 0.314453
0.712891 0.314453
0.716797 0.314453
0.716797 0.318359
0.712891 0.318359
0.712891 0.322266
0.716797 0.322266
0.716797 0.326172
0.712891 0.326172
0.708984 0.326172
0.708984 0.322266
0.705078 0.322266
0.705078 0.326172
0.705078 0.330078
0.705078 0.333984
0.708984 0.333984
0.708984 0.330078
0.714844 0.332031
0.714844 0.339844
0.708984 0.341797
0.708984 0.337891
0.705078 0.337891
0.705078 0.341797
0.701172 0.341797
0.697266 0.341797
0.697266 0.337891
0.701172 0.337891
0.701172 0.333984
0.701172 0.330078
0.697266 0.330078
0.697266 0.333984
0.693359 0.333984
0.693359 0.330078
0.689453 0.330078
0.689453 0.333984
0.689453 0.337891
0.693359 0.337891
0.693359 0.341797
0.689453 0.341797
0.689453 0.345703
0.689453 0.349609
0.693359 0.349609
0.693359 0.345703
0.697266 0.345703
0.701172 0.345703
0.701172 0.349609
0.697266 0.349609
0.699219 0.355469
0.693359 0.357422
0.693359 0.353516
0.689453 0.353516
0.689453 0.357422
0.691406 0.363281
0.691406 0.371094
0.699219 0.371094
0.699219 0.363281
0.707031 0.363281
0.707031 0.371094
0.714844 0.371094
0.714844 0.363281
0.714844 0.355469
0.707031 0.355469
0.707031 0.347656
0.714844 0.347656
0.722656 0.347656
0.730469 0.347656
0.730469 0.355469
0.722656 0.355469
0.722656 0.363281
0.722656 0.371094
0.730469 0.371094
0.730469 0.363281
0.742188 0.367188
0.746094 0.355469
0.738281 0.355469
0.738281 0.347656
0.746094 0.347656
0.746094 0.339844
0.746094 0.332031
0.738281 0.332031
0.738281 0.339844
0.730469 0.339844
0.722656 0.339844
0.722656 0.332031
0.730469 0.332031
0.730469 0.324219
0.722656 0.324219
0.722656 0.316406
0.730469 0.316406
0.738281 0.316406
0.738281 0.324219
0.746094 0.324219
0.746094 0.316406
0.746094 0.308594
0.738281 0.308594
0.738281 0.300781
0.746094 0.300781
0.746094 0.292969
0.746094 0.285156
0.738281 0.285156
0.738281 0.292969
0.732422 0.294922
0.728516 0.294922
0.728516 0.291016
0.732422 0.291016
0.732422 0.287109
0.732422 0.283203
0.728516 0.283203
0.728516 0.287109
0.724609 0.287109
0.724609 0.283203
0.720703 0.283203
0.720703 0.287109
0.720703 0.291016
0.724609 0.291016
0.724609 0.294922
0.720703 0.294922
0.720703 0.298828
0.720703 0.302734
0.724609 0.302734
0.724609 0.298828
0.730469 0.300781
0.730469 0.308594
0.724609 0.310547
0.724609 0.306641
0.720703 0.306641
0.720703 0.310547
0.716797 0.310547
0.712891 0.310547
0.712891 0.306641
0.716797 0.306641
0.716797 0.302734
0.716797 0.298828
0.712891 0.298828
0.712891 0.302734
0.708984 0.302734
0.708984 0.298828
0.705078 0.298828
0.705078 0.302734
0.705078 0.306641
0.708984 0.306641
0.708984 0.310547
0.705078 0.310547
0.701172 0.310547
0.701172 0.306641
0.697266 0.306641
0.697266 0.310547
0.693359 0.310547
0.689453 0.310547
0.689453 0.306641
0.693359 0.306641
0.693359 0.302734
0.689453 0.302734
0.689453 0.298828
0.693359 0.298828
0.697266 0.298828
0.697266 0.302734
0.701172 0.302734
0.701172 0.298828
0.701172 0.294922
0.701172 0.291016
0.697266 0.291016
0.697266 0.294922
0.693359 0.294922
0.689453 0.294922
0.689453 0.291016
0.693359 0.291016
0.693359 0.287109
0.689453 0.287109
0.689453 0.283203
0.693359 0.283203
0.697266 0.283203
0.697266 0.287109
0.701172 0.287109
0.701172 0.283203
0.705078 0.283203
0.708984 0.283203
0.708984 0.287109
0.705078 0.287109
0.705078 0.291016
0.705078 0.294922
0.708984 0.294922
0.708984 0.291016
0.712891 0.291016
0.712891 0.294922
0.716797 0.294922
0.716797 0.291016
0.716797 0.287109
0.712891 0.287109
0.712891 0.283203
0.716797 0.283203
0.716797 0.279297
0.712891 0.279297
0.712891 0.275391
0.716797 0.275391
0.716797 0.271484
0.716797 0.267578
0.712891 0.267578
0.712891 0.271484
0.708984 0.271484
0.708984 0.267578
0.705078 0.267578
0.705078 0.271484
0.705078 0.275391
0.708984 0.275391
0.708984 0.279297
0.705078 0.279297
0.701172 0.279297
0.701172 0.275391
0.697266 0.275391
0.697266 0.279297
0.693359 0.279297
0.689453 0.279297
0.689453 0.275391
0.693359 0.275391
0.691406 0.269531
0.697266 0.267578
0.697266 0.271484
0.701172 0.271484
0.701172 0.267578
0.701172 0.263672
0.701172 0.259766
0.697266 0.259766
0.697266 0.263672
0.691406 0.261719
0.691406 0.253906
0.697266 0.251953
0.697266 0.255859
0.701172 0.255859
0.701172 0.251953
0.705078 0.251953
0.708984 0.251953
0.708984 0.255859
0.705078 0.255859
0.705078 0.259766
0.705078 0.263672
0.708984 0.263672
0.708984 0.259766
0.712891 0.259766
0.712891 0.263672
0.716797 0.263672
0.716797 0.259766
0.716797 0.255859
0.712891 0.255859
0.712891 0.251953
0.716797 0.251953
0.720703 0.251953
0.720703 0.255859
0.724609 0.255859
0.724609 0.251953
0.728516 0.251953
0.732422 0.251953
0.732422 0.255859
0.728516 0.255859
0.728516 0.259766
0.732422 0.259766
0.732422 0.263672
0.728516 0.263672
0.724609 0.263672
0.724609 0.259766
0.720703 0.259766
0.720703 0.263672
0.720703 0.267578
0.724609 0.267578
0.724609 0.271484
0.720703 0.271484
0.720703 0.275391
0.720703 0.279297
0.724609 0.279297
0.724609 0.275391
0.728516 0.275391
0.728516 0.279297
0.732422 0.279297
0.732422 0.275391
0.732422 0.271484
0.728516 0.271484
0.728516 0.267578
0.732422 0.267578
0.736328 0.267578
0.740234 0.267578
0.740234 0.271484
0.736328 0.271484
0.736328 0.275391
0.736328 0.279297
0.740234 0.279297
0.740234 0.275391
0.746094 0.277344
0.746094 0.269531
0.746094 0.261719
0.740234 0.263672
0.736328 0.263672
0.736328 0.259766
0.740234 0.259766
0.740234 0.255859
0.736328 0.255859
0.736328 0.251953
0.740234 0.251953
0.746094 0.253906
0.746094 0.246094
0.740234 0.248047
0.736328 0.248047
0.736328 0.244141
0.740234 0.244141
0.740234 0.240234
0.736328 0.240234
0.736328 0.236328
0.740234 0.236328
0.746094 0.238281
0.746094 0.230469
0.746094 0.222656
0.740234 0.224609
0.740234 0.220703
0.736328 0.220703
0.736328 0.224609
0.736328 0.228516
0.740234 0.228516
0.740234 0.232422
0.736328 0.232422
0.732422 0.232422
0.728516 0.232422
0.728516 0.228516
0.732422 0.228516
0.732422 0.224609
0.732422 0.220703
0.728516 0.220703
0.728516 0.224609
0.724609 0.224609
0.724609 0.220703
0.720703 0.220703
0.720703 0.224609
0.720703 0.228516
0.724609 0.228516
0.724609 0.232422
0.720703 0.232422
0.720703 0.236328
0.720703 0.240234
0.724609 0.240234
0.724609 0.236328
0.728516 0.236328
0.732422 0.236328
0.732422 0.240234
0.728516 0.240234
0.728516 0.244141
0.732422 0.244141
0.732422 0.248047
0.728516 0.248047
0.724609 0.248047
0.724609 0.244141
0.720703 0.244141
0.720703 0.248047
0.716797 0.248047
0.712891 0.248047
0.712891 0.244141
0.716797 0.244141
0.716797 0.240234
0.716797 0.236328
0.712891 0.236328
0.712891 0.240234
0.708984 0.240234
0.708984 0.236328
0.705078 0.236328
0.705078 0.240234
0.705078 0.244141
0.708984 0.244141
0.708984 0.248047
0.705078 0.248047
0.701172 0.248047
0.701172 0.244141
0.697266 0.244141
0.697266 0.248047
0.691406 0.246094
0.691406 0.238281
0.699219 0.238281
0.699219 0.230469
0.691406 0.230469
0.691406 0.222656
0.699219 0.222656
0.705078 0.220703
0.708984 0.220703
0.708984 0.224609
0.705078 0.224609
0.705078 0.228516
0.705078 0.232422
0.708984 0.232422
0.708984 0.228516
0.712891 0.228516
0.712891 0.232422
0.716797 0.232422
0.716797 0.228516
0.716797 0.224609
0.712891 0.224609
0.712891 0.220703
0.716797 0.220703
0.716797 0.216797
0.712891 0.216797
0.712891 0.212891
0.716797 0.212891
0.716797 0.208984
0.716797 0.205078
0.712891 0.205078
0.712891 0.208984
0.708984 0.208984
0.708984 0.205078
0.705078 0.205078
0.705078 0.208984
0.705078 0.212891
0.708984 0.212891
0.708984 0.216797
0.705078 0.216797
0.699219 0.214844
0.691406 0.214844
0.691406 0.207031
0.699219 0.207031
0.699219 0.199219
0.691406 0.199219
0.691406 0.191406
0.699219 0.191406
0.705078 0.189453
0.708984 0.189453
0.708984 0.193359
0.705078 0.193359
0.705078 0.197266
0.705078 0.201172
0.708984 0.201172
0.708984 0.197266
0.712891 0.197266
0.712891 0.201172
0.716797 0.201172
0.716797 0.197266
0.716797 0.193359
0.712891 0.193359
0.712891 0.189453
0.716797 0.189453
0.720703 0.189453
0.720703 0.193359
0.724609 0.193359
0.724609 0.189453
0.728516 0.189453
0.732422 0.189453
0.732422 0.193359
0.728516 0.193359
0.728516 0.197266
0.732422 0.197266
0.732422 0.201172
0.728516 0.201172
0.724609 0.201172
0.724609 0.197266
0.720703 0.197266
0.720703 0.201172
0.720703 0.205078
0.724609 0.205078
0.724609 0.208984
0.720703 0.208984
0.720703 0.212891
0.720703 0.216797
0.724609 0.216797
0.724609 0.212891
0.728516 0.212891
0.728516 0.216797
0.732422 0.216797
0.732422 0.212891
0.732422 0.208984
0.728516 0.208984
0.728516 0.205078
0.732422 0.205078
0.736328 0.205078
0.740234 0.205078
0.740234 0.208984
0.736328 0.208984
0.736328 0.212891
0.736328 0.216797
0.740234 0.216797
0.740234 0.212891
0.746094 0.214844
0.746094 0.207031
0.746094 0.199219
0.740234 0.201172
0.736328 0.201172
0.736328 0.197266
0.740234 0.197266
0.740234 0.193359
0.736328 0.193359
0.736328 0.189453
0.740234 0.189453
0.746094 0.191406
0.746094 0.183594
0.746094 0.175781
0.740234 0.177734
0.740234 0.173828
0.736328 0.173828
0.736328 0.177734
0.736328 0.181641
0.740234 0.181641
0.740234 0.185547
0.736328 0.185547
0.732422 0.185547
0.732422 0.181641
0.728516 0.181641
0.728516 0.185547
0.724609 0.185547
0.720703 0.185547
0.720703 0.181641
0.724609 0.181641
0.724609 0.177734
0.720703 0.177734
0.720703 0.173828
0.724609 0.173828
0.728516 0.173828
0.728516 0.177734
0.732422 0.177734
0.732422 0.173828
0.732422 0.169922
0.732422 0.166016
0.728516 0.166016
0.728516 0.169922
0.724609 0.169922
0.720703 0.169922
0.720703 0.166016
0.724609 0.166016
0.724609 0.162109
0.720703 0.162109
0.720703 0.158203
0.724609 0.158203
0.728516 0.158203
0.728516 0.162109
0.732422 0.162109
0.732422 0.158203
0.738281 0.160156
0.738281 0.167969
0.746094 0.167969
0.746094 0.160156
0.746094 0.152344
0.738281 0.152344
0.738281 0.144531
0.746094 0.144531
0.746094 0.136719
0.746094 0.128906
0.738281 0.128906
0.738281 0.136719
0.730469 0.136719
0.730469 0.128906
0.724609 0.130859
0.724609 0.126953
0.720703 0.126953
0.720703 0.130859
0.720703 0.134766
0.724609 0.134766
0.724609 0.138672
0.720703 0.138672
0.720703 0.142578
0.720703 0.146484
0.724609 0.146484
0.724609 0.142578
0.730469 0.144531
0.728516 0.150391
0.732422 0.150391
0.732422 0.154297
0.728516 0.154297
0.724609 0.154297
0.724609 0.150391
0.720703 0.150391
0.720703 0.154297
0.716797 0.154297
0.716797 0.150391
0.712891 0.150391
0.712891 0.154297
0.707031 0.152344
0.708984 0.146484
0.705078 0.146484
0.705078 0.142578
0.708984 0.142578
0.712891 0.142578
0.712891 0.146484
0.716797 0.146484
0.716797 0.142578
0.716797 0.138672
0.712891 0.138672
0.712891 0.134766
0.716797 0.134766
0.716797 0.130859
0.716797 0.126953
0.712891 0.126953
0.712891 0.130859
0.708984 0.130859
0.708984 0.126953
0.705078 0.126953
0.705078 0.130859
0.705078 0.134766
0.708984 0.134766
0.708984 0.138672
0.705078 0.138672
0.699219 0.136719
0.699219 0.128906
0.691406 0.128906
0.691406 0.136719
0.691406 0.144531
0.699219 0.144531
0.699219 0.152344
0.691406 0.152344
0.691406 0.160156
0.691406 0.167969
0.699219 0.167969
0.699219 0.160156
0.705078 0.158203
0.705078 0.162109
0.708984 0.162109
0.708984 0.158203
0.712891 0.158203
0.716797 0.158203
0.716797 0.162109
0.712891 0.162109
0.712891 0.166016
0.716797 0.166016
0.716797 0.169922
0.712891 0.169922
0.707031 0.167969
0.705078 0.173828
0.705078 0.177734
0.708984 0.177734
0.708984 0.173828
0.712891 0.173828
0.716797 0.173828
0.716797 0.177734
0.712891 0.177734
0.712891 0.181641
0.716797 0.181641
0.716797 0.185547
0.712891 0.185547
0.708984 0.185547
0.708984 0.181641
0.705078 0.181641
0.705078 0.185547
0.699219 0.183594
0.699219 0.175781
0.691406 0.175781
0.691406 0.183594
0.683594 0.183594
0.683594 0.175781
0.675781 0.175781
0.675781 0.183594
0.667969 0.183594
0.660156 0.183594
0.660156 0.175781
0.667969 0.175781
0.667969 0.167969
0.660156 0.167969
0.660156 0.160156
0.667969 0.160156
0.675781 0.160156
0.675781 0.167969
0.683594 0.167969
0.683594 0.160156
0.683594 0.152344
0.675781 0.152344
0.675781 0.144531
0.683594 0.144531
0.683594 0.136719
0.683594 0.128906
0.675781 0.128906
0.675781 0.136719
0.667969 0.136719
0.667969 0.128906
0.660156 0.128906
0.660156 0.136719
0.660156 0.144531
0.667969 0.144531
0.667969 0.152344
0.660156 0.152344
0.648438 0.148438
0.648438 0.132812
0.632812 0.132812
0.632812 0.148438
0.632812 0.164062
0.648438 0.164062
0.648438 0.179688
0.632812 0.179688
0.632812 0.195312
0.632812 0.210938
0.648438 0.210938
0.648438 0.195312
0.660156 0.191406
0.660156 0.199219
0.667969 0.199219
0.667969 0.191406
0.675781 0.191406
0.683594 0.191406
0.683594 0.199219
0.675781 0.199219
0.675781 0.207031
0.683594 0.207031
0.683594 0.214844
0.675781 0.214844
0.667969 0.214844
0.667969 0.207031
0.660156 0.207031
0.660156 0.214844
0.660156 0.222656
0.660156 0.230469
0.667969 0.230469
0.667969 0.222656
0.675781 0.222656
0.683594 0.222656
0.683594 0.230469
0.675781 0.230469
0.675781 0.238281
0.683594 0.238281
0.683594 0.246094
0.675781 0.246094
0.667969 0.246094
0.667969 0.238281
0.660156 0.238281
0.660156 0.246094
0.652344 0.246094
0.644531 0.246094
0.644531 0.238281
0.652344 0.238281
0.648438 0.226562
0.632812 0.226562
0.632812 0.242188
0.617188 0.242188
0.601562 0.242188
0.601562 0.226562
0.617188 0.226562
0.617188 0.210938
0.617188 0.195312
0.601562 0.195312
0.601562 0.210938
0.585938 0.210938
0.585938 0.195312
0.570312 0.195312
0.570312 0.210938
0.570312 0.226562
0.585938 0.226562
0.585938 0.242188
0.570312 0.242188
0.554688 0.242188
0.554688 0.226562
0.539062 0.226562
0.539062 0.242188
0.523438 0.242188
0.511719 0.246094
0.503906 0.246094
0.503906 0.238281
0.511719 0.238281
0.511719 0.230469
0.503906 0.230469
0.503906 0.222656
0.511719 0.222656
0.519531 0.222656
0.519531 0.230469
0.527344 0.230469
0.527344 0.222656
0.527344 0.214844
0.527344 0.207031
0.519531 0.207031
0.519531 0.214844
0.511719 0.214844
0.503906 0.214844
0.503906 0.207031
0.511719 0.207031
0.511719 0.199219
0.503906 0.199219
0.503906 0.191406
0.511719 0.191406
0.519531 0.191406
0.519531 0.199219
0.527344 0.199219
0.527344 0.191406
0.535156 0.191406
0.542969 0.191406
0.542969 0.199219
0.535156 0.199219
0.539062 0.210938
0.554688 0.210938
0.554688 0.195312
0.558594 0.183594
0.550781 0.183594
0.550781 0.175781
0.558594 0.175781
0.558594 0.167969
0.558594 0.160156
0.550781 0.160156
0.550781 0.167969
0.542969 0.167969
0.542969 0.160156
0.535156 0.160156
0.535156 0.167969
0.535156 0.175781
0.542969 0.175781
0.542969 0.183594
0.535156 0.183594
0.527344 0.183594
0.527344 0.175781
0.519531 0.175781
0.519531 0.183594
0.511719 0.183594
0.503906 0.183594
0.505859 0.177734
0.501953 0.177734
0.501953 0.173828
0.505859 0.173828
0.511719 0.175781
0.513672 0.169922
0.513672 0.166016
0.509766 0.166016
0.509766 0.169922
0.505859 0.169922
0.501953 0.169922
0.501953 0.166016
0.505859 0.166016
0.505859 0.162109
0.501953 0.162109
0.501953 0.158203
0.505859 0.158203
0.509766 0.158203
0.509766 0.162109
0.513672 0.162109
0.513672 0.158203
0.517578 0.158203
0.521484 0.158203
0.521484 0.162109
0.517578 0.162109
0.519531 0.167969
0.527344 0.167969
0.527344 0.160156
0.529297 0.154297
0.525391 0.154297
0.525391 0.150391
0.529297 0.150391
0.529297 0.146484
0.529297 0.142578
0.525391 0.142578
0.525391 0.146484
0.521484 0.146484
0.521484 0.142578
0.517578 0.142578
0.517578 0.146484
0.517578 0.150391
0.521484 0.150391
0.521484 0.154297
0.517578 0.154297
0.513672 0.154297
0.513672 0.150391
0.509766 0.150391
0.509766 0.154297
0.505859 0.154297
0.501953 0.154297
0.501953 0.150391
0.505859 0.150391
0.505859 0.146484
0.501953 0.146484
0.501953 0.142578
0.505859 0.142578
0.509766 0.142578
0.509766 0.146484
0.513672 0.146484
0.513672 0.142578
0.513672 0.138672
0.513672 0.134766
0.509766 0.134766
0.509766 0.138672
0.505859 0.138672
0.501953 0.138672
0.501953 0.134766
0.505859 0.134766
0.505859 0.130859
0.501953 0.130859
0.501953 0.126953
0.505859 0.126953
0.509766 0.126953
0.509766 0.130859
0.513672 0.130859
0.513672 0.126953
0.517578 0.126953
0.521484 0.126953
0.521484 0.130859
0.517578 0.130859
0.517578 0.134766
0.517578 0.138672
0.521484 0.138672
0.521484 0.134766
0.525391 0.134766
0.525391 0.138672
0.529297 0.138672
0.529297 0.134766
0.529297 0.130859
0.525391 0.130859
0.525391 0.126953
0.529297 0.126953
0.533203 0.126953
0.533203 0.130859
0.537109 0.130859
0.537109 0.126953
0.541016 0.126953
0.544922 0.126953
0.544922 0.130859
0.541016 0.130859
0.541016 0.134766
0.544922 0.134766
0.544922 0.138672
0.541016 0.138672
0.537109 0.138672
0.537109 0.134766
0.533203 0.134766
0.533203 0.138672
0.533203 0.142578
0.537109 0.142578
0.537109 0.146484
0.533203 0.146484
0.535156 0.152344
0.542969 0.152344
0.542969 0.144531
0.550781 0.144531
0.550781 0.152344
0.558594 0.152344
0.558594 0.144531
0.558594 0.136719
0.550781 0.136719
0.550781 0.128906
0.558594 0.128906
0.566406 0.128906
0.566406 0.136719
0.574219 0.136719
0.574219 0.128906
0.582031 0.128906
0.589844 0.128906
0.589844 0.136719
0.582031 0.136719
0.582031 0.144531
0.589844 0.144531
0.589844 0.152344
0.582031 0.152344
0.574219 0.152344
0.574219 0.144531
0.566406 0.144531
0.566406 0.152344
0.566406 0.160156
0.574219 0.160156
0.574219 0.167969
0.566406 0.167969
0.570312 0.179688
0.585938 0.179688
0.585938 0.164062
0.601562 0.164062
0.601562 0.179688
0.617188 0.179688
0.617188 0.164062
0.617188 0.148438
0.601562 0.148438
0.605469 0.136719
0.597656 0.136719
0.597656 0.128906
0.605469 0.128906
0.617188 0.132812
0.621094 0.121094
0.621094 0.113281
0.613281 0.113281
0.613281 0.121094
0.605469 0.121094
0.597656 0.121094
0.597656 0.113281
0.605469 0.113281
0.605469 0.105469
0.597656 0.105469
0.597656 0.0976562
0.605469 0.0976562
0.613281 0.0976562
0.613281 0.105469
0.621094 0.105469
0.621094 0.0976562
0.621094 0.0898438
0.613281 0.0898438
0.613281 0.0820312
0.621094 0.0820312
0.621094 0.0742188
0.623047 0.0683594
0.623047 0.0644531
0.619141 0.0644531
0.619141 0.0683594
0.615234 0.0683594
0.615234 0.0644531
0.611328 0.0644531
0.611328 0.0683594
0.611328 0.0722656
0.615234 0.0722656
0.615234 0.0761719
0.611328 0.0761719
0.607422 0.0761719
0.603516 0.0761719
0.603516 0.0722656
0.607422 0.0722656
0.607422 0.0683594
0.607422 0.0644531
0.603516 0.0644531
0.603516 0.0683594
0.599609 0.0683594
0.599609 0.0644531
0.595703 0.0644531
0.595703 0.0683594
0.595703 0.0722656
0.599609 0.0722656
0.599609 0.0761719
0.595703 0.0761719
0.595703 0.0800781
0.595703 0.0839844
0.599609 0.0839844
0.599609 0.0800781
0.603516 0.0800781
0.607422 0.0800781
0.607422 0.0839844
0.603516 0.0839844
0.605469 0.0898438
0.597656 0.0898438
0.591797 0.0917969
0.591797 0.0878906
0.587891 0.0878906
0.587891 0.0917969
0.583984 0.0917969
0.580078 0.0917969
0.580078 0.0878906
0.583984 0.0878906
0.583984 0.0839844
0.580078 0.0839844
0.580078 0.0800781
0.583984 0.0800781
0.587891 0.0800781
0.587891 0.0839844
0.591797 0.0839844
0.591797 0.0800781
0.591797 0.0761719
0.587891 0.0761719
0.587891 0.0722656
0.591797 0.0722656
0.591797 0.0683594
0.591797 0.0644531
0.587891 0.0644531
0.587891 0.0683594
0.583984 0.0683594
0.583984 0.0644531
0.580078 0.0644531
0.580078 0.0683594
0.580078 0.0722656
0.583984 0.0722656
0.583984 0.0761719
0.580078 0.0761719
0.576172 0.0761719
0.572266 0.0761719
0.572266 0.0722656
0.576172 0.0722656
0.576172 0.0683594
0.576172 0.0644531
0.572266 0.0644531
0.572266 0.0683594
0.568359 0.0683594
0.568359 0.0644531
0.564453 0.0644531
0.564453 0.0683594
0.564453 0.0722656
0.568359 0.0722656
0.568359 0.0761719
0.564453 0.0761719
0.564453 0.0800781
0.564453 0.0839844
0.568359 0.0839844
0.568359 0.0800781
0.572266 0.0800781
0.576172 0.0800781
0.576172 0.0839844
0.572266 0.0839844
0.572266 0.0878906
0.576172 0.0878906
0.576172 0.0917969
0.572266 0.0917969
0.568359 0.0917969
0.568359 0.0878906
0.564453 0.0878906
0.564453 0.0917969
0.564453 0.0957031
0.568359 0.0957031
0.568359 0.0996094
0.564453 0.0996094
0.564453 0.103516
0.564453 0.107422
0.568359 0.107422
0.568359 0.103516
0.574219 0.105469
0.576172 0.0996094
0.572266 0.0996094
0.572266 0.0957031
0.576172 0.0957031
0.582031 0.0976562
0.589844 0.0976562
0.589844 0.105469
0.582031 0.105469
0.582031 0.113281
0.589844 0.113281
0.589844 0.121094
0.582031 0.121094
0.574219 0.121094
0.574219 0.113281
0.566406 0.113281
0.566406 0.121094
0.558594 0.121094
0.552734 0.123047
0.548828 0.123047
0.548828 0.119141
0.552734 0.119141
0.552734 0.115234
0.548828 0.115234
0.548828 0.111328
0.552734 0.111328
0.556641 0.111328
0.556641 0.115234
0.560547 0.115234
0.560547 0.111328
0.560547 0.107422
0.556641 0.107422
0.556641 0.103516
0.560547 0.103516
0.560547 0.0996094
0.560547 0.0957031
0.556641 0.0957031
0.556641 0.0996094
0.552734 0.0996094
0.552734 0.0957031
0.548828 0.0957031
0.548828 0.0996094
0.548828 0.103516
0.552734 0.103516
0.552734 0.107422
0.548828 0.107422
0.544922 0.107422
0.541016 0.107422
0.541016 0.103516
0.544922 0.103516
0.544922 0.0996094
0.544922 0.0957031
0.541016 0.0957031
0.541016 0.0996094
0.537109 0.0996094
0.537109 0.0957031
0.533203 0.0957031
0.533203 0.0996094
0.533203 0.103516
0.537109 0.103516
0.537109 0.107422
0.533203 0.107422
0.533203 0.111328
0.533203 0.115234
0.537109 0.115234
0.537109 0.111328
0.541016 0.111328
0.544922 0.111328
0.544922 0.115234
0.541016 0.115234
0.541016 0.119141
0.544922 0.119141
0.544922 0.123047
0.541016 0.123047
0.537109 0.123047
0.537109 0.119141
0.533203 0.119141
0.533203 0.123047
0.529297 0.123047
0.525391 0.123047
0.525391 0.119141
0.529297 0.119141
0.529297 0.115234
0.529297 0.111328
0.525391 0.111328
0.525391 0.115234
0.521484 0.115234
0.521484 0.111328
0.517578 0.111328
0.517578 0.115234
0.517578 0.119141
0.521484 0.119141
0.521484 0.123047
0.517578 0.123047
0.513672 0.123047
0.513672 0.119141
0.509766 0.119141
0.509766 0.123047
0.505859 0.123047
0.501953 0.123047
0.501953 0.119141
0.505859 0.119141
0.503906 0.113281
0.509766 0.111328
0.509766 0.115234
0.513672 0.115234
0.513672 0.111328
0.513672 0.107422
0.513672 0.103516
0.509766 0.103516
0.509766 0.107422
0.503906 0.105469
0.503906 0.0976562
0.511719 0.0976562
0.517578 0.0957031
0.521484 0.0957031
0.521484 0.0996094
0.517578 0.0996094
0.517578 0.103516
0.517578 0.107422
0.521484 0.107422
0.521484 0.103516
0.525391 0.103516
0.525391 0.107422
0.529297 0.107422
0.529297 0.103516
0.529297 0.0996094
0.525391 0.0996094
0.525391 0.0957031
0.529297 0.0957031
0.529297 0.0917969
0.525391 0.0917969
0.525391 0.0878906
0.529297 0.0878906
0.527344 0.0820312
0.519531 0.0820312
0.519531 0.0898438
0.511719 0.0898438
0.503906 0.0898438
0.503906 0.0820312
0.511719 0.0820312
0.511719 0.0742188
0.503906 0.0742188
0.503906 0.0664062
0.511719 0.0664062
0.519531 0.0664062
0.519531 0.0742188
0.527344 0.0742188
0.527344 0.0664062
0.535156 0.0664062
0.542969 0.0664062
0.541016 0.0722656
0.544922 0.0722656
0.544922 0.0761719
0.541016 0.0761719
0.535156 0.0742188
0.533203 0.0800781
0.537109 0.0800781
0.537109 0.0839844
0.533203 0.0839844
0.533203 0.0878906
0.533203 0.0917969
0.537109 0.0917969
0.537109 0.0878906
0.541016 0.0878906
0.541016 0.0917969
0.544922 0.0917969
0.544922 0.0878906
0.544922 0.0839844
0.541016 0.0839844
0.541016 0.0800781
0.544922 0.0800781
0.548828 0.0800781
0.552734 0.0800781
0.552734 0.0839844
0.548828 0.0839844
0.548828 0.0878906
0.548828 0.0917969
0.552734 0.0917969
0.552734 0.0878906
0.556641 0.0878906
0.556641 0.0917969
0.560547 0.0917969
0.560547 0.0878906
0.560547 0.0839844
0.556641 0.0839844
0.556641 0.0800781
0.560547 0.0800781
0.560547 0.0761719
0.560547 0.0722656
0.556641 0.0722656
0.556641 0.0761719
0.552734 0.0761719
0.548828 0.0761719
0.548828 0.0722656
0.552734 0.0722656
0.552734 0.0683594
0.548828 0.0683594
0.548828 0.0644531
0.552734 0.0644531
0.556641 0.0644531
0.556641 0.0683594
0.560547 0.0683594
0.560547 0.0644531
0.560547 0.0605469
0.560547 0.0566406
0.556641 0.0566406
0.556641 0.0605469
0.550781 0.0585938
0.550781 0.0507812
0.558594 0.0507812
0.558594 0.0429688
0.558594 0.0351562
0.550781 0.0351562
0.550781 0.0429688
0.542969 0.0429688
0.542969 0.0351562
0.535156 0.0351562
0.535156 0.0429688
0.535156 0.0507812
0.542969 0.0507812
0.542969 0.0585938
0.535156 0.0585938
0.527344 0.0585938
0.527344 0.0507812
0.519531 0.0507812
0.519531 0.0585938
0.511719 0.0585938
0.503906 0.0585938
0.503906 0.0507812
0.511719 0.0507812
0.507812 0.0390625
0.519531 0.0351562
0.519531 0.0429688
0.527344 0.0429688
0.527344 0.0351562
0.523438 0.0234375
0.507812 0.0234375
0.507812 0.0078125
0.523438 0.0078125
0.539062 0.0078125
0.535156 0.0195312
0.535156 0.0273438
0.542969 0.0273438
0.542969 0.0195312
0.550781 0.0195312
0.550781 0.0273438
0.558594 0.0273438
0.558594 0.0195312
0.558594 0.0117188
0.550781 0.0117188
0.550781 0.00390625
0.558594 0.00390625
0.566406 0.00390625
0.566406 0.0117188
0.574219 0.0117188
0.574219 0.00390625
0.582031 0.00390625
0.589844 0.00390625
0.589844 0.0117188
0.582031 0.0117188
0.582031 0.0195312
0.589844 0.0195312
0.589844 0.0273438
0.582031 0.0273438
0.574219 0.0273438
0.574219 0.0195312
0.566406 0.0195312
0.566406 0.0273438
0.566406 0.0351562
0.574219 0.0351562
0.574219 0.0429688
0.566406 0.0429688
0.564453 0.0488281
0.568359 0.0488281
0.568359 0.0527344
0.564453 0.0527344
0.564453 0.0566406
0.564453 0.0605469
0.568359 0.0605469
0.568359 0.0566406
0.572266 0.0566406
0.572266 0.0605469
0.576172 0.0605469
0.576172 0.0566406
0.576172 0.0527344
0.572266 0.0527344
0.572266 0.0488281
0.576172 0.0488281
0.580078 0.0488281
0.583984 0.0488281
0.583984 0.0527344
0.580078 0.0527344
0.580078 0.0566406
0.580078 0.0605469
0.583984 0.0605469
0.583984 0.0566406
0.587891 0.0566406
0.587891 0.0605469
0.591797 0.0605469
0.591797 0.0566406
0.591797 0.0527344
0.587891 0.0527344
0.587891 0.0488281
0.591797 0.0488281
0.591797 0.0449219
0.591797 0.0410156
0.587891 0.0410156
0.587891 0.0449219
0.583984 0.0449219
0.580078 0.0449219
0.580078 0.0410156
0.583984 0.0410156
0.582031 0.0351562
0.587891 0.0332031
0.587891 0.0371094
0.591797 0.0371094
0.591797 0.0332031
0.595703 0.0332031
0.595703 0.0371094
0.599609 0.0371094
0.599609 0.0332031
0.605469 0.0351562
0.603516 0.0410156
0.607422 0.0410156
0.607422 0.0449219
0.603516 0.0449219
0.599609 0.0449219
0.599609 0.0410156
0.595703 0.0410156
0.595703 0.0449219
0.595703 0.0488281
0.599609 0.0488281
0.599609 0.0527344
0.595703 0.0527344
0.595703 0.0566406
0.595703 0.0605469
0.599609 0.0605469
0.599609 0.0566406
0.603516 0.0566406
0.603516 0.0605469
0.607422 0.0605469
0.607422 0.0566406
0.607422 0.0527344
0.603516 0.0527344
0.603516 0.0488281
0.607422 0.0488281
0.611328 0.0488281
0.615234 0.0488281
0.615234 0.0527344
0.611328 0.0527344
0.611328 0.0566406
0.611328 0.0605469
0.615234 0.0605469
0.615234 0.0566406
0.619141 0.0566406
0.619141 0.0605469
0.623047 0.0605469
0.623047 0.0566406
0.623047 0.0527344
0.619141 0.0527344
0.619141 0.0488281
0.623047 0.0488281
0.621094 0.0429688
0.615234 0.0449219
0.611328 0.0449219
0.611328 0.0410156
0.615234 0.0410156
0.613281 0.0351562
0.621094 0.0351562
0.621094 0.0273438
0.621094 0.0195312
0.613281 0.0195312
0.613281 0.0273438
0.605469 0.0273438
0.597656 0.0273438
0.597656 0.0195312
0.605469 0.0195312
0.605469 0.0117188
0.597656 0.0117188
0.597656 0.00390625
0.605469 0.00390625
0.613281 0.00390625
0.613281 0.0117188
0.621094 0.0117188
0.621094 0.00390625
0.628906 0.00390625
0.636719 0.00390625
0.636719 0.0117188
0.628906 0.0117188
0.628906 0.0195312
0.628906 0.0273438
0.636719 0.0273438
0.636719 0.0195312
0.644531 0.0195312
0.644531 0.0273438
0.652344 0.0273438
0.652344 0.0195312
0.652344 0.0117188
0.644531 0.0117188
0.644531 0.00390625
0.652344 0.00390625
0.664062 0.0078125
0.679688 0.0078125
0.679688 0.0234375
0.667969 0.0273438
0.667969 0.0195312
0.660156 0.0195312
0.660156 0.0273438
0.660156 0.0351562
0.660156 0.0429688
0.667969 0.0429688
0.667969 0.0351562
0.675781 0.0351562
0.683594 0.0351562
0.683594 0.0429688
0.675781 0.0429688
0.675781 0.0507812
0.683594 0.0507812
0.683594 0.0585938
0.675781 0.0585938
0.669922 0.0605469
0.666016 0.0605469
0.666016 0.0566406
0.669922 0.0566406
0.667969 0.0507812
0.660156 0.0507812
0.658203 0.0566406
0.662109 0.0566406
0.662109 0.0605469
0.658203 0.0605469
0.654297 0.0605469
0.654297 0.0566406
0.650391 0.0566406
0.650391 0.0605469
0.644531 0.0585938
0.646484 0.0527344
0.642578 0.0527344
0.642578 0.0488281
0.646484 0.0488281
0.652344 0.0507812
0.652344 0.0429688
0.652344 0.0351562
0.644531 0.0351562
0.644531 0.0429688
0.636719 0.0429688
0.636719 0.0351562
0.628906 0.0351562
0.628906 0.0429688
0.626953 0.0488281
0.626953 0.0527344
0.630859 0.0527344
0.630859 0.0488281
0.634766 0.0488281
0.638672 0.0488281
0.638672 0.0527344
0.634766 0.0527344
0.636719 0.0585938
0.630859 0.0605469
0.630859 0.0566406
0.626953 0.0566406
0.626953 0.0605469
0.628906 0.0664062
0.628906 0.0742188
0.636719 0.0742188
0.636719 0.0664062
0.644531 0.0664062
0.652344 0.0664062
0.652344 0.0742188
0.644531 0.0742188
0.644531 0.0820312
0.652344 0.0820312
0.652344 0.0898438
0.644531 0.0898438
0.636719 0.0898438
0.636719 0.0820312
0.628906 0.0820312
0.628906 0.0898438
0.628906 0.0976562
0.636719 0.0976562
0.636719 0.105469
0.628906 0.105469
0.632812 0.117188
0.648438 0.117188
0.652344 0.105469
0.644531 0.105469
0.644531 0.0976562
0.652344 0.0976562
0.660156 0.0976562
0.667969 0.0976562
0.667969 0.105469
0.660156 0.105469
0.660156 0.113281
0.660156 0.121094
0.667969 0.121094
0.667969 0.113281
0.675781 0.113281
0.675781 0.121094
0.683594 0.121094
0.683594 0.113281
0.683594 0.105469
0.675781 0.105469
0.675781 0.0976562
0.683594 0.0976562
0.683594 0.0898438
0.683594 0.0820312
0.675781 0.0820312
0.675781 0.0898438
0.667969 0.0898438
0.660156 0.0898438
0.660156 0.0820312
0.667969 0.0820312
0.667969 0.0742188
0.660156 0.0742188
0.660156 0.0664062
0.666016 0.0644531
0.666016 0.0683594
0.669922 0.0683594
0.669922 0.0644531
0.673828 0.0644531
0.677734 0.0644531
0.677734 0.0683594
0.673828 0.0683594
0.675781 0.0742188
0.681641 0.0722656
0.681641 0.0761719
0.685547 0.0761719
0.685547 0.0722656
0.683594 0.0664062
0.691406 0.0664062
0.691406 0.0742188
0.699219 0.0742188
0.699219 0.0664062
0.707031 0.0664062
0.714844 0.0664062
0.714844 0.0742188
0.707031 0.0742188
0.707031 0.0820312
0.714844 0.0820312
0.714844 0.0898438
0.707031 0.0898438
0.701172 0.0917969
0.697266 0.0917969
0.697266 0.0878906
0.701172 0.0878906
0.699219 0.0820312
0.693359 0.0839844
0.693359 0.0800781
0.689453 0.0800781
0.689453 0.0839844
0.691406 0.0898438
0.691406 0.0976562
0.699219 0.0976562
0.699219 0.105469
0.691406 0.105469
0.691406 0.113281
0.691406 0.121094
0.699219 0.121094
0.699219 0.113281
0.707031 0.113281
0.707031 0.121094
0.712891 0.119141
0.712891 0.123047
0.716797 0.123047
0.716797 0.119141
0.716797 0.115234
0.712891 0.115234
0.712891 0.111328
0.716797 0.111328
0.714844 0.105469
0.708984 0.107422
0.705078 0.107422
0.705078 0.103516
0.708984 0.103516
0.708984 0.0996094
0.705078 0.0996094
0.705078 0.0957031
0.708984 0.0957031
0.714844 0.0976562
0.722656 0.0976562
0.730469 0.0976562
0.730469 0.105469
0.722656 0.105469
0.722656 0.113281
0.722656 0.121094
0.730469 0.121094
0.730469 0.113281
0.738281 0.113281
0.738281 0.121094
0.746094 0.121094
0.746094 0.113281
0.746094 0.105469
0.738281 0.105469
0.738281 0.0976562
0.746094 0.0976562
0.742188 0.0859375
0.730469 0.0898438
0.722656 0.0898438
0.722656 0.0820312
0.730469 0.0820312
0.726562 0.0703125
0.742188 0.0703125
0.742188 0.0546875
0.742188 0.0390625
0.726562 0.0390625
0.726562 0.0546875
0.710938 0.0546875
0.699219 0.0585938
0.691406 0.0585938
0.691406 0.0507812
0.699219 0.0507812
0.695312 0.0390625
0.710938 0.0390625
0.710938 0.0234375
0.695312 0.0234375
0.695312 0.0078125
0.710938 0.0078125
0.726562 0.0078125
0.726562 0.0234375
0.742188 0.0234375
0.742188 0.0078125
0.757812 0.0078125
0.773438 0.0078125
0.773438 0.0234375
0.757812 0.0234375
0.757812 0.0390625
0.757812 0.0546875
0.773438 0.0546875
0.773438 0.0390625
0.789062 0.0390625
0.789062 0.0546875
0.804688 0.0546875
0.804688 0.0390625
0.796875 0.015625
0.828125 0.015625
0.859375 0.015625
0.859375 0.046875
0.828125 0.046875
0.820312 0.0703125
0.820312 0.0859375
0.835938 0.0859375
0.835938 0.0703125
0.859375 0.078125
0.851562 0.101562
0.867188 0.101562
0.867188 0.117188
0.851562 0.117188
0.835938 0.117188
0.835938 0.101562
0.820312 0.101562
0.820312 0.117188
0.804688 0.117188
0.789062 0.117188
0.789062 0.101562
0.804688 0.101562
0.804688 0.0859375
0.804688 0.0703125
0.789062 0.0703125
0.789062 0.0859375
0.773438 0.0859375
0.773438 0.0703125
0.757812 0.0703125
0.757812 0.0859375
0.757812 0.101562
0.773438 0.101562
0.773438 0.117188
0.761719 0.121094
0.761719 0.113281
0.753906 0.113281
0.753906 0.121094
0.753906 0.128906
0.761719 0.128906
0.761719 0.136719
0.753906 0.136719
0.753906 0.144531
0.753906 0.152344
0.761719 0.152344
0.761719 0.144531
0.769531 0.144531
0.769531 0.152344
0.777344 0.152344
0.777344 0.144531
0.777344 0.136719
0.769531 0.136719
0.769531 0.128906
0.777344 0.128906
0.789062 0.132812
0.804688 0.132812
0.804688 0.148438
0.789062 0.148438
0.789062 0.164062
0.804688 0.164062
0.804688 0.179688
0.792969 0.183594
0.792969 0.175781
0.785156 0.175781
0.785156 0.183594
0.777344 0.183594
0.769531 0.183594
0.769531 0.175781
0.777344 0.175781
0.777344 0.167969
0.777344 0.160156
0.769531 0.160156
0.769531 0.167969
0.761719 0.167969
0.761719 0.160156
0.753906 0.160156
0.753906 0.167969
0.753906 0.175781
0.761719 0.175781
0.761719 0.183594
0.753906 0.183594
0.753906 0.191406
0.753906 0.199219
0.761719 0.199219
0.761719 0.191406
0.769531 0.191406
0.777344 0.191406
0.777344 0.199219
0.769531 0.199219
0.769531 0.207031
0.777344 0.207031
0.777344 0.214844
0.769531 0.214844
0.761719 0.214844
0.761719 0.207031
0.753906 0.207031
0.753906 0.214844
0.753906 0.222656
0.761719 0.222656
0.761719 0.230469
0.753906 0.230469
0.753906 0.238281
0.753906 0.246094
0.761719 0.246094
0.761719 0.238281
0.769531 0.238281
0.769531 0.246094
0.777344 0.246094
0.777344 0.238281
0.777344 0.230469
0.769531 0.230469
0.769531 0.222656
0.777344 0.222656
0.785156 0.222656
0.792969 0.222656
0.792969 0.230469
0.785156 0.230469
0.785156 0.238281
0.785156 0.246094
0.792969 0.246094
0.792969 0.238281
0.804688 0.242188
0.804688 0.226562
0.804688 0.210938
0.792969 0.214844
0.785156 0.214844
0.785156 0.207031
0.792969 0.207031
0.792969 0.199219
0.785156 0.199219
0.785156 0.191406
0.792969 0.191406
0.804688 0.195312
0.820312 0.195312
0.835938 0.195312
0.835938 0.210938
0.820312 0.210938
0.820312 0.226562
0.820312 0.242188
0.835938 0.242188
0.835938 0.226562
0.851562 0.226562
0.851562 0.242188
0.867188 0.242188
0.867188 0.226562
0.867188 0.210938
0.851562 0.210938
0.851562 0.195312
0.867188 0.195312
0.867188 0.179688
0.867188 0.164062
0.851562 0.164062
0.851562 0.179688
0.835938 0.179688
0.820312 0.179688
0.820312 0.164062
0.835938 0.164062
0.835938 0.148438
0.820312 0.148438
0.820312 0.132812
0.835938 0.132812
0.851562 0.132812
0.851562 0.148438
0.867188 0.148438
0.867188 0.132812
0.890625 0.140625
0.921875 0.140625
0.921875 0.171875
0.898438 0.179688
0.898438 0.164062
0.882812 0.164062
0.882812 0.179688
0.882812 0.195312
0.898438 0.195312
0.898438 0.210938
0.882812 0.210938
0.882812 0.226562
0.882812 0.242188
0.898438 0.242188
0.898438 0.226562
0.921875 0.234375
0.921875 0.203125
0.953125 0.203125
0.953125 0.234375
0.984375 0.234375
0.984375 0.203125
0.984375 0.171875
0.953125 0.171875
0.953125 0.140625
0.984375 0.140625
0.984375 0.109375
0.984375 0.078125
0.953125 0.078125
0.953125 0.109375
0.921875 0.109375
0.890625 0.109375
0.890625 0.078125
0.921875 0.078125
0.921875 0.046875
0.890625 0.046875
0.890625 0.015625
0.921875 0.015625
0.953125 0.015625
0.953125 0.046875
0.984375 0.046875
0.984375 0.015625
0.96875 -0.03125
0.921875 -0.015625
0.890625 -0.015625
0.890625 -0.046875
0.921875 -0.046875
0.90625 -0.09375
0.96875 -0.09375
0.96875 -0.15625
0.96875 -0.21875
0.90625 -0.21875
0.90625 -0.15625
0.84375 -0.15625
0.84375 -0.21875
0.78125 -0.21875
0.765625 -0.171875
0.796875 -0.171875
0.796875 -0.140625
0.765625 -0.140625
0.765625 -0.109375
0.765625 -0.078125
0.796875 -0.078125
0.796875 -0.109375
0.828125 -0.109375
0.859375 -0.109375
0.859375 -0.078125
0.828125 -0.078125
0.828125 -0.046875
0.859375 -0.046875
0.859375 -0.015625
0.828125 -0.015625
0.796875 -0.015625
0.796875 -0.046875
0.765625 -0.046875
0.765625 -0.015625
0.742188 -0.0078125
0.742188 -0.0234375
0.726562 -0.0234375
0.726562 -0.0078125
0.710938 -0.0078125
0.695312 -0.0078125
0.695312 -0.0234375
0.710938 -0.0234375
0.710938 -0.0390625
0.695312 -0.0390625
0.695312 -0.0546875
0.710938 -0.0546875
0.734375 -0.046875
0.734375 -0.078125
0.734375 -0.109375
0.703125 -0.109375
0.703125 -0.078125
0.679688 -0.0703125
0.664062 -0.0703125
0.664062 -0.0859375
0.679688 -0.0859375
0.671875 -0.109375
0.640625 -0.109375
0.632812 -0.0859375
0.648438 -0.0859375
0.648438 -0.0703125
0.632812 -0.0703125
0.632812 -0.0546875
0.632812 -0.0390625
0.648438 -0.0390625
0.648438 -0.0546875
0.664062 -0.0546875
0.679688 -0.0546875
0.679688 -0.0390625
0.664062 -0.0390625
0.664062 -0.0234375
0.679688 -0.0234375
0.679688 -0.0078125
0.664062 -0.0078125
0.648438 -0.0078125
0.648438 -0.0234375
0.632812 -0.0234375
0.632812 -0.0078125
0.621094 -0.00390625
0.621094 -0.0117188
0.613281 -0.0117188
0.613281 -0.00390625
0.605469 -0.00390625
0.597656 -0.00390625
0.597656 -0.0117188
0.605469 -0.0117188
0.601562 -0.0234375
0.617188 -0.0234375
0.617188 -0.0390625
0.617188 -0.0546875
0.601562 -0.0546875
0.601562 -0.0390625
0.585938 -0.0390625
0.585938 -0.0546875
0.570312 -0.0546875
0.570312 -0.0390625
0.570312 -0.0234375
0.585938 -0.0234375
0.582031 -0.0117188
0.589844 -0.0117188
0.589844 -0.00390625
0.582031 -0.00390625
0.570312 -0.0078125
0.554688 -0.0078125
0.554688 -0.0234375
0.539062 -0.0234375
0.539062 -0.0078125
0.523438 -0.0078125
0.507812 -0.0078125
0.507812 -0.0234375
0.523438 -0.0234375
0.523438 -0.0390625
0.507812 -0.0390625
0.507812 -0.0546875
0.523438 -0.0546875
0.539062 -0.0546875
0.539062 -0.0390625
0.554688 -0.0390625
0.554688 -0.0546875
0.554688 -0.0703125
0.554688 -0.0859375
0.539062 -0.0859375
0.539062 -0.0703125
0.515625 -0.078125
0.515625 -0.109375
0.546875 -0.109375
0.570312 -0.117188
0.585938 -0.117188
0.585938 -0.101562
0.570312 -0.101562
0.570312 -0.0859375
0.570312 -0.0703125
0.585938 -0.0703125
0.585938 -0.0859375
0.601562 -0.0859375
0.601562 -0.0703125
0.617188 -0.0703125
0.617188 -0.0859375
0.617188 -0.101562
0.601562 -0.101562
0.601562 -0.117188
0.617188 -0.117188
0.609375 -0.140625
0.609375 -0.171875
0.578125 -0.171875
0.578125 -0.140625
0.546875 -0.140625
0.515625 -0.140625
0.515625 -0.171875
0.546875 -0.171875
0.546875 -0.203125
0.515625 -0.203125
0.515625 -0.234375
0.546875 -0.234375
0.578125 -0.234375
0.578125 -0.203125
0.609375 -0.203125
0.609375 -0.234375
0.640625 -0.234375
0.671875 -0.234375
0.671875 -0.203125
0.640625 -0.203125
0.640625 -0.171875
0.640625 -0.140625
0.671875 -0.140625
0.671875 -0.171875
0.703125 -0.171875
0.703125 -0.140625
0.734375 -0.140625
0.734375 -0.171875
0.734375 -0.203125
0.703125 -0.203125
0.703125 -0.234375
0.734375 -0.234375
0.71875 -0.28125
0.71875 -0.34375
0.65625 -0.34375
0.640625 -0.296875
0.671875 -0.296875
0.671875 -0.265625
0.640625 -0.265625
0.609375 -0.265625
0.609375 -0.296875
0.578125 -0.296875
0.578125 -0.265625
0.546875 -0.265625
0.515625 -0.265625
0.515625 -0.296875
0.546875 -0.296875
0.53125 -0.34375
0.59375 -0.34375
0.59375 -0.40625
0.53125 -0.40625
0.53125 -0.46875
0.59375 -0.46875
0.65625 -0.46875
0.65625 -0.40625
0.71875 -0.40625
0.71875 -0.46875
0.78125 -0.46875
0.84375 -0.46875
0.84375 -0.40625
0.78125 -0.40625
0.78125 -0.34375
0.78125 -0.28125
0.84375 -0.28125
0.84375 -0.34375
0.90625 -0.34375
0.90625 -0.28125
0.96875 -0.28125
0.96875 -0.34375
0.96875 -0.40625
0.90625 -0.40625
0.90625 -0.46875
0.96875 -0.46875
1.25 -0.25
