-0.75 -0.75
-0.875 -0.375
-0.875 -0.125
-0.625 -0.125
-0.625 -0.375
-0.375 -0.375
-0.375 -0.125
-0.125 -0.125
-0.125 -0.375
-0.125 -0.625
-0.375 -0.625
-0.375 -0.875
-0.125 -0.875
0.125 -0.875
0.125 -0.625
0.375 -0.625
0.375 -0.875
0.625 -0.875
0.875 -0.875
0.875 -0.625
0.625 -0.625
0.5625 -0.4375
0.5625 -0.3125
0.6875 -0.3125
0.6875 -0.4375
0.8125 -0.4375
0.9375 -0.4375
0.9375 -0.3125
0.8125 -0.3125
0.8125 -0.1875
0.9375 -0.1875
0.9375 -0.0625
0.8125 -0.0625
0.6875 -0.0625
0.6875 -0.1875
0.5625 -0.1875
0.5625 -0.0625
0.4375 -0.0625
0.3125 -0.0625
0.3125 -0.1875
0.4375 -0.1875
0.4375 -0.3125
0.4375 -0.4375
0.3125 -0.4375
0.3125 -0.3125
0.125 -0.375
0.0625 -0.1875
0.1875 -0.1875
0.1875 -0.0625
0.0625 -0.0625
0.0625 0.0625
0.1875 0.0625
0.1875 0.1875
0.0625 0.1875
0.0625 0.3125
0.0625 0.4375
0.15625 0.40625
0.15625 0.46875
0.21875 0.46875
0.21875 0.40625
0.1875 0.3125
0.28125 0.28125
0.34375 0.28125
0.34375 0.34375
0.28125 0.34375
0.28125 0.40625
0.28125 0.46875
0.34375 0.46875
0.34375 0.40625
0.40625 0.40625
0.390625 0.453125
0.390625 0.484375
0.421875 0.484375
0.421875 0.453125
0.453125 0.453125
0.453125 0.484375
0.484375 0.484375
0.484375 0.453125
0.484375 0.421875
0.453125 0.421875
0.453125 0.390625
0.484375 0.390625
0.46875 0.34375
0.40625 0.34375
0.40625 0.28125
0.46875 0.28125
0.46875 0.21875
0.46875 0.15625
0.40625 0.15625
0.40625 0.21875
0.3125 0.1875
0.3125 0.0625
0.4375 0.0625
0.53125 0.03125
0.59375 0.03125
0.59375 0.09375
0.53125 0.09375
0.53125 0.15625
0.53125 0.21875
0.59375 0.21875
0.59375 0.15625
0.65625 0.15625
0.65625 0.21875
0.71875 0.21875
0.71875 0.15625
0.71875 0.09375
0.65625 0.09375
0.65625 0.03125
0.71875 0.03125
0.78125 0.03125
0.78125 0.09375
0.84375 0.09375
0.84375 0.03125
0.9375 0.0625
0.90625 0.15625
0.96875 0.15625
0.96875 0.21875
0.90625 0.21875
0.84375 0.21875
0.84375 0.15625
0.78125 0.15625
0.78125 0.21875
0.78125 0.28125
0.765625 0.328125
0.765625 0.359375
0.796875 0.359375
0.796875 0.328125
0.84375 0.34375
0.84375 0.28125
0.90625 0.28125
0.96875 0.28125
0.96875 0.34375
0.90625 0.34375
0.90625 0.40625
0.96875 0.40625
0.96875 0.46875
0.921875 0.484375
0.921875 0.453125
0.890625 0.453125
0.890625 0.484375
0.859375 0.484375
0.828125 0.484375
0.828125 0.453125
0.859375 0.453125
0.859375 0.421875
0.859375 0.390625
0.828125 0.390625
0.828125 0.421875
0.796875 0.421875
0.796875 0.390625
0.765625 0.390625
0.765625 0.421875
0.765625 0.453125
0.796875 0.453125
0.796875 0.484375
0.773438 0.492188
0.773438 0.476562
0.757812 0.476562
0.757812 0.492188
0.742188 0.492188
0.726562 0.492188
0.726562 0.476562
0.742188 0.476562
0.742188 0.460938
0.742188 0.445312
0.726562 0.445312
0.726562 0.460938
0.710938 0.460938
0.710938 0.445312
0.695312 0.445312
0.695312 0.460938
0.695312 0.476562
0.710938 0.476562
0.710938 0.492188
0.699219 0.496094
0.699219 0.488281
0.691406 0.488281
0.691406 0.496094
0.683594 0.496094
0.675781 0.496094
0.675781 0.488281
0.683594 0.488281
0.683594 0.480469
0.683594 0.472656
0.675781 0.472656
0.675781 0.480469
0.667969 0.480469
0.667969 0.472656
0.660156 0.472656
0.660156 0.480469
0.660156 0.488281
0.667969 0.488281
0.667969 0.496094
0.660156 0.496094
0.652344 0.496094
0.652344 0.488281
0.644531 0.488281
0.644531 0.496094
0.636719 0.496094
0.628906 0.496094
0.628906 0.488281
0.636719 0.488281
0.636719 0.480469
0.628906 0.480469
0.628906 0.472656
0.636719 0.472656
0.644531 0.472656
0.644531 0.480469
0.652344 0.480469
0.652344 0.472656
0.652344 0.464844
0.652344 0.457031
0.644531 0.457031
0.644531 0.464844
0.636719 0.464844
0.628906 0.464844
0.628906 0.457031
0.636719 0.457031
0.632812 0.445312
0.648438 0.445312
0.664062 0.445312
0.664062 0.460938
0.679688 0.460938
0.679688 0.445312
0.679688 0.429688
0.679688 0.414062
0.664062 0.414062
0.664062 0.429688
0.648438 0.429688
0.632812 0.429688
0.632812 0.414062
0.648438 0.414062
0.648438 0.398438
0.632812 0.398438
0.632812 0.382812
0.648438 0.382812
0.671875 0.390625
0.703125 0.390625
0.695312 0.414062
0.695312 0.429688
0.710938 0.429688
0.710938 0.414062
0.734375 0.421875
0.734375 0.390625
0.734375 0.359375
0.703125 0.359375
0.703125 0.328125
0.734375 0.328125
0.734375 0.296875
0.734375 0.265625
0.703125 0.265625
0.703125 0.296875
0.671875 0.296875
0.671875 0.265625
0.640625 0.265625
0.640625 0.296875
0.640625 0.328125
0.671875 0.328125
0.671875 0.359375
0.640625 0.359375
0.609375 0.359375
0.578125 0.359375
0.578125 0.328125
0.609375 0.328125
0.609375 0.296875
0.609375 0.265625
0.578125 0.265625
0.578125 0.296875
0.53125 0.28125
0.515625 0.328125
0.546875 0.328125
0.546875 0.359375
0.515625 0.359375
0.515625 0.390625
0.515625 0.421875
0.546875 0.421875
0.546875 0.390625
0.578125 0.390625
0.609375 0.390625
0.601562 0.414062
0.617188 0.414062
0.617188 0.429688
0.601562 0.429688
0.578125 0.421875
0.570312 0.445312
0.570312 0.460938
0.585938 0.460938
0.585938 0.445312
0.601562 0.445312
0.617188 0.445312
0.617188 0.460938
0.601562 0.460938
0.601562 0.476562
0.613281 0.472656
0.621094 0.472656
0.621094 0.480469
0.613281 0.480469
0.617188 0.492188
0.601562 0.492188
0.585938 0.492188
0.585938 0.476562
0.570312 0.476562
0.570312 0.492188
0.554688 0.492188
0.539062 0.492188
0.539062 0.476562
0.554688 0.476562
0.546875 0.453125
0.515625 0.453125
0.515625 0.484375
0.515625 0.515625
0.507812 0.539062
0.507812 0.554688
0.523438 0.554688
0.523438 0.539062
0.539062 0.539062
0.539062 0.554688
0.554688 0.554688
0.554688 0.539062
0.554688 0.523438
0.539062 0.523438
0.539062 0.507812
0.554688 0.507812
0.570312 0.507812
0.570312 0.523438
0.585938 0.523438
0.585938 0.507812
0.601562 0.507812
0.617188 0.507812
0.617188 0.523438
0.601562 0.523438
0.601562 0.539062
0.617188 0.539062
0.617188 0.554688
0.601562 0.554688
0.585938 0.554688
0.585938 0.539062
0.570312 0.539062
0.566406 0.550781
0.574219 0.550781
0.574219 0.558594
0.566406 0.558594
0.566406 0.566406
0.574219 0.566406
0.574219 0.574219
0.566406 0.574219
0.566406 0.582031
0.566406 0.589844
0.574219 0.589844
0.574219 0.582031
0.582031 0.582031
0.582031 0.589844
0.589844 0.589844
0.589844 0.582031
0.589844 0.574219
0.582031 0.574219
0.582031 0.566406
0.589844 0.566406
0.601562 0.570312
0.617188 0.570312
0.617188 0.585938
0.605469 0.589844
0.605469 0.582031
0.597656 0.582031
0.597656 0.589844
0.601562 0.601562
0.617188 0.601562
0.617188 0.617188
0.601562 0.617188
0.585938 0.617188
0.589844 0.605469
0.589844 0.597656
0.582031 0.597656
0.582031 0.605469
0.574219 0.605469
0.574219 0.597656
0.566406 0.597656
0.566406 0.605469
0.566406 0.613281
0.574219 0.613281
0.574219 0.621094
0.566406 0.621094
0.554688 0.617188
0.539062 0.617188
0.539062 0.601562
0.550781 0.597656
0.550781 0.605469
0.558594 0.605469
0.558594 0.597656
0.558594 0.589844
0.550781 0.589844
0.550781 0.582031
0.558594 0.582031
0.558594 0.574219
0.558594 0.566406
0.550781 0.566406
0.550781 0.574219
0.539062 0.570312
0.535156 0.582031
0.542969 0.582031
0.542969 0.589844
0.535156 0.589844
0.523438 0.585938
0.523438 0.570312
0.507812 0.570312
0.507812 0.585938
0.507812 0.601562
0.523438 0.601562
0.523438 0.617188
0.507812 0.617188
0.507812 0.632812
0.507812 0.648438
0.523438 0.648438
0.523438 0.632812
0.539062 0.632812
0.554688 0.632812
0.554688 0.648438
0.539062 0.648438
0.539062 0.664062
0.554688 0.664062
0.554688 0.679688
0.539062 0.679688
0.515625 0.671875
0.515625 0.703125
0.515625 0.734375
0.546875 0.734375
0.546875 0.703125
0.578125 0.703125
0.578125 0.734375
0.609375 0.734375
0.617188 0.710938
0.601562 0.710938
0.601562 0.695312
0.617188 0.695312
0.617188 0.679688
0.617188 0.664062
0.601562 0.664062
0.601562 0.679688
0.585938 0.679688
0.570312 0.679688
0.570312 0.664062
0.585938 0.664062
0.585938 0.648438
0.570312 0.648438
0.570312 0.632812
0.585938 0.632812
0.601562 0.632812
0.601562 0.648438
0.617188 0.648438
0.617188 0.632812
0.632812 0.632812
0.632812 0.648438
0.648438 0.648438
0.648438 0.632812
0.664062 0.632812
0.679688 0.632812
0.679688 0.648438
0.664062 0.648438
0.664062 0.664062
0.679688 0.664062
0.675781 0.675781
0.683594 0.675781
0.683594 0.683594
0.675781 0.683594
0.664062 0.679688
0.648438 0.679688
0.648438 0.664062
0.632812 0.664062
0.632812 0.679688
0.632812 0.695312
0.648438 0.695312
0.648438 0.710938
0.632812 0.710938
0.632812 0.726562
0.632812 0.742188
0.648438 0.742188
0.648438 0.726562
0.664062 0.726562
0.664062 0.742188
0.679688 0.742188
0.679688 0.726562
0.683594 0.714844
0.683594 0.707031
0.675781 0.707031
0.675781 0.714844
0.664062 0.710938
0.667969 0.699219
0.660156 0.699219
0.660156 0.691406
0.667969 0.691406
0.675781 0.691406
0.675781 0.699219
0.683594 0.699219
0.683594 0.691406
0.691406 0.691406
0.691406 0.699219
0.699219 0.699219
0.699219 0.691406
0.707031 0.691406
0.714844 0.691406
0.714844 0.699219
0.707031 0.699219
0.707031 0.707031
0.714844 0.707031
0.714844 0.714844
0.707031 0.714844
0.699219 0.714844
0.699219 0.707031
0.691406 0.707031
0.691406 0.714844
0.691406 0.722656
0.699219 0.722656
0.699219 0.730469
0.691406 0.730469
0.695312 0.742188
0.710938 0.742188
0.710938 0.726562
0.726562 0.726562
0.726562 0.742188
0.742188 0.742188
0.742188 0.726562
0.742188 0.710938
0.726562 0.710938
0.730469 0.699219
0.722656 0.699219
0.722656 0.691406
0.730469 0.691406
0.742188 0.695312
0.742188 0.679688
0.742188 0.664062
0.726562 0.664062
0.726562 0.679688
0.714844 0.683594
0.714844 0.675781
0.707031 0.675781
0.707031 0.683594
0.699219 0.683594
0.691406 0.683594
0.691406 0.675781
0.699219 0.675781
0.699219 0.667969
0.691406 0.667969
0.691406 0.660156
0.699219 0.660156
0.710938 0.664062
0.710938 0.648438
0.695312 0.648438
0.695312 0.632812
0.710938 0.632812
0.726562 0.632812
0.726562 0.648438
0.742188 0.648438
0.742188 0.632812
0.734375 0.609375
0.734375 0.578125
0.710938 0.585938
0.710938 0.570312
0.695312 0.570312
0.695312 0.585938
0.695312 0.601562
0.710938 0.601562
0.710938 0.617188
0.695312 0.617188
0.679688 0.617188
0.679688 0.601562
0.664062 0.601562
0.664062 0.617188
0.648438 0.617188
0.632812 0.617188
0.632812 0.601562
0.648438 0.601562
0.648438 0.585938
0.632812 0.585938
0.632812 0.570312
0.648438 0.570312
0.664062 0.570312
0.664062 0.585938
0.679688 0.585938
0.679688 0.570312
0.679688 0.554688
0.683594 0.542969
0.683594 0.535156
0.675781 0.535156
0.675781 0.542969
0.664062 0.539062
0.664062 0.554688
0.648438 0.554688
0.632812 0.554688
0.632812 0.539062
0.648438 0.539062
0.648438 0.523438
0.632812 0.523438
0.632812 0.507812
0.644531 0.503906
0.644531 0.511719
0.652344 0.511719
0.652344 0.503906
0.660156 0.503906
0.667969 0.503906
0.667969 0.511719
0.660156 0.511719
0.660156 0.519531
0.660156 0.527344
0.667969 0.527344
0.667969 0.519531
0.675781 0.519531
0.675781 0.527344
0.683594 0.527344
0.683594 0.519531
0.683594 0.511719
0.675781 0.511719
0.675781 0.503906
0.683594 0.503906
0.691406 0.503906
0.691406 0.511719
0.699219 0.511719
0.699219 0.503906
0.707031 0.503906
0.714844 0.503906
0.714844 0.511719
0.707031 0.511719
0.710938 0.523438
0.699219 0.527344
0.699219 0.519531
0.691406 0.519531
0.691406 0.527344
0.695312 0.539062
0.695312 0.554688
0.710938 0.554688
0.710938 0.539062
0.726562 0.539062
0.726562 0.554688
0.742188 0.554688
0.742188 0.539062
0.742188 0.523438
0.726562 0.523438
0.726562 0.507812
0.742188 0.507812
0.757812 0.507812
0.757812 0.523438
0.773438 0.523438
0.773438 0.507812
0.796875 0.515625
0.796875 0.546875
0.765625 0.546875
0.765625 0.578125
0.765625 0.609375
0.796875 0.609375
0.796875 0.578125
0.828125 0.578125
0.828125 0.609375
0.859375 0.609375
0.859375 0.578125
0.859375 0.546875
0.828125 0.546875
0.828125 0.515625
0.859375 0.515625
0.890625 0.515625
0.890625 0.546875
0.921875 0.546875
0.921875 0.515625
0.96875 0.53125
0.96875 0.59375
0.90625 0.59375
0.890625 0.640625
0.890625 0.671875
0.921875 0.671875
0.921875 0.640625
0.96875 0.65625
0.96875 0.71875
0.921875 0.734375
0.921875 0.703125
0.890625 0.703125
0.890625 0.734375
0.859375 0.734375
0.828125 0.734375
0.828125 0.703125
0.859375 0.703125
0.859375 0.671875
0.859375 0.640625
0.828125 0.640625
0.828125 0.671875
0.796875 0.671875
0.796875 0.640625
0.765625 0.640625
0.757812 0.664062
0.773438 0.664062
0.773438 0.679688
0.757812 0.679688
0.757812 0.695312
0.757812 0.710938
0.773438 0.710938
0.773438 0.695312
0.789062 0.695312
0.804688 0.695312
0.804688 0.710938
0.789062 0.710938
0.796875 0.734375
0.773438 0.742188
0.773438 0.726562
0.757812 0.726562
0.757812 0.742188
0.765625 0.765625
0.796875 0.765625
0.796875 0.796875
0.765625 0.796875
0.765625 0.828125
0.765625 0.859375
0.796875 0.859375
0.796875 0.828125
0.84375 0.84375
0.859375 0.796875
0.828125 0.796875
0.828125 0.765625
0.859375 0.765625
0.90625 0.78125
0.96875 0.78125
0.96875 0.84375
0.90625 0.84375
0.90625 0.90625
0.96875 0.90625
0.96875 0.96875
0.90625 0.96875
0.84375 0.96875
0.84375 0.90625
0.78125 0.90625
0.78125 0.96875
0.71875 0.96875
0.65625 0.96875
0.671875 0.921875
0.640625 0.921875
0.640625 0.890625
0.671875 0.890625
0.703125 0.890625
0.703125 0.921875
0.734375 0.921875
0.734375 0.890625
0.734375 0.859375
0.703125 0.859375
0.703125 0.828125
0.734375 0.828125
0.734375 0.796875
0.742188 0.773438
0.742188 0.757812
0.726562 0.757812
0.726562 0.773438
0.710938 0.773438
0.710938 0.757812
0.695312 0.757812
0.695312 0.773438
0.695312 0.789062
0.710938 0.789062
0.710938 0.804688
0.695312 0.804688
0.671875 0.796875
0.679688 0.773438
0.679688 0.757812
0.664062 0.757812
0.664062 0.773438
0.640625 0.765625
0.640625 0.796875
0.640625 0.828125
0.671875 0.828125
0.671875 0.859375
0.640625 0.859375
0.609375 0.859375
0.578125 0.859375
0.578125 0.828125
0.609375 0.828125
0.609375 0.796875
0.609375 0.765625
0.578125 0.765625
0.578125 0.796875
0.546875 0.796875
0.546875 0.765625
0.515625 0.765625
0.515625 0.796875
0.53125 0.84375
0.53125 0.90625
0.59375 0.90625
0.59375 0.96875
0.53125 0.96875
0.46875 0.96875
0.46875 0.90625
0.40625 0.90625
0.40625 0.96875
0.3125 0.9375
0.34375 0.84375
0.28125 0.84375
0.28125 0.78125
0.34375 0.78125
0.40625 0.78125
0.40625 0.84375
0.46875 0.84375
0.46875 0.78125
0.484375 0.734375
0.484375 0.703125
0.453125 0.703125
0.453125 0.734375
0.40625 0.71875
0.421875 0.671875
0.390625 0.671875
0.390625 0.640625
0.421875 0.640625
0.453125 0.640625
0.453125 0.671875
0.484375 0.671875
0.484375 0.640625
0.492188 0.617188
0.492188 0.601562
0.476562 0.601562
0.476562 0.617188
0.453125 0.609375
0.453125 0.578125
0.476562 0.570312
0.476562 0.585938
0.492188 0.585938
0.492188 0.570312
0.484375 0.546875
0.484375 0.515625
0.453125 0.515625
0.453125 0.546875
0.421875 0.546875
0.421875 0.515625
0.390625 0.515625
0.390625 0.546875
0.390625 0.578125
0.421875 0.578125
0.421875 0.609375
0.390625 0.609375
0.359375 0.609375
0.328125 0.609375
0.328125 0.578125
0.359375 0.578125
0.34375 0.53125
0.28125 0.53125
0.28125 0.59375
0.28125 0.65625
0.34375 0.65625
0.34375 0.71875
0.28125 0.71875
0.21875 0.71875
0.15625 0.71875
0.15625 0.65625
0.21875 0.65625
0.21875 0.59375
0.21875 0.53125
0.15625 0.53125
0.15625 0.59375
0.09375 0.59375
0.09375 0.53125
0.03125 0.53125
0.03125 0.59375
0.0625 0.6875
0.0625 0.8125
0.1875 0.8125
0.1875 0.9375
0.0625 0.9375
-0.0625 0.9375
-0.0625 0.8125
-0.1875 0.8125
-0.1875 0.9375
-0.375 0.875
-0.3125 0.6875
-0.4375 0.6875
-0.4375 0.5625
-0.3125 0.5625
-0.1875 0.5625
-0.1875 0.6875
-0.0625 0.6875
-0.0625 0.5625
-0.0625 0.4375
-0.1875 0.4375
-0.1875 0.3125
-0.0625 0.3125
-0.0625 0.1875
-0.0625 0.0625
-0.1875 0.0625
-0.1875 0.1875
-0.375 0.125
-0.4375 0.3125
-0.3125 0.3125
-0.3125 0.4375
-0.4375 0.4375
-0.625 0.375
-0.625 0.125
-0.875 0.125
-0.875 0.375
-0.875 0.625
-0.625 0.625
-0.625 0.875
-0.875 0.875
-0.875 1.125
-0.875 1.375
-0.625 1.375
-0.625 1.125
-0.375 1.125
-0.125 1.125
-0.125 1.375
-0.375 1.375
-0.375 1.625
-0.125 1.625
-0.125 1.875
-0.375 1.875
-0.75 1.75
-0.75 2.25
-0.75 2.75
-0.25 2.75
-0.25 2.25
0.125 2.125
0.375 2.125
0.375 2.375
0.125 2.375
0.25 2.75
0.625 2.625
0.625 2.875
0.875 2.875
0.875 2.625
0.875 2.375
0.625 2.375
0.625 2.125
0.875 2.125
0.875 1.875
0.9375 1.6875
0.9375 1.5625
0.8125 1.5625
0.8125 1.6875
0.6875 1.6875
0.6875 1.5625
0.5625 1.5625
0.5625 1.6875
0.625 1.875
0.375 1.875
0.125 1.875
0.125 1.625
0.375 1.625
0.4375 1.4375
0.4375 1.3125
0.3125 1.3125
0.3125 1.4375
0.125 1.375
0.1875 1.1875
0.0625 1.1875
0.0625 1.0625
0.1875 1.0625
0.3125 1.0625
0.3125 1.1875
0.4375 1.1875
0.4375 1.0625
0.53125 1.03125
0.53125 1.09375
0.59375 1.09375
0.59375 1.03125
0.65625 1.03125
0.71875 1.03125
0.71875 1.09375
0.65625 1.09375
0.65625 1.15625
0.71875 1.15625
0.71875 1.21875
0.65625 1.21875
0.5625 1.1875
0.5625 1.3125
0.5625 1.4375
0.6875 1.4375
0.6875 1.3125
0.8125 1.3125
0.8125 1.4375
0.9375 1.4375
0.9375 1.3125
0.9375 1.1875
0.8125 1.1875
0.84375 1.09375
0.78125 1.09375
0.78125 1.03125
0.84375 1.03125
0.9375 1.0625
1.0625 1.0625
1.1875 1.0625
1.1875 1.1875
1.0625 1.1875
1.0625 1.3125
1.0625 1.4375
1.1875 1.4375
1.1875 1.3125
1.375 1.375
1.4375 1.1875
1.3125 1.1875
1.3125 1.0625
1.4375 1.0625
1.625 1.125
1.875 1.125
1.875 1.375
1.625 1.375
1.625 1.625
1.875 1.625
1.875 1.875
1.625 1.875
1.375 1.875
1.375 1.625
1.125 1.625
1.125 1.875
1.125 2.125
1.375 2.125
1.375 2.375
1.125 2.375
1.25 2.75
1.75 2.75
1.75 2.25
2.5 2.5
2.5 1.5
2.5 0.5
1.875 0.875
1.875 0.625
1.6875 0.6875
1.6875 0.5625
1.5625 0.5625
1.5625 0.6875
1.5625 0.8125
1.6875 0.8125
1.6875 0.9375
1.5625 0.9375
1.4375 0.9375
1.4375 0.8125
1.3125 0.8125
1.3125 0.9375
1.1875 0.9375
1.0625 0.9375
1.09375 0.84375
1.03125 0.84375
1.03125 0.78125
1.09375 0.78125
1.1875 0.8125
1.21875 0.71875
1.21875 0.65625
1.15625 0.65625
1.15625 0.71875
1.09375 0.71875
1.03125 0.71875
1.03125 0.65625
1.09375 0.65625
1.09375 0.59375
1.03125 0.59375
1.03125 0.53125
1.09375 0.53125
1.15625 0.53125
1.15625 0.59375
1.21875 0.59375
1.21875 0.53125
1.3125 0.5625
1.3125 0.6875
1.4375 0.6875
1.4375 0.5625
1.4375 0.4375
1.4375 0.3125
1.3125 0.3125
1.3125 0.4375
1.21875 0.46875
1.21875 0.40625
1.15625 0.40625
1.15625 0.46875
1.09375 0.46875
1.03125 0.46875
1.03125 0.40625
1.09375 0.40625
1.09375 0.34375
1.03125 0.34375
1.03125 0.28125
1.09375 0.28125
1.1875 0.3125
1.1875 0.1875
1.0625 0.1875
1.0625 0.0625
1.1875 0.0625
1.3125 0.0625
1.3125 0.1875
1.4375 0.1875
1.4375 0.0625
1.625 0.125
1.5625 0.3125
1.5625 0.4375
1.6875 0.4375
1.6875 0.3125
1.875 0.375
1.875 0.125
1.875 -0.125
1.875 -0.375
1.625 -0.375
1.625 -0.125
1.375 -0.125
1.1875 -0.0625
1.0625 -0.0625
1.0625 -0.1875
1.1875 -0.1875
1.125 -0.375
1.375 -0.375
1.375 -0.625
1.125 -0.625
1.125 -0.875
1.375 -0.875
1.625 -0.875
1.625 -0.625
1.875 -0.625
1.875 -0.875
2.5 -0.5
