-0.875 -0.875
-0.625 -0.875
-0.625 -0.625
-0.875 -0.625
-0.875 -0.375
-0.875 -0.125
-0.625 -0.125
-0.625 -0.375
-0.375 -0.375
-0.375 -0.125
-0.125 -0.125
-0.125 -0.375
-0.25 -0.75
0.25 -0.75
0.75 -0.75
0.625 -0.375
0.875 -0.375
0.875 -0.125
0.625 -0.125
0.375 -0.125
0.375 -0.375
0.125 -0.375
0.125 -0.125
0.125 0.125
0.125 0.375
0.375 0.375
0.375 0.125
0.625 0.125
0.875 0.125
0.875 0.375
0.625 0.375
0.625 0.625
0.875 0.625
0.875 0.875
0.625 0.875
0.375 0.875
0.375 0.625
0.125 0.625
0.125 0.875
-0.125 0.875
-0.375 0.875
-0.375 0.625
-0.125 0.625
-0.125 0.375
-0.125 0.125
-0.375 0.125
-0.375 0.375
-0.625 0.375
-0.625 0.125
-0.875 0.125
-0.875 0.375
-0.875 0.625
-0.625 0.625
-0.625 0.875
-0.875 0.875
-0.875 1.125
-0.875 1.375
-0.625 1.375
-0.625 1.125
-0.375 1.125
-0.125 1.125
-0.125 1.375
-0.375 1.375
-0.25 1.75
-0.75 1.75
-0.75 2.25
-0.75 2.75
-0.25 2.75
-0.25 2.25
0.25 2.25
0.25 2.75
0.75 2.75
0.75 2.25
0.75 1.75
0.25 1.75
0.375 1.375
0.125 1.375
0.125 1.125
0.375 1.125
0.625 1.125
0.625 1.375
0.875 1.375
0.875 1.125
1.125 1.125
1.125 1.375
1.375 1.375
1.375 1.125
1.75 1.25
1.75 1.75
1.25 1.75
1.25 2.25
1.25 2.75
1.75 2.75
1.75 2.25
2.5 2.5
2.5 1.5
2.5 0.5
1.75 0.75
1.375 0.875
1.125 0.875
1.125 0.625
1.375 0.625
1.375 0.375
1.125 0.375
1.125 0.125
1.375 0.125
1.75 0.25
1.75 -0.25
1.375 -0.125
1.125 -0.125
1.125 -0.375
1.375 -0.375
1.25 -0.75
1.75 -0.75
2.5 -0.5
