-0.75 -0.75
-0.875 -0.375
-0.875 -0.125
-0.625 -0.125
-0.625 -0.375
-0.375 -0.375
-0.375 -0.125
-0.125 -0.125
-0.125 -0.375
-0.125 -0.625
-0.375 -0.625
-0.375 -0.875
-0.125 -0.875
0.125 -0.875
0.125 -0.625
0.375 -0.625
0.375 -0.875
0.625 -0.875
0.875 -0.875
0.875 -0.625
0.625 -0.625
0.5625 -0.4375
0.5625 -0.3125
0.6875 -0.3125
0.6875 -0.4375
0.8125 -0.4375
0.9375 -0.4375
0.9375 -0.3125
0.8125 -0.3125
0.8125 -0.1875
0.9375 -0.1875
0.9375 -0.0625
0.8125 -0.0625
0.6875 -0.0625
0.6875 -0.1875
0.5625 -0.1875
0.5625 -0.0625
0.4375 -0.0625
0.3125 -0.0625
0.3125 -0.1875
0.4375 -0.1875
0.4375 -0.3125
0.4375 -0.4375
0.3125 -0.4375
0.3125 -0.3125
0.125 -0.375
0.0625 -0.1875
0.1875 -0.1875
0.1875 -0.0625
0.0625 -0.0625
0.0625 0.0625
0.1875 0.0625
0.1875 0.1875
0.0625 0.1875
0.0625 0.3125
0.0625 0.4375
0.15625 0.40625
0.15625 0.46875
0.21875 0.46875
0.21875 0.40625
0.1875 0.3125
0.28125 0.28125
0.34375 0.28125
0.34375 0.34375
0.28125 0.34375
0.28125 0.40625
0.28125 0.46875
0.34375 0.46875
0.34375 0.40625
0.40625 0.40625
0.40625 0.46875
0.453125 0.453125
0.453125 0.484375
0.484375 0.484375
0.484375 0.453125
0.46875 0.40625
0.46875 0.34375
0.40625 0.34375
0.40625 0.28125
0.46875 0.28125
0.46875 0.21875
0.46875 0.15625
0.40625 0.15625
0.40625 0.21875
0.3125 0.1875
0.3125 0.0625
0.4375 0.0625
0.53125 0.03125
0.59375 0.03125
0.59375 0.09375
0.53125 0.09375
0.53125 0.15625
0.53125 0.21875
0.59375 0.21875
0.59375 0.15625
0.65625 0.15625
0.65625 0.21875
0.71875 0.21875
0.71875 0.15625
0.71875 0.09375
0.65625 0.09375
0.65625 0.03125
0.71875 0.03125
0.8125 0.0625
0.9375 0.0625
0.9375 0.1875
0.84375 0.21875
0.84375 0.15625
0.78125 0.15625
0.78125 0.21875
0.78125 0.28125
0.78125 0.34375
0.84375 0.34375
0.84375 0.28125
0.90625 0.28125
0.96875 0.28125
0.96875 0.34375
0.90625 0.34375
0.90625 0.40625
0.96875 0.40625
0.96875 0.46875
0.90625 0.46875
0.84375 0.46875
0.84375 0.40625
0.78125 0.40625
0.765625 0.453125
0.796875 0.453125
0.796875 0.484375
0.765625 0.484375
0.734375 0.484375
0.734375 0.453125
0.703125 0.453125
0.703125 0.484375
0.671875 0.484375
0.648438 0.492188
0.632812 0.492188
0.632812 0.476562
0.648438 0.476562
0.640625 0.453125
0.671875 0.453125
0.671875 0.421875
0.640625 0.421875
0.640625 0.390625
0.671875 0.390625
0.703125 0.390625
0.703125 0.421875
0.734375 0.421875
0.734375 0.390625
0.71875 0.34375
0.71875 0.28125
0.65625 0.28125
0.640625 0.328125
0.671875 0.328125
0.671875 0.359375
0.640625 0.359375
0.609375 0.359375
0.578125 0.359375
0.578125 0.328125
0.609375 0.328125
0.59375 0.28125
0.53125 0.28125
0.53125 0.34375
0.515625 0.390625
0.515625 0.421875
0.546875 0.421875
0.546875 0.390625
0.578125 0.390625
0.609375 0.390625
0.609375 0.421875
0.578125 0.421875
0.578125 0.453125
0.601562 0.445312
0.617188 0.445312
0.617188 0.460938
0.601562 0.460938
0.601562 0.476562
0.617188 0.476562
0.617188 0.492188
0.601562 0.492188
0.585938 0.492188
0.585938 0.476562
0.570312 0.476562
0.570312 0.492188
0.546875 0.484375
0.546875 0.453125
0.515625 0.453125
0.515625 0.484375
0.515625 0.515625
0.507812 0.539062
0.507812 0.554688
0.523438 0.554688
0.523438 0.539062
0.539062 0.539062
0.539062 0.554688
0.554688 0.554688
0.554688 0.539062
0.554688 0.523438
0.539062 0.523438
0.539062 0.507812
0.554688 0.507812
0.570312 0.507812
0.570312 0.523438
0.585938 0.523438
0.585938 0.507812
0.601562 0.507812
0.617188 0.507812
0.617188 0.523438
0.605469 0.527344
0.605469 0.519531
0.597656 0.519531
0.597656 0.527344
0.597656 0.535156
0.597656 0.542969
0.605469 0.542969
0.605469 0.535156
0.613281 0.535156
0.621094 0.535156
0.621094 0.542969
0.613281 0.542969
0.613281 0.550781
0.621094 0.550781
0.621094 0.558594
0.613281 0.558594
0.605469 0.558594
0.605469 0.550781
0.597656 0.550781
0.597656 0.558594
0.589844 0.558594
0.582031 0.558594
0.582031 0.550781
0.589844 0.550781
0.589844 0.542969
0.589844 0.535156
0.582031 0.535156
0.582031 0.542969
0.570312 0.539062
0.566406 0.550781
0.574219 0.550781
0.574219 0.558594
0.566406 0.558594
0.570312 0.570312
0.570312 0.585938
0.585938 0.585938
0.589844 0.574219
0.582031 0.574219
0.582031 0.566406
0.589844 0.566406
0.597656 0.566406
0.597656 0.574219
0.605469 0.574219
0.605469 0.566406
0.613281 0.566406
0.621094 0.566406
0.621094 0.574219
0.613281 0.574219
0.617188 0.585938
0.605469 0.589844
0.605469 0.582031
0.597656 0.582031
0.597656 0.589844
0.601562 0.601562
0.617188 0.601562
0.617188 0.617188
0.601562 0.617188
0.585938 0.617188
0.585938 0.601562
0.570312 0.601562
0.570312 0.617188
0.554688 0.617188
0.539062 0.617188
0.539062 0.601562
0.554688 0.601562
0.554688 0.585938
0.554688 0.570312
0.539062 0.570312
0.539062 0.585938
0.523438 0.585938
0.523438 0.570312
0.507812 0.570312
0.507812 0.585938
0.515625 0.609375
0.515625 0.640625
0.546875 0.640625
0.546875 0.671875
0.515625 0.671875
0.515625 0.703125
0.515625 0.734375
0.546875 0.734375
0.546875 0.703125
0.578125 0.703125
0.578125 0.734375
0.609375 0.734375
0.609375 0.703125
0.609375 0.671875
0.578125 0.671875
0.585938 0.648438
0.570312 0.648438
0.570312 0.632812
0.585938 0.632812
0.601562 0.632812
0.601562 0.648438
0.617188 0.648438
0.617188 0.632812
0.640625 0.640625
0.671875 0.640625
0.671875 0.671875
0.640625 0.671875
0.640625 0.703125
0.640625 0.734375
0.671875 0.734375
0.671875 0.703125
0.71875 0.71875
0.734375 0.671875
0.703125 0.671875
0.703125 0.640625
0.734375 0.640625
0.734375 0.609375
0.734375 0.578125
0.703125 0.578125
0.703125 0.609375
0.671875 0.609375
0.648438 0.617188
0.632812 0.617188
0.632812 0.601562
0.648438 0.601562
0.648438 0.585938
0.632812 0.585938
0.632812 0.570312
0.648438 0.570312
0.664062 0.570312
0.664062 0.585938
0.679688 0.585938
0.679688 0.570312
0.679688 0.554688
0.679688 0.539062
0.664062 0.539062
0.664062 0.554688
0.648438 0.554688
0.636719 0.558594
0.628906 0.558594
0.628906 0.550781
0.636719 0.550781
0.632812 0.539062
0.648438 0.539062
0.648438 0.523438
0.632812 0.523438
0.632812 0.507812
0.648438 0.507812
0.664062 0.507812
0.664062 0.523438
0.679688 0.523438
0.679688 0.507812
0.703125 0.515625
0.695312 0.539062
0.695312 0.554688
0.710938 0.554688
0.710938 0.539062
0.734375 0.546875
0.734375 0.515625
0.765625 0.515625
0.796875 0.515625
0.796875 0.546875
0.765625 0.546875
0.765625 0.578125
0.765625 0.609375
0.796875 0.609375
0.796875 0.578125
0.84375 0.59375
0.859375 0.546875
0.828125 0.546875
0.828125 0.515625
0.859375 0.515625
0.90625 0.53125
0.96875 0.53125
0.96875 0.59375
0.90625 0.59375
0.90625 0.65625
0.96875 0.65625
0.96875 0.71875
0.90625 0.71875
0.84375 0.71875
0.84375 0.65625
0.78125 0.65625
0.78125 0.71875
0.78125 0.78125
0.78125 0.84375
0.84375 0.84375
0.84375 0.78125
0.9375 0.8125
0.9375 0.9375
0.8125 0.9375
0.71875 0.96875
0.65625 0.96875
0.65625 0.90625
0.71875 0.90625
0.71875 0.84375
0.71875 0.78125
0.65625 0.78125
0.65625 0.84375
0.59375 0.84375
0.609375 0.796875
0.609375 0.765625
0.578125 0.765625
0.578125 0.796875
0.53125 0.78125
0.53125 0.84375
0.53125 0.90625
0.59375 0.90625
0.59375 0.96875
0.53125 0.96875
0.46875 0.96875
0.46875 0.90625
0.40625 0.90625
0.40625 0.96875
0.3125 0.9375
0.34375 0.84375
0.28125 0.84375
0.28125 0.78125
0.34375 0.78125
0.40625 0.78125
0.40625 0.84375
0.46875 0.84375
0.46875 0.78125
0.46875 0.71875
0.40625 0.71875
0.40625 0.65625
0.453125 0.640625
0.453125 0.671875
0.484375 0.671875
0.484375 0.640625
0.484375 0.609375
0.453125 0.609375
0.453125 0.578125
0.484375 0.578125
0.484375 0.546875
0.484375 0.515625
0.453125 0.515625
0.453125 0.546875
0.421875 0.546875
0.421875 0.515625
0.390625 0.515625
0.390625 0.546875
0.390625 0.578125
0.421875 0.578125
0.421875 0.609375
0.390625 0.609375
0.34375 0.59375
0.34375 0.53125
0.28125 0.53125
0.28125 0.59375
0.28125 0.65625
0.34375 0.65625
0.34375 0.71875
0.28125 0.71875
0.21875 0.71875
0.15625 0.71875
0.15625 0.65625
0.21875 0.65625
0.21875 0.59375
0.21875 0.53125
0.15625 0.53125
0.15625 0.59375
0.0625 0.5625
0.0625 0.6875
0.0625 0.8125
0.1875 0.8125
0.1875 0.9375
0.0625 0.9375
-0.0625 0.9375
-0.0625 0.8125
-0.1875 0.8125
-0.1875 0.9375
-0.375 0.875
-0.3125 0.6875
-0.4375 0.6875
-0.4375 0.5625
-0.3125 0.5625
-0.1875 0.5625
-0.1875 0.6875
-0.0625 0.6875
-0.0625 0.5625
-0.0625 0.4375
-0.1875 0.4375
-0.1875 0.3125
-0.0625 0.3125
-0.0625 0.1875
-0.0625 0.0625
-0.1875 0.0625
-0.1875 0.1875
-0.375 0.125
-0.4375 0.3125
-0.3125 0.3125
-0.3125 0.4375
-0.4375 0.4375
-0.625 0.375
-0.625 0.125
-0.875 0.125
-0.875 0.375
-0.875 0.625
-0.625 0.625
-0.625 0.875
-0.875 0.875
-0.875 1.125
-0.875 1.375
-0.625 1.375
-0.625 1.125
-0.375 1.125
-0.125 1.125
-0.125 1.375
-0.375 1.375
-0.375 1.625
-0.125 1.625
-0.125 1.875
-0.375 1.875
-0.75 1.75
-0.75 2.25
-0.75 2.75
-0.25 2.75
-0.25 2.25
0.125 2.125
0.375 2.125
0.375 2.375
0.125 2.375
0.25 2.75
0.625 2.625
0.625 2.875
0.875 2.875
0.875 2.625
0.875 2.375
0.625 2.375
0.625 2.125
0.875 2.125
0.875 1.875
0.875 1.625
0.6875 1.6875
0.6875 1.5625
0.5625 1.5625
0.5625 1.6875
0.625 1.875
0.375 1.875
0.125 1.875
0.125 1.625
0.375 1.625
0.4375 1.4375
0.4375 1.3125
0.3125 1.3125
0.3125 1.4375
0.125 1.375
0.1875 1.1875
0.0625 1.1875
0.0625 1.0625
0.1875 1.0625
0.3125 1.0625
0.3125 1.1875
0.4375 1.1875
0.4375 1.0625
0.53125 1.03125
0.53125 1.09375
0.59375 1.09375
0.59375 1.03125
0.6875 1.0625
0.6875 1.1875
0.5625 1.1875
0.5625 1.3125
0.5625 1.4375
0.6875 1.4375
0.6875 1.3125
0.8125 1.3125
0.8125 1.4375
0.9375 1.4375
0.9375 1.3125
0.9375 1.1875
0.8125 1.1875
0.8125 1.0625
0.9375 1.0625
1.0625 1.0625
1.1875 1.0625
1.1875 1.1875
1.0625 1.1875
1.125 1.375
1.375 1.375
1.375 1.125
1.625 1.125
1.875 1.125
1.875 1.375
1.625 1.375
1.625 1.625
1.875 1.625
1.875 1.875
1.625 1.875
1.375 1.875
1.375 1.625
1.125 1.625
1.125 1.875
1.125 2.125
1.375 2.125
1.375 2.375
1.125 2.375
1.25 2.75
1.75 2.75
1.75 2.25
2.5 2.5
2.5 1.5
2.5 0.5
1.875 0.875
1.875 0.625
1.6875 0.6875
1.6875 0.5625
1.5625 0.5625
1.5625 0.6875
1.625 0.875
1.4375 0.9375
1.4375 0.8125
1.3125 0.8125
1.3125 0.9375
1.1875 0.9375
1.0625 0.9375
1.0625 0.8125
1.1875 0.8125
1.1875 0.6875
1.0625 0.6875
1.09375 0.59375
1.03125 0.59375
1.03125 0.53125
1.09375 0.53125
1.1875 0.5625
1.3125 0.5625
1.3125 0.6875
1.4375 0.6875
1.4375 0.5625
1.4375 0.4375
1.4375 0.3125
1.3125 0.3125
1.3125 0.4375
1.1875 0.4375
1.09375 0.46875
1.03125 0.46875
1.03125 0.40625
1.09375 0.40625
1.0625 0.3125
1.1875 0.3125
1.1875 0.1875
1.0625 0.1875
1.0625 0.0625
1.1875 0.0625
1.3125 0.0625
1.3125 0.1875
1.4375 0.1875
1.4375 0.0625
1.625 0.125
1.5625 0.3125
1.5625 0.4375
1.6875 0.4375
1.6875 0.3125
1.875 0.375
1.875 0.125
1.875 -0.125
1.875 -0.375
1.625 -0.375
1.625 -0.125
1.375 -0.125
1.1875 -0.0625
1.0625 -0.0625
1.0625 -0.1875
1.1875 -0.1875
1.125 -0.375
1.375 -0.375
1.375 -0.625
1.125 -0.625
1.125 -0.875
1.375 -0.875
1.625 -0.875
1.625 -0.625
1.875 -0.625
1.875 -0.875
2.5 -0.5
