-0.75 -0.5
0.75 -0.5
0.375 0.25
1.125 0.25
1.125 0.75
0.375 0.75
-0.75 0.5
-1.125 1.25
-0.375 1.25
-0.375 1.75
-1.125 1.75
-1.125 2.25
-1.125 2.75
-0.5625 2.625
-0.5625 2.875
-0.1875 2.875
-0.1875 2.625
-0.375 2.25
0.1875 2.125
0.5625 2.125
0.5625 2.375
0.1875 2.375
0.1875 2.625
0.1875 2.875
0.46875 2.8125
0.46875 2.9375
0.65625 2.9375
0.65625 2.8125
0.65625 2.6875
0.46875 2.6875
0.46875 2.5625
0.65625 2.5625
0.84375 2.5625
0.984375 2.53125
1.07812 2.53125
1.07812 2.59375
0.984375 2.59375
0.984375 2.65625
1.07812 2.65625
1.05469 2.70312
1.10156 2.70312
1.10156 2.73438
1.05469 2.73438
0.984375 2.71875
0.890625 2.71875
0.890625 2.65625
0.796875 2.65625
0.796875 2.71875
0.796875 2.78125
0.890625 2.78125
0.890625 2.84375
0.796875 2.84375
0.84375 2.9375
0.984375 2.90625
0.984375 2.96875
1.07812 2.96875
1.07812 2.90625
1.10156 2.85938
1.10156 2.82812
1.05469 2.82812
1.05469 2.85938
0.984375 2.84375
0.984375 2.78125
1.05469 2.76562
1.05469 2.79688
1.10156 2.79688
1.10156 2.76562
1.14844 2.76562
1.14844 2.79688
1.19531 2.79688
1.19531 2.76562
1.24219 2.76562
1.28906 2.76562
1.28906 2.79688
1.24219 2.79688
1.24219 2.82812
1.28906 2.82812
1.28906 2.85938
1.24219 2.85938
1.19531 2.85938
1.19531 2.82812
1.14844 2.82812
1.14844 2.85938
1.14844 2.89062
1.19531 2.89062
1.19531 2.92188
1.14844 2.92188
1.17188 2.96875
1.26562 2.96875
1.28906 2.92188
1.24219 2.92188
1.24219 2.89062
1.28906 2.89062
1.33594 2.89062
1.38281 2.89062
1.38281 2.92188
1.33594 2.92188
1.35938 2.96875
1.45312 2.96875
1.45312 2.90625
1.47656 2.85938
1.47656 2.82812
1.42969 2.82812
1.42969 2.85938
1.38281 2.85938
1.33594 2.85938
1.33594 2.82812
1.38281 2.82812
1.38281 2.79688
1.33594 2.79688
1.33594 2.76562
1.38281 2.76562
1.42969 2.76562
1.42969 2.79688
1.47656 2.79688
1.47656 2.76562
1.47656 2.73438
1.42969 2.73438
1.42969 2.70312
1.47656 2.70312
1.45312 2.65625
1.38281 2.67188
1.38281 2.64062
1.33594 2.64062
1.33594 2.67188
1.33594 2.70312
1.38281 2.70312
1.38281 2.73438
1.33594 2.73438
1.28906 2.73438
1.28906 2.70312
1.24219 2.70312
1.24219 2.73438
1.19531 2.73438
1.14844 2.73438
1.14844 2.70312
1.19531 2.70312
1.19531 2.67188
1.14844 2.67188
1.14844 2.64062
1.19531 2.64062
1.24219 2.64062
1.24219 2.67188
1.28906 2.67188
1.28906 2.64062
1.26562 2.59375
1.17188 2.59375
1.17188 2.53125
1.26562 2.53125
1.35938 2.53125
1.35938 2.59375
1.45312 2.59375
1.45312 2.53125
1.40625 2.4375
1.40625 2.3125
1.21875 2.3125
1.21875 2.4375
1.03125 2.4375
0.84375 2.4375
0.84375 2.3125
1.03125 2.3125
0.9375 2.125
1.3125 2.125
1.3125 1.875
1.3125 1.625
0.9375 1.625
0.9375 1.875
0.375 1.75
0.375 1.25
1.125 1.25
1.875 1.25
2.625 1.25
2.625 1.75
2.0625 1.875
2.0625 1.625
1.6875 1.625
1.6875 1.875
1.6875 2.125
2.0625 2.125
2.0625 2.375
1.78125 2.4375
1.78125 2.3125
1.59375 2.3125
1.59375 2.4375
1.59375 2.5625
1.78125 2.5625
1.78125 2.6875
1.64062 2.71875
1.64062 2.65625
1.54688 2.65625
1.54688 2.71875
1.54688 2.78125
1.64062 2.78125
1.64062 2.84375
1.54688 2.84375
1.54688 2.90625
1.54688 2.96875
1.64062 2.96875
1.64062 2.90625
1.78125 2.9375
1.78125 2.8125
1.96875 2.8125
1.96875 2.9375
2.15625 2.9375
2.15625 2.8125
2.15625 2.6875
1.96875 2.6875
1.96875 2.5625
2.15625 2.5625
2.4375 2.625
2.4375 2.875
2.8125 2.875
2.8125 2.625
2.8125 2.375
2.4375 2.375
2.4375 2.125
2.8125 2.125
3.375 2.25
3.375 2.75
4.125 2.75
4.125 2.25
4.125 1.75
3.375 1.75
3.375 1.25
4.125 1.25
3.75 0.5
2.625 0.75
1.875 0.75
1.875 0.25
2.625 0.25
2.25 -0.5
3.75 -0.5
