-0.75 -0.5
0.75 -0.5
0.375 0.25
1.125 0.25
1.125 0.75
0.375 0.75
-0.75 0.5
-1.125 1.25
-0.375 1.25
-0.375 1.75
-1.125 1.75
-1.125 2.25
-1.125 2.75
-0.5625 2.625
-0.5625 2.875
-0.1875 2.875
-0.1875 2.625
-0.375 2.25
0.1875 2.125
0.5625 2.125
0.5625 2.375
0.1875 2.375
0.1875 2.625
0.1875 2.875
0.46875 2.8125
0.46875 2.9375
0.65625 2.9375
0.65625 2.8125
0.5625 2.625
0.84375 2.5625
1.03125 2.5625
1.03125 2.6875
0.84375 2.6875
0.84375 2.8125
0.796875 2.90625
0.796875 2.96875
0.890625 2.96875
0.890625 2.90625
0.984375 2.90625
0.984375 2.96875
1.05469 2.95312
1.05469 2.98438
1.10156 2.98438
1.10156 2.95312
1.10156 2.92188
1.05469 2.92188
1.05469 2.89062
1.10156 2.89062
1.07812 2.84375
0.984375 2.84375
0.984375 2.78125
1.07812 2.78125
1.17188 2.78125
1.26562 2.78125
1.24219 2.82812
1.28906 2.82812
1.28906 2.85938
1.24219 2.85938
1.19531 2.85938
1.19531 2.82812
1.14844 2.82812
1.14844 2.85938
1.14844 2.89062
1.19531 2.89062
1.19531 2.92188
1.14844 2.92188
1.14844 2.95312
1.14844 2.98438
1.19531 2.98438
1.19531 2.95312
1.24219 2.95312
1.24219 2.98438
1.28906 2.98438
1.28906 2.95312
1.28906 2.92188
1.24219 2.92188
1.24219 2.89062
1.28906 2.89062
1.33594 2.89062
1.38281 2.89062
1.38281 2.92188
1.33594 2.92188
1.33594 2.95312
1.33594 2.98438
1.38281 2.98438
1.38281 2.95312
1.42969 2.95312
1.42969 2.98438
1.47656 2.98438
1.47656 2.95312
1.47656 2.92188
1.42969 2.92188
1.42969 2.89062
1.47656 2.89062
1.45312 2.84375
1.38281 2.85938
1.33594 2.85938
1.33594 2.82812
1.38281 2.82812
1.35938 2.78125
1.45312 2.78125
1.45312 2.71875
1.45312 2.65625
1.35938 2.65625
1.35938 2.71875
1.26562 2.71875
1.17188 2.71875
1.17188 2.65625
1.26562 2.65625
1.21875 2.5625
1.40625 2.5625
1.40625 2.4375
1.40625 2.3125
1.21875 2.3125
1.21875 2.4375
0.9375 2.375
0.9375 2.125
1.3125 2.125
1.3125 1.875
1.3125 1.625
0.9375 1.625
0.9375 1.875
0.375 1.75
0.375 1.25
1.125 1.25
1.875 1.25
2.625 1.25
2.625 1.75
1.875 1.75
1.6875 2.125
2.0625 2.125
2.0625 2.375
1.6875 2.375
1.59375 2.5625
1.78125 2.5625
1.78125 2.6875
1.59375 2.6875
1.54688 2.78125
1.64062 2.78125
1.64062 2.84375
1.54688 2.84375
1.54688 2.90625
1.52344 2.95312
1.52344 2.98438
1.57031 2.98438
1.57031 2.95312
1.64062 2.96875
1.64062 2.90625
1.73438 2.90625
1.73438 2.96875
1.82812 2.96875
1.82812 2.90625
1.78125 2.8125
1.96875 2.8125
1.96875 2.9375
2.15625 2.9375
2.15625 2.8125
2.0625 2.625
2.4375 2.625
2.4375 2.875
2.8125 2.875
2.8125 2.625
2.625 2.25
3.375 2.25
3.375 2.75
4.125 2.75
4.125 2.25
3.75 1.5
3.75 0.5
2.25 0.5
2.25 -0.5
3.75 -0.5
