-0.75 -0.5
0.75 -0.5
0.375 0.25
1.125 0.25
1.125 0.75
0.375 0.75
-0.75 0.5
-1.125 1.25
-0.375 1.25
-0.375 1.75
-1.125 1.75
-1.125 2.25
-1.125 2.75
-0.5625 2.625
-0.5625 2.875
-0.1875 2.875
-0.1875 2.625
-0.1875 2.375
-0.5625 2.375
-0.5625 2.125
-0.1875 2.125
0.1875 2.125
0.5625 2.125
0.46875 2.3125
0.65625 2.3125
0.65625 2.4375
0.46875 2.4375
0.1875 2.375
0.1875 2.625
0.1875 2.875
0.46875 2.8125
0.46875 2.9375
0.65625 2.9375
0.65625 2.8125
0.65625 2.6875
0.46875 2.6875
0.46875 2.5625
0.65625 2.5625
0.796875 2.53125
0.796875 2.59375
0.890625 2.59375
0.890625 2.53125
0.960938 2.51562
0.960938 2.54688
1.00781 2.54688
1.00781 2.51562
1.05469 2.51562
1.10156 2.51562
1.10156 2.54688
1.05469 2.54688
1.05469 2.57812
1.10156 2.57812
1.10156 2.60938
1.05469 2.60938
1.00781 2.60938
1.00781 2.57812
0.960938 2.57812
0.960938 2.60938
0.960938 2.64062
0.960938 2.67188
1.00781 2.67188
1.00781 2.64062
1.05469 2.64062
1.10156 2.64062
1.10156 2.67188
1.05469 2.67188
1.05469 2.70312
1.10156 2.70312
1.10156 2.73438
1.05469 2.73438
0.984375 2.71875
0.890625 2.71875
0.890625 2.65625
0.796875 2.65625
0.796875 2.71875
0.84375 2.8125
0.84375 2.9375
1.03125 2.9375
1.07812 2.84375
0.984375 2.84375
0.984375 2.78125
1.07812 2.78125
1.14844 2.76562
1.14844 2.79688
1.19531 2.79688
1.19531 2.76562
1.26562 2.78125
1.26562 2.84375
1.17188 2.84375
1.17188 2.90625
1.17188 2.96875
1.26562 2.96875
1.26562 2.90625
1.40625 2.9375
1.45312 2.84375
1.35938 2.84375
1.35938 2.78125
1.45312 2.78125
1.45312 2.71875
1.45312 2.65625
1.38281 2.67188
1.38281 2.64062
1.33594 2.64062
1.33594 2.67188
1.35938 2.71875
1.28906 2.73438
1.28906 2.70312
1.24219 2.70312
1.24219 2.73438
1.19531 2.73438
1.14844 2.73438
1.14844 2.70312
1.19531 2.70312
1.19531 2.67188
1.14844 2.67188
1.14844 2.64062
1.19531 2.64062
1.24219 2.64062
1.24219 2.67188
1.28906 2.67188
1.28906 2.64062
1.28906 2.60938
1.28906 2.57812
1.24219 2.57812
1.24219 2.60938
1.19531 2.60938
1.14844 2.60938
1.14844 2.57812
1.19531 2.57812
1.19531 2.54688
1.14844 2.54688
1.14844 2.51562
1.19531 2.51562
1.24219 2.51562
1.24219 2.54688
1.28906 2.54688
1.28906 2.51562
1.33594 2.51562
1.38281 2.51562
1.38281 2.54688
1.33594 2.54688
1.33594 2.57812
1.33594 2.60938
1.38281 2.60938
1.38281 2.57812
1.45312 2.59375
1.45312 2.53125
1.45312 2.46875
1.35938 2.46875
1.35938 2.40625
1.45312 2.40625
1.40625 2.3125
1.26562 2.34375
1.26562 2.28125
1.17188 2.28125
1.17188 2.34375
1.17188 2.40625
1.26562 2.40625
1.24219 2.45312
1.28906 2.45312
1.28906 2.48438
1.24219 2.48438
1.19531 2.48438
1.19531 2.45312
1.14844 2.45312
1.14844 2.48438
1.10156 2.48438
1.05469 2.48438
1.05469 2.45312
1.10156 2.45312
1.07812 2.40625
0.984375 2.40625
0.984375 2.46875
0.890625 2.46875
0.796875 2.46875
0.796875 2.40625
0.890625 2.40625
0.84375 2.3125
0.984375 2.28125
0.984375 2.34375
1.07812 2.34375
1.07812 2.28125
1.03125 2.1875
0.84375 2.1875
0.84375 2.0625
1.03125 2.0625
1.21875 2.0625
1.21875 2.1875
1.40625 2.1875
1.40625 2.0625
1.3125 1.875
1.3125 1.625
0.9375 1.625
0.9375 1.875
0.5625 1.875
0.1875 1.875
0.1875 1.625
0.5625 1.625
0.375 1.25
1.125 1.25
1.875 1.25
2.625 1.25
2.625 1.75
2.0625 1.875
2.0625 1.625
1.6875 1.625
1.6875 1.875
1.6875 2.125
2.0625 2.125
2.0625 2.375
1.78125 2.4375
1.78125 2.3125
1.59375 2.3125
1.59375 2.4375
1.54688 2.53125
1.54688 2.59375
1.64062 2.59375
1.64062 2.53125
1.78125 2.5625
1.78125 2.6875
1.64062 2.71875
1.64062 2.65625
1.54688 2.65625
1.54688 2.71875
1.59375 2.8125
1.59375 2.9375
1.78125 2.9375
1.78125 2.8125
2.0625 2.875
2.15625 2.6875
1.96875 2.6875
1.96875 2.5625
2.15625 2.5625
2.4375 2.625
2.4375 2.875
2.8125 2.875
2.8125 2.625
2.8125 2.375
2.4375 2.375
2.4375 2.125
2.8125 2.125
3.375 2.25
3.375 2.75
4.125 2.75
4.125 2.25
4.125 1.75
3.375 1.75
3.375 1.25
4.125 1.25
3.75 0.5
2.625 0.75
1.875 0.75
1.875 0.25
2.625 0.25
2.25 -0.5
3.75 -0.5
