-0.75 -0.5
0.375 -0.75
1.125 -0.75
1.125 -0.25
0.375 -0.25
0.375 0.25
1.125 0.25
0.9375 0.625
1.3125 0.625
1.3125 0.875
0.9375 0.875
0.5625 0.875
0.5625 0.625
0.1875 0.625
0.1875 0.875
-0.375 0.75
-0.375 0.25
-1.125 0.25
-1.125 0.75
-1.125 1.25
-0.5625 1.125
-0.1875 1.125
-0.1875 1.375
-0.5625 1.375
-0.5625 1.625
-0.1875 1.625
-0.1875 1.875
-0.5625 1.875
-1.125 1.75
-1.125 2.25
-1.125 2.75
-0.375 2.75
-0.1875 2.375
-0.5625 2.375
-0.5625 2.125
-0.1875 2.125
0.1875 2.125
0.46875 2.0625
0.65625 2.0625
0.65625 2.1875
0.46875 2.1875
0.5625 2.375
0.1875 2.375
0.1875 2.625
0.1875 2.875
0.5625 2.875
0.5625 2.625
0.9375 2.625
0.9375 2.875
1.3125 2.875
1.3125 2.625
1.3125 2.375
0.9375 2.375
1.03125 2.1875
0.84375 2.1875
0.84375 2.0625
1.03125 2.0625
1.3125 2.125
1.40625 1.9375
1.21875 1.9375
1.21875 1.8125
1.40625 1.8125
1.40625 1.6875
1.40625 1.5625
1.26562 1.59375
1.26562 1.53125
1.17188 1.53125
1.17188 1.59375
1.17188 1.65625
1.26562 1.65625
1.26562 1.71875
1.17188 1.71875
1.07812 1.71875
1.00781 1.73438
0.960938 1.73438
0.960938 1.70312
1.00781 1.70312
1.00781 1.67188
0.960938 1.67188
0.960938 1.64062
1.00781 1.64062
1.05469 1.64062
1.05469 1.67188
1.10156 1.67188
1.10156 1.64062
1.10156 1.60938
1.05469 1.60938
1.05469 1.57812
1.10156 1.57812
1.10156 1.54688
1.10156 1.51562
1.05469 1.51562
1.05469 1.54688
1.00781 1.54688
1.00781 1.51562
0.960938 1.51562
0.960938 1.54688
0.960938 1.57812
1.00781 1.57812
1.00781 1.60938
0.960938 1.60938
0.914062 1.60938
0.867188 1.60938
0.867188 1.57812
0.914062 1.57812
0.914062 1.54688
0.914062 1.51562
0.867188 1.51562
0.867188 1.54688
0.820312 1.54688
0.820312 1.51562
0.773438 1.51562
0.773438 1.54688
0.773438 1.57812
0.820312 1.57812
0.820312 1.60938
0.773438 1.60938
0.773438 1.64062
0.773438 1.67188
0.820312 1.67188
0.820312 1.64062
0.867188 1.64062
0.914062 1.64062
0.914062 1.67188
0.867188 1.67188
0.867188 1.70312
0.914062 1.70312
0.914062 1.73438
0.867188 1.73438
0.820312 1.73438
0.820312 1.70312
0.773438 1.70312
0.773438 1.73438
0.796875 1.78125
0.796875 1.84375
0.890625 1.84375
0.914062 1.79688
0.867188 1.79688
0.867188 1.76562
0.914062 1.76562
0.984375 1.78125
1.07812 1.78125
1.07812 1.84375
0.984375 1.84375
1.03125 1.9375
0.890625 1.96875
0.890625 1.90625
0.796875 1.90625
0.796875 1.96875
0.65625 1.9375
0.703125 1.84375
0.703125 1.78125
0.609375 1.78125
0.609375 1.84375
0.46875 1.8125
0.46875 1.9375
0.28125 1.9375
0.09375 1.9375
0.09375 1.8125
0.28125 1.8125
0.28125 1.6875
0.09375 1.6875
0.09375 1.5625
0.28125 1.5625
0.421875 1.53125
0.515625 1.53125
0.515625 1.59375
0.421875 1.59375
0.421875 1.65625
0.421875 1.71875
0.515625 1.71875
0.515625 1.65625
0.609375 1.65625
0.609375 1.71875
0.703125 1.71875
0.726562 1.67188
0.679688 1.67188
0.679688 1.64062
0.726562 1.64062
0.726562 1.60938
0.726562 1.57812
0.679688 1.57812
0.679688 1.60938
0.609375 1.59375
0.609375 1.53125
0.679688 1.51562
0.679688 1.54688
0.726562 1.54688
0.726562 1.51562
0.703125 1.46875
0.609375 1.46875
0.609375 1.40625
0.703125 1.40625
0.65625 1.3125
0.46875 1.3125
0.46875 1.4375
0.28125 1.4375
0.09375 1.4375
0.09375 1.3125
0.28125 1.3125
0.1875 1.125
0.46875 1.0625
0.46875 1.1875
0.65625 1.1875
0.65625 1.0625
0.84375 1.0625
1.03125 1.0625
1.03125 1.1875
0.84375 1.1875
0.796875 1.28125
0.890625 1.28125
0.890625 1.34375
0.796875 1.34375
0.796875 1.40625
0.773438 1.45312
0.773438 1.48438
0.820312 1.48438
0.820312 1.45312
0.867188 1.45312
0.867188 1.48438
0.914062 1.48438
0.914062 1.45312
0.890625 1.40625
0.984375 1.40625
0.960938 1.45312
0.960938 1.48438
1.00781 1.48438
1.00781 1.45312
1.07812 1.46875
1.07812 1.40625
1.07812 1.34375
0.984375 1.34375
0.984375 1.28125
1.07812 1.28125
1.21875 1.3125
1.17188 1.40625
1.17188 1.46875
1.26562 1.46875
1.26562 1.40625
1.40625 1.4375
1.40625 1.3125
1.40625 1.1875
1.21875 1.1875
1.21875 1.0625
1.40625 1.0625
1.6875 1.125
1.59375 1.3125
1.59375 1.4375
1.78125 1.4375
1.78125 1.3125
2.0625 1.375
2.0625 1.125
2.4375 1.125
2.8125 1.125
2.8125 1.375
2.4375 1.375
2.4375 1.625
2.8125 1.625
2.8125 1.875
2.4375 1.875
2.0625 1.875
2.0625 1.625
1.78125 1.6875
1.78125 1.5625
1.59375 1.5625
1.59375 1.6875
1.6875 1.875
1.6875 2.125
2.0625 2.125
2.0625 2.375
1.6875 2.375
1.875 2.75
2.625 2.75
2.625 2.25
3.375 2.25
3.375 2.75
4.125 2.75
4.125 2.25
4.125 1.75
3.375 1.75
3.375 1.25
4.125 1.25
4.125 0.75
4.125 0.25
3.375 0.25
3.375 0.75
2.625 0.75
2.0625 0.875
1.6875 0.875
1.6875 0.625
2.0625 0.625
1.875 0.25
2.625 0.25
2.625 -0.25
1.875 -0.25
1.875 -0.75
2.625 -0.75
3.75 -0.5
