-0.375 -0.375
-0.375 -0.125
-0.1875 -0.1875
-0.1875 -0.0625
-0.0625 -0.0625
-0.0625 -0.1875
-0.125 -0.375
0.125 -0.375
0.375 -0.375
0.3125 -0.1875
0.4375 -0.1875
0.40625 -0.09375
0.46875 -0.09375
0.453125 -0.046875
0.484375 -0.046875
0.484375 -0.015625
0.453125 -0.015625
0.421875 -0.015625
0.421875 -0.046875
0.390625 -0.046875
0.390625 -0.015625
0.359375 -0.015625
0.328125 -0.015625
0.328125 -0.046875
0.359375 -0.046875
0.34375 -0.09375
0.28125 -0.09375
0.28125 -0.03125
0.21875 -0.03125
0.15625 -0.03125
0.15625 -0.09375
0.21875 -0.09375
0.1875 -0.1875
0.0625 -0.1875
0.0625 -0.0625
0.0625 0.0625
0.03125 0.15625
0.03125 0.21875
0.09375 0.21875
0.09375 0.15625
0.15625 0.15625
0.15625 0.21875
0.203125 0.203125
0.203125 0.234375
0.234375 0.234375
0.234375 0.203125
0.234375 0.171875
0.203125 0.171875
0.203125 0.140625
0.234375 0.140625
0.21875 0.09375
0.15625 0.09375
0.15625 0.03125
0.21875 0.03125
0.28125 0.03125
0.265625 0.078125
0.265625 0.109375
0.296875 0.109375
0.296875 0.078125
0.328125 0.078125
0.328125 0.109375
0.351562 0.101562
0.351562 0.117188
0.367188 0.117188
0.367188 0.101562
0.359375 0.078125
0.359375 0.046875
0.328125 0.046875
0.328125 0.015625
0.359375 0.015625
0.390625 0.015625
0.390625 0.046875
0.414062 0.0390625
0.414062 0.0546875
0.429688 0.0546875
0.429688 0.0390625
0.421875 0.015625
0.453125 0.015625
0.484375 0.015625
0.476562 0.0390625
0.492188 0.0390625
0.492188 0.0546875
0.476562 0.0546875
0.460938 0.0546875
0.460938 0.0390625
0.445312 0.0390625
0.445312 0.0546875
0.445312 0.0703125
0.441406 0.0820312
0.441406 0.0898438
0.449219 0.0898438
0.449219 0.0820312
0.457031 0.0820312
0.457031 0.0898438
0.464844 0.0898438
0.464844 0.0820312
0.460938 0.0703125
0.472656 0.0664062
0.472656 0.0742188
0.480469 0.0742188
0.480469 0.0664062
0.488281 0.0664062
0.496094 0.0664062
0.496094 0.0742188
0.488281 0.0742188
0.488281 0.0820312
0.496094 0.0820312
0.494141 0.0878906
0.498047 0.0878906
0.498047 0.0917969
0.494141 0.0917969
0.490234 0.0917969
0.490234 0.0878906
0.486328 0.0878906
0.486328 0.0917969
0.482422 0.0917969
0.478516 0.0917969
0.478516 0.0878906
0.482422 0.0878906
0.480469 0.0820312
0.472656 0.0820312
0.472656 0.0898438
0.470703 0.0957031
0.474609 0.0957031
0.474609 0.0996094
0.470703 0.0996094
0.470703 0.103516
0.470703 0.107422
0.474609 0.107422
0.474609 0.103516
0.478516 0.103516
0.478516 0.107422
0.482422 0.107422
0.482422 0.103516
0.482422 0.0996094
0.478516 0.0996094
0.478516 0.0957031
0.482422 0.0957031
0.486328 0.0957031
0.486328 0.0996094
0.490234 0.0996094
0.490234 0.0957031
0.494141 0.0957031
0.498047 0.0957031
0.498047 0.0996094
0.494141 0.0996094
0.494141 0.103516
0.498047 0.103516
0.498047 0.107422
0.494141 0.107422
0.490234 0.107422
0.490234 0.103516
0.486328 0.103516
0.486328 0.107422
0.488281 0.113281
0.496094 0.113281
0.496094 0.121094
0.488281 0.121094
0.480469 0.121094
0.482422 0.115234
0.482422 0.111328
0.478516 0.111328
0.478516 0.115234
0.474609 0.115234
0.474609 0.111328
0.470703 0.111328
0.470703 0.115234
0.472656 0.121094
0.464844 0.121094
0.457031 0.121094
0.458984 0.115234
0.455078 0.115234
0.455078 0.111328
0.458984 0.111328
0.462891 0.111328
0.462891 0.115234
0.466797 0.115234
0.466797 0.111328
0.466797 0.107422
0.462891 0.107422
0.462891 0.103516
0.466797 0.103516
0.466797 0.0996094
0.466797 0.0957031
0.462891 0.0957031
0.462891 0.0996094
0.458984 0.0996094
0.458984 0.0957031
0.455078 0.0957031
0.455078 0.0996094
0.455078 0.103516
0.458984 0.103516
0.458984 0.107422
0.455078 0.107422
0.451172 0.107422
0.447266 0.107422
0.447266 0.103516
0.451172 0.103516
0.451172 0.0996094
0.451172 0.0957031
0.447266 0.0957031
0.447266 0.0996094
0.441406 0.0976562
0.439453 0.103516
0.443359 0.103516
0.443359 0.107422
0.439453 0.107422
0.439453 0.111328
0.439453 0.115234
0.443359 0.115234
0.443359 0.111328
0.447266 0.111328
0.451172 0.111328
0.451172 0.115234
0.447266 0.115234
0.447266 0.119141
0.451172 0.119141
0.451172 0.123047
0.447266 0.123047
0.443359 0.123047
0.443359 0.119141
0.439453 0.119141
0.439453 0.123047
0.435547 0.123047
0.431641 0.123047
0.431641 0.119141
0.435547 0.119141
0.435547 0.115234
0.435547 0.111328
0.431641 0.111328
0.431641 0.115234
0.427734 0.115234
0.427734 0.111328
0.423828 0.111328
0.423828 0.115234
0.423828 0.119141
0.427734 0.119141
0.427734 0.123047
0.423828 0.123047
0.419922 0.123047
0.419922 0.119141
0.416016 0.119141
0.416016 0.123047
0.412109 0.123047
0.408203 0.123047
0.408203 0.119141
0.412109 0.119141
0.410156 0.113281
0.416016 0.111328
0.416016 0.115234
0.419922 0.115234
0.419922 0.111328
0.417969 0.105469
0.410156 0.105469
0.410156 0.0976562
0.417969 0.0976562
0.425781 0.0976562
0.425781 0.105469
0.431641 0.103516
0.431641 0.107422
0.435547 0.107422
0.435547 0.103516
0.433594 0.0976562
0.433594 0.0898438
0.425781 0.0898438
0.425781 0.0820312
0.433594 0.0820312
0.429688 0.0703125
0.414062 0.0703125
0.414062 0.0859375
0.398438 0.0859375
0.398438 0.0703125
0.382812 0.0703125
0.382812 0.0859375
0.382812 0.101562
0.398438 0.101562
0.394531 0.113281
0.402344 0.113281
0.402344 0.121094
0.394531 0.121094
0.386719 0.121094
0.386719 0.113281
0.378906 0.113281
0.378906 0.121094
0.378906 0.128906
0.378906 0.136719
0.384766 0.134766
0.384766 0.138672
0.388672 0.138672
0.388672 0.134766
0.386719 0.128906
0.394531 0.128906
0.400391 0.126953
0.404297 0.126953
0.404297 0.130859
0.400391 0.130859
0.400391 0.134766
0.404297 0.134766
0.404297 0.138672
0.400391 0.138672
0.396484 0.138672
0.396484 0.134766
0.392578 0.134766
0.392578 0.138672
0.392578 0.142578
0.392578 0.146484
0.396484 0.146484
0.396484 0.142578
0.400391 0.142578
0.404297 0.142578
0.404297 0.146484
0.400391 0.146484
0.402344 0.152344
0.396484 0.154297
0.396484 0.150391
0.392578 0.150391
0.392578 0.154297
0.388672 0.154297
0.384766 0.154297
0.384766 0.150391
0.388672 0.150391
0.388672 0.146484
0.388672 0.142578
0.384766 0.142578
0.384766 0.146484
0.380859 0.146484
0.380859 0.142578
0.376953 0.142578
0.376953 0.146484
0.376953 0.150391
0.380859 0.150391
0.380859 0.154297
0.376953 0.154297
0.376953 0.158203
0.376953 0.162109
0.380859 0.162109
0.380859 0.158203
0.384766 0.158203
0.388672 0.158203
0.388672 0.162109
0.384766 0.162109
0.384766 0.166016
0.388672 0.166016
0.388672 0.169922
0.384766 0.169922
0.380859 0.169922
0.380859 0.166016
0.376953 0.166016
0.376953 0.169922
0.376953 0.173828
0.380859 0.173828
0.380859 0.177734
0.376953 0.177734
0.378906 0.183594
0.386719 0.183594
0.386719 0.175781
0.394531 0.175781
0.394531 0.183594
0.402344 0.183594
0.402344 0.175781
0.402344 0.167969
0.394531 0.167969
0.394531 0.160156
0.402344 0.160156
0.414062 0.164062
0.414062 0.179688
0.429688 0.179688
0.429688 0.164062
0.433594 0.152344
0.433594 0.144531
0.425781 0.144531
0.425781 0.152344
0.417969 0.152344
0.410156 0.152344
0.410156 0.144531
0.417969 0.144531
0.419922 0.138672
0.419922 0.134766
0.416016 0.134766
0.416016 0.138672
0.412109 0.138672
0.408203 0.138672
0.408203 0.134766
0.412109 0.134766
0.412109 0.130859
0.408203 0.130859
0.408203 0.126953
0.412109 0.126953
0.416016 0.126953
0.416016 0.130859
0.419922 0.130859
0.419922 0.126953
0.423828 0.126953
0.427734 0.126953
0.427734 0.130859
0.423828 0.130859
0.425781 0.136719
0.433594 0.136719
0.433594 0.128906
0.441406 0.128906
0.449219 0.128906
0.449219 0.136719
0.441406 0.136719
0.445312 0.148438
0.460938 0.148438
0.464844 0.136719
0.457031 0.136719
0.457031 0.128906
0.464844 0.128906
0.472656 0.128906
0.472656 0.136719
0.480469 0.136719
0.480469 0.128906
0.492188 0.132812
0.492188 0.148438
0.476562 0.148438
0.476562 0.164062
0.492188 0.164062
0.492188 0.179688
0.476562 0.179688
0.460938 0.179688
0.460938 0.164062
0.445312 0.164062
0.445312 0.179688
0.453125 0.203125
0.484375 0.203125
0.484375 0.234375
0.453125 0.234375
0.429688 0.242188
0.414062 0.242188
0.414062 0.226562
0.429688 0.226562
0.429688 0.210938
0.429688 0.195312
0.414062 0.195312
0.414062 0.210938
0.398438 0.210938
0.398438 0.195312
0.386719 0.199219
0.386719 0.191406
0.378906 0.191406
0.378906 0.199219
0.378906 0.207031
0.386719 0.207031
0.386719 0.214844
0.378906 0.214844
0.378906 0.222656
0.378906 0.230469
0.386719 0.230469
0.386719 0.222656
0.398438 0.226562
0.398438 0.242188
0.382812 0.242188
0.371094 0.246094
0.363281 0.246094
0.363281 0.238281
0.371094 0.238281
0.371094 0.230469
0.371094 0.222656
0.365234 0.224609
0.365234 0.220703
0.361328 0.220703
0.361328 0.224609
0.361328 0.228516
0.365234 0.228516
0.365234 0.232422
0.361328 0.232422
0.357422 0.232422
0.353516 0.232422
0.353516 0.228516
0.357422 0.228516
0.357422 0.224609
0.357422 0.220703
0.353516 0.220703
0.353516 0.224609
0.349609 0.224609
0.349609 0.220703
0.345703 0.220703
0.345703 0.224609
0.345703 0.228516
0.349609 0.228516
0.349609 0.232422
0.345703 0.232422
0.345703 0.236328
0.345703 0.240234
0.349609 0.240234
0.349609 0.236328
0.353516 0.236328
0.357422 0.236328
0.357422 0.240234
0.353516 0.240234
0.353516 0.244141
0.357422 0.244141
0.357422 0.248047
0.353516 0.248047
0.349609 0.248047
0.349609 0.244141
0.345703 0.244141
0.345703 0.248047
0.341797 0.248047
0.337891 0.248047
0.337891 0.244141
0.341797 0.244141
0.341797 0.240234
0.341797 0.236328
0.337891 0.236328
0.337891 0.240234
0.332031 0.238281
0.332031 0.246094
0.324219 0.246094
0.316406 0.246094
0.316406 0.238281
0.324219 0.238281
0.324219 0.230469
0.316406 0.230469
0.316406 0.222656
0.324219 0.222656
0.332031 0.222656
0.332031 0.230469
0.337891 0.228516
0.337891 0.232422
0.341797 0.232422
0.341797 0.228516
0.339844 0.222656
0.339844 0.214844
0.339844 0.207031
0.332031 0.207031
0.332031 0.214844
0.320312 0.210938
0.320312 0.195312
0.332031 0.191406
0.332031 0.199219
0.339844 0.199219
0.339844 0.191406
0.347656 0.191406
0.353516 0.189453
0.357422 0.189453
0.357422 0.193359
0.353516 0.193359
0.353516 0.197266
0.357422 0.197266
0.357422 0.201172
0.353516 0.201172
0.349609 0.201172
0.349609 0.197266
0.345703 0.197266
0.345703 0.201172
0.345703 0.205078
0.349609 0.205078
0.349609 0.208984
0.345703 0.208984
0.345703 0.212891
0.345703 0.216797
0.349609 0.216797
0.349609 0.212891
0.353516 0.212891
0.353516 0.216797
0.357422 0.216797
0.357422 0.212891
0.357422 0.208984
0.353516 0.208984
0.353516 0.205078
0.357422 0.205078
0.361328 0.205078
0.365234 0.205078
0.365234 0.208984
0.361328 0.208984
0.361328 0.212891
0.361328 0.216797
0.365234 0.216797
0.365234 0.212891
0.371094 0.214844
0.371094 0.207031
0.373047 0.201172
0.373047 0.197266
0.369141 0.197266
0.369141 0.201172
0.365234 0.201172
0.361328 0.201172
0.361328 0.197266
0.365234 0.197266
0.365234 0.193359
0.361328 0.193359
0.361328 0.189453
0.365234 0.189453
0.369141 0.189453
0.369141 0.193359
0.373047 0.193359
0.373047 0.189453
0.373047 0.185547
0.369141 0.185547
0.369141 0.181641
0.373047 0.181641
0.373047 0.177734
0.373047 0.173828
0.369141 0.173828
0.369141 0.177734
0.365234 0.177734
0.365234 0.173828
0.361328 0.173828
0.361328 0.177734
0.361328 0.181641
0.365234 0.181641
0.365234 0.185547
0.361328 0.185547
0.357422 0.185547
0.357422 0.181641
0.353516 0.181641
0.353516 0.185547
0.347656 0.183594
0.347656 0.175781
0.355469 0.175781
0.355469 0.167969
0.347656 0.167969
0.347656 0.160156
0.355469 0.160156
0.363281 0.160156
0.361328 0.166016
0.361328 0.169922
0.365234 0.169922
0.365234 0.166016
0.369141 0.166016
0.369141 0.169922
0.373047 0.169922
0.373047 0.166016
0.373047 0.162109
0.369141 0.162109
0.369141 0.158203
0.373047 0.158203
0.371094 0.152344
0.363281 0.152344
0.363281 0.144531
0.371094 0.144531
0.371094 0.136719
0.371094 0.128906
0.363281 0.128906
0.363281 0.136719
0.351562 0.132812
0.351562 0.148438
0.335938 0.148438
0.335938 0.132812
0.320312 0.132812
0.320312 0.148438
0.320312 0.164062
0.335938 0.164062
0.332031 0.175781
0.339844 0.175781
0.339844 0.183594
0.332031 0.183594
0.320312 0.179688
0.304688 0.179688
0.289062 0.179688
0.289062 0.164062
0.304688 0.164062
0.296875 0.140625
0.265625 0.140625
0.265625 0.171875
0.265625 0.203125
0.289062 0.195312
0.304688 0.195312
0.304688 0.210938
0.289062 0.210938
0.289062 0.226562
0.304688 0.226562
0.304688 0.242188
0.289062 0.242188
0.265625 0.234375
0.265625 0.265625
0.289062 0.257812
0.304688 0.257812
0.304688 0.273438
0.289062 0.273438
0.289062 0.289062
0.304688 0.289062
0.304688 0.304688
0.289062 0.304688
0.265625 0.296875
0.265625 0.328125
0.265625 0.359375
0.296875 0.359375
0.304688 0.335938
0.289062 0.335938
0.289062 0.320312
0.304688 0.320312
0.320312 0.320312
0.332031 0.316406
0.339844 0.316406
0.339844 0.324219
0.332031 0.324219
0.335938 0.335938
0.320312 0.335938
0.320312 0.351562
0.320312 0.367188
0.335938 0.367188
0.335938 0.351562
0.351562 0.351562
0.351562 0.367188
0.363281 0.363281
0.363281 0.371094
0.371094 0.371094
0.371094 0.363281
0.371094 0.355469
0.363281 0.355469
0.363281 0.347656
0.371094 0.347656
0.373047 0.341797
0.369141 0.341797
0.369141 0.337891
0.373047 0.337891
0.373047 0.333984
0.373047 0.330078
0.369141 0.330078
0.369141 0.333984
0.365234 0.333984
0.365234 0.330078
0.361328 0.330078
0.361328 0.333984
0.363281 0.339844
0.355469 0.339844
0.347656 0.339844
0.347656 0.332031
0.355469 0.332031
0.355469 0.324219
0.347656 0.324219
0.347656 0.316406
0.353516 0.314453
0.353516 0.318359
0.357422 0.318359
0.357422 0.314453
0.361328 0.314453
0.365234 0.314453
0.365234 0.318359
0.361328 0.318359
0.361328 0.322266
0.361328 0.326172
0.365234 0.326172
0.365234 0.322266
0.369141 0.322266
0.369141 0.326172
0.373047 0.326172
0.373047 0.322266
0.373047 0.318359
0.369141 0.318359
0.369141 0.314453
0.373047 0.314453
0.373047 0.310547
0.373047 0.306641
0.369141 0.306641
0.369141 0.310547
0.365234 0.310547
0.361328 0.310547
0.361328 0.306641
0.365234 0.306641
0.365234 0.302734
0.361328 0.302734
0.361328 0.298828
0.365234 0.298828
0.369141 0.298828
0.369141 0.302734
0.373047 0.302734
0.373047 0.298828
0.371094 0.292969
0.371094 0.285156
0.365234 0.287109
0.365234 0.283203
0.361328 0.283203
0.361328 0.287109
0.361328 0.291016
0.365234 0.291016
0.365234 0.294922
0.361328 0.294922
0.357422 0.294922
0.353516 0.294922
0.353516 0.291016
0.357422 0.291016
0.357422 0.287109
0.357422 0.283203
0.353516 0.283203
0.353516 0.287109
0.349609 0.287109
0.349609 0.283203
0.345703 0.283203
0.345703 0.287109
0.345703 0.291016
0.349609 0.291016
0.349609 0.294922
0.345703 0.294922
0.345703 0.298828
0.345703 0.302734
0.349609 0.302734
0.349609 0.298828
0.353516 0.298828
0.357422 0.298828
0.357422 0.302734
0.353516 0.302734
0.353516 0.306641
0.357422 0.306641
0.357422 0.310547
0.353516 0.310547
0.347656 0.308594
0.339844 0.308594
0.339844 0.300781
0.332031 0.300781
0.332031 0.308594
0.320312 0.304688
0.320312 0.289062
0.332031 0.285156
0.332031 0.292969
0.339844 0.292969
0.339844 0.285156
0.339844 0.277344
0.341797 0.271484
0.341797 0.267578
0.337891 0.267578
0.337891 0.271484
0.332031 0.269531
0.332031 0.277344
0.324219 0.277344
0.316406 0.277344
0.316406 0.269531
0.324219 0.269531
0.324219 0.261719
0.316406 0.261719
0.316406 0.253906
0.324219 0.253906
0.332031 0.253906
0.332031 0.261719
0.337891 0.259766
0.337891 0.263672
0.341797 0.263672
0.341797 0.259766
0.341797 0.255859
0.337891 0.255859
0.337891 0.251953
0.341797 0.251953
0.345703 0.251953
0.345703 0.255859
0.349609 0.255859
0.349609 0.251953
0.353516 0.251953
0.357422 0.251953
0.357422 0.255859
0.353516 0.255859
0.353516 0.259766
0.357422 0.259766
0.357422 0.263672
0.353516 0.263672
0.349609 0.263672
0.349609 0.259766
0.345703 0.259766
0.345703 0.263672
0.345703 0.267578
0.349609 0.267578
0.349609 0.271484
0.345703 0.271484
0.345703 0.275391
0.345703 0.279297
0.349609 0.279297
0.349609 0.275391
0.353516 0.275391
0.353516 0.279297
0.357422 0.279297
0.357422 0.275391
0.357422 0.271484
0.353516 0.271484
0.353516 0.267578
0.357422 0.267578
0.361328 0.267578
0.365234 0.267578
0.365234 0.271484
0.361328 0.271484
0.361328 0.275391
0.361328 0.279297
0.365234 0.279297
0.365234 0.275391
0.371094 0.277344
0.371094 0.269531
0.371094 0.261719
0.363281 0.261719
0.363281 0.253906
0.371094 0.253906
0.382812 0.257812
0.398438 0.257812
0.398438 0.273438
0.386719 0.277344
0.386719 0.269531
0.378906 0.269531
0.378906 0.277344
0.378906 0.285156
0.386719 0.285156
0.386719 0.292969
0.378906 0.292969
0.378906 0.300781
0.378906 0.308594
0.386719 0.308594
0.386719 0.300781
0.398438 0.304688
0.398438 0.289062
0.414062 0.289062
0.414062 0.304688
0.429688 0.304688
0.429688 0.289062
0.429688 0.273438
0.414062 0.273438
0.414062 0.257812
0.429688 0.257812
0.453125 0.265625
0.484375 0.265625
0.484375 0.296875
0.453125 0.296875
0.445312 0.320312
0.445312 0.335938
0.460938 0.335938
0.460938 0.320312
0.476562 0.320312
0.492188 0.320312
0.492188 0.335938
0.476562 0.335938
0.476562 0.351562
0.492188 0.351562
0.492188 0.367188
0.480469 0.371094
0.480469 0.363281
0.472656 0.363281
0.472656 0.371094
0.464844 0.371094
0.457031 0.371094
0.457031 0.363281
0.464844 0.363281
0.460938 0.351562
0.445312 0.351562
0.441406 0.363281
0.449219 0.363281
0.449219 0.371094
0.441406 0.371094
0.433594 0.371094
0.433594 0.363281
0.425781 0.363281
0.423828 0.369141
0.427734 0.369141
0.427734 0.373047
0.423828 0.373047
0.419922 0.373047
0.419922 0.369141
0.416016 0.369141
0.416016 0.373047
0.412109 0.373047
0.408203 0.373047
0.408203 0.369141
0.412109 0.369141
0.412109 0.365234
0.408203 0.365234
0.408203 0.361328
0.412109 0.361328
0.416016 0.361328
0.416016 0.365234
0.419922 0.365234
0.419922 0.361328
0.417969 0.355469
0.410156 0.355469
0.410156 0.347656
0.417969 0.347656
0.425781 0.347656
0.425781 0.355469
0.433594 0.355469
0.433594 0.347656
0.429688 0.335938
0.429688 0.320312
0.414062 0.320312
0.414062 0.335938
0.402344 0.339844
0.394531 0.339844
0.394531 0.332031
0.402344 0.332031
0.402344 0.324219
0.402344 0.316406
0.394531 0.316406
0.394531 0.324219
0.386719 0.324219
0.386719 0.316406
0.378906 0.316406
0.376953 0.322266
0.380859 0.322266
0.380859 0.326172
0.376953 0.326172
0.376953 0.330078
0.376953 0.333984
0.380859 0.333984
0.380859 0.330078
0.384766 0.330078
0.388672 0.330078
0.388672 0.333984
0.384766 0.333984
0.384766 0.337891
0.388672 0.337891
0.388672 0.341797
0.384766 0.341797
0.380859 0.341797
0.380859 0.337891
0.376953 0.337891
0.376953 0.341797
0.376953 0.345703
0.380859 0.345703
0.380859 0.349609
0.376953 0.349609
0.376953 0.353516
0.376953 0.357422
0.380859 0.357422
0.380859 0.353516
0.384766 0.353516
0.384766 0.357422
0.388672 0.357422
0.388672 0.353516
0.388672 0.349609
0.384766 0.349609
0.384766 0.345703
0.388672 0.345703
0.392578 0.345703
0.392578 0.349609
0.396484 0.349609
0.396484 0.345703
0.402344 0.347656
0.400391 0.353516
0.404297 0.353516
0.404297 0.357422
0.400391 0.357422
0.396484 0.357422
0.396484 0.353516
0.392578 0.353516
0.392578 0.357422
0.392578 0.361328
0.392578 0.365234
0.396484 0.365234
0.396484 0.361328
0.400391 0.361328
0.404297 0.361328
0.404297 0.365234
0.400391 0.365234
0.400391 0.369141
0.404297 0.369141
0.404297 0.373047
0.400391 0.373047
0.394531 0.371094
0.386719 0.371094
0.388672 0.365234
0.388672 0.361328
0.384766 0.361328
0.384766 0.365234
0.378906 0.363281
0.378906 0.371094
0.378906 0.378906
0.378906 0.386719
0.386719 0.386719
0.386719 0.378906
0.394531 0.378906
0.402344 0.378906
0.402344 0.386719
0.394531 0.386719
0.398438 0.398438
0.382812 0.398438
0.382812 0.414062
0.382812 0.429688
0.398438 0.429688
0.398438 0.414062
0.414062 0.414062
0.414062 0.429688
0.429688 0.429688
0.433594 0.417969
0.425781 0.417969
0.425781 0.410156
0.433594 0.410156
0.433594 0.402344
0.435547 0.396484
0.435547 0.392578
0.431641 0.392578
0.431641 0.396484
0.425781 0.394531
0.425781 0.402344
0.417969 0.402344
0.410156 0.402344
0.410156 0.394531
0.417969 0.394531
0.419922 0.388672
0.419922 0.384766
0.416016 0.384766
0.416016 0.388672
0.410156 0.386719
0.412109 0.380859
0.408203 0.380859
0.408203 0.376953
0.412109 0.376953
0.416016 0.376953
0.416016 0.380859
0.419922 0.380859
0.419922 0.376953
0.423828 0.376953
0.427734 0.376953
0.427734 0.380859
0.423828 0.380859
0.423828 0.384766
0.423828 0.388672
0.427734 0.388672
0.427734 0.384766
0.431641 0.384766
0.431641 0.388672
0.435547 0.388672
0.435547 0.384766
0.435547 0.380859
0.431641 0.380859
0.431641 0.376953
0.435547 0.376953
0.439453 0.376953
0.439453 0.380859
0.443359 0.380859
0.443359 0.376953
0.447266 0.376953
0.451172 0.376953
0.451172 0.380859
0.447266 0.380859
0.447266 0.384766
0.451172 0.384766
0.451172 0.388672
0.447266 0.388672
0.443359 0.388672
0.443359 0.384766
0.439453 0.384766
0.439453 0.388672
0.439453 0.392578
0.443359 0.392578
0.443359 0.396484
0.439453 0.396484
0.441406 0.402344
0.447266 0.400391
0.447266 0.404297
0.451172 0.404297
0.451172 0.400391
0.451172 0.396484
0.447266 0.396484
0.447266 0.392578
0.451172 0.392578
0.455078 0.392578
0.458984 0.392578
0.458984 0.396484
0.455078 0.396484
0.455078 0.400391
0.455078 0.404297
0.458984 0.404297
0.458984 0.400391
0.462891 0.400391
0.462891 0.404297
0.466797 0.404297
0.466797 0.400391
0.466797 0.396484
0.462891 0.396484
0.462891 0.392578
0.466797 0.392578
0.466797 0.388672
0.466797 0.384766
0.462891 0.384766
0.462891 0.388672
0.458984 0.388672
0.455078 0.388672
0.455078 0.384766
0.458984 0.384766
0.457031 0.378906
0.464844 0.378906
0.472656 0.378906
0.470703 0.384766
0.470703 0.388672
0.474609 0.388672
0.474609 0.384766
0.478516 0.384766
0.478516 0.388672
0.482422 0.388672
0.482422 0.384766
0.480469 0.378906
0.488281 0.378906
0.496094 0.378906
0.496094 0.386719
0.488281 0.386719
0.486328 0.392578
0.486328 0.396484
0.490234 0.396484
0.490234 0.392578
0.494141 0.392578
0.498047 0.392578
0.498047 0.396484
0.494141 0.396484
0.494141 0.400391
0.498047 0.400391
0.498047 0.404297
0.494141 0.404297
0.490234 0.404297
0.490234 0.400391
0.486328 0.400391
0.486328 0.404297
0.482422 0.404297
0.478516 0.404297
0.478516 0.400391
0.482422 0.400391
0.482422 0.396484
0.482422 0.392578
0.478516 0.392578
0.478516 0.396484
0.474609 0.396484
0.474609 0.392578
0.470703 0.392578
0.470703 0.396484
0.470703 0.400391
0.474609 0.400391
0.474609 0.404297
0.470703 0.404297
0.472656 0.410156
0.472656 0.417969
0.480469 0.417969
0.482422 0.412109
0.478516 0.412109
0.478516 0.408203
0.482422 0.408203
0.486328 0.408203
0.486328 0.412109
0.490234 0.412109
0.490234 0.408203
0.494141 0.408203
0.498047 0.408203
0.498047 0.412109
0.494141 0.412109
0.496094 0.417969
0.488281 0.417969
0.488281 0.425781
0.496094 0.425781
0.496094 0.433594
0.488281 0.433594
0.480469 0.433594
0.480469 0.425781
0.472656 0.425781
0.472656 0.433594
0.460938 0.429688
0.464844 0.417969
0.464844 0.410156
0.457031 0.410156
0.457031 0.417969
0.449219 0.417969
0.449219 0.410156
0.441406 0.410156
0.441406 0.417969
0.445312 0.429688
0.445312 0.445312
0.445312 0.460938
0.460938 0.460938
0.460938 0.445312
0.476562 0.445312
0.492188 0.445312
0.492188 0.460938
0.476562 0.460938
0.484375 0.484375
0.453125 0.484375
0.421875 0.484375
0.429688 0.460938
0.429688 0.445312
0.414062 0.445312
0.414062 0.460938
0.390625 0.453125
0.390625 0.484375
0.359375 0.484375
0.328125 0.484375
0.328125 0.453125
0.359375 0.453125
0.359375 0.421875
0.367188 0.398438
0.367188 0.382812
0.351562 0.382812
0.351562 0.398438
0.328125 0.390625
0.328125 0.421875
0.296875 0.421875
0.296875 0.390625
0.265625 0.390625
0.265625 0.421875
0.28125 0.46875
0.21875 0.46875
0.15625 0.46875
0.15625 0.40625
0.21875 0.40625
0.234375 0.359375
0.203125 0.359375
0.203125 0.328125
0.234375 0.328125
0.234375 0.296875
0.234375 0.265625
0.203125 0.265625
0.203125 0.296875
0.15625 0.28125
0.15625 0.34375
0.09375 0.34375
0.09375 0.28125
0.03125 0.28125
0.03125 0.34375
0.0625 0.4375
-0.0625 0.4375
-0.1875 0.4375
-0.1875 0.3125
-0.09375 0.28125
-0.09375 0.34375
-0.03125 0.34375
-0.03125 0.28125
-0.03125 0.21875
-0.09375 0.21875
-0.09375 0.15625
-0.03125 0.15625
-0.0625 0.0625
-0.1875 0.0625
-0.1875 0.1875
-0.375 0.125
-0.375 0.375
-0.375 0.625
-0.1875 0.5625
-0.0625 0.5625
-0.0625 0.6875
-0.1875 0.6875
-0.125 0.875
-0.375 0.875
-0.375 1.125
-0.375 1.375
-0.125 1.375
-0.125 1.125
0.125 1.125
0.125 1.375
0.375 1.375
0.375 1.125
0.375 0.875
0.125 0.875
0.1875 0.6875
0.0625 0.6875
0.0625 0.5625
0.1875 0.5625
0.28125 0.53125
0.34375 0.53125
0.34375 0.59375
0.28125 0.59375
0.3125 0.6875
0.4375 0.6875
0.46875 0.59375
0.40625 0.59375
0.421875 0.546875
0.390625 0.546875
0.390625 0.515625
0.421875 0.515625
0.453125 0.515625
0.453125 0.546875
0.484375 0.546875
0.484375 0.515625
0.515625 0.515625
0.515625 0.546875
0.546875 0.546875
0.546875 0.515625
0.59375 0.53125
0.59375 0.59375
0.53125 0.59375
0.5625 0.6875
0.6875 0.6875
0.6875 0.5625
0.875 0.625
0.875 0.875
0.625 0.875
0.625 1.125
0.625 1.375
0.875 1.375
0.875 1.125
1.25 1.25
1.25 0.75
1.25 0.25
0.875 0.375
0.6875 0.4375
0.59375 0.46875
0.546875 0.484375
0.515625 0.484375
0.523438 0.460938
0.507812 0.460938
0.507812 0.445312
0.523438 0.445312
0.546875 0.453125
0.546875 0.421875
0.523438 0.429688
0.511719 0.433594
0.503906 0.433594
0.503906 0.425781
0.511719 0.425781
0.511719 0.417969
0.503906 0.417969
0.505859 0.412109
0.501953 0.412109
0.501953 0.408203
0.505859 0.408203
0.511719 0.410156
0.523438 0.414062
0.523438 0.398438
0.511719 0.402344
0.505859 0.404297
0.501953 0.404297
0.501953 0.400391
0.505859 0.400391
0.505859 0.396484
0.501953 0.396484
0.501953 0.392578
0.505859 0.392578
0.511719 0.394531
0.511719 0.386719
0.503906 0.386719
0.503906 0.378906
0.511719 0.378906
0.523438 0.382812
0.546875 0.390625
0.59375 0.40625
0.59375 0.34375
0.546875 0.359375
0.523438 0.367188
0.507812 0.367188
0.507812 0.351562
0.523438 0.351562
0.523438 0.335938
0.507812 0.335938
0.507812 0.320312
0.523438 0.320312
0.546875 0.328125
0.546875 0.296875
0.515625 0.296875
0.515625 0.265625
0.546875 0.265625
0.59375 0.28125
0.6875 0.3125
0.6875 0.1875
0.59375 0.21875
0.546875 0.234375
0.515625 0.234375
0.515625 0.203125
0.546875 0.203125
0.546875 0.171875
0.523438 0.179688
0.507812 0.179688
0.507812 0.164062
0.523438 0.164062
0.523438 0.148438
0.507812 0.148438
0.507812 0.132812
0.523438 0.132812
0.546875 0.140625
0.59375 0.15625
0.59375 0.09375
0.546875 0.109375
0.523438 0.117188
0.511719 0.121094
0.503906 0.121094
0.503906 0.113281
0.511719 0.113281
0.511719 0.105469
0.505859 0.107422
0.501953 0.107422
0.501953 0.103516
0.505859 0.103516
0.505859 0.0996094
0.501953 0.0996094
0.501953 0.0957031
0.505859 0.0957031
0.511719 0.0976562
0.523438 0.101562
0.523438 0.0859375
0.511719 0.0898438
0.505859 0.0917969
0.501953 0.0917969
0.501953 0.0878906
0.505859 0.0878906
0.503906 0.0820312
0.511719 0.0820312
0.511719 0.0742188
0.503906 0.0742188
0.503906 0.0664062
0.511719 0.0664062
0.523438 0.0703125
0.546875 0.078125
0.546875 0.046875
0.523438 0.0546875
0.507812 0.0546875
0.507812 0.0390625
0.523438 0.0390625
0.515625 0.015625
0.546875 0.015625
0.59375 0.03125
0.6875 0.0625
0.875 0.125
0.875 -0.125
0.6875 -0.0625
0.59375 -0.03125
0.546875 -0.015625
0.515625 -0.015625
0.515625 -0.046875
0.546875 -0.046875
0.53125 -0.09375
0.59375 -0.09375
0.5625 -0.1875
0.6875 -0.1875
0.625 -0.375
0.875 -0.375
1.25 -0.25
