-0.967394 -0.362761 
-0.961459 -0.379890 
-0.955252 -0.396817 
-0.948788 -0.413538 
-0.942081 -0.430050 
-0.935144 -0.446346 
-0.927991 -0.462426 
-0.920636 -0.478284 
-0.913092 -0.493918 
-0.905372 -0.509325 
-0.897487 -0.524501 
-0.889452 -0.539444 
-0.881277 -0.554152 
-0.872975 -0.568623 
-0.864556 -0.582855 
-0.856032 -0.596845 
-0.847415 -0.610593 
-0.838713 -0.624098 
-0.829939 -0.637358 
-0.821101 -0.650374 
-0.812211 -0.663143 
-0.803276 -0.675666 
-0.794306 -0.687943 
-0.785310 -0.699974 
-0.776297 -0.711760 
-0.767276 -0.723300 
-0.758253 -0.734596 
-0.749238 -0.745648 
-0.740237 -0.756458 
-0.731258 -0.767026 
-0.722307 -0.777355 
-0.713393 -0.787445 
-0.704521 -0.797297 
-0.695698 -0.806915 
-0.686929 -0.816299 
-0.678221 -0.825452 
-0.669580 -0.834376 
-0.661010 -0.843072 
-0.652517 -0.851544 
-0.644106 -0.859793 
-0.635781 -0.867822 
-0.627548 -0.875634 
-0.619411 -0.883230 
-0.611373 -0.890613 
-0.603439 -0.897787 
-0.595614 -0.904753 
-0.587899 -0.911515 
-0.580299 -0.918075 
-0.572818 -0.924436 
-0.565458 -0.930601 
-0.558223 -0.936572 
-0.551115 -0.942352 
-0.544137 -0.947945 
-0.537291 -0.953352 
-0.530581 -0.958577 
-0.524008 -0.963623 
-0.517575 -0.968492 
-0.511284 -0.973187 
-0.505136 -0.977710 
-0.499134 -0.982065 
-0.493280 -0.986255 
-0.487574 -0.990281 
-0.482019 -0.994146 
-0.476617 -0.997853 
-0.471367 -1.001406 
-0.466273 -1.004805 
-0.461334 -1.008053 
-0.456553 -1.011154 
-0.451929 -1.014109 
-0.447465 -1.016920 
-0.443161 -1.019590 
-0.439018 -1.022121 
-0.435037 -1.024516 
-0.431218 -1.026775 
-0.427563 -1.028902 
-0.424071 -1.030898 
-0.420743 -1.032764 
-0.417580 -1.034504 
-0.414583 -1.036118 
-0.411752 -1.037608 
-0.409086 -1.038976 
-0.406587 -1.040223 
-0.404255 -1.041350 
-0.402090 -1.042360 
-0.400092 -1.043252 
-0.398262 -1.044029 
-0.396599 -1.044691 
-0.395104 -1.045240 
-0.393776 -1.045676 
-0.392617 -1.046000 
-0.391625 -1.046213 
-0.390802 -1.046316 
-0.390146 -1.046309 
-0.389658 -1.046192 
-0.389338 -1.045967 
-0.389185 -1.045633 
-0.389200 -1.045190 
-0.389382 -1.044639 
-0.389731 -1.043980 
-0.390248 -1.043212 
-0.390930 -1.042336 
-0.391779 -1.041352 
-0.392794 -1.040258 
-0.393975 -1.039055 
-0.395321 -1.037742 
-0.396832 -1.036319 
-0.398507 -1.034785 
-0.400347 -1.033139 
-0.402350 -1.031381 
-0.404516 -1.029509 
-0.406845 -1.027522 
-0.409335 -1.025420 
-0.411987 -1.023202 
-0.414800 -1.020865 
-0.417773 -1.018409 
-0.420905 -1.015833 
-0.424195 -1.013135 
-0.427643 -1.010313 
-0.431248 -1.007366 
-0.435009 -1.004292 
-0.438925 -1.001090 
-0.442995 -0.997758 
-0.447218 -0.994293 
-0.451592 -0.990694 
-0.456117 -0.986959 
-0.460792 -0.983086 
-0.465614 -0.979073 
-0.470584 -0.974917 
-0.475699 -0.970616 
-0.480957 -0.966169 
-0.486357 -0.961572 
-0.491899 -0.956823 
-0.497578 -0.951921 
-0.503395 -0.946862 
-0.509347 -0.941644 
-0.515431 -0.936264 
-0.521647 -0.930721 
-0.527991 -0.925010 
-0.534461 -0.919130 
-0.541054 -0.913079 
-0.547769 -0.906852 
-0.554602 -0.900449 
-0.561550 -0.893865 
-0.568611 -0.887099 
-0.575782 -0.880147 
-0.583058 -0.873007 
-0.590437 -0.865677 
-0.597915 -0.858153 
-0.605488 -0.850432 
-0.613153 -0.842513 
-0.620904 -0.834393 
-0.628739 -0.826069 
-0.636652 -0.817538 
-0.644638 -0.808798 
-0.652694 -0.799846 
-0.660813 -0.790681 
-0.668991 -0.781300 
-0.677221 -0.771700 
-0.685499 -0.761880 
-0.693818 -0.751837 
-0.702172 -0.741569 
-0.710554 -0.731075 
-0.718958 -0.720352 
-0.727377 -0.709399 
-0.735804 -0.698215 
-0.744230 -0.686799 
-0.752649 -0.675148 
-0.761052 -0.663262 
-0.769431 -0.651139 
-0.777778 -0.638780 
-0.786082 -0.626184 
-0.794336 -0.613349 
-0.802529 -0.600277 
-0.810653 -0.586967 
-0.818695 -0.573419 
-0.826648 -0.559633 
-0.834498 -0.545611 
-0.842236 -0.531353 
-0.849851 -0.516860 
-0.857329 -0.502133 
-0.864660 -0.487174 
-0.871831 -0.471985 
-0.878829 -0.456568 
-0.885642 -0.440924 
-0.892255 -0.425057 
-0.898657 -0.408968 
-0.904832 -0.392661 
-0.910768 -0.376139 
-0.916448 -0.359404 
-0.921860 -0.342460 
-0.926987 -0.325311 
-0.931815 -0.307960 
-0.936329 -0.290410 
-0.940514 -0.272667 
-0.944353 -0.254733 
-0.947831 -0.236613 
-0.950934 -0.218311 
-0.953644 -0.199832 
-0.955948 -0.181179 
-0.957828 -0.162357 
-0.959270 -0.143370 
-0.960260 -0.124224 
-0.960781 -0.104922 
-0.960820 -0.085470 
-0.960362 -0.065873 
-0.959395 -0.046136 
-0.957904 -0.026264 
-0.955878 -0.006263 
-0.953304 0.013861 
-0.950172 0.034101 
-0.946470 0.054450 
-0.942188 0.074901 
-0.937319 0.095446 
-0.931853 0.116076 
-0.925784 0.136781 
-0.919104 0.157550 
-0.911809 0.178373 
-0.903893 0.199238 
-0.895352 0.220131 
-0.886183 0.241037 
-0.876385 0.261943 
-0.865956 0.282830 
-0.854895 0.303683 
-0.843204 0.324482 
-0.830884 0.345207 
-0.817938 0.365838 
-0.804369 0.386352 
-0.790182 0.406727 
-0.775382 0.426939 
-0.759976 0.446963 
-0.743972 0.466772 
-0.727379 0.486340 
-0.710207 0.505640 
-0.692467 0.524643 
-0.674171 0.543320 
-0.655333 0.561642 
-0.635968 0.579580 
-0.616091 0.597102 
-0.595719 0.614178 
-0.574870 0.630778 
-0.553564 0.646872 
-0.531821 0.662429 
-0.509660 0.677418 
-0.487105 0.691810 
-0.464178 0.705576 
-0.440901 0.718687 
-0.417299 0.731114 
-0.393396 0.742831 
-0.369216 0.753811 
-0.344783 0.764028 
-0.320123 0.773459 
-0.295260 0.782082 
-0.270218 0.789874 
-0.245022 0.796817 
-0.219696 0.802893 
-0.194264 0.808085 
-0.168748 0.812379 
-0.143173 0.815765 
-0.117560 0.818232 
-0.091934 0.819773 
-0.066315 0.820383 
-0.040727 0.820060 
-0.015191 0.818804 
0.010269 0.816618 
0.035630 0.813507 
0.060871 0.809479 
0.085966 0.804544 
0.110893 0.798715 
0.135626 0.792008 
0.160141 0.784439 
0.184412 0.776027 
0.208412 0.766796 
0.232116 0.756767 
0.255496 0.745968 
0.278526 0.734424 
0.301177 0.722165 
0.323423 0.709220 
0.345236 0.695623 
0.366591 0.681406 
0.387460 0.666603 
0.407819 0.651249 
0.427644 0.635381 
0.446910 0.619036 
0.465597 0.602251 
0.483684 0.585066 
0.501153 0.567517 
0.517986 0.549645 
0.534168 0.531488 
0.549687 0.513085 
0.564532 0.494474 
0.578694 0.475694 
0.592167 0.456783 
0.604946 0.437777 
0.617030 0.418714 
0.628419 0.399627 
0.639116 0.380552 
0.649126 0.361522 
0.658456 0.342569 
0.667116 0.323724 
0.675115 0.305017 
0.682469 0.286476 
0.689191 0.268128 
0.695299 0.249999 
0.700811 0.232114 
0.705746 0.214496 
0.710128 0.197166 
0.713977 0.180146 
0.717317 0.163454 
0.720175 0.147110 
0.722574 0.131129 
0.724541 0.115528 
0.726103 0.100323 
0.727288 0.085525 
0.728122 0.071149 
0.728634 0.057206 
0.728852 0.043707 
0.728802 0.030662 
0.728512 0.018080 
0.728011 0.005969 
0.727323 -0.005662 
0.726476 -0.016809 
0.725494 -0.027463 
0.724404 -0.037621 
0.723228 -0.047277 
0.721990 -0.056427 
0.720712 -0.065068 
0.719415 -0.073196 
0.718120 -0.080809 
0.716845 -0.087905 
0.715608 -0.094482 
0.714427 -0.100538 
0.713316 -0.106072 
0.712289 -0.111084 
0.711360 -0.115573 
0.710540 -0.119538 
0.709839 -0.122979 
0.709266 -0.125897 
0.708829 -0.128290 
0.708533 -0.130160 
0.708384 -0.131506 
0.708384 -0.132329 
0.708536 -0.132629 
0.708840 -0.132406 
0.709295 -0.131661 
0.709900 -0.130394 
0.710650 -0.128606 
0.711541 -0.126298 
0.712567 -0.123469 
0.713719 -0.120121 
0.714990 -0.116255 
0.716369 -0.111872 
0.717844 -0.106972 
0.719403 -0.101558 
0.721032 -0.095631 
0.722716 -0.089192 
0.724439 -0.082244 
0.726183 -0.074789 
0.727931 -0.066830 
0.729663 -0.058370 
0.731359 -0.049414 
0.732997 -0.039963 
0.734556 -0.030025 
0.736013 -0.019602 
0.737345 -0.008701 
0.738528 0.002671 
0.739537 0.014509 
0.740347 0.026804 
0.740933 0.039550 
0.741269 0.052736 
0.741330 0.066354 
0.741090 0.080394 
0.740523 0.094844 
0.739604 0.109693 
0.738307 0.124928 
0.736608 0.140536 
0.734482 0.156503 
0.731906 0.172814 
0.728856 0.189452 
0.725310 0.206400 
0.721247 0.223641 
0.716648 0.241155 
0.711493 0.258923 
0.705765 0.276922 
0.699447 0.295132 
0.692525 0.313528 
0.684986 0.332087 
0.676818 0.350782 
0.668012 0.369588 
0.658559 0.388477 
0.648454 0.407420 
0.637692 0.426389 
0.626271 0.445351 
0.614191 0.464278 
0.601453 0.483136 
0.588060 0.501893 
0.574019 0.520515 
0.559336 0.538970 
0.544021 0.557222 
0.528085 0.575239 
0.511541 0.592985 
0.494403 0.610426 
0.476686 0.627528 
0.458410 0.644256 
0.439592 0.660578 
0.420252 0.676459 
0.400411 0.691866 
0.380091 0.706769 
0.359316 0.721134 
0.338107 0.734932 
0.316489 0.748133 
0.294485 0.760707 
0.272121 0.772628 
0.249419 0.783869 
0.226403 0.794405 
0.203098 0.804211 
0.179525 0.813265 
0.155709 0.821546 
0.131670 0.829036 
0.107432 0.835715 
0.083014 0.841569 
0.058437 0.846583 
0.033721 0.850746 
0.008886 0.854048 
-0.016050 0.856480 
-0.041068 0.858037 
-0.066149 0.858717 
-0.091276 0.858516 
-0.116429 0.857437 
-0.141591 0.855483 
-0.166743 0.852659 
-0.191865 0.848971 
-0.216940 0.844430 
-0.241946 0.839046 
-0.266865 0.832833 
-0.291676 0.825804 
-0.316357 0.817977 
-0.340889 0.809368 
-0.365249 0.799996 
-0.389415 0.789882 
-0.413367 0.779047 
-0.437081 0.767512 
-0.460536 0.755302 
-0.483710 0.742439 
-0.506581 0.728949 
-0.529129 0.714856 
-0.551333 0.700187 
-0.573171 0.684967 
-0.594625 0.669223 
-0.615675 0.652982 
-0.636303 0.636270 
-0.656492 0.619116 
-0.676224 0.601544 
-0.695484 0.583584 
-0.714256 0.565260 
-0.732527 0.546600 
-0.750284 0.527630 
-0.767514 0.508376 
-0.784206 0.488863 
-0.800349 0.469115 
-0.815934 0.449157 
-0.830953 0.429012 
-0.845396 0.408703 
-0.859259 0.388251 
-0.872533 0.367679 
-0.885215 0.347005 
-0.897300 0.326249 
-0.908783 0.305430 
-0.919662 0.284565 
-0.929934 0.263670 
-0.939600 0.242761 
-0.948657 0.221851 
-0.957106 0.200955 
-0.964948 0.180085 
-0.972185 0.159253 
-0.978820 0.138469 
-0.984856 0.117742 
-0.990297 0.097083 
-0.995150 0.076500 
-0.999420 0.055999 
-1.003114 0.035589 
-1.006240 0.015275 
-1.008806 -0.004935 
-1.010823 -0.025037 
-1.012300 -0.045025 
-1.013248 -0.064894 
-1.013679 -0.084639 
-1.013605 -0.104254 
-1.013039 -0.123737 
-1.011994 -0.143081 
-1.010485 -0.162283 
-1.008524 -0.181337 
-1.006128 -0.200239 
-1.003310 -0.218985 
-1.000085 -0.237570 
-0.996468 -0.255989 
-0.992476 -0.274237 
-0.988121 -0.292310 
-0.983421 -0.310204 
-0.978390 -0.327913 
-0.973042 -0.345434 
