0.288582 0.674087 
0.221866 0.721864 
0.175939 0.789791 
0.148802 0.877006 
0.138497 0.977676 
0.144147 1.080611 
0.166165 1.173415 
0.205969 1.247956 
0.265179 1.301868 
0.343965 1.336280 
0.438631 1.353149 
0.540126 1.353745 
0.636307 1.338153 
0.717241 1.305370 
0.778413 1.253898 
0.819730 1.183003 
0.842855 1.094843 
0.849286 0.996428 
0.839524 0.898900 
0.812973 0.813177 
0.768358 0.745698 
0.704706 0.697998 
0.623125 0.668970 
0.528880 0.657067 
0.431748 0.661466 
0.342861 0.682381 
0.270166 0.720807 
0.216695 0.777758 
0.182118 0.852798 
0.165013 0.942075 
0.164332 1.037327 
0.179938 1.127822 
0.212513 1.204623 
0.262975 1.263272 
0.331292 1.303159 
0.414766 1.325407 
0.506685 1.331189 
0.597249 1.320966 
0.677085 1.294403 
0.740475 1.250783 
0.785720 1.189916 
0.813450 1.113553 
0.824849 1.026777 
0.820674 0.937949 
0.800981 0.856233 
0.765361 0.788351 
0.713561 0.737253 
0.646537 0.703080 
0.567676 0.684821 
0.483323 0.681479 
0.401574 0.692559 
0.329642 0.718049 
0.271851 0.758070 
0.229548 0.812224 
0.202278 0.878738 
0.188999 0.953743 
0.188803 1.031365 
0.201150 1.105061 
0.225782 1.169496 
0.262431 1.221662 
0.310400 1.260724 
0.368064 1.287166 
0.432534 1.301971 
0.499756 1.306123 
0.565213 1.300415 
0.624950 1.285468 
0.676326 1.261844 
0.718174 1.230216 
0.750461 1.191534 
0.773821 1.147156 
0.789152 1.098887 
0.797399 1.048863 
0.799448 0.999297 
0.796112 0.952183 
0.788144 0.909033 
0.776275 0.870774 
0.761234 0.837783 
0.743765 0.810001 
0.724624 0.787084 
0.704567 0.768530 
0.684328 0.753771 
0.664590 0.742235 
0.645971 0.733383 
0.628989 0.726720 
0.614072 0.721815 
0.601547 0.718298 
0.591660 0.715866 
0.584573 0.714282 
0.580396 0.713380 
0.579185 0.713059 
0.580949 0.713291 
0.585668 0.714115 
0.593265 0.715639 
0.603622 0.718037 
0.616558 0.721550 
0.631811 0.726482 
0.649041 0.733198 
0.667816 0.742125 
0.687606 0.753740 
0.707805 0.768565 
0.727746 0.787150 
0.746718 0.810033 
0.763999 0.837686 
0.778873 0.870425 
0.790646 0.908296 
0.798637 0.950926 
0.802174 0.997431 
0.800560 1.046371 
0.793049 1.095865 
0.778825 1.143805 
0.757007 1.188158 
0.726731 1.227190 
0.687332 1.259594 
0.638675 1.284455 
0.581585 1.301149 
0.518207 1.309183 
0.451996 1.308037 
0.387162 1.297046 
0.327734 1.275346 
0.276806 1.241967 
0.236250 1.196159 
0.206944 1.138030 
0.189190 1.069364 
0.183132 0.994149 
0.189084 0.918150 
0.207702 0.847423 
0.239957 0.786693 
0.286770 0.738659 
0.348203 0.704296 
0.422271 0.683641 
0.504096 0.676501 
0.586479 0.682946 
0.662040 0.703549 
0.725428 0.739328 
0.774038 0.791227 
0.807319 0.859003 
0.825656 0.939737 
0.829488 1.027043 
0.818785 1.112355 
0.792854 1.187872 
0.750554 1.248786 
0.691084 1.293401 
0.615486 1.321888 
0.528264 1.335008 
0.437561 1.333253 
0.352715 1.316420 
0.280874 1.283568 
0.225481 1.233456 
0.187065 1.165713 
0.164817 1.082651 
0.157817 0.990663 
0.165720 0.899265 
0.189021 0.817607 
0.228927 0.751397 
0.286630 0.702529 
0.361796 0.670564 
0.450613 0.654331 
0.545026 0.652951 
0.634939 0.666321 
0.712152 0.695239 
0.772569 0.741094 
0.815552 0.804896 
0.842156 0.885523 
0.853682 0.977861 
0.850892 1.072815 
0.833661 1.160401 
0.800977 1.233566 
0.751362 1.289490 
0.683981 1.328349 
0.600484 1.351524 
0.506687 1.360355 
0.412033 1.355519 
0.326135 1.336784 
0.255241 1.303053 
0.201466 1.252813 
0.164235 1.185215 
0.142007 1.101860 
0.133386 1.008400 
0.137655 0.914005 
0.154977 0.828042 
0.186363 0.756645 
0.233315 0.701906 
0.296941 0.663240 
0.376398 0.639051 
0.467240 0.627822 
0.561325 0.628633 
0.649412 0.641368 
0.724672 0.666736 
0.784159 0.706069 
0.827937 0.760773 
0.857464 0.831206 
0.874406 0.915134 
0.880019 1.006711 
0.874892 1.097515 
0.858868 1.179591 
0.831093 1.248048 
0.790244 1.301419 
0.735077 1.340452 
0.665434 1.366752 
0.583549 1.381907 
0.494809 1.387075 
0.406774 1.382827 
0.326591 1.369101 
0.258779 1.345241 
0.204830 1.310144 
0.164175 1.262602 
0.135352 1.201952 
0.116799 1.129044 
0.107249 1.047149 
0.105886 0.961940 
0.112391 0.880029 
0.126933 0.806842 
0.150126 0.745349 
0.182906 0.696209 
0.226287 0.658633 
0.280916 0.631255 
0.346416 0.612674 
0.420703 0.601730 
0.499762 0.597602 
0.578365 0.599835 
0.651532 0.608330 
0.715810 0.623327 
0.769666 0.645354 
0.813092 0.675146 
0.846953 0.713488 
0.872428 0.760953 
0.890687 0.817510 
0.902719 0.882087 
0.909278 0.952293 
0.910869 1.024594 
0.907758 1.095037 
0.899984 1.160192 
0.887381 1.217805 
0.869602 1.266913 
0.846157 1.307557 
0.816487 1.340377 
0.780062 1.366262 
0.736559 1.386133 
0.686072 1.400822 
0.629356 1.411015 
0.567964 1.417249 
0.504185 1.419903 
0.440701 1.419216 
0.380089 1.415295 
0.324362 1.408122 
0.274753 1.397568 
0.231737 1.383401 
0.195223 1.365306 
0.164764 1.342905 
0.139751 1.315799 
0.119533 1.283621 
0.103495 1.246129 
0.091095 1.203307 
0.081882 1.155494 
0.075494 1.103479 
0.071653 1.048520 
0.070168 0.992257 
0.070921 0.936495 
0.073864 0.882938 
0.079020 0.832966 
0.086476 0.787503 
0.096380 0.747014 
0.108939 0.711584 
0.124418 0.681025 
0.143123 0.654987 
0.165396 0.633047 
0.191583 0.614761 
0.221999 0.599710 
0.256873 0.587514 
0.296269 0.577846 
0.340008 0.570431 
0.387587 0.565048 
0.438148 0.561530 
0.490501 0.559757 
0.543237 0.559658 
0.594904 0.561207 
0.644191 0.564427 
0.690073 0.569388 
0.731875 0.576207 
0.769265 0.585053 
0.802198 0.596146 
0.830829 0.609761 
0.855445 0.626225 
0.876395 0.645912 
0.894049 0.669232 
0.908766 0.696606 
0.920875 0.728424 
0.930670 0.764981 
0.938400 0.806386 
0.944274 0.852462 
0.948454 0.902648 
0.951063 0.955950 
0.952180 1.010982 
0.951843 1.066116 
0.950049 1.119699 
0.946748 1.170291 
0.941844 1.216825 
0.935193 1.258666 
0.926593 1.295574 
0.915785 1.327621 
0.902446 1.355085 
0.886187 1.378362 
0.866555 1.397893 
0.843040 1.414123 
0.815105 1.427467 
0.782229 1.438302 
0.743986 1.446954 
0.700169 1.453700 
0.650927 1.458769 
0.596913 1.462343 
0.539357 1.464559 
0.480007 1.465515 
0.420907 1.465267 
0.364068 1.463833 
0.311149 1.461191 
0.263266 1.457280 
0.220964 1.451997 
0.184307 1.445193 
0.153020 1.436675 
0.126634 1.426198 
0.104590 1.413463 
0.086318 1.398117 
0.071276 1.379750 
0.058974 1.357910 
0.048985 1.332117 
0.040940 1.301900 
0.034529 1.266855 
0.029491 1.226738 
0.025612 1.181570 
0.022718 1.131757 
0.020667 1.078173 
0.019347 1.022160 
0.018669 0.965398 
0.018567 0.909683 
0.018992 0.856645 
0.019909 0.807541 
0.021297 0.763154 
0.023147 0.723812 
0.025458 0.689477 
0.028236 0.659865 
0.031495 0.634550 
0.035254 0.613049 
0.039534 0.594872 
0.044362 0.579555 
0.049763 0.566679 
0.055765 0.555870 
0.062393 0.546807 
0.069670 0.539212 
0.077615 0.532850 
0.086241 0.527519 
0.095554 0.523054 
0.105550 0.519311 
0.116215 0.516173 
0.127523 0.513539 
0.139433 0.511328 
0.151892 0.509468 
0.164831 0.507903 
0.178167 0.506584 
0.191801 0.505471 
0.205626 0.504529 
0.219520 0.503731 
0.233356 0.503055 
0.246999 0.502480 
0.260314 0.501992 
0.273166 0.501578 
0.285422 0.501226 
0.296956 0.500930 
0.307651 0.500683 
0.317397 0.500479 
0.326097 0.500314 
0.333663 0.500186 
0.340020 0.500092 
0.345103 0.500031 
0.348859 0.500003 
0.351245 0.500006 
0.352225 0.500040 
0.351779 0.500107 
0.349895 0.500207 
0.346571 0.500341 
0.341817 0.500511 
0.335655 0.500720 
0.328123 0.500972 
0.319273 0.501270 
0.309173 0.501622 
0.297910 0.502034 
0.285588 0.502516 
0.272329 0.503083 
0.258274 0.503748 
0.243576 0.504535 
0.228402 0.505467 
0.212928 0.506579 
0.197331 0.507912 
0.181788 0.509518 
0.166468 0.511461 
0.151529 0.513824 
0.137112 0.516711 
0.123338 0.520251 
0.110307 0.524608 
0.098099 0.529989 
0.086769 0.536655 
0.076353 0.544937 
0.066868 0.555251 
0.058318 0.568122 
0.050692 0.584203 
0.043975 0.604301 
0.038145 0.629388 
0.033185 0.660589 
0.029082 0.699114 
0.025839 0.746093 
0.023477 0.802256 
0.022048 0.867448 
0.021648 0.940118 
0.022429 1.017102 
0.024621 1.094068 
0.028563 1.166617 
0.034733 1.231421 
0.043803 1.286771 
0.056700 1.332422 
0.074682 1.369076 
0.099417 1.397869 
0.133035 1.420016 
0.178057 1.436609 
0.237016 1.448529 
0.311507 1.456401 
0.400536 1.460576 
0.498966 1.461106 
0.597966 1.457706 
0.688338 1.449690 
0.764202 1.435885 
0.823967 1.414511 
0.868930 1.383069 
0.901493 1.338340 
0.924038 1.276784 
0.938433 1.195850 
0.945872 1.096585 
0.946833 0.986304 
0.941047 0.877620 
0.927435 0.782477 
0.904007 0.706852 
0.867778 0.650806 
0.814909 0.611502 
0.741589 0.585658 
0.646439 0.570700 
0.534296 0.565118 
0.417812 0.568541 
0.312219 0.581763 
0.227156 0.606779 
0.164408 0.646789 
0.121226 0.705845 
0.093874 0.787443 
0.079407 0.891223 
0.076226 1.008911 
0.084189 1.124892 
0.104599 1.224348 
0.140150 1.300549 
0.194621 1.354153 
0.271670 1.388808 
0.371820 1.408059 
0.488156 1.414124 
0.605625 1.407596 
0.708326 1.387453 
0.787898 1.351186 
0.844037 1.295231 
0.880118 1.216362 
0.899693 1.114900 
0.904998 0.998804 
0.896576 0.883518 
0.873298 0.784210 
0.832592 0.708224 
0.771118 0.655390 
0.686601 0.622389 
0.581401 0.605984 
0.465796 0.604339 
0.355639 0.617325 
0.263964 0.646416 
0.195694 0.694309 
0.149590 0.763874 
0.122401 0.855710 
0.111440 0.964489 
0.115519 1.077478 
0.135096 1.179541 
0.172051 1.260919 
0.229044 1.319411 
0.307932 1.357154 
0.406780 1.377101 
0.516905 1.381221 
0.624144 1.369945 
0.715664 1.342205 
0.785409 1.295845 
0.833407 1.228653 
0.862187 1.140563 
0.874155 1.036740 
0.870468 0.928737 
0.850807 0.830326 
0.813607 0.750881 
0.756750 0.693127 
0.679134 0.655649 
0.583333 0.636018 
0.477893 0.632555 
0.375795 0.644921 
