-0.500000 -0.477263 
-0.250000 -0.279847 

-0.219399 -0.250000 
-0.250000 -0.291889 

-0.252605 -0.250000 
-0.250000 -0.234167 

-0.176829 0.000000 
-0.202693 -0.250000 

-0.456669 0.250000 
-0.250000 0.088000 

-0.177891 0.000000 
-0.250000 0.119923 

-0.862256 0.250000 
-1.000000 0.126372 

-0.750000 0.247678 
-0.500000 0.231206 

-0.799877 0.250000 
-0.750000 0.263264 

-0.669640 0.250000 
-0.750000 0.253254 

-0.768958 -0.500000 
-1.000000 -0.301042 

-0.750000 -0.484414 
-0.500000 -0.470001 

-0.989399 -0.250000 
-1.000000 -0.175067 

-0.698068 -0.500000 
-0.750000 -0.503430 

