-0.884816 -0.508284 
-0.876150 -0.524755 
-0.867284 -0.540985 
-0.858230 -0.556970 
-0.849002 -0.572707 
-0.839614 -0.588193 
-0.830078 -0.603425 
-0.820407 -0.618401 
-0.810614 -0.633119 
-0.800709 -0.647576 
-0.790706 -0.661772 
-0.780614 -0.675705 
-0.770446 -0.689373 
-0.760212 -0.702777 
-0.749923 -0.715916 
-0.739587 -0.728790 
-0.729217 -0.741398 
-0.718820 -0.753742 
-0.708407 -0.765820 
-0.697986 -0.777636 
-0.687565 -0.789188 
-0.677154 -0.800479 
-0.666760 -0.811510 
-0.656391 -0.822282 
-0.646054 -0.832797 
-0.635757 -0.843057 
-0.625507 -0.853063 
-0.615311 -0.862819 
-0.605174 -0.872327 
-0.595103 -0.881588 
-0.585103 -0.890606 
-0.575182 -0.899383 
-0.565343 -0.907922 
-0.555593 -0.916226 
-0.545936 -0.924297 
-0.536377 -0.932139 
-0.526920 -0.939755 
-0.517570 -0.947148 
-0.508331 -0.954321 
-0.499206 -0.961278 
-0.490200 -0.968022 
-0.481316 -0.974556 
-0.472558 -0.980883 
-0.463928 -0.987008 
-0.455430 -0.992933 
-0.447066 -0.998662 
-0.438839 -1.004198 
-0.430752 -1.009546 
-0.422808 -1.014708 
-0.415007 -1.019688 
-0.407353 -1.024489 
-0.399848 -1.029115 
-0.392493 -1.033570 
-0.385291 -1.037856 
-0.378242 -1.041978 
-0.371349 -1.045939 
-0.364612 -1.049741 
-0.358034 -1.053389 
-0.351616 -1.056886 
-0.345358 -1.060234 
-0.339262 -1.063438 
-0.333329 -1.066500 
-0.327560 -1.069424 
-0.321956 -1.072212 
-0.316517 -1.074868 
-0.311245 -1.077395 
-0.306139 -1.079794 
-0.301202 -1.082071 
-0.296433 -1.084226 
-0.291832 -1.086263 
-0.287401 -1.088185 
-0.283140 -1.089993 
-0.279050 -1.091691 
-0.275130 -1.093281 
-0.271380 -1.094765 
-0.267803 -1.096145 
-0.264396 -1.097424 
-0.261162 -1.098604 
-0.258099 -1.099686 
-0.255209 -1.100673 
-0.252491 -1.101565 
-0.249946 -1.102366 
-0.247574 -1.103077 
-0.245374 -1.103699 
-0.243346 -1.104233 
-0.241492 -1.104681 
-0.239811 -1.105044 
-0.238302 -1.105323 
-0.236966 -1.105520 
-0.235803 -1.105635 
-0.234813 -1.105668 
-0.233996 -1.105622 
-0.233350 -1.105495 
-0.232878 -1.105290 
-0.232578 -1.105006 
-0.232450 -1.104643 
-0.232494 -1.104202 
-0.232711 -1.103683 
-0.233099 -1.103086 
-0.233659 -1.102411 
-0.234390 -1.101657 
-0.235292 -1.100824 
-0.236365 -1.099913 
-0.237609 -1.098921 
-0.239024 -1.097850 
-0.240608 -1.096697 
-0.242363 -1.095463 
-0.244287 -1.094147 
-0.246380 -1.092746 
-0.248642 -1.091261 
-0.251073 -1.089690 
-0.253672 -1.088032 
-0.256439 -1.086285 
-0.259373 -1.084449 
-0.262474 -1.082521 
-0.265741 -1.080499 
-0.269175 -1.078383 
-0.272774 -1.076170 
-0.276537 -1.073858 
-0.280466 -1.071446 
-0.284558 -1.068931 
-0.288813 -1.066311 
-0.293230 -1.063584 
-0.297809 -1.060747 
-0.302550 -1.057799 
-0.307450 -1.054737 
-0.312510 -1.051558 
-0.317729 -1.048259 
-0.323105 -1.044839 
-0.328638 -1.041294 
-0.334326 -1.037621 
-0.340170 -1.033818 
-0.346166 -1.029882 
-0.352315 -1.025810 
-0.358615 -1.021598 
-0.365064 -1.017244 
-0.371662 -1.012745 
-0.378406 -1.008097 
-0.385295 -1.003297 
-0.392327 -0.998343 
-0.399501 -0.993230 
-0.406815 -0.987955 
-0.414266 -0.982516 
-0.421853 -0.976908 
-0.429574 -0.971129 
-0.437425 -0.965174 
-0.445404 -0.959042 
-0.453510 -0.952727 
-0.461738 -0.946227 
-0.470087 -0.939538 
-0.478552 -0.932657 
-0.487132 -0.925580 
-0.495821 -0.918304 
-0.504618 -0.910826 
-0.513517 -0.903142 
-0.522516 -0.895249 
-0.531609 -0.887143 
-0.540793 -0.878822 
-0.550063 -0.870282 
-0.559414 -0.861519 
-0.568841 -0.852531 
-0.578339 -0.843315 
-0.587902 -0.833868 
-0.597524 -0.824187 
-0.607200 -0.814268 
-0.616923 -0.804111 
-0.626687 -0.793711 
-0.636484 -0.783067 
-0.646308 -0.772176 
-0.656151 -0.761036 
-0.666006 -0.749645 
-0.675864 -0.738001 
-0.685717 -0.726103 
-0.695557 -0.713949 
-0.705374 -0.701538 
-0.715160 -0.688869 
-0.724904 -0.675941 
-0.734596 -0.662753 
-0.744227 -0.649305 
-0.753786 -0.635597 
-0.763261 -0.621629 
-0.772642 -0.607401 
-0.781916 -0.592914 
-0.791072 -0.578169 
-0.800098 -0.563167 
-0.808980 -0.547909 
-0.817705 -0.532398 
-0.826261 -0.516635 
-0.834633 -0.500624 
-0.842807 -0.484365 
-0.850769 -0.467863 
-0.858505 -0.451120 
-0.865999 -0.434141 
-0.873235 -0.416928 
-0.880199 -0.399485 
-0.886874 -0.381818 
-0.893245 -0.363929 
-0.899295 -0.345825 
-0.905007 -0.327509 
-0.910365 -0.308987 
-0.915352 -0.290264 
-0.919951 -0.271345 
-0.924146 -0.252235 
-0.927919 -0.232940 
-0.931253 -0.213465 
-0.934132 -0.193817 
-0.936540 -0.174000 
-0.938460 -0.154020 
-0.939875 -0.133885 
-0.940771 -0.113598 
-0.941133 -0.093168 
-0.940945 -0.072599 
-0.940193 -0.051900 
-0.938865 -0.031076 
-0.936948 -0.010134 
-0.934429 0.010917 
-0.931299 0.032070 
-0.927546 0.053317 
-0.923161 0.074647 
-0.918137 0.096051 
-0.912466 0.117520 
-0.906141 0.139040 
-0.899158 0.160600 
-0.891513 0.182187 
-0.883201 0.203785 
-0.874222 0.225381 
-0.864574 0.246956 
-0.854257 0.268494 
-0.843273 0.289976 
-0.831623 0.311381 
-0.819311 0.332688 
-0.806341 0.353875 
-0.792719 0.374919 
-0.778451 0.395795 
-0.763545 0.416477 
-0.748010 0.436939 
-0.731857 0.457154 
-0.715097 0.477092 
-0.697742 0.496726 
-0.679806 0.516026 
-0.661304 0.534962 
-0.642253 0.553502 
-0.622670 0.571618 
-0.602574 0.589277 
-0.581985 0.606449 
-0.560923 0.623102 
-0.539411 0.639207 
-0.517471 0.654733 
-0.495128 0.669651 
-0.472405 0.683931 
-0.449327 0.697544 
-0.425922 0.710464 
-0.402214 0.722663 
-0.378229 0.734117 
-0.353996 0.744801 
-0.329539 0.754693 
-0.304886 0.763771 
-0.280063 0.772015 
-0.255095 0.779409 
-0.230010 0.785936 
-0.204831 0.791582 
-0.179584 0.796336 
-0.154294 0.800187 
-0.128985 0.803130 
-0.103680 0.805158 
-0.078403 0.806270 
-0.053178 0.806466 
-0.028027 0.805749 
-0.002973 0.804123 
0.021960 0.801597 
0.046750 0.798181 
0.071372 0.793888 
0.095804 0.788733 
0.120021 0.782733 
0.144000 0.775908 
0.167717 0.768280 
0.191146 0.759871 
0.214263 0.750709 
0.237043 0.740820 
0.259462 0.730233 
0.281495 0.718977 
0.303117 0.707086 
0.324304 0.694592 
0.345035 0.681529 
0.365285 0.667932 
0.385034 0.653837 
0.404261 0.639280 
0.422947 0.624299 
0.441073 0.608931 
0.458624 0.593215 
0.475586 0.577188 
0.491945 0.560888 
0.507690 0.544354 
0.522812 0.527624 
0.537305 0.510734 
0.551163 0.493722 
0.564384 0.476623 
0.576966 0.459474 
0.588911 0.442310 
0.600222 0.425163 
0.610905 0.408067 
0.620967 0.391053 
0.630416 0.374151 
0.639264 0.357392 
0.647522 0.340803 
0.655206 0.324411 
0.662331 0.308242 
0.668913 0.292319 
0.674972 0.276665 
0.680525 0.261304 
0.685594 0.246254 
0.690201 0.231536 
0.694366 0.217167 
0.698113 0.203164 
0.701464 0.189543 
0.704443 0.176320 
0.707074 0.163507 
0.709381 0.151118 
0.711386 0.139163 
0.713115 0.127656 
0.714589 0.116604 
0.715833 0.106017 
0.716869 0.095904 
0.717718 0.086273 
0.718403 0.077130 
0.718944 0.068481 
0.719360 0.060333 
0.719672 0.052690 
0.719895 0.045556 
0.720049 0.038937 
0.720149 0.032835 
0.720209 0.027253 
0.720243 0.022194 
0.720264 0.017661 
0.720284 0.013654 
0.720311 0.010177 
0.720355 0.007229 
0.720424 0.004812 
0.720522 0.002927 
0.720656 0.001573 
0.720828 0.000752 
0.721040 0.000463 
0.721294 0.000706 
0.721587 0.001480 
0.721920 0.002785 
0.722287 0.004619 
0.722685 0.006982 
0.723107 0.009871 
0.723546 0.013286 
0.723994 0.017223 
0.724441 0.021682 
0.724876 0.026658 
0.725287 0.032150 
0.725660 0.038154 
0.725982 0.044667 
0.726238 0.051683 
0.726410 0.059200 
0.726482 0.067211 
0.726436 0.075712 
0.726253 0.084697 
0.725913 0.094158 
0.725397 0.104090 
0.724684 0.114484 
0.723752 0.125332 
0.722580 0.136625 
0.721146 0.148354 
0.719429 0.160508 
0.717406 0.173077 
0.715055 0.186047 
0.712354 0.199408 
0.709281 0.213144 
0.705816 0.227242 
0.701936 0.241686 
0.697622 0.256461 
0.692854 0.271548 
0.687613 0.286930 
0.681881 0.302587 
0.675640 0.318500 
0.668875 0.334646 
0.661571 0.351004 
0.653714 0.367550 
0.645293 0.384260 
0.636295 0.401108 
0.626712 0.418068 
0.616537 0.435113 
0.605763 0.452214 
0.594386 0.469341 
0.582404 0.486466 
0.569815 0.503556 
0.556621 0.520581 
0.542823 0.537509 
0.528428 0.554305 
0.513440 0.570939 
0.497869 0.587375 
0.481722 0.603581 
0.465013 0.619522 
0.447753 0.635165 
0.429956 0.650476 
0.411639 0.665421 
0.392817 0.679968 
0.373509 0.694082 
0.353733 0.707733 
0.333509 0.720887 
0.312858 0.733515 
0.291799 0.745585 
0.270354 0.757069 
0.248546 0.767937 
0.226395 0.778162 
0.203923 0.787718 
0.181152 0.796580 
0.158103 0.804724 
0.134798 0.812129 
0.111258 0.818773 
0.087502 0.824637 
0.063551 0.829704 
0.039425 0.833959 
0.015144 0.837389 
-0.009273 0.839982 
-0.033807 0.841728 
-0.058439 0.842621 
-0.083151 0.842655 
-0.107922 0.841828 
-0.132735 0.840139 
-0.157570 0.837589 
-0.182406 0.834182 
-0.207225 0.829924 
-0.232006 0.824822 
-0.256727 0.818885 
-0.281367 0.812127 
-0.305905 0.804558 
-0.330319 0.796194 
-0.354584 0.787052 
-0.378680 0.777149 
-0.402582 0.766504 
-0.426268 0.755137 
-0.449713 0.743070 
-0.472895 0.730325 
-0.495789 0.716925 
-0.518374 0.702894 
-0.540625 0.688257 
-0.562522 0.673040 
-0.584043 0.657269 
-0.605165 0.640970 
-0.625870 0.624169 
-0.646137 0.606894 
-0.665947 0.589172 
-0.685282 0.571031 
-0.704126 0.552496 
-0.722462 0.533596 
-0.740275 0.514357 
-0.757550 0.494806 
-0.774274 0.474968 
-0.790436 0.454870 
-0.806022 0.434536 
-0.821024 0.413990 
-0.835431 0.393257 
-0.849234 0.372359 
-0.862426 0.351317 
-0.875000 0.330154 
-0.886950 0.308890 
-0.898271 0.287543 
-0.908958 0.266131 
-0.919009 0.244673 
-0.928420 0.223184 
-0.937190 0.201679 
-0.945318 0.180172 
-0.952805 0.158677 
-0.959653 0.137205 
-0.965862 0.115769 
-0.971436 0.094378 
-0.976380 0.073042 
-0.980698 0.051770 
-0.984397 0.030571 
-0.987484 0.009451 
-0.989967 -0.011581 
-0.991855 -0.032519 
-0.993158 -0.053357 
-0.993887 -0.074089 
-0.994053 -0.094708 
-0.993668 -0.115208 
-0.992747 -0.135584 
-0.991302 -0.155831 
-0.989347 -0.175942 
-0.986898 -0.195912 
-0.983970 -0.215735 
-0.980577 -0.235406 
-0.976736 -0.254918 
-0.972462 -0.274266 
-0.967772 -0.293445 
-0.962681 -0.312448 
-0.957206 -0.331269 
-0.951363 -0.349903 
-0.945168 -0.368344 
-0.938637 -0.386586 
-0.931786 -0.404625 
-0.924630 -0.422454 
-0.917185 -0.440069 
-0.909466 -0.457464 
-0.901488 -0.474634 
-0.893267 -0.491576 
