0.637519 0.651412 
0.541977 0.638920 
0.442152 0.641269 
0.349411 0.658604 
0.272258 0.692026 
0.214102 0.743048 
0.174592 0.812455 
0.152011 0.898414 
0.144884 0.994679 
0.152672 1.091047 
0.175857 1.177132 
0.215649 1.246391 
0.273246 1.296916 
0.348448 1.329584 
0.437750 1.345965 
0.533309 1.347122 
0.624716 1.333173 
0.703105 1.303368 
0.763930 1.256543 
0.806509 1.192100 
0.832007 1.111591 
0.841740 1.020344 
0.836343 0.927385 
0.815568 0.842549 
0.778529 0.772761 
0.724359 0.720740 
0.653419 0.686283 
0.568913 0.668165 
0.477835 0.665399 
0.389634 0.677749 
0.312777 0.705709 
0.252122 0.750084 
0.208912 0.811130 
0.182433 0.887198 
0.171577 0.973416 
0.175696 1.061742 
0.194843 1.143284 
0.229559 1.211415 
0.280305 1.263129 
0.346451 1.298168 
0.425021 1.317446 
0.509981 1.321877 
0.593220 1.311859 
0.667162 1.287246 
0.727015 1.247676 
0.771086 1.193230 
0.799640 1.125388 
0.813605 1.047956 
0.813755 0.967160 
0.800423 0.890243 
0.773587 0.823261 
0.733214 0.769666 
0.679840 0.730461 
0.615285 0.705211 
0.543216 0.693026 
0.468959 0.693128 
0.398360 0.705041 
0.336222 0.728512 
0.285365 0.763267 
0.246703 0.808656 
0.219934 0.863239 
0.204244 0.924490 
0.198761 0.988840 
0.202747 1.052218 
0.215616 1.110896 
0.236840 1.162203 
0.265816 1.204761 
0.301716 1.238281 
0.343365 1.263170 
0.389190 1.280174 
0.437281 1.290132 
0.485585 1.293861 
0.532168 1.292123 
0.575456 1.285629 
0.614384 1.275059 
0.648407 1.261094 
0.677419 1.244427 
0.701630 1.225767 
0.721446 1.205832 
0.737370 1.185332 
0.749937 1.164943 
0.759672 1.145283 
0.767064 1.126895 
0.772559 1.110231 
0.776548 1.095650 
0.779367 1.083424 
0.781292 1.073753 
0.782541 1.066762 
0.783269 1.062543 
0.783570 1.061134 
0.783477 1.062548 
0.782959 1.066769 
0.781925 1.073748 
0.780224 1.083396 
0.777643 1.095580 
0.773917 1.110101 
0.768722 1.126690 
0.761683 1.144993 
0.752374 1.164568 
0.740331 1.184890 
0.725048 1.205364 
0.706018 1.225340 
0.682752 1.244138 
0.654848 1.261076 
0.622066 1.275483 
0.584453 1.286707 
0.542443 1.294118 
0.496955 1.297088 
0.449391 1.294971 
0.401537 1.287079 
0.355341 1.272663 
0.312672 1.250937 
0.275114 1.221144 
0.243874 1.182739 
0.219803 1.135673 
0.203493 1.080760 
0.195410 1.019970 
0.196033 0.956422 
0.205952 0.893900 
0.225921 0.836101 
0.256785 0.785938 
0.299217 0.745279 
0.353210 0.715073 
0.417404 0.695688 
0.488567 0.687284 
0.561779 0.690102 
0.631530 0.704642 
0.693129 0.731691 
0.743565 0.772105 
0.781465 0.826236 
0.806526 0.893019 
0.818872 0.969080 
0.818564 1.048671 
0.805304 1.124993 
0.778364 1.192219 
0.736818 1.246759 
0.680215 1.287201 
0.609705 1.313482 
0.529165 1.326013 
0.445252 1.325057 
0.365671 1.310399 
0.296691 1.281281 
0.241815 1.236709 
0.202091 1.176271 
0.177208 1.101469 
0.166512 1.016940 
0.169638 0.930246 
0.186830 0.849603 
0.218938 0.781163 
0.267027 0.727906 
0.331392 0.690338 
0.410069 0.667789 
0.497643 0.659431 
0.585857 0.664883 
0.666345 0.684460 
0.733385 0.719123 
0.784622 0.769994 
0.820046 0.837268 
0.840610 0.918623 
0.847248 1.008114 
0.840344 1.097103 
0.819528 1.177278 
0.783766 1.243327 
0.731870 1.293366 
0.663614 1.327727 
0.581334 1.347557 
0.491041 1.353883 
0.401417 1.347142 
0.320745 1.326994 
0.254231 1.292406 
0.203625 1.242112 
0.168463 1.175630 
0.147474 1.094798 
0.139499 1.005018 
0.143955 0.914615 
0.161015 0.831991 
0.191578 0.762767 
0.236943 0.709064 
0.298021 0.670582 
0.374005 0.646016 
0.460941 0.634040 
0.551593 0.633800 
0.637513 0.645139 
0.712090 0.668626 
0.772082 0.705406 
0.817097 0.756728 
0.848229 0.823014 
0.866944 0.902529 
0.874439 0.990354 
0.871353 1.078988 
0.857664 1.160791 
0.832704 1.230511 
0.795336 1.286044 
0.744389 1.327600 
0.679493 1.356465 
0.602223 1.374103 
0.516969 1.381680 
0.430466 1.379858 
0.349728 1.368724 
0.279803 1.347804 
0.222928 1.316165 
0.179127 1.272689 
0.147270 1.216599 
0.125924 1.148288 
0.113820 1.070221 
0.110066 0.987218 
0.114226 0.905473 
0.126329 0.830660 
0.146838 0.766413 
0.176565 0.714064 
0.216462 0.673295 
0.267260 0.642977 
0.328894 0.621788 
0.399831 0.608552 
0.476700 0.602385 
0.554696 0.602745 
0.628804 0.609437 
0.695151 0.622600 
0.751657 0.642670 
0.797864 0.670307 
0.834352 0.706258 
0.862172 0.751134 
0.882456 0.805051 
0.896212 0.867211 
0.904238 0.935578 
0.907092 1.006922 
0.905094 1.077405 
0.898340 1.143473 
0.886715 1.202593 
0.869919 1.253494 
0.847506 1.295975 
0.818946 1.330519 
0.783728 1.357940 
0.741512 1.379133 
0.692347 1.394931 
0.636889 1.406044 
0.576570 1.413030 
0.513554 1.416298 
0.450446 1.416112 
0.389817 1.412604 
0.333742 1.405783 
0.283552 1.395543 
0.239829 1.381678 
0.202564 1.363899 
0.171372 1.341859 
0.145677 1.315187 
0.124846 1.283549 
0.108271 1.246728 
0.095407 1.204725 
0.085795 1.157873 
0.079065 1.106928 
0.074929 1.053086 
0.073183 0.997898 
0.073693 0.943081 
0.076398 0.890273 
0.081300 0.840815 
0.088463 0.795629 
0.098011 0.755205 
0.110118 0.719663 
0.125010 0.688859 
0.142951 0.662481 
0.164234 0.640133 
0.189155 0.621399 
0.217984 0.605873 
0.250919 0.593186 
0.288025 0.583015 
0.329168 0.575084 
0.373951 0.569171 
0.421679 0.565097 
0.471369 0.562731 
0.521825 0.561985 
0.571770 0.562813 
0.619992 0.565210 
0.665480 0.569211 
0.707502 0.574892 
0.745623 0.582372 
0.779674 0.591810 
0.809697 0.603411 
0.835877 0.617422 
0.858484 0.634130 
0.877829 0.653858 
0.894234 0.676950 
0.908005 0.703748 
0.919425 0.734560 
0.928743 0.769603 
0.936175 0.808937 
0.941898 0.852387 
0.946057 0.899476 
0.948759 0.949387 
0.950079 1.000991 
0.950055 1.052950 
0.948693 1.103878 
0.945962 1.152511 
0.941792 1.197850 
0.936074 1.239224 
0.928657 1.276296 
0.919342 1.309002 
0.907880 1.337486 
0.893970 1.362023 
0.877259 1.382955 
0.857342 1.400653 
0.833778 1.415481 
0.806111 1.427780 
0.773916 1.437856 
0.736864 1.445979 
0.694819 1.452378 
0.647949 1.457244 
0.596834 1.460730 
0.542517 1.462956 
0.486462 1.464003 
0.430389 1.463925 
0.376029 1.462740 
0.324871 1.460432 
0.277993 1.456955 
0.236007 1.452227 
0.199104 1.446129 
0.167160 1.438502 
0.139841 1.429148 
0.116705 1.417822 
0.097266 1.404235 
0.081047 1.388048 
0.067600 1.368884 
0.056523 1.346330 
0.047462 1.319964 
0.040113 1.289389 
0.034217 1.254291 
0.029556 1.214516 
0.025947 1.170166 
0.023242 1.121687 
0.021319 1.069930 
0.020080 1.016126 
0.019447 0.961778 
0.019361 0.908461 
0.019779 0.857607 
0.020668 0.810329 
0.022009 0.767343 
0.023793 0.728975 
0.026018 0.695230 
0.028689 0.665892 
0.031816 0.640607 
0.035416 0.618958 
0.039508 0.600510 
0.044114 0.584845 
0.049257 0.571577 
0.054962 0.560358 
0.061252 0.550884 
0.068147 0.542890 
0.075668 0.536147 
0.083825 0.530462 
0.092628 0.525669 
0.102076 0.521626 
0.112160 0.518216 
0.122860 0.515339 
0.134145 0.512908 
0.145973 0.510854 
0.158286 0.509116 
0.171017 0.507644 
0.184084 0.506396 
0.197392 0.505335 
0.210838 0.504433 
0.224309 0.503665 
0.237686 0.503010 
0.250845 0.502450 
0.263663 0.501973 
0.276014 0.501565 
0.287780 0.501219 
0.298847 0.500926 
0.309106 0.500681 
0.318459 0.500478 
0.326817 0.500314 
0.334102 0.500186 
0.340242 0.500092 
0.345180 0.500031 
0.348865 0.500003 
0.351259 0.500006 
0.352326 0.500040 
0.352047 0.500107 
0.350410 0.500206 
0.347412 0.500340 
0.343058 0.500510 
0.337369 0.500718 
0.330374 0.500968 
0.322118 0.501263 
0.312659 0.501610 
0.302072 0.502014 
0.290447 0.502486 
0.277890 0.503037 
0.264525 0.503681 
0.250488 0.504435 
0.235928 0.505325 
0.221004 0.506377 
0.205877 0.507628 
0.190712 0.509123 
0.175670 0.510919 
0.160901 0.513084 
0.146545 0.515706 
0.132727 0.518894 
0.119551 0.522785 
0.107104 0.527549 
0.095453 0.533401 
0.084643 0.540609 
0.074706 0.549508 
0.065654 0.560520 
0.057490 0.574166 
0.050204 0.591092 
0.043782 0.612081 
0.038209 0.638058 
0.033470 0.670073 
0.029560 0.709215 
0.026487 0.756444 
0.024278 0.812289 
0.022990 0.876417 
0.022720 0.947217 
0.023620 1.021686 
0.025916 1.095874 
0.029931 1.165837 
0.036119 1.228588 
0.045107 1.282555 
0.057748 1.327452 
0.075186 1.363851 
0.098922 1.392743 
0.130854 1.415218 
0.173217 1.432280 
0.228293 1.444757 
0.297667 1.453254 
0.380915 1.458137 
0.474203 1.459506 
0.570200 1.457172 
0.660396 1.450605 
0.738421 1.438864 
0.801638 1.420511 
0.850443 1.393511 
0.886725 1.355198 
0.912681 1.302466 
0.930204 1.232536 
0.940642 1.144708 
0.944731 1.042814 
0.942563 0.936196 
0.933552 0.836552 
0.916366 0.752473 
0.888853 0.686928 
0.848031 0.638739 
0.790407 0.605118 
0.713131 0.583314 
0.616481 0.571311 
0.506846 0.568046 
0.396641 0.573446 
0.298731 0.588453 
0.220337 0.615041 
0.162291 0.656173 
0.122021 0.715387 
0.096302 0.795432 
0.082621 0.895416 
0.079615 1.007654 
0.087168 1.118433 
0.106398 1.214656 
0.139590 1.289869 
0.189948 1.344070 
0.260659 1.380212 
0.352632 1.401469 
0.461059 1.410021 
0.573988 1.406698 
0.676940 1.390953 
0.760329 1.360957 
0.821854 1.313866 
0.863637 1.246671 
0.888872 1.158248 
0.900033 1.052638 
0.898256 0.940886 
0.883248 0.837317 
0.853402 0.752272 
0.806131 0.688960 
0.738780 0.645800 
0.650705 0.619808 
0.546366 0.608568 
0.436793 0.610960 
0.335766 0.627274 
0.253042 0.659068 
0.191633 0.708736 
0.150089 0.778448 
0.125676 0.867960 
0.116228 0.971767 
0.120838 1.078462 
0.139954 1.175086 
0.175165 1.253175 
0.228666 1.310490 
0.301981 1.348569 
0.393664 1.369889 
0.496878 1.376260 
0.599874 1.368268 
0.690849 1.345245 
0.762980 1.305551 
0.814973 1.247280 
0.848506 1.169762 
0.865759 1.075897 
0.868141 0.973886 
0.855873 0.875521 
0.828053 0.791099 
0.783044 0.725703 
0.719388 0.679724 
