0.576129 0.660118 
0.510081 0.656729 
0.444024 0.660846 
0.381538 0.672567 
0.325509 0.692164 
0.277735 0.719993 
0.238959 0.756332 
0.209177 0.801155 
0.188017 0.853844 
0.175018 0.912912 
0.169821 0.975905 
0.172248 1.039628 
0.182318 1.100702 
0.200206 1.156231 
0.226160 1.204240 
0.260356 1.243741 
0.302696 1.274505 
0.352563 1.296746 
0.408583 1.310830 
0.468533 1.317084 
0.529511 1.315704 
0.588399 1.306725 
0.642431 1.290053 
0.689613 1.265547 
0.728834 1.233141 
0.759715 1.193025 
0.782331 1.145850 
0.796959 1.092918 
0.803888 1.036256 
0.803321 0.978472 
0.795344 0.922376 
0.779948 0.870517 
0.757099 0.824806 
0.726844 0.786393 
0.689460 0.755762 
0.645612 0.732947 
0.596498 0.717751 
0.543896 0.709916 
0.490051 0.709222 
0.437396 0.715521 
0.388187 0.728727 
0.344194 0.748760 
0.306572 0.775474 
0.275892 0.808544 
0.252296 0.847361 
0.235668 0.890933 
0.225778 0.937853 
0.222377 0.986365 
0.225242 1.034533 
0.234182 1.080489 
0.249011 1.122655 
0.269505 1.159891 
0.295345 1.191516 
0.326056 1.217244 
0.360955 1.237067 
0.399126 1.251153 
0.439434 1.259751 
0.480596 1.263142 
0.521287 1.261605 
0.560271 1.255419 
0.596518 1.244867 
0.629262 1.230255 
0.658023 1.211935 
0.682579 1.190316 
0.702907 1.165879 
0.719134 1.139181 
0.731473 1.110842 
0.740195 1.081522 
0.745596 1.051892 
0.747981 1.022592 
0.747660 0.994198 
0.744942 0.967192 
0.740135 0.941942 
0.733547 0.918704 
0.725481 0.897621 
0.716243 0.878744 
0.706130 0.862045 
0.695433 0.847436 
0.684430 0.834791 
0.673382 0.823954 
0.662532 0.814759 
0.652099 0.807033 
0.642279 0.800608 
0.633242 0.795321 
0.625129 0.791024 
0.618062 0.787583 
0.612136 0.784882 
0.607426 0.782823 
0.603989 0.781330 
0.601865 0.780344 
0.601078 0.779831 
0.601639 0.779779 
0.603544 0.780193 
0.606775 0.781106 
0.611302 0.782569 
0.617072 0.784653 
0.624020 0.787451 
0.632058 0.791074 
0.641075 0.795651 
0.650935 0.801325 
0.661480 0.808255 
0.672522 0.816606 
0.683854 0.826552 
0.695239 0.838261 
0.706429 0.851898 
0.717152 0.867602 
0.727130 0.885484 
0.736075 0.905603 
0.743696 0.927949 
0.749699 0.952431 
0.753793 0.978851 
0.755683 1.006901 
0.755076 1.036159 
0.751678 1.066097 
0.745193 1.096111 
0.735327 1.125550 
0.721797 1.153753 
0.704348 1.180087 
0.682780 1.203977 
0.656993 1.224920 
0.627037 1.242490 
0.593171 1.256331 
0.555914 1.266142 
0.516068 1.271656 
0.474690 1.272622 
0.433020 1.268787 
0.392364 1.259884 
0.353968 1.245641 
0.318908 1.225802 
0.288036 1.200181 
0.261970 1.168744 
0.241126 1.131717 
0.225768 1.089697 
0.216074 1.043729 
0.212186 0.995296 
0.214261 0.946197 
0.222492 0.898332 
0.237119 0.853462 
0.258395 0.813017 
0.286516 0.778017 
0.321496 0.749090 
0.363015 0.726559 
0.410246 0.710548 
0.461764 0.701091 
0.515586 0.698210 
0.569401 0.701983 
0.620903 0.712567 
0.668127 0.730197 
0.709639 0.755136 
0.744569 0.787562 
0.772511 0.827401 
0.793372 0.874117 
0.807217 0.926524 
0.814150 0.982718 
0.814223 1.040241 
0.807388 1.096434 
0.793473 1.148885 
0.772211 1.195751 
0.743322 1.235880 
0.706661 1.268728 
0.662425 1.294188 
0.611398 1.312393 
0.555123 1.323562 
0.495886 1.327884 
0.436444 1.325443 
0.379548 1.316183 
0.327491 1.299907 
0.281837 1.276315 
0.243412 1.245109 
0.212461 1.206150 
0.188861 1.159692 
0.172319 1.106623 
0.162518 1.048619 
0.159209 0.988089 
0.162274 0.927840 
0.171750 0.870585 
0.187827 0.818490 
0.210807 0.772952 
0.241014 0.734631 
0.278658 0.703625 
0.323619 0.679697 
0.375227 0.662462 
0.432082 0.651520 
0.492052 0.646547 
0.552522 0.647342 
0.610837 0.653851 
0.664757 0.666171 
0.712742 0.684534 
0.753986 0.709249 
0.788285 0.740625 
0.815830 0.778829 
0.837018 0.823709 
0.852304 0.874607 
0.862117 0.930223 
0.866794 0.988632 
0.866562 1.047503 
0.861514 1.104478 
0.851615 1.157549 
0.836713 1.205309 
0.816566 1.246995 
0.790893 1.282389 
0.759445 1.311651 
0.722116 1.335152 
0.679072 1.353350 
0.630883 1.366701 
0.578615 1.375609 
0.523804 1.380400 
0.468314 1.381305 
0.414064 1.378459 
0.362756 1.371902 
0.315667 1.361584 
0.273575 1.347377 
0.236806 1.329099 
0.205332 1.306539 
0.178903 1.279501 
0.157148 1.247862 
0.139651 1.211640 
0.126008 1.171074 
0.115851 1.126687 
0.108868 1.079318 
0.104807 1.030093 
0.103479 0.980323 
0.104753 0.931356 
0.108559 0.884417 
0.114880 0.840482 
0.123746 0.800220 
0.135228 0.763990 
0.149430 0.731898 
0.166476 0.703852 
0.186495 0.679640 
0.209604 0.658976 
0.235879 0.641551 
0.265331 0.627056 
0.297872 0.615202 
0.333286 0.605728 
0.371213 0.598405 
0.411134 0.593040 
0.452399 0.589475 
0.494262 0.587582 
0.535943 0.587264 
0.576689 0.588453 
0.615843 0.591105 
0.652877 0.595202 
0.687413 0.600747 
0.719227 0.607762 
0.748220 0.616288 
0.774405 0.626378 
0.797868 0.638101 
0.818750 0.651530 
0.837219 0.666747 
0.853460 0.683829 
0.867659 0.702849 
0.879995 0.723862 
0.890636 0.746902 
0.899737 0.771964 
0.907435 0.799001 
0.913853 0.827911 
0.919098 0.858527 
0.923262 0.890617 
0.926420 0.923886 
0.928637 0.957981 
0.929964 0.992511 
0.930440 1.027064 
0.930092 1.061229 
0.928936 1.094624 
0.926979 1.126909 
0.924216 1.157803 
0.920634 1.187088 
0.916209 1.214614 
0.910909 1.240290 
0.904689 1.264080 
0.897499 1.285991 
0.889277 1.306065 
0.879952 1.324368 
0.869448 1.340985 
0.857677 1.356011 
0.844548 1.369546 
0.829963 1.381688 
0.813823 1.392538 
0.796034 1.402190 
0.776505 1.410731 
0.755161 1.418245 
0.731950 1.424806 
0.706848 1.430483 
0.679875 1.435336 
0.651101 1.439418 
0.620657 1.442776 
0.588739 1.445449 
0.555609 1.447469 
0.521591 1.448861 
0.487059 1.449646 
0.452415 1.449834 
0.418071 1.449431 
0.384426 1.448437 
0.351838 1.446841 
0.320617 1.444629 
0.291006 1.441776 
0.263181 1.438253 
0.237254 1.434018 
0.213277 1.429023 
0.191253 1.423212 
0.171144 1.416516 
0.152883 1.408859 
0.136380 1.400152 
0.121533 1.390298 
0.108230 1.379188 
0.096358 1.366704 
0.085806 1.352719 
0.076464 1.337102 
0.068229 1.319717 
0.061003 1.300436 
0.054695 1.279136 
0.049223 1.255719 
0.044510 1.230119 
0.040488 1.202316 
0.037096 1.172355 
0.034277 1.140356 
0.031983 1.106527 
0.030171 1.071169 
0.028803 1.034670 
0.027847 0.997491 
0.027275 0.960138 
0.027065 0.923131 
0.027197 0.886968 
0.027656 0.852091 
0.028431 0.818870 
0.029513 0.787579 
0.030898 0.758404 
0.032581 0.731441 
0.034563 0.706716 
0.036846 0.684190 
0.039434 0.663783 
0.042331 0.645382 
0.045545 0.628854 
0.049083 0.614058 
0.052953 0.600848 
0.057166 0.589080 
0.061729 0.578618 
0.066653 0.569331 
0.071945 0.561099 
0.077612 0.553808 
0.083662 0.547359 
0.090098 0.541657 
0.096923 0.536621 
0.104137 0.532173 
0.111735 0.528248 
0.119712 0.524784 
0.128057 0.521729 
0.136754 0.519034 
0.145785 0.516656 
0.155125 0.514559 
0.164747 0.512709 
0.174615 0.511075 
0.184693 0.509634 
0.194937 0.508360 
0.205299 0.507235 
0.215730 0.506240 
0.226174 0.505360 
0.236576 0.504582 
0.246876 0.503894 
0.257015 0.503286 
0.266931 0.502749 
0.276566 0.502275 
0.285861 0.501858 
0.294757 0.501494 
0.303201 0.501176 
0.311140 0.500901 
0.318525 0.500667 
0.325310 0.500471 
0.331454 0.500311 
0.336918 0.500185 
0.341668 0.500092 
0.345673 0.500031 
0.348907 0.500003 
0.351347 0.500006 
0.352970 0.500040 
0.353765 0.500106 
0.353718 0.500205 
0.352820 0.500337 
0.351067 0.500503 
0.348458 0.500705 
0.344999 0.500943 
0.340696 0.501221 
0.335564 0.501540 
0.329622 0.501904 
0.322894 0.502316 
0.315410 0.502782 
0.307208 0.503307 
0.298331 0.503898 
0.288830 0.504563 
0.278761 0.505313 
0.268186 0.506160 
0.257176 0.507119 
0.245803 0.508207 
0.234146 0.509444 
0.222286 0.510856 
0.210304 0.512473 
0.198284 0.514329 
0.186307 0.516467 
0.174452 0.518934 
0.162794 0.521791 
0.151403 0.525106 
0.140342 0.528961 
0.129668 0.533453 
0.119430 0.538698 
0.109671 0.544831 
0.100424 0.552013 
0.091717 0.560433 
0.083570 0.570312 
0.076001 0.581910 
0.069018 0.595526 
0.062630 0.611502 
0.056842 0.630225 
0.051659 0.652115 
0.047087 0.677616 
0.043135 0.707163 
0.039818 0.741134 
0.037158 0.779781 
0.035188 0.823137 
0.033956 0.870911 
0.033525 0.922404 
0.033985 0.976488 
0.035452 1.031679 
0.038077 1.086314 
0.042056 1.138785 
0.047634 1.187760 
0.055123 1.232317 
0.064907 1.271962 
0.077459 1.306578 
0.093351 1.336316 
0.113260 1.361492 
0.137958 1.382502 
0.168287 1.399753 
0.205075 1.413621 
0.248999 1.424426 
0.300359 1.432413 
0.358788 1.437743 
0.422986 1.440482 
0.490654 1.440591 
0.558760 1.437921 
0.624139 1.432198 
0.684163 1.423012 
0.737150 1.409806 
0.782411 1.391865 
0.820021 1.368326 
0.850507 1.338205 
0.874586 1.300498 
0.892976 1.254366 
0.906296 1.199451 
0.915006 1.136287 
0.919378 1.066677 
0.919485 0.993742 
0.915195 0.921426 
0.906162 0.853571 
0.891833 0.793033 
0.871453 0.741313 
0.844102 0.698717 
0.808782 0.664783 
0.764599 0.638703 
0.711082 0.619623 
0.648633 0.606825 
0.578960 0.599805 
0.505233 0.598321 
0.431630 0.602396 
0.362348 0.612320 
0.300594 0.628625 
0.248105 0.652056 
0.205301 0.683487 
0.171747 0.723769 
0.146640 0.773453 
0.129139 0.832381 
0.118567 0.899224 
0.114502 0.971216 
0.116812 1.044400 
0.125653 1.114477 
0.141442 1.177852 
0.164808 1.232306 
0.196493 1.277014 
0.237179 1.312147 
0.287195 1.338371 
0.346115 1.356462 
0.412350 1.367076 
0.482971 1.370624 
0.554046 1.367234 
0.621485 1.356753 
0.681992 1.338787 
0.733592 1.312776 
0.775589 1.278121 
0.808157 1.234410 
0.831894 1.181734 
0.847465 1.121073 
0.855402 1.054591 
0.855998 0.985586 
0.849280 0.917951 
0.835032 0.855316 
0.812854 0.800314 
0.782273 0.754333 
0.742922 0.717715 
0.694806 0.690168 
0.638636 0.671145 
