-0.457956 -0.250000 
-0.500000 -0.264313 

-0.449030 -0.250000 
-0.250000 -0.098979 

-0.167012 0.000000 
-0.250000 -0.135456 

-0.165699 0.000000 
-0.196530 0.250000 

-0.500000 0.477882 
-0.250000 0.284106 

-0.227732 0.250000 
-0.250000 0.279401 

-0.820751 0.500000 
-0.750000 0.517063 

-0.719631 0.500000 
-0.750000 0.503725 

-0.881542 0.500000 
-1.000000 0.397979 

-0.739435 0.500000 
-0.500000 0.453876 

-0.845085 -0.250000 
-0.750000 -0.276663 

-0.739331 -0.250000 
-0.750000 -0.250160 

-0.825856 -0.250000 
-1.000000 -0.092554 

-0.750000 -0.243504 
-0.500000 -0.239875 

