0.645993 1.187500 
0.656250 1.207810 

0.845090 1.187500 
0.843750 1.190627 

0.828830 1.218750 
0.843750 1.193949 

0.776991 1.250000 
0.796875 1.244106 

0.829902 1.218750 
0.796875 1.243115 

0.678182 1.093750 
0.703125 1.079430 

0.750000 1.068235 
0.703125 1.077596 

0.677590 1.093750 
0.656250 1.115081 

0.651891 1.125000 
0.656250 1.118668 

0.642598 1.156250 
0.650585 1.125000 

0.642361 1.156250 
0.645831 1.187500 

0.709071 1.250000 
0.750000 1.255603 

0.840560 1.125000 
0.843750 1.136852 

0.750000 1.068007 
0.796875 1.080739 

0.814993 1.093750 
0.796875 1.082377 

0.814409 1.093750 
0.843750 1.124754 

0.662911 1.218750 
0.656250 1.208010 

0.661885 1.218750 
0.703125 1.246648 

0.714723 1.250000 
0.703125 1.247497 

0.848569 1.156250 
0.843750 1.129987 

0.848172 1.156250 
0.845781 1.187500 

0.780655 1.250000 
0.750000 1.255596 

