0.609702 0.743752 
0.609176 0.750253 
0.608508 0.756505 
0.607453 0.762702 
0.606010 0.768819 
0.604187 0.774834 
0.602251 0.780520 
0.599425 0.786479 
0.596508 0.792045 
0.593245 0.797434 
0.589653 0.802592 
0.585744 0.807529 
0.581533 0.812195 
0.577039 0.816605 
0.572547 0.820502 
0.567267 0.824518 
0.562303 0.827807 
0.556858 0.830947 
0.550955 0.833953 
0.545157 0.836400 
0.539500 0.838284 
0.533448 0.839975 
0.527304 0.841294 
0.521091 0.842228 
0.514832 0.842770 
0.508831 0.842728 
0.502558 0.842470 
0.496037 0.842014 
0.489848 0.840985 
0.483737 0.839569 
0.477730 0.837762 
0.471580 0.835753 
0.465849 0.833216 
0.460289 0.830323 
0.455208 0.826899 
0.450058 0.823325 
0.444881 0.819612 
0.440220 0.815403 
0.436119 0.810766 
0.432023 0.806008 
0.427975 0.801183 
0.424521 0.795947 
0.421390 0.790520 
0.418616 0.784890 
0.416471 0.778931 
0.414428 0.773014 
0.412481 0.767116 
0.411193 0.760965 
0.410296 0.754743 
0.409792 0.748476 
0.409679 0.742187 
0.409948 0.735901 
0.410620 0.729646 
0.411685 0.723442 
0.413138 0.717319 
0.415218 0.711123 
0.417153 0.705377 
0.419723 0.699629 
0.422895 0.693878 
0.425899 0.688651 
0.429490 0.683483 
0.433401 0.678535 
0.437843 0.673682 
0.442092 0.669438 
0.446839 0.665308 
0.451848 0.661504 
0.457070 0.658004 
0.462513 0.654845 
0.468130 0.652044 
0.473911 0.649591 
0.479842 0.647510 
0.485881 0.645804 
0.492016 0.644493 
0.497985 0.643754 
0.504469 0.643027 
0.510740 0.642885 
0.517004 0.643140 
0.523243 0.643796 
0.529425 0.644837 
0.535532 0.646266 
0.541535 0.648078 
0.547645 0.650062 
0.553375 0.652619 
0.558931 0.655526 
0.564057 0.658984 
0.569206 0.662576 
0.574358 0.666268 
0.579968 0.669612 
0.583163 0.675178 
0.587501 0.679717 
0.591290 0.684728 
0.594760 0.689962 
0.597649 0.695625 
0.600678 0.701042 
0.603106 0.706831 
0.604917 0.712988 
0.606598 0.719046 
0.607894 0.725197 
0.608805 0.731420 
0.609323 0.737685 
0.609702 0.743752 
