0.695560 0.662593 
0.696019 0.668684 
0.694433 0.676484 
0.691267 0.685550 
0.686655 0.695458 
0.682358 0.704505 
0.677374 0.713701 
0.670454 0.724170 
0.662076 0.735385 
0.654544 0.745215 
0.647906 0.753602 
0.641146 0.761528 
0.632462 0.770506 
0.624499 0.778304 
0.620163 0.782423 
0.615055 0.786710 
0.610224 0.790253 
0.604917 0.793674 
0.599146 0.796981 
0.593447 0.799731 
0.587878 0.801898 
0.581645 0.804118 
0.575836 0.805552 
0.569670 0.806814 
0.566142 0.805630 
0.563387 0.803463 
0.563307 0.798881 
0.563757 0.793535 
0.565012 0.787210 
0.562856 0.783207 
0.559173 0.780082 
0.555575 0.776580 
0.553950 0.771337 
0.548005 0.769176 
0.540397 0.768047 
0.535339 0.764761 
0.538574 0.754928 
0.542758 0.744235 
0.544273 0.735407 
0.539840 0.731070 
0.532445 0.729112 
0.522547 0.728958 
0.514199 0.727558 
0.519676 0.715605 
0.514607 0.711866 
0.507375 0.709826 
0.500276 0.707726 
0.493564 0.705462 
0.489022 0.701758 
0.487636 0.695856 
0.487125 0.689533 
0.486525 0.683537 
0.478954 0.683073 
0.471060 0.683142 
0.467535 0.680313 
0.465889 0.676459 
0.464393 0.672888 
0.463782 0.669123 
0.466471 0.663334 
0.469249 0.657911 
0.472853 0.652309 
0.476301 0.647305 
0.480513 0.642156 
0.485032 0.637294 
0.489336 0.633045 
0.494374 0.628754 
0.499178 0.625142 
0.509029 0.617741 
0.518128 0.611428 
0.526884 0.605776 
0.534872 0.601252 
0.542973 0.597038 
0.551621 0.592768 
0.558990 0.590124 
0.567079 0.587175 
0.576311 0.583475 
0.584489 0.581258 
0.593539 0.578564 
0.607881 0.570525 
0.625450 0.559094 
0.638187 0.552684 
0.641970 0.556817 
0.651251 0.554940 
0.665509 0.547361 
0.676520 0.543684 
0.679175 0.550053 
0.694483 0.541288 
0.710285 0.531565 
0.705266 0.547937 
0.699996 0.564248 
0.707879 0.564599 
0.709540 0.572184 
0.702496 0.589777 
0.707821 0.592857 
0.713428 0.595352 
0.704484 0.614378 
0.691318 0.637160 
0.692898 0.643447 
0.692002 0.652050 
0.694715 0.656550 
0.695560 0.662593 
