0.787126 1.157355 
0.792409 1.137470 
0.796592 1.116987 
0.799693 1.096029 
0.801727 1.074731 
0.802709 1.053236 
0.802647 1.031692 
0.801552 1.010252 
0.799432 0.989065 
0.796292 0.968275 
0.792137 0.948018 
0.786975 0.928416 
0.780812 0.909580 
0.773655 0.891603 
0.765517 0.874566 
0.756411 0.858530 
0.746357 0.843545 
0.735378 0.829644 
0.723507 0.816852 
0.710780 0.805178 
0.697243 0.794627 
0.682952 0.785195 
0.667969 0.776872 
0.652366 0.769644 
0.636224 0.763494 
0.619632 0.758403 
0.602684 0.754350 
0.585482 0.751313 
0.568132 0.749272 
0.550740 0.748202 
0.533414 0.748081 
0.516260 0.748887 
0.499381 0.750596 
0.482871 0.753183 
0.466820 0.756623 
0.451310 0.760889 
0.436410 0.765953 
0.422182 0.771784 
0.408677 0.778349 
0.395937 0.785614 
0.383993 0.793539 
0.372867 0.802083 
0.362574 0.811202 
0.353120 0.820848 
0.344505 0.830971 
0.336725 0.841517 
0.329769 0.852431 
0.323622 0.863655 
0.318266 0.875129 
0.313679 0.886793 
0.309840 0.898587 
0.306721 0.910450 
0.304296 0.922324 
0.302536 0.934151 
0.301413 0.945877 
0.300895 0.957450 
0.300950 0.968821 
0.301548 0.979947 
0.302655 0.990790 
0.304238 1.001312 
0.306265 1.011486 
0.308700 1.021285 
0.311510 1.030690 
0.314662 1.039685 
0.318120 1.048259 
0.321852 1.056404 
0.325824 1.064119 
0.330002 1.071403 
0.334354 1.078261 
0.338847 1.084700 
0.343451 1.090728 
0.348135 1.096358 
0.352870 1.101604 
0.357627 1.106480 
0.362380 1.111002 
0.367103 1.115189 
0.371771 1.119059 
0.376361 1.122629 
0.380852 1.125920 
0.385223 1.128949 
0.389455 1.131737 
0.393531 1.134301 
0.397434 1.136661 
0.401149 1.138833 
0.404663 1.140835 
0.407962 1.142682 
0.411035 1.144391 
0.413870 1.145976 
0.416458 1.147449 
0.418789 1.148823 
0.420855 1.150108 
0.422647 1.151315 
0.424159 1.152449 
0.425383 1.153519 
0.426313 1.154530 
0.426943 1.155484 
0.427268 1.156383 
0.427282 1.157228 
0.426980 1.158018 
0.426360 1.158748 
0.425417 1.159414 
0.424149 1.160010 
0.422554 1.160528 
0.420630 1.160957 
0.418378 1.161285 
0.415798 1.161501 
0.412893 1.161587 
0.409667 1.161530 
0.406124 1.161310 
0.402272 1.160908 
0.398119 1.160304 
0.393677 1.159476 
0.388957 1.158401 
0.383976 1.157056 
0.378751 1.155416 
0.373302 1.153455 
0.367650 1.151148 
0.361821 1.148469 
0.355842 1.145392 
0.349741 1.141890 
0.343551 1.137938 
0.337306 1.133512 
0.331039 1.128587 
0.324790 1.123141 
0.318596 1.117152 
0.312497 1.110604 
0.306533 1.103479 
0.300746 1.095766 
0.295178 1.087454 
0.289870 1.078540 
0.284864 1.069023 
0.280201 1.058910 
0.275921 1.048210 
0.272066 1.036943 
0.268674 1.025132 
0.265784 1.012808 
0.263433 1.000011 
0.261657 0.986787 
0.260493 0.973187 
0.259974 0.959271 
0.260135 0.945104 
0.261008 0.930756 
0.262626 0.916301 
0.265019 0.901818 
0.268217 0.887384 
0.272250 0.873080 
0.277144 0.858985 
0.282926 0.845175 
0.289619 0.831725 
0.297245 0.818706 
0.305820 0.806183 
0.315359 0.794215 
0.325870 0.782860 
0.337353 0.772164 
0.349804 0.762173 
0.363209 0.752924 
0.377542 0.744450 
0.392769 0.736778 
0.408842 0.729933 
0.425701 0.723934 
0.443274 0.718799 
0.461475 0.714540 
0.480207 0.711171 
0.499363 0.708703 
0.518827 0.707144 
0.538476 0.706505 
0.558185 0.706794 
0.577828 0.708023 
0.597280 0.710201 
0.616421 0.713338 
0.635141 0.717447 
0.653336 0.722539 
0.670915 0.728626 
0.687798 0.735720 
0.703918 0.743831 
0.719220 0.752969 
0.733662 0.763140 
0.747210 0.774347 
0.759844 0.786587 
0.771550 0.799851 
0.782323 0.814123 
0.792165 0.829376 
0.801082 0.845575 
0.809086 0.862672 
0.816191 0.880606 
0.822413 0.899305 
0.827770 0.918683 
0.832282 0.938643 
0.835965 0.959077 
0.838840 0.979867 
0.840923 1.000892 
0.842231 1.022025 
0.842778 1.043138 
0.842578 1.064107 
0.841642 1.084812 
0.839981 1.105143 
0.837602 1.124999 
0.834511 1.144290 
0.830714 1.162940 
0.826213 1.180886 
0.821011 1.198078 
0.815109 1.214478 
0.808509 1.230060 
0.801210 1.244809 
0.793213 1.258720 
0.784521 1.271795 
0.775135 1.284044 
0.765060 1.295482 
0.754302 1.306129 
0.742871 1.316008 
0.730779 1.325145 
0.718042 1.333567 
0.704680 1.341304 
0.690718 1.348383 
0.676186 1.354835 
0.661119 1.360689 
0.645555 1.365972 
0.629541 1.370712 
0.613125 1.374936 
0.596362 1.378668 
0.579309 1.381933 
0.562027 1.384753 
0.544580 1.387149 
0.527030 1.389141 
0.509443 1.390748 
0.491883 1.391987 
0.474411 1.392873 
0.457088 1.393422 
0.439968 1.393647 
0.423104 1.393559 
0.406542 1.393171 
0.390325 1.392491 
0.374490 1.391530 
0.359067 1.390294 
0.344082 1.388792 
0.329557 1.387029 
0.315506 1.385010 
0.301941 1.382741 
0.288868 1.380225 
0.276291 1.377466 
0.264208 1.374465 
0.252617 1.371226 
0.241512 1.367749 
0.230883 1.364035 
0.220722 1.360085 
0.211017 1.355898 
0.201755 1.351474 
0.192922 1.346812 
0.184505 1.341910 
0.176489 1.336767 
0.168859 1.331380 
0.161601 1.325747 
0.154700 1.319867 
0.148142 1.313734 
0.141912 1.307347 
0.135996 1.300703 
0.130382 1.293797 
0.125055 1.286626 
0.120004 1.279188 
0.115217 1.271477 
0.110681 1.263492 
0.106386 1.255229 
0.102322 1.246684 
0.098479 1.237855 
0.094847 1.228740 
0.091417 1.219337 
0.088181 1.209644 
0.085130 1.199661 
0.082259 1.189388 
0.079558 1.178826 
0.077023 1.167976 
0.074646 1.156842 
0.072421 1.145428 
0.070345 1.133739 
0.068410 1.121782 
0.066614 1.109565 
0.064950 1.097098 
0.063416 1.084392 
0.062008 1.071460 
0.060721 1.058318 
0.059554 1.044980 
0.058502 1.031466 
0.057564 1.017794 
0.056737 1.003986 
0.056018 0.990063 
0.055406 0.976050 
0.054899 0.961971 
0.054495 0.947853 
0.054193 0.933720 
0.053992 0.919600 
0.053891 0.905519 
0.053889 0.891506 
0.053985 0.877585 
0.054179 0.863784 
0.054470 0.850128 
0.054859 0.836640 
0.055344 0.823346 
0.055927 0.810265 
0.056607 0.797419 
0.057385 0.784826 
0.058261 0.772504 
0.059236 0.760468 
0.060311 0.748730 
0.061485 0.737303 
0.062761 0.726197 
0.064139 0.715418 
0.065619 0.704975 
0.067204 0.694870 
0.068895 0.685107 
0.070692 0.675688 
0.072597 0.666612 
0.074612 0.657878 
0.076737 0.649484 
0.078974 0.641426 
0.081325 0.633699 
0.083791 0.626299 
0.086373 0.619219 
0.089072 0.612452 
0.091891 0.605991 
0.094830 0.599828 
0.097889 0.593955 
0.101071 0.588363 
0.104376 0.583044 
0.107805 0.577988 
0.111358 0.573187 
0.115035 0.568631 
0.118837 0.564310 
0.122764 0.560217 
0.126814 0.556341 
0.130988 0.552673 
0.135284 0.549206 
0.139700 0.545929 
0.144235 0.542835 
0.148886 0.539914 
0.153651 0.537160 
0.158527 0.534563 
0.163510 0.532116 
0.168595 0.529812 
0.173779 0.527644 
0.179055 0.525604 
0.184418 0.523685 
0.189863 0.521882 
0.195381 0.520189 
0.200966 0.518598 
0.206611 0.517106 
0.212306 0.515705 
0.218042 0.514393 
0.223811 0.513162 
0.229603 0.512010 
0.235406 0.510931 
0.241212 0.509923 
0.247009 0.508980 
0.252786 0.508099 
0.258531 0.507278 
0.264232 0.506513 
0.269878 0.505801 
0.275457 0.505140 
0.280958 0.504527 
0.286367 0.503960 
0.291673 0.503437 
0.296864 0.502956 
0.301929 0.502516 
0.306856 0.502115 
0.311633 0.501751 
0.316251 0.501424 
0.320697 0.501133 
0.324962 0.500877 
0.329036 0.500654 
0.332908 0.500465 
0.336571 0.500308 
0.340015 0.500184 
0.343232 0.500092 
0.346214 0.500031 
0.348953 0.500003 
0.351443 0.500006 
0.353677 0.500040 
0.355649 0.500106 
0.357354 0.500204 
0.358787 0.500334 
0.359944 0.500496 
0.360820 0.500691 
0.361411 0.500919 
0.361716 0.501181 
0.361731 0.501476 
0.361455 0.501806 
0.360886 0.502171 
0.360024 0.502572 
0.358867 0.503010 
0.357418 0.503486 
0.355675 0.504000 
0.353642 0.504554 
0.351319 0.505150 
0.348711 0.505789 
0.345820 0.506472 
0.342650 0.507201 
0.339208 0.507979 
0.335497 0.508808 
0.331526 0.509690 
0.327301 0.510629 
0.322829 0.511627 
0.318121 0.512688 
0.313185 0.513816 
0.308033 0.515016 
0.302674 0.516293 
0.297122 0.517651 
0.291389 0.519097 
0.285488 0.520638 
0.279434 0.522281 
0.273240 0.524033 
0.266923 0.525904 
0.260499 0.527902 
0.253982 0.530039 
0.247390 0.532325 
0.240739 0.534773 
0.234047 0.537397 
0.227329 0.540209 
0.220604 0.543228 
0.213888 0.546468 
0.207197 0.549949 
0.200548 0.553690 
0.193957 0.557713 
0.187440 0.562040 
0.181011 0.566695 
0.174686 0.571704 
0.168477 0.577096 
0.162400 0.582899 
0.156467 0.589145 
0.150689 0.595865 
0.145080 0.603095 
0.139650 0.610870 
0.134409 0.619227 
0.129368 0.628204 
0.124537 0.637839 
0.119925 0.648171 
0.115541 0.659238 
0.111395 0.671078 
0.107494 0.683726 
0.103848 0.697214 
0.100466 0.711570 
0.097356 0.726815 
0.094529 0.742966 
0.091994 0.760029 
0.089762 0.777999 
0.087845 0.796859 
0.086254 0.816580 
0.085002 0.837117 
0.084105 0.858407 
0.083578 0.880373 
0.083438 0.902921 
0.083704 0.925943 
0.084397 0.949314 
0.085540 0.972903 
0.087156 0.996568 
0.089273 1.020166 
0.091919 1.043551 
0.095125 1.066585 
0.098924 1.089135 
0.103351 1.111081 
0.108444 1.132314 
0.114241 1.152743 
0.120783 1.172291 
0.128111 1.190897 
0.136270 1.208515 
0.145301 1.225113 
0.155246 1.240673 
0.166147 1.255185 
0.178042 1.268650 
0.190964 1.281074 
0.204942 1.292471 
0.219997 1.302856 
0.236139 1.312247 
0.253368 1.320664 
0.271669 1.328125 
0.291011 1.334650 
0.311345 1.340254 
0.332602 1.344952 
0.354694 1.348754 
0.377509 1.351670 
0.400919 1.353703 
0.424778 1.354856 
0.448923 1.355126 
0.473184 1.354507 
0.497385 1.352991 
0.521349 1.350566 
0.544906 1.347218 
0.567895 1.342929 
0.590170 1.337681 
0.611602 1.331456 
0.632081 1.324233 
0.651518 1.315993 
0.669842 1.306721 
0.687002 1.296400 
0.702965 1.285023 
0.717709 1.272583 
0.731227 1.259085 
0.743521 1.244540 
0.754602 1.228971 
0.764483 1.212412 
0.773184 1.194912 
0.780725 1.176534 
