-0.206193 -0.962587 
-0.196629 -0.967248 
-0.187117 -0.971753 
-0.177657 -0.976102 
-0.168253 -0.980296 
-0.158906 -0.984339 
-0.149618 -0.988231 
-0.140391 -0.991975 
-0.131227 -0.995573 
-0.122127 -0.999026 
-0.113093 -1.002337 
-0.104126 -1.005508 
-0.095228 -1.008540 
-0.086401 -1.011437 
-0.077645 -1.014201 
-0.068963 -1.016833 
-0.060354 -1.019336 
-0.051821 -1.021712 
-0.043365 -1.023965 
-0.034986 -1.026095 
-0.026685 -1.028107 
-0.018465 -1.030001 
-0.010325 -1.031781 
-0.002267 -1.033450 
0.005709 -1.035009 
0.013601 -1.036461 
0.021409 -1.037809 
0.029132 -1.039055 
0.036770 -1.040202 
0.044320 -1.041253 
0.051783 -1.042210 
0.059158 -1.043075 
0.066444 -1.043851 
0.073641 -1.044542 
0.080748 -1.045148 
0.087764 -1.045674 
0.094688 -1.046120 
0.101521 -1.046491 
0.108261 -1.046788 
0.114908 -1.047014 
0.121461 -1.047171 
0.127920 -1.047261 
0.134285 -1.047288 
0.140554 -1.047254 
0.146727 -1.047160 
0.152804 -1.047010 
0.158785 -1.046805 
0.164669 -1.046548 
0.170455 -1.046241 
0.176143 -1.045887 
0.181733 -1.045487 
0.187225 -1.045043 
0.192617 -1.044558 
0.197910 -1.044034 
0.203103 -1.043473 
0.208196 -1.042877 
0.213188 -1.042248 
0.218080 -1.041588 
0.222871 -1.040898 
0.227561 -1.040181 
0.232149 -1.039438 
0.236635 -1.038671 
0.241020 -1.037882 
0.245302 -1.037073 
0.249481 -1.036245 
0.253558 -1.035400 
0.257532 -1.034540 
0.261403 -1.033665 
0.265171 -1.032778 
0.268835 -1.031880 
0.272396 -1.030973 
0.275853 -1.030057 
0.279206 -1.029135 
0.282455 -1.028207 
0.285601 -1.027274 
0.288641 -1.026339 
0.291578 -1.025402 
0.294411 -1.024465 
0.297139 -1.023528 
0.299762 -1.022592 
0.302281 -1.021659 
0.304696 -1.020730 
0.307006 -1.019806 
0.309211 -1.018887 
0.311311 -1.017974 
0.313307 -1.017068 
0.315198 -1.016171 
0.316984 -1.015283 
0.318665 -1.014404 
0.320242 -1.013536 
0.321714 -1.012678 
0.323080 -1.011833 
0.324343 -1.010999 
0.325500 -1.010179 
0.326553 -1.009371 
0.327501 -1.008578 
0.328344 -1.007799 
0.329082 -1.007034 
0.329716 -1.006285 
0.330246 -1.005551 
0.330670 -1.004833 
0.330990 -1.004132 
0.331206 -1.003446 
0.331317 -1.002777 
0.331323 -1.002125 
0.331225 -1.001489 
0.331023 -1.000871 
0.330717 -1.000269 
0.330306 -0.999685 
0.329790 -0.999117 
0.329171 -0.998567 
0.328447 -0.998033 
0.327619 -0.997517 
0.326687 -0.997017 
0.325651 -0.996534 
0.324511 -0.996066 
0.323266 -0.995615 
0.321918 -0.995180 
0.320466 -0.994760 
0.318909 -0.994356 
0.317249 -0.993966 
0.315485 -0.993590 
0.313617 -0.993228 
0.311645 -0.992879 
0.309570 -0.992543 
0.307390 -0.992219 
0.305107 -0.991907 
0.302720 -0.991605 
0.300229 -0.991314 
0.297635 -0.991032 
0.294937 -0.990758 
0.292135 -0.990493 
0.289229 -0.990234 
0.286220 -0.989981 
0.283107 -0.989733 
0.279891 -0.989490 
0.276571 -0.989249 
0.273147 -0.989010 
0.269620 -0.988772 
0.265989 -0.988534 
0.262255 -0.988294 
0.258417 -0.988052 
0.254476 -0.987805 
0.250431 -0.987552 
0.246283 -0.987293 
0.242032 -0.987026 
0.237677 -0.986749 
0.233219 -0.986460 
0.228657 -0.986159 
0.223992 -0.985843 
0.219224 -0.985510 
0.214353 -0.985160 
0.209379 -0.984790 
0.204302 -0.984399 
0.199122 -0.983984 
0.193839 -0.983544 
0.188453 -0.983076 
0.182965 -0.982579 
0.177374 -0.982051 
0.171680 -0.981489 
0.165884 -0.980892 
0.159987 -0.980256 
0.153987 -0.979581 
0.147885 -0.978863 
0.141681 -0.978100 
0.135376 -0.977289 
0.128970 -0.976429 
0.122463 -0.975517 
0.115854 -0.974550 
0.109145 -0.973525 
0.102336 -0.972441 
0.095427 -0.971293 
0.088418 -0.970080 
0.081310 -0.968799 
0.074103 -0.967447 
0.066797 -0.966021 
0.059393 -0.964518 
0.051892 -0.962935 
0.044293 -0.961269 
0.036598 -0.959518 
0.028806 -0.957679 
0.020919 -0.955747 
0.012937 -0.953721 
0.004861 -0.951597 
-0.003308 -0.949371 
-0.011571 -0.947042 
-0.019925 -0.944605 
-0.028370 -0.942058 
-0.036905 -0.939397 
-0.045529 -0.936620 
-0.054241 -0.933722 
-0.063039 -0.930702 
-0.071924 -0.927555 
-0.080892 -0.924279 
-0.089944 -0.920870 
-0.099077 -0.917325 
-0.108290 -0.913641 
-0.117580 -0.909816 
-0.126948 -0.905845 
-0.136390 -0.901727 
-0.145905 -0.897457 
-0.155490 -0.893033 
-0.165144 -0.888452 
-0.174864 -0.883711 
-0.184648 -0.878808 
-0.194493 -0.873739 
-0.204396 -0.868502 
-0.214355 -0.863094 
-0.224366 -0.857513 
-0.234427 -0.851756 
-0.244534 -0.845821 
-0.254684 -0.839705 
-0.264872 -0.833406 
-0.275096 -0.826922 
-0.285351 -0.820251 
-0.295634 -0.813391 
-0.305939 -0.806341 
-0.316262 -0.799098 
-0.326599 -0.791661 
-0.336945 -0.784029 
-0.347294 -0.776201 
-0.357642 -0.768175 
-0.367982 -0.759950 
-0.378311 -0.751525 
-0.388620 -0.742901 
-0.398905 -0.734077 
-0.409160 -0.725051 
-0.419378 -0.715826 
-0.429552 -0.706399 
-0.439676 -0.696773 
-0.449743 -0.686947 
-0.459746 -0.676922 
-0.469677 -0.666699 
-0.479530 -0.656281 
-0.489296 -0.645667 
-0.498969 -0.634860 
-0.508541 -0.623862 
-0.518003 -0.612676 
-0.527348 -0.601303 
-0.536568 -0.589746 
-0.545655 -0.578009 
-0.554600 -0.566095 
-0.563396 -0.554008 
-0.572034 -0.541750 
-0.580506 -0.529328 
-0.588804 -0.516744 
-0.596920 -0.504003 
-0.604846 -0.491111 
-0.612574 -0.478072 
-0.620095 -0.464892 
-0.627403 -0.451577 
-0.634489 -0.438132 
-0.641346 -0.424563 
-0.647966 -0.410877 
-0.654343 -0.397080 
-0.660470 -0.383178 
-0.666340 -0.369179 
-0.671946 -0.355090 
-0.677283 -0.340917 
-0.682345 -0.326669 
-0.687126 -0.312351 
-0.691621 -0.297973 
-0.695827 -0.283542 
-0.699737 -0.269064 
-0.703350 -0.254549 
-0.706660 -0.240004 
-0.709666 -0.225438 
-0.712365 -0.210857 
-0.714754 -0.196271 
-0.716833 -0.181687 
-0.718600 -0.167113 
-0.720054 -0.152558 
-0.721197 -0.138030 
-0.722029 -0.123538 
-0.722550 -0.109088 
-0.722763 -0.094690 
-0.722669 -0.080352 
-0.722273 -0.066081 
-0.721576 -0.051887 
-0.720584 -0.037776 
-0.719301 -0.023758 
-0.717731 -0.009840 
-0.715881 0.003970 
-0.713756 0.017664 
-0.711364 0.031234 
-0.708710 0.044672 
-0.705804 0.057971 
-0.702653 0.071124 
-0.699266 0.084123 
-0.695652 0.096960 
-0.691819 0.109629 
-0.687778 0.122123 
-0.683540 0.134435 
-0.679114 0.146558 
-0.674511 0.158487 
-0.669742 0.170216 
-0.664820 0.181738 
-0.659755 0.193048 
-0.654558 0.204141 
-0.649244 0.215012 
-0.643822 0.225657 
-0.638306 0.236072 
-0.632708 0.246251 
-0.627040 0.256193 
-0.621315 0.265893 
-0.615545 0.275349 
-0.609744 0.284558 
-0.603922 0.293518 
-0.598093 0.302228 
-0.592269 0.310686 
-0.586462 0.318891 
-0.580683 0.326843 
-0.574946 0.334540 
-0.569261 0.341983 
-0.563639 0.349173 
-0.558093 0.356110 
-0.552633 0.362794 
-0.547269 0.369227 
-0.542012 0.375410 
-0.536872 0.381345 
-0.531859 0.387034 
-0.526982 0.392479 
-0.522250 0.397682 
-0.517673 0.402645 
-0.513257 0.407371 
-0.509012 0.411862 
-0.504945 0.416121 
-0.501063 0.420151 
-0.497373 0.423954 
-0.493881 0.427533 
-0.490593 0.430890 
-0.487516 0.434029 
-0.484653 0.436952 
-0.482011 0.439661 
-0.479593 0.442159 
-0.477404 0.444448 
-0.475447 0.446531 
-0.473724 0.448408 
-0.472240 0.450083 
-0.470997 0.451556 
-0.469996 0.452830 
-0.469238 0.453905 
-0.468727 0.454782 
-0.468461 0.455463 
-0.468442 0.455949 
-0.468669 0.456239 
-0.469142 0.456334 
-0.469861 0.456234 
-0.470824 0.455939 
-0.472030 0.455449 
-0.473478 0.454763 
-0.475164 0.453880 
-0.477086 0.452800 
-0.479242 0.451522 
-0.481628 0.450043 
-0.484241 0.448364 
-0.487076 0.446482 
-0.490129 0.444396 
-0.493396 0.442104 
-0.496872 0.439605 
-0.500551 0.436896 
-0.504428 0.433976 
-0.508497 0.430843 
-0.512751 0.427495 
-0.517185 0.423930 
-0.521791 0.420147 
-0.526563 0.416142 
-0.531492 0.411915 
-0.536572 0.407464 
-0.541794 0.402788 
-0.547151 0.397884 
-0.552634 0.392752 
-0.558234 0.387390 
-0.563943 0.381797 
-0.569751 0.375973 
-0.575651 0.369916 
-0.581631 0.363628 
-0.587683 0.357106 
-0.593798 0.350351 
-0.599965 0.343364 
-0.606174 0.336145 
-0.612415 0.328694 
-0.618680 0.321013 
-0.624956 0.313103 
-0.631235 0.304966 
-0.637506 0.296602 
-0.643758 0.288015 
-0.649982 0.279207 
-0.656167 0.270179 
-0.662303 0.260936 
-0.668381 0.251479 
-0.674389 0.241813 
-0.680318 0.231940 
-0.686159 0.221865 
-0.691901 0.211591 
-0.697534 0.201123 
-0.703050 0.190465 
-0.708439 0.179621 
-0.713691 0.168596 
-0.718799 0.157395 
-0.723752 0.146024 
-0.728543 0.134486 
-0.733164 0.122787 
-0.737606 0.110933 
-0.741861 0.098929 
-0.745923 0.086780 
-0.749784 0.074493 
-0.753436 0.062072 
-0.756874 0.049524 
-0.760091 0.036853 
-0.763081 0.024066 
-0.765839 0.011169 
-0.768359 -0.001832 
-0.770636 -0.014933 
-0.772666 -0.028126 
-0.774444 -0.041407 
-0.775967 -0.054769 
-0.777232 -0.068207 
-0.778234 -0.081714 
-0.778972 -0.095286 
-0.779443 -0.108915 
-0.779646 -0.122597 
-0.779577 -0.136325 
-0.779238 -0.150095 
-0.778625 -0.163899 
-0.777740 -0.177733 
-0.776581 -0.191590 
-0.775150 -0.205465 
-0.773447 -0.219352 
-0.771472 -0.233246 
-0.769227 -0.247140 
-0.766714 -0.261030 
-0.763935 -0.274909 
-0.760891 -0.288771 
-0.757586 -0.302612 
-0.754022 -0.316426 
-0.750202 -0.330206 
-0.746129 -0.343948 
-0.741808 -0.357646 
-0.737241 -0.371295 
-0.732434 -0.384889 
-0.727390 -0.398422 
-0.722114 -0.411891 
-0.716611 -0.425289 
-0.710884 -0.438611 
-0.704941 -0.451852 
-0.698784 -0.465008 
-0.692420 -0.478074 
-0.685854 -0.491044 
-0.679092 -0.503914 
-0.672140 -0.516681 
-0.665002 -0.529338 
-0.657685 -0.541882 
-0.650195 -0.554309 
-0.642537 -0.566616 
-0.634718 -0.578796 
-0.626743 -0.590849 
-0.618619 -0.602768 
-0.610351 -0.614552 
-0.601946 -0.626197 
-0.593410 -0.637700 
-0.584748 -0.649057 
-0.575967 -0.660266 
-0.567072 -0.671324 
-0.558071 -0.682229 
-0.548967 -0.692978 
-0.539768 -0.703570 
-0.530479 -0.714001 
-0.521106 -0.724270 
-0.511655 -0.734375 
-0.502130 -0.744314 
-0.492539 -0.754087 
-0.482885 -0.763691 
-0.473174 -0.773126 
-0.463413 -0.782390 
-0.453605 -0.791482 
-0.443755 -0.800402 
-0.433870 -0.809149 
-0.423953 -0.817721 
-0.414009 -0.826120 
-0.404043 -0.834344 
-0.394060 -0.842394 
-0.384064 -0.850268 
-0.374058 -0.857968 
-0.364048 -0.865493 
-0.354037 -0.872843 
-0.344029 -0.880019 
-0.334029 -0.887022 
-0.324039 -0.893850 
-0.314063 -0.900507 
-0.304106 -0.906991 
-0.294169 -0.913304 
-0.284257 -0.919447 
-0.274373 -0.925420 
-0.264519 -0.931225 
-0.254698 -0.936863 
-0.244914 -0.942334 
-0.235169 -0.947641 
-0.225465 -0.952785 
-0.215806 -0.957766 
