0.725966 0.629963 
0.727037 0.635557 
0.724733 0.644407 
0.721792 0.653554 
0.715362 0.665919 
0.708246 0.678423 
0.701356 0.690063 
0.694674 0.700716 
0.686347 0.712408 
0.678290 0.723099 
0.668276 0.734982 
0.658347 0.746128 
0.649807 0.755286 
0.641713 0.763456 
0.632476 0.771943 
0.623744 0.779435 
0.618938 0.783018 
0.613661 0.786491 
0.607912 0.789855 
0.602503 0.792440 
0.596688 0.794872 
0.590472 0.797155 
0.584407 0.798855 
0.578521 0.799966 
0.574984 0.798812 
0.572221 0.796666 
0.572106 0.792085 
0.572521 0.786731 
0.575048 0.779353 
0.577583 0.771598 
0.575969 0.766852 
0.572338 0.763409 
0.570640 0.758188 
0.564926 0.755922 
0.557573 0.754734 
0.552219 0.751741 
0.556086 0.741224 
0.559604 0.730848 
0.560726 0.722181 
0.556008 0.718119 
0.549094 0.715885 
0.541762 0.713924 
0.534432 0.711887 
0.536168 0.702602 
0.531047 0.698956 
0.523801 0.697044 
0.516448 0.695270 
0.509711 0.693132 
0.505132 0.689508 
0.503672 0.683618 
0.503064 0.677288 
0.502161 0.671490 
0.494606 0.671168 
0.486737 0.671388 
0.480746 0.670456 
0.475650 0.669212 
0.472415 0.666935 
0.471788 0.663174 
0.474424 0.657348 
0.477158 0.651887 
0.480720 0.646242 
0.484124 0.641197 
0.488522 0.635808 
0.492766 0.631082 
0.497023 0.626783 
0.505247 0.619706 
0.514579 0.612087 
0.524292 0.604478 
0.533026 0.598179 
0.542555 0.591509 
0.552185 0.585119 
0.563037 0.578007 
0.572822 0.572132 
0.580325 0.569044 
0.588116 0.566121 
0.598095 0.561313 
0.606353 0.558613 
0.616299 0.554488 
0.632396 0.543684 
0.651750 0.528877 
0.665252 0.520982 
0.668532 0.525756 
0.677715 0.523654 
0.691899 0.515438 
0.702545 0.511556 
0.705359 0.517838 
0.720732 0.508098 
0.735614 0.498747 
0.731086 0.515274 
0.726128 0.532001 
0.734208 0.531929 
0.736594 0.538988 
0.730136 0.557050 
0.735375 0.560289 
0.741295 0.562410 
0.732872 0.581678 
0.720332 0.605065 
0.721951 0.611584 
0.722064 0.619480 
0.724949 0.623929 
0.725966 0.629963 
