0.770679 0.093750 
0.765625 0.094806 

0.653957 0.312500 
0.656250 0.299795 

0.764335 0.218750 
0.765625 0.219838 

0.766303 0.218750 
0.765625 0.219618 

0.765617 0.234375 
0.765625 0.234403 

0.781235 0.250000 
0.781250 0.249985 

0.808114 0.187500 
0.806408 0.203125 

0.806466 0.203125 
0.804198 0.218750 

0.672284 0.203125 
0.672922 0.187500 

0.670957 0.218750 
0.671875 0.206639 

0.672126 0.203125 
0.671875 0.207499 

0.765314 0.015625 
0.765625 0.014388 

0.779092 0.000000 
0.781250 0.010591 

0.765525 0.015625 
0.765625 0.023400 

0.776871 0.015625 
0.781250 0.027621 

0.652496 -0.218750 
0.656250 -0.222504 

0.657167 0.078125 
0.656250 0.075020 

0.657405 0.078125 
0.661845 0.093750 

0.786038 0.000000 
0.781250 -0.013976 

0.809025 0.109375 
0.806974 0.093750 

0.810172 0.125000 
0.809060 0.109375 

0.763255 -0.046875 
0.752952 -0.062500 

0.763276 -0.046875 
0.765625 -0.042638 

0.772685 -0.031250 
0.765625 -0.044757 

0.765619 0.250000 
0.765625 0.261007 

0.780049 0.265625 
0.781250 0.263803 

0.793751 0.031250 
0.796875 0.044836 

0.797418 0.046875 
0.796875 0.043562 

0.796691 0.046875 
0.796875 0.047924 

0.800685 0.062500 
0.797514 0.046875 

0.686869 -0.031250 
0.687500 -0.031881 

0.765557 0.171875 
0.765625 0.170648 

0.770623 0.171875 
0.765625 0.170955 

0.765122 0.171875 
0.765625 0.172364 

0.779097 0.171875 
0.781250 0.171883 

0.597714 -0.031250 
0.593750 -0.038981 

0.661406 0.375000 
0.671875 0.379974 

0.687500 0.379906 
0.671875 0.379762 

0.618338 0.000000 
0.625000 0.011680 

0.790693 0.015625 
0.786184 0.000000 

0.794195 0.031250 
0.790359 0.015625 

0.663627 0.265625 
0.666469 0.250000 

0.660453 0.281250 
0.663593 0.265625 

0.810164 0.156250 
0.809440 0.171875 

0.796656 0.187500 
0.796875 0.186104 

0.809383 0.171875 
0.808112 0.187500 

0.764434 0.296875 
0.765625 0.295633 

0.779981 0.296875 
0.781250 0.293754 

0.779513 0.296875 
0.771130 0.312500 

0.256771 0.093750 
0.250000 0.100521 

-0.015626 -0.015625 
-0.015625 -0.015626 

-0.015625 -0.015625 
0.000000 -0.015625 

-0.001379 0.000000 
0.000000 -0.001382 

0.598347 -0.031250 
0.607729 -0.015625 

0.607917 -0.015625 
0.609375 -0.013294 

0.618071 0.000000 
0.609375 -0.014540 

0.647903 0.343750 
0.650223 0.359375 

0.649595 0.359375 
0.656250 0.370537 

0.792798 0.265625 
0.796875 0.251191 

0.797214 0.250000 
0.796875 0.251451 

0.792504 0.265625 
0.786685 0.281250 

0.651748 0.062500 
0.656250 0.075981 

0.796518 0.234375 
0.796875 0.232031 

0.804263 0.218750 
0.801220 0.234375 

0.796853 0.250000 
0.796875 0.249881 

0.800998 0.234375 
0.797502 0.250000 

0.719807 -0.093750 
0.718750 -0.094536 

0.764833 0.093750 
0.765625 0.092324 

0.768803 0.093750 
0.765625 0.093078 

0.111744 0.109375 
0.109375 0.111744 

0.672434 0.156250 
0.673013 0.171875 

0.672971 0.187500 
0.673031 0.171875 

0.746076 0.343750 
0.750000 0.339831 

0.760496 0.328125 
0.765625 0.320623 

0.770844 0.312500 
0.765625 0.320541 

0.760078 0.328125 
0.750000 0.339768 

0.577718 -0.078125 
0.578125 -0.080374 

0.579120 -0.078125 
0.583152 -0.093750 

0.578079 -0.078125 
0.578125 -0.077666 

0.579776 -0.078125 
0.582058 -0.062500 

0.699201 0.375000 
0.703125 0.373806 

0.703125 0.373267 
0.718750 0.365100 

0.636940 0.031250 
0.640625 0.039445 

0.644423 0.046875 
0.640625 0.038263 

0.644748 0.046875 
0.651444 0.062500 

0.764251 0.218750 
0.765625 0.218218 

0.766407 0.218750 
0.765625 0.218285 

0.650650 0.328125 
0.653562 0.312500 

0.648765 0.343750 
0.650286 0.328125 

0.628099 0.015625 
0.625000 0.010252 

0.628247 0.015625 
0.636671 0.031250 

0.765310 0.031250 
0.765625 0.031872 

0.775968 0.031250 
0.781250 0.036101 

0.765222 0.046875 
0.765625 0.047296 

0.779948 0.046875 
0.781250 0.047461 

0.660536 0.375000 
0.656250 0.371286 

0.786481 0.281250 
0.781250 0.294275 

0.748531 0.015625 
0.750000 0.012698 

0.804059 0.078125 
0.800850 0.062500 

0.796872 0.078125 
0.796875 0.078139 

0.806900 0.093750 
0.804128 0.078125 

0.810366 0.140625 
0.810078 0.125000 

0.810297 0.140625 
0.810087 0.156250 

0.701697 0.375000 
0.687500 0.378899 

0.726522 0.359375 
0.734375 0.353969 

0.746136 0.343750 
0.734375 0.353997 

0.727285 0.359375 
0.718750 0.364954 

0.659390 -0.125000 
0.671875 -0.122848 

0.671875 -0.122915 
0.687500 -0.116632 

0.779447 -0.015625 
0.772683 -0.031250 

0.778430 -0.015625 
0.781250 -0.006679 

0.719816 -0.093750 
0.734375 -0.082631 

0.739890 -0.078125 
0.734375 -0.083156 

0.739782 -0.078125 
0.750000 -0.066543 

0.582613 -0.062500 
0.588753 -0.046875 

0.589372 -0.046875 
0.593750 -0.038048 

0.656315 -0.218750 
0.656250 -0.218685 

0.033078 0.171875 
0.031250 0.173703 

0.001329 0.000000 
0.000000 0.001329 

0.015730 0.015625 
0.015625 0.015730 

0.093753 0.312500 
0.093750 0.312501 

0.662028 0.093750 
0.665917 0.109375 

0.665904 0.109375 
0.668902 0.125000 

0.668899 0.125000 
0.671040 0.140625 

0.671118 0.140625 
0.671875 0.150609 

0.672292 0.156250 
0.671875 0.149290 

0.699228 -0.109375 
0.687500 -0.116026 

0.698777 -0.109375 
0.703125 -0.106739 

0.703125 -0.105728 
0.718750 -0.094858 

0.596869 -0.109375 
0.609375 -0.116634 

0.625000 -0.121765 
0.609375 -0.116047 

0.597862 -0.109375 
0.593750 -0.106234 

0.668943 0.234375 
0.670859 0.218750 

0.666493 0.250000 
0.668920 0.234375 

0.640625 -0.124994 
0.625000 -0.121870 

0.562459 -0.078125 
0.562500 -0.081729 

0.657198 0.296875 
0.660337 0.281250 

0.656778 0.296875 
0.656250 0.300125 

0.582697 -0.093750 
0.593750 -0.107989 

0.753007 -0.062500 
0.750000 -0.066405 

-0.015625 0.078124 
0.000000 0.078124 

-0.001351 0.093750 
0.000000 0.092357 

0.001327 0.093750 
0.000000 0.095077 

0.640310 -0.125000 
0.640625 -0.125039 

0.656250 -0.125364 
0.640625 -0.125150 

0.660395 -0.125000 
0.656250 -0.125428 

0.734201 0.250000 
0.734375 0.260402 

0.734404 0.250000 
0.734375 0.262597 

0.302553 0.265625 
0.296875 0.271303 

0.092932 0.296875 
0.093750 0.296361 

0.093134 0.296875 
0.093750 0.299469 

0.389146 0.046875 
0.390625 0.045433 

0.394988 0.046875 
0.390625 0.046195 

0.389674 0.046875 
0.390625 0.050232 

0.396520 0.046875 
0.390625 0.048790 

0.032045 0.328125 
0.031250 0.325591 

0.032374 0.328125 
0.031250 0.328350 

0.046887 0.328125 
0.046875 0.328140 

0.094953 0.296875 
0.093750 0.296443 

0.094774 0.296875 
0.093750 0.299415 

0.406412 0.046875 
0.406250 0.046713 

0.406839 0.046875 
0.406250 0.051853 

0.030978 0.328125 
0.031250 0.324933 

0.030961 0.328125 
0.031250 0.328319 

0.734129 0.250000 
0.734375 0.249977 

0.734437 0.250000 
0.734375 0.249981 

