0.839174 0.960564 
0.830390 0.903065 
0.815232 0.850181 
0.793456 0.803550 
0.764830 0.764063 
0.729245 0.731995 
0.686877 0.707226 
0.638363 0.689453 
0.584941 0.678349 
0.528483 0.673661 
0.471335 0.675253 
0.415976 0.683120 
0.364628 0.697358 
0.318944 0.718121 
0.279920 0.745540 
0.247969 0.779618 
0.223104 0.820091 
0.205123 0.866282 
0.193768 0.916991 
0.188812 0.970479 
0.190120 1.024614 
0.197650 1.077147 
0.211440 1.126049 
0.231555 1.169762 
0.258022 1.207302 
0.290729 1.238198 
0.329316 1.262356 
0.373058 1.279899 
0.420791 1.291028 
0.470916 1.295941 
0.521536 1.294781 
0.570674 1.287627 
0.616544 1.274509 
0.657749 1.255456 
0.693365 1.230545 
0.722912 1.199989 
0.746243 1.164211 
0.763420 1.123932 
0.774605 1.080208 
0.779982 1.034413 
0.779717 0.988138 
0.773943 0.943026 
0.762771 0.900577 
0.746321 0.862002 
0.724758 0.828148 
0.698350 0.799503 
0.667511 0.776267 
0.632850 0.758435 
0.595195 0.745881 
0.555572 0.738424 
0.515157 0.735867 
0.475173 0.738016 
0.436781 0.744681 
0.400975 0.755666 
0.368518 0.770749 
0.339922 0.789666 
0.315463 0.812082 
0.295230 0.837579 
0.279173 0.865640 
0.267151 0.895659 
0.258971 0.926954 
0.254411 0.958801 
0.253238 0.990476 
0.255210 1.021302 
0.260083 1.050689 
0.267603 1.078163 
0.277507 1.103381 
0.289518 1.126125 
0.303345 1.146293 
0.318682 1.163880 
0.335213 1.178955 
0.352615 1.191642 
0.370570 1.202100 
0.388764 1.210516 
0.406907 1.217086 
0.424730 1.222013 
0.441996 1.225501 
0.458507 1.227751 
0.474099 1.228957 
0.488645 1.229307 
0.502055 1.228976 
0.514267 1.228133 
0.525246 1.226933 
0.534977 1.225517 
0.543462 1.224015 
0.550712 1.222541 
0.556744 1.221194 
0.561582 1.220057 
0.565242 1.219199 
0.567741 1.218670 
0.569091 1.218505 
0.569297 1.218722 
0.568355 1.219322 
0.566258 1.220290 
0.562989 1.221594 
0.558527 1.223184 
0.552847 1.224996 
0.545923 1.226949 
0.537732 1.228945 
0.528256 1.230874 
0.517486 1.232608 
0.505430 1.234009 
0.492116 1.234924 
0.477597 1.235190 
0.461957 1.234633 
0.445315 1.233070 
0.427826 1.230310 
0.409684 1.226155 
0.391120 1.220403 
0.372397 1.212852 
0.353804 1.203301 
0.335652 1.191557 
0.318258 1.177446 
0.301942 1.160823 
0.287018 1.141586 
0.273787 1.119698 
0.262534 1.095209 
0.253529 1.068273 
0.247024 1.039169 
0.243261 1.008309 
0.242473 0.976230 
0.244890 0.943575 
0.250739 0.911055 
0.260246 0.879404 
0.273627 0.849330 
0.291069 0.821478 
0.312706 0.796402 
0.338576 0.774556 
0.368572 0.756295 
0.402390 0.741896 
0.439484 0.731573 
0.479056 0.725505 
0.520080 0.723855 
0.561376 0.726792 
0.601721 0.734498 
0.639963 0.747166 
0.675111 0.764989 
0.706392 0.788113 
0.733254 0.816586 
0.755338 0.850269 
0.772433 0.888748 
0.784423 0.931269 
0.791234 0.976703 
0.792797 1.023615 
0.789014 1.070396 
0.779746 1.115454 
0.764815 1.157386 
0.744034 1.195099 
0.717263 1.227843 
0.684501 1.255180 
0.646002 1.276906 
0.602389 1.292971 
0.554736 1.303400 
0.504555 1.308227 
0.453664 1.307452 
0.403963 1.301013 
0.357179 1.288775 
0.314683 1.270549 
0.277410 1.246137 
0.245884 1.215417 
0.220307 1.178456 
0.200674 1.135656 
0.186873 1.087875 
0.178765 1.036485 
0.176244 0.983297 
0.179276 0.930348 
0.187919 0.879619 
0.202318 0.832762 
0.222681 0.790959 
0.249219 0.754902 
0.282057 0.724870 
0.321102 0.700863 
0.365899 0.682714 
0.415508 0.670196 
0.468466 0.663092 
0.522889 0.661244 
0.576713 0.664583 
0.627994 0.673139 
0.675165 0.687042 
0.717162 0.706493 
0.753417 0.731719 
0.783764 0.762895 
0.808302 0.800034 
0.827283 0.842854 
0.841006 0.890655 
0.849759 0.942252 
0.853773 0.996015 
0.853198 1.050046 
0.848089 1.102444 
0.838406 1.151571 
0.824021 1.196224 
0.804742 1.235679 
0.780357 1.269643 
0.750691 1.298136 
0.715689 1.321378 
0.675525 1.339685 
0.630694 1.353402 
0.582084 1.362847 
0.530968 1.368291 
0.478901 1.369932 
0.427531 1.367894 
0.378380 1.362222 
0.332669 1.352886 
0.291231 1.339791 
0.254509 1.322790 
0.222628 1.301715 
0.195479 1.276403 
0.172813 1.246753 
0.154311 1.212778 
0.139637 1.174673 
0.128472 1.132873 
0.120530 1.088082 
0.115575 1.041264 
0.113422 0.993571 
0.113939 0.946226 
0.117047 0.900387 
0.122715 0.857029 
0.130958 0.816874 
0.141830 0.780371 
0.155414 0.747723 
0.171816 0.718937 
0.191145 0.693878 
0.213498 0.672331 
0.238936 0.654031 
0.267461 0.638705 
0.298982 0.626085 
0.333294 0.615923 
0.370054 0.607998 
0.408780 0.602119 
0.448862 0.598125 
0.489603 0.595886 
0.530265 0.595299 
0.570132 0.596289 
0.608567 0.598807 
0.645048 0.602824 
0.679194 0.608336 
0.710762 0.615355 
0.739633 0.623909 
0.765795 0.634039 
0.789311 0.645798 
0.810301 0.659244 
0.828915 0.674437 
0.845325 0.691435 
0.859704 0.710283 
0.872224 0.731014 
0.883046 0.753632 
0.892321 0.778111 
0.900185 0.804381 
0.906760 0.832323 
0.912154 0.861766 
0.916459 0.892486 
0.919755 0.924204 
0.922110 0.956603 
0.923579 0.989336 
0.924206 1.022044 
0.924026 1.054375 
0.923062 1.086000 
0.921329 1.116630 
0.918835 1.146023 
0.915576 1.173991 
0.911545 1.200399 
0.906722 1.225164 
0.901084 1.248247 
0.894600 1.269646 
0.887231 1.289389 
0.878934 1.307530 
0.869659 1.324133 
0.859350 1.339277 
0.847949 1.353046 
0.835394 1.365524 
0.821620 1.376797 
0.806564 1.386947 
0.790166 1.396053 
0.772371 1.404189 
0.753136 1.411423 
0.732430 1.417819 
0.710243 1.423433 
0.686591 1.428318 
0.661519 1.432518 
0.635109 1.436075 
0.607478 1.439024 
0.578789 1.441394 
0.549237 1.443211 
0.519058 1.444494 
0.488512 1.445259 
0.457875 1.445516 
0.427430 1.445271 
0.397453 1.444524 
0.368200 1.443271 
0.339898 1.441504 
0.312739 1.439209 
0.286876 1.436365 
0.262419 1.432948 
0.239444 1.428928 
0.217986 1.424267 
0.198054 1.418924 
0.179629 1.412848 
0.162673 1.405984 
0.147133 1.398268 
0.132944 1.389631 
0.120035 1.379996 
0.108331 1.369278 
0.097755 1.357389 
0.088231 1.344233 
0.079684 1.329714 
0.072041 1.313732 
0.065235 1.296192 
0.059201 1.277007 
0.053879 1.256103 
0.049214 1.233425 
0.045153 1.208951 
0.041651 1.182696 
0.038663 1.154721 
0.036153 1.125144 
0.034084 1.094146 
0.032427 1.061965 
0.031153 1.028900 
0.030239 0.995296 
0.029664 0.961526 
0.029411 0.927977 
0.029464 0.895022 
0.029812 0.863006 
0.030444 0.832226 
0.031354 0.802919 
0.032537 0.775265 
0.033989 0.749377 
0.035710 0.725316 
0.037700 0.703093 
0.039960 0.682680 
0.042494 0.664016 
0.045308 0.647022 
0.048404 0.631602 
0.051792 0.617650 
0.055475 0.605061 
0.059463 0.593724 
0.063762 0.583535 
0.068378 0.574392 
0.073319 0.566198 
0.078591 0.558865 
0.084199 0.552307 
0.090146 0.546449 
0.096434 0.541220 
0.103064 0.536555 
0.110035 0.532395 
0.117340 0.528688 
0.124975 0.525386 
0.132927 0.522445 
0.141183 0.519825 
0.149727 0.517493 
0.158537 0.515417 
0.167589 0.513568 
0.176854 0.511922 
0.186302 0.510455 
0.195895 0.509149 
0.205595 0.507984 
0.215361 0.506947 
0.225147 0.506022 
0.234908 0.505197 
0.244594 0.504462 
0.254156 0.503807 
0.263545 0.503223 
0.272710 0.502705 
0.281601 0.502245 
0.290170 0.501839 
0.298369 0.501481 
0.306154 0.501168 
0.313482 0.500897 
0.320312 0.500665 
0.326605 0.500470 
0.332328 0.500310 
0.337448 0.500185 
0.341936 0.500092 
0.345766 0.500031 
0.348915 0.500003 
0.351363 0.500006 
0.353092 0.500040 
0.354088 0.500106 
0.354340 0.500205 
0.353839 0.500337 
0.352580 0.500502 
0.350561 0.500702 
0.347782 0.500939 
0.344249 0.501213 
0.339970 0.501528 
0.334958 0.501885 
0.329229 0.502288 
0.322805 0.502741 
0.315712 0.503248 
0.307981 0.503815 
0.299650 0.504448 
0.290759 0.505155 
0.281357 0.505946 
0.271495 0.506832 
0.261230 0.507827 
0.250624 0.508945 
0.239740 0.510206 
0.228645 0.511632 
0.217408 0.513247 
0.206100 0.515083 
0.194788 0.517175 
0.183542 0.519564 
0.172425 0.522299 
0.161501 0.525436 
0.150826 0.529044 
0.140454 0.533199 
0.130431 0.537992 
0.120800 0.543531 
0.111595 0.549938 
0.102847 0.557359 
0.094581 0.565960 
0.086816 0.575936 
0.079568 0.587508 
0.072849 0.600930 
0.066667 0.616484 
0.061031 0.634486 
0.055949 0.655274 
0.051428 0.679195 
0.047479 0.706590 
0.044118 0.737753 
0.041365 0.772886 
0.039249 0.812040 
0.037810 0.855037 
0.037101 0.901420 
0.037190 0.950415 
0.038169 1.000958 
0.040154 1.051789 
0.043289 1.101595 
0.047757 1.149168 
0.053783 1.193542 
0.061643 1.234054 
0.071670 1.270354 
0.084263 1.302356 
0.099895 1.330168 
0.119108 1.354022 
0.142508 1.374213 
0.170737 1.391053 
0.204415 1.404836 
0.244047 1.415819 
0.289878 1.424206 
0.341706 1.430140 
0.398712 1.433695 
0.459367 1.434868 
0.521535 1.433577 
0.582785 1.429647 
0.640822 1.422812 
0.693867 1.412703 
0.740837 1.398844 
0.781316 1.380652 
0.815389 1.357453 
0.843443 1.328513 
0.865999 1.293122 
0.883587 1.250723 
0.896678 1.201127 
0.905631 1.144760 
0.910680 1.082895 
0.911914 1.017703 
0.909277 0.952013 
0.902565 0.888789 
0.891427 0.830543 
0.875373 0.778947 
0.853796 0.734774 
0.826011 0.698083 
0.791343 0.668488 
0.749273 0.645409 
0.699660 0.628250 
0.643016 0.616502 
0.580743 0.609805 
0.515182 0.607972 
0.449337 0.610999 
0.386306 0.619061 
0.328664 0.632498 
0.278079 0.651790 
0.235286 0.677507 
0.200300 0.710229 
0.172719 0.750402 
0.151975 0.798127 
0.137516 0.852906 
0.128908 0.913402 
0.125886 0.977380 
0.128377 1.041935 
0.136490 1.104014 
0.150501 1.161008 
0.170815 1.211153 
0.197898 1.253593 
0.232176 1.288193 
0.273876 1.315256 
0.322807 1.335269 
0.378129 1.348719 
0.438189 1.355982 
0.500565 1.357276 
0.562389 1.352638 
0.620860 1.341936 
0.673747 1.324906 
0.719639 1.301203 
0.757925 1.270491 
0.788578 1.232579 
0.811897 1.187597 
0.828299 1.136208 
0.838163 1.079771 
0.841751 1.020361 
