0.919054 0.047134 
0.920980 0.049464 
0.922879 0.051806 
0.924750 0.054159 
0.926593 0.056524 
0.928408 0.058899 
0.930193 0.061285 
0.931949 0.063681 
0.933676 0.066088 
0.935373 0.068503 
0.937040 0.070929 
0.938677 0.073363 
0.940283 0.075805 
0.941858 0.078256 
0.943402 0.080715 
0.944914 0.083182 
0.946395 0.085656 
0.947845 0.088137 
0.949262 0.090625 
0.950646 0.093119 
0.951998 0.095619 
0.953318 0.098125 
0.954604 0.100637 
0.955858 0.103153 
0.957078 0.105675 
0.958264 0.108201 
0.959417 0.110731 
0.960536 0.113265 
0.961622 0.115802 
0.962673 0.118343 
0.963689 0.120887 
0.964672 0.123433 
0.965619 0.125981 
0.966533 0.128532 
0.967411 0.131084 
0.968255 0.133638 
0.969063 0.136192 
0.969837 0.138747 
0.970576 0.141303 
0.971279 0.143859 
0.971947 0.146415 
0.972580 0.148970 
0.973178 0.151524 
0.973740 0.154077 
0.974267 0.156629 
0.974758 0.159179 
0.975214 0.161727 
0.975635 0.164272 
0.976020 0.166815 
0.976369 0.169355 
0.976683 0.171892 
0.976962 0.174425 
0.977206 0.176954 
0.977414 0.179479 
0.977587 0.181999 
0.977724 0.184515 
0.977827 0.187025 
0.977894 0.189530 
0.977927 0.192030 
0.977924 0.194523 
0.977886 0.197010 
0.977814 0.199490 
0.977707 0.201964 
0.977566 0.204430 
0.977390 0.206889 
0.977180 0.209339 
0.976936 0.211782 
0.976657 0.214217 
0.976345 0.216642 
0.975999 0.219059 
0.975620 0.221466 
0.975207 0.223863 
0.974761 0.226251 
0.974282 0.228629 
0.973770 0.230996 
0.973225 0.233352 
0.972648 0.235697 
0.972038 0.238030 
0.971397 0.240352 
0.970723 0.242662 
0.970018 0.244960 
0.969282 0.247245 
0.968514 0.249517 
0.967715 0.251776 
0.966886 0.254022 
0.966026 0.256253 
0.965136 0.258471 
0.964217 0.260675 
0.963267 0.262863 
0.962288 0.265037 
0.961280 0.267196 
0.960243 0.269339 
0.959178 0.271467 
0.958084 0.273578 
0.956962 0.275673 
0.955813 0.277751 
0.954636 0.279813 
0.953432 0.281857 
0.952201 0.283883 
0.950944 0.285892 
0.949661 0.287883 
0.948352 0.289856 
0.947017 0.291810 
0.945657 0.293745 
0.944272 0.295660 
0.942863 0.297557 
0.941430 0.299433 
0.939973 0.301290 
0.938492 0.303126 
0.936989 0.304942 
0.935462 0.306736 
0.933913 0.308510 
0.932342 0.310262 
0.930749 0.311993 
0.929135 0.313702 
0.927500 0.315388 
0.925845 0.317052 
0.924169 0.318693 
0.922473 0.320312 
0.920758 0.321907 
0.919023 0.323478 
0.917270 0.325026 
0.915498 0.326550 
0.913709 0.328049 
0.911901 0.329524 
0.910077 0.330974 
0.908236 0.332398 
0.906378 0.333798 
0.904504 0.335172 
0.902614 0.336520 
0.900709 0.337842 
0.898789 0.339138 
0.896855 0.340407 
0.894906 0.341649 
0.892944 0.342865 
0.890968 0.344053 
0.888979 0.345213 
0.886978 0.346346 
0.884964 0.347451 
0.882938 0.348527 
0.880901 0.349575 
0.878853 0.350595 
0.876795 0.351585 
0.874725 0.352546 
0.872647 0.353479 
0.870558 0.354381 
0.868460 0.355254 
0.866354 0.356097 
0.864239 0.356909 
0.862117 0.357691 
0.859986 0.358443 
0.857849 0.359164 
0.855704 0.359854 
0.853553 0.360513 
0.851396 0.361140 
0.849233 0.361736 
0.847065 0.362300 
0.844892 0.362832 
0.842714 0.363332 
0.840532 0.363800 
0.838346 0.364236 
0.836156 0.364639 
0.833963 0.365009 
0.831768 0.365346 
0.829570 0.365650 
0.827369 0.365921 
0.825167 0.366159 
0.822964 0.366363 
0.820759 0.366534 
0.818554 0.366670 
0.816348 0.366773 
0.814142 0.366842 
0.811937 0.366877 
0.809731 0.366877 
0.807527 0.366843 
0.805324 0.366775 
0.803123 0.366672 
0.800923 0.366534 
0.798726 0.366362 
0.796531 0.366154 
0.794339 0.365912 
0.792150 0.365635 
0.789964 0.365323 
0.787782 0.364975 
0.785604 0.364592 
0.783430 0.364174 
0.781260 0.363721 
0.779096 0.363232 
0.776936 0.362708 
0.774782 0.362149 
0.772633 0.361554 
0.770490 0.360923 
0.768354 0.360257 
0.766223 0.359555 
0.764100 0.358818 
0.761983 0.358045 
0.759873 0.357237 
0.757771 0.356393 
0.755676 0.355514 
0.753589 0.354599 
0.751510 0.353649 
0.749439 0.352663 
0.747377 0.351642 
0.745323 0.350585 
0.743278 0.349493 
0.741243 0.348366 
0.739216 0.347204 
0.737199 0.346007 
0.735192 0.344774 
0.733194 0.343507 
0.731206 0.342205 
0.729229 0.340868 
0.727261 0.339496 
0.725304 0.338090 
0.723358 0.336649 
0.721423 0.335174 
0.719498 0.333665 
0.717585 0.332122 
0.715683 0.330545 
0.713792 0.328934 
0.711912 0.327290 
0.710044 0.325612 
0.708188 0.323901 
0.706344 0.322157 
0.704511 0.320380 
0.702690 0.318570 
0.700882 0.316728 
0.699086 0.314854 
0.697302 0.312947 
0.695530 0.311009 
0.693771 0.309039 
0.692024 0.307038 
0.690290 0.305005 
0.688569 0.302942 
0.686860 0.300848 
0.685164 0.298724 
0.683481 0.296570 
0.681811 0.294386 
0.680154 0.292172 
0.678510 0.289930 
0.676879 0.287658 
0.675260 0.285358 
0.673655 0.283030 
0.672063 0.280674 
0.670485 0.278291 
0.668919 0.275880 
0.667366 0.273442 
0.665827 0.270978 
0.664301 0.268488 
0.662788 0.265972 
0.661289 0.263431 
0.659802 0.260865 
0.658329 0.258275 
0.656870 0.255660 
0.655423 0.253022 
0.653990 0.250361 
0.652570 0.247677 
0.651163 0.244970 
0.649770 0.242242 
0.648390 0.239493 
0.647023 0.236722 
0.645670 0.233932 
0.644330 0.231121 
0.643003 0.228291 
0.641690 0.225443 
0.640390 0.222576 
0.639103 0.219691 
0.637829 0.216789 
0.636569 0.213870 
0.635323 0.210936 
0.634090 0.207985 
0.632870 0.205020 
0.631664 0.202041 
0.630471 0.199047 
0.629292 0.196041 
0.628126 0.193022 
0.626974 0.189991 
0.625836 0.186949 
0.624711 0.183897 
0.623600 0.180834 
0.622504 0.177762 
0.621421 0.174682 
0.620352 0.171593 
0.619297 0.168497 
0.618257 0.165395 
0.617231 0.162287 
0.616220 0.159173 
0.615223 0.156055 
0.614241 0.152933 
0.613273 0.149808 
0.612321 0.146681 
0.611384 0.143552 
0.610463 0.140422 
0.609557 0.137292 
0.608667 0.134163 
0.607793 0.131034 
0.606935 0.127908 
0.606093 0.124785 
0.605268 0.121665 
0.604460 0.118549 
0.603669 0.115438 
0.602896 0.112333 
0.602140 0.109235 
0.601402 0.106144 
0.600683 0.103060 
0.599982 0.099986 
0.599300 0.096921 
0.598637 0.093866 
0.597994 0.090822 
0.597371 0.087790 
0.596768 0.084770 
0.596185 0.081763 
0.595624 0.078770 
0.595084 0.075792 
0.594566 0.072828 
0.594070 0.069881 
0.593596 0.066950 
0.593146 0.064037 
0.592719 0.061141 
0.592315 0.058264 
0.591936 0.055406 
0.591582 0.052569 
0.591252 0.049751 
0.590948 0.046955 
0.590670 0.044181 
0.590419 0.041429 
0.590194 0.038700 
0.589996 0.035994 
0.589826 0.033312 
0.589684 0.030655 
0.589571 0.028023 
0.589486 0.025417 
0.589431 0.022837 
0.589406 0.020283 
0.589411 0.017757 
0.589446 0.015258 
0.589512 0.012788 
0.589610 0.010345 
0.589740 0.007932 
0.589901 0.005548 
0.590095 0.003193 
0.590322 0.000869 
0.590582 -0.001425 
0.590875 -0.003688 
0.591202 -0.005920 
0.591563 -0.008121 
0.591959 -0.010289 
0.592389 -0.012426 
0.592854 -0.014531 
0.593354 -0.016602 
0.593890 -0.018641 
0.594461 -0.020647 
0.595068 -0.022620 
0.595710 -0.024559 
0.596389 -0.026464 
0.597104 -0.028335 
0.597856 -0.030172 
0.598644 -0.031975 
0.599468 -0.033743 
0.600329 -0.035477 
0.601227 -0.037176 
0.602161 -0.038840 
0.603132 -0.040469 
0.604140 -0.042063 
0.605184 -0.043621 
0.606266 -0.045144 
0.607383 -0.046632 
0.608538 -0.048084 
0.609728 -0.049501 
0.610955 -0.050882 
0.612219 -0.052227 
0.613518 -0.053536 
0.614853 -0.054810 
0.616224 -0.056048 
0.617630 -0.057249 
0.619072 -0.058415 
0.620548 -0.059545 
0.622060 -0.060639 
0.623606 -0.061697 
0.625186 -0.062719 
0.626801 -0.063705 
0.628449 -0.064655 
0.630130 -0.065570 
0.631844 -0.066448 
0.633591 -0.067290 
0.635371 -0.068096 
0.637182 -0.068867 
0.639025 -0.069601 
0.640899 -0.070300 
0.642804 -0.070963 
0.644739 -0.071590 
0.646704 -0.072182 
0.648698 -0.072737 
0.650722 -0.073258 
0.652774 -0.073742 
0.654854 -0.074192 
0.656962 -0.074605 
0.659097 -0.074984 
0.661258 -0.075327 
0.663446 -0.075635 
0.665659 -0.075907 
0.667898 -0.076145 
0.670161 -0.076348 
0.672448 -0.076516 
0.674758 -0.076649 
0.677092 -0.076747 
0.679448 -0.076810 
0.681825 -0.076839 
0.684225 -0.076834 
0.686645 -0.076794 
0.689085 -0.076720 
0.691544 -0.076612 
0.694023 -0.076470 
0.696521 -0.076294 
0.699036 -0.076084 
0.701568 -0.075841 
0.704118 -0.075564 
0.706683 -0.075254 
0.709264 -0.074910 
0.711860 -0.074534 
0.714471 -0.074124 
0.717095 -0.073681 
0.719732 -0.073206 
0.722382 -0.072699 
0.725044 -0.072158 
0.727718 -0.071586 
0.730402 -0.070982 
0.733096 -0.070345 
0.735801 -0.069677 
0.738514 -0.068978 
0.741235 -0.068247 
0.743965 -0.067484 
0.746701 -0.066691 
0.749445 -0.065867 
0.752194 -0.065012 
0.754949 -0.064127 
0.757709 -0.063211 
0.760473 -0.062266 
0.763240 -0.061290 
0.766011 -0.060285 
0.768784 -0.059251 
0.771559 -0.058187 
0.774336 -0.057094 
0.777113 -0.055972 
0.779890 -0.054822 
0.782667 -0.053643 
0.785443 -0.052437 
0.788218 -0.051202 
0.790990 -0.049940 
0.793759 -0.048650 
0.796526 -0.047333 
0.799288 -0.045989 
0.802046 -0.044618 
0.804799 -0.043221 
0.807547 -0.041798 
0.810288 -0.040349 
0.813023 -0.038874 
0.815751 -0.037374 
0.818470 -0.035848 
0.821182 -0.034298 
0.823885 -0.032723 
0.826578 -0.031123 
0.829262 -0.029500 
0.831935 -0.027853 
0.834597 -0.026182 
0.837248 -0.024488 
0.839887 -0.022771 
0.842513 -0.021032 
0.845126 -0.019270 
0.847726 -0.017486 
0.850312 -0.015680 
0.852883 -0.013852 
0.855439 -0.012004 
0.857980 -0.010134 
0.860505 -0.008244 
0.863013 -0.006333 
0.865504 -0.004403 
0.867978 -0.002453 
0.870434 -0.000483 
0.872872 0.001506 
0.875291 0.003514 
0.877690 0.005540 
0.880070 0.007584 
0.882430 0.009646 
0.884769 0.011726 
0.887087 0.013823 
0.889384 0.015937 
0.891658 0.018067 
0.893911 0.020214 
0.896140 0.022377 
0.898347 0.024556 
0.900530 0.026750 
0.902689 0.028959 
0.904824 0.031182 
0.906934 0.033420 
0.909018 0.035673 
0.911078 0.037939 
0.913111 0.040218 
0.915119 0.042510 
0.917100 0.044816 
