0.755661 0.109375 
0.752347 0.093750 

0.757728 0.125000 
0.754986 0.109375 

0.718750 0.296875 
0.718750 0.296875 

0.528560 0.296875 
0.530649 0.281250 

0.527225 0.312500 
0.528318 0.296875 

0.734373 0.265625 
0.734375 0.265623 

0.749228 0.265625 
0.750000 0.262612 

0.733978 0.281250 
0.734375 0.280513 

0.748449 0.265625 
0.743395 0.281250 

0.691860 0.093750 
0.687500 0.090794 

0.749989 0.171875 
0.750000 0.171750 

0.534163 0.265625 
0.537906 0.250000 

0.533914 0.265625 
0.531250 0.280083 

0.758747 0.218750 
0.757265 0.234375 

0.757212 0.234375 
0.753983 0.250000 

0.734315 0.296875 
0.734375 0.296706 

0.743818 0.281250 
0.737932 0.296875 

0.729819 0.312500 
0.734375 0.303413 

0.737563 0.296875 
0.734375 0.303599 

0.596512 0.031250 
0.593750 0.037462 

0.527124 0.312500 
0.527717 0.328125 

0.527761 0.328125 
0.530154 0.343750 

0.733912 0.109375 
0.734375 0.109331 

0.749956 0.109375 
0.750000 0.105347 

0.718750 0.116968 
0.734375 0.115947 

0.748966 0.109375 
0.750000 0.116969 

0.571473 0.109375 
0.574993 0.093750 

0.568209 0.125000 
0.571526 0.109375 

0.668418 0.000000 
0.671875 0.000371 

0.671875 0.000918 
0.687500 0.005306 

0.671724 0.015625 
0.671875 0.015782 

0.687149 0.015625 
0.687500 0.015827 

0.636129 0.000000 
0.640625 -0.000762 

0.656250 -0.000598 
0.640625 -0.000070 

0.542153 0.234375 
0.546028 0.218750 

0.537956 0.250000 
0.541984 0.234375 

0.550279 0.203125 
0.554202 0.187500 

0.546540 0.218750 
0.546875 0.217086 

0.550003 0.203125 
0.546875 0.216937 

0.562500 0.386739 
0.546875 0.375005 

0.571763 0.390625 
0.562500 0.387178 

0.572574 0.390625 
0.578125 0.392258 

0.593750 0.393997 
0.578125 0.392413 

0.753612 0.250000 
0.750000 0.263783 

0.671634 0.031250 
0.671875 0.036941 

0.672286 0.031250 
0.671875 0.035063 

0.760722 0.156250 
0.759794 0.171875 

0.759613 0.171875 
0.758786 0.187500 

0.564961 0.140625 
0.568237 0.125000 

0.564721 0.140625 
0.562500 0.152746 

0.664957 0.375000 
0.656250 0.379214 

0.607415 0.015625 
0.609375 0.013687 

0.625000 0.002877 
0.609375 0.013377 

0.595846 0.031250 
0.607554 0.015625 

0.702878 0.031250 
0.703125 0.031492 

0.718622 0.031250 
0.718750 0.031448 

0.718153 0.328125 
0.718750 0.327295 

0.705831 0.343750 
0.718750 0.328169 

0.531213 0.281250 
0.531250 0.280995 

0.561861 0.156250 
0.562500 0.152460 

0.578986 0.078125 
0.583540 0.062500 

0.575213 0.093750 
0.578125 0.080392 

0.578653 0.078125 
0.578125 0.080729 

0.656250 -0.001042 
0.671875 -0.000046 

0.535739 0.359375 
0.531250 0.347095 

0.535520 0.359375 
0.546652 0.375000 

0.621983 0.390625 
0.625000 0.390207 

0.593750 0.393939 
0.609375 0.393102 

0.623780 0.390625 
0.609375 0.392633 

0.729208 0.046875 
0.720066 0.031250 

0.729180 0.046875 
0.734375 0.057179 

0.737754 0.062500 
0.734375 0.055791 

0.530501 0.343750 
0.531250 0.346302 

0.750935 0.078125 
0.750000 0.076183 

0.752095 0.093750 
0.750000 0.086984 

0.728986 0.312500 
0.718899 0.328125 

0.718782 0.328125 
0.718750 0.328168 

0.686107 0.093750 
0.687500 0.096124 

0.685322 0.109375 
0.687500 0.110854 

0.688111 0.359375 
0.703125 0.346299 

0.705558 0.343750 
0.703125 0.346211 

0.688682 0.359375 
0.687500 0.360323 

0.687500 0.004507 
0.703125 0.012423 

0.707024 0.015625 
0.703125 0.012490 

0.702709 0.015625 
0.703125 0.015884 

0.706758 0.015625 
0.718750 0.028454 

0.718750 0.127995 
0.734375 0.128280 

0.748313 0.125000 
0.750000 0.126393 

0.656208 0.031250 
0.656250 0.035193 

0.760685 0.140625 
0.758258 0.125000 

0.761253 0.156250 
0.760840 0.140625 

0.765719 0.156250 
0.765625 0.151143 

0.558059 0.171875 
0.561487 0.156250 

0.554209 0.187500 
0.557976 0.171875 

0.758763 0.187500 
0.758444 0.203125 

0.758710 0.203125 
0.758411 0.218750 

0.637042 0.000000 
0.625000 0.003224 

0.641444 0.000000 
0.640625 0.000038 

0.640681 0.015625 
0.640625 0.015678 

0.685435 0.093750 
0.687500 0.089686 

0.692367 0.093750 
0.687500 0.096455 

0.688440 0.109375 
0.687500 0.109516 

0.718148 0.125000 
0.718750 0.120609 

0.589238 0.046875 
0.593750 0.036160 

0.583643 0.062500 
0.589300 0.046875 

0.663716 0.375000 
0.671875 0.370880 

0.671875 0.370675 
0.687500 0.360318 

0.625000 0.390228 
0.640625 0.385917 

0.640625 0.385717 
0.656250 0.379390 

0.717761 0.265625 
0.718750 0.265609 

0.718750 0.281250 
0.718184 0.265625 

0.745683 0.078125 
0.738093 0.062500 

0.746145 0.078125 
0.750000 0.089128 

0.700915 0.218750 
0.703125 0.226486 

0.713679 0.218750 
0.703125 0.225188 

0.720239 0.031250 
0.718750 0.029190 

0.735368 0.031250 
0.734375 0.030224 

0.781986 0.140625 
0.781250 0.139889 

0.700544 0.218750 
0.703125 0.215481 

0.714887 0.218750 
0.703125 0.216138 

0.656250 0.171389 
0.671875 0.171389 

0.656250 0.172137 
0.671875 0.172137 

0.652777 0.281250 
0.656250 0.277777 

