0.751867 0.703238 
0.680599 0.666713 
0.593427 0.646373 
0.496913 0.640825 
0.401263 0.649637 
0.316464 0.673370 
0.248523 0.713282 
0.198987 0.770617 
0.166838 0.845274 
0.150469 0.933963 
0.148805 1.029150 
0.161696 1.120685 
0.189863 1.199750 
0.234500 1.261689 
0.296402 1.305703 
0.374516 1.332924 
0.464278 1.344730 
0.557321 1.341873 
0.643893 1.324231 
0.716559 1.290979 
0.771991 1.241111 
0.810036 1.174474 
0.831866 1.093283 
0.838599 1.003379 
0.830675 0.913633 
0.807752 0.832979 
0.769005 0.767308 
0.713791 0.718733 
0.642822 0.686919 
0.559592 0.670745 
0.470996 0.669361 
0.385888 0.682599 
0.311964 0.710914 
0.253570 0.754978 
0.211831 0.814870 
0.186111 0.888874 
0.175409 0.972359 
0.179113 1.057878 
0.197219 1.137223 
0.230148 1.204151 
0.278246 1.255646 
0.340925 1.291271 
0.415590 1.311783 
0.496978 1.318057 
0.577836 1.310565 
0.651046 1.289306 
0.711718 1.254052 
0.757769 1.204858 
0.789114 1.142828 
0.806523 1.070905 
0.810803 0.994158 
0.802447 0.918939 
0.781617 0.851134 
0.748365 0.794679 
0.703042 0.751243 
0.646816 0.720869 
0.582187 0.702854 
0.513113 0.696370 
0.444474 0.700761 
0.380949 0.715583 
0.325966 0.740489 
0.281303 0.775015 
0.247353 0.818318 
0.223678 0.868925 
0.209496 0.924602 
0.203985 0.982475 
0.206403 1.039428 
0.216107 1.092655 
0.232489 1.140096 
0.254912 1.180609 
0.282633 1.213859 
0.314744 1.240081 
0.350165 1.259835 
0.387660 1.273825 
0.425933 1.282790 
0.463723 1.287447 
0.499925 1.288473 
0.533669 1.286510 
0.564366 1.282162 
0.591690 1.276005 
0.615541 1.268589 
0.635992 1.260430 
0.653219 1.252014 
0.667467 1.243784 
0.678996 1.236134 
0.688063 1.229404 
0.694894 1.223878 
0.699681 1.219773 
0.702561 1.217249 
0.703625 1.216401 
0.702904 1.217258 
0.700374 1.219793 
0.695959 1.223910 
0.689528 1.229456 
0.680903 1.236217 
0.669869 1.243916 
0.656181 1.252225 
0.639584 1.260763 
0.619844 1.269104 
0.596778 1.276785 
0.570296 1.283315 
0.540468 1.288173 
0.507566 1.290820 
0.472114 1.290692 
0.434888 1.287194 
0.396915 1.279702 
0.359371 1.267550 
0.323501 1.250047 
0.290498 1.226508 
0.261430 1.196337 
0.237191 1.159166 
0.218510 1.115066 
0.205988 1.064772 
0.200169 1.009860 
0.201608 0.952707 
0.210932 0.896192 
0.228872 0.843204 
0.256213 0.796191 
0.293624 0.756898 
0.341313 0.726395 
0.398543 0.705245 
0.463160 0.693769 
0.531513 0.692258 
0.599027 0.701151 
0.661245 0.721108 
0.714762 0.752936 
0.757557 0.797279 
0.788769 0.854015 
0.808209 0.921455 
0.815892 0.995793 
0.811695 1.071453 
0.795167 1.142476 
0.765537 1.204107 
0.722004 1.253564 
0.664418 1.289801 
0.594305 1.312789 
0.515715 1.322816 
0.435000 1.319999 
0.359129 1.304027 
0.293612 1.274141 
0.241504 1.229455 
0.203740 1.169727 
0.180098 1.096565 
0.170047 1.014437 
0.173315 0.930396 
0.190160 0.852047 
0.221376 0.785158 
0.267928 0.732646 
0.330077 0.695148 
0.406048 0.672153 
0.490937 0.662937 
0.577136 0.667135 
0.656697 0.685000 
0.723889 0.717380 
0.776082 0.765319 
0.812968 0.829121 
0.835311 0.906934 
0.843985 0.993614 
0.839428 1.081255 
0.821404 1.161731 
0.789036 1.229374 
0.741197 1.281755 
0.677438 1.318792 
0.599414 1.341434 
0.512098 1.350691 
0.423364 1.347108 
0.341465 1.330535 
0.272237 1.300136 
0.218193 1.254723 
0.179394 1.193565 
0.154793 1.117722 
0.143231 1.031400 
0.143985 0.941947 
0.157005 0.857698 
0.182952 0.785047 
0.222987 0.727085 
0.278175 0.684194 
0.348385 0.655375 
0.430892 0.639329 
0.519694 0.635069 
0.606761 0.642209 
0.684832 0.661054 
0.749544 0.692528 
0.799574 0.737851 
0.835525 0.797818 
0.858724 0.871647 
0.870444 0.955779 
0.871519 1.043748 
0.862181 1.127903 
0.842023 1.202035 
0.810106 1.262859 
0.765258 1.309737 
0.706714 1.343555 
0.635120 1.365701 
0.553571 1.377441 
0.467802 1.379631 
0.384792 1.372595 
0.310479 1.356102 
0.248265 1.329423 
0.199060 1.291515 
0.162191 1.241415 
0.136356 1.178923 
0.120227 1.105483 
0.112765 1.024821 
0.113342 0.942570 
0.121781 0.864731 
0.138352 0.795886 
0.163706 0.738367 
0.198735 0.692547 
0.244299 0.657635 
0.300743 0.632393 
0.367270 0.615591 
0.441385 0.606225 
0.518901 0.603607 
0.594814 0.607390 
0.664667 0.617565 
0.725556 0.634431 
0.776321 0.658547 
0.817105 0.690628 
0.848764 0.731359 
0.872394 0.781107 
0.889055 0.839520 
0.899630 0.905137 
0.904779 0.975244 
0.904923 1.046217 
0.900255 1.114307 
0.890753 1.176496 
0.876198 1.230958 
0.856206 1.277048 
0.830282 1.314973 
0.797904 1.345419 
0.758652 1.369250 
0.712399 1.387326 
0.659538 1.400406 
0.601176 1.409111 
0.539190 1.413910 
0.476040 1.415127 
0.414349 1.412949 
0.356420 1.407435 
0.303891 1.398527 
0.257633 1.386062 
0.217859 1.369787 
0.184319 1.349382 
0.156504 1.324489 
0.133801 1.294766 
0.115590 1.259954 
0.101302 1.219975 
0.090446 1.175037 
0.082618 1.125740 
0.077499 1.073113 
0.074850 1.018578 
0.074511 0.963794 
0.076390 0.910426 
0.080462 0.859918 
0.086764 0.813337 
0.095389 0.771322 
0.106485 0.734119 
0.120250 0.701675 
0.136922 0.673737 
0.156768 0.649944 
0.180071 0.629889 
0.207096 0.613166 
0.238056 0.599397 
0.273061 0.588243 
0.312053 0.579415 
0.354752 0.572669 
0.400605 0.567813 
0.448778 0.564694 
0.498207 0.563207 
0.547689 0.563284 
0.596027 0.564899 
0.642159 0.568064 
0.685255 0.572827 
0.724763 0.579279 
0.760399 0.587547 
0.792103 0.597800 
0.819983 0.610244 
0.844256 0.625127 
0.865198 0.642730 
0.883113 0.663361 
0.898299 0.687340 
0.911042 0.714975 
0.921597 0.746523 
0.930190 0.782138 
0.937015 0.821807 
0.942231 0.865285 
0.945964 0.912035 
0.948308 0.961215 
0.949327 1.011721 
0.949050 1.062287 
0.947477 1.111639 
0.944573 1.158640 
0.940267 1.202406 
0.934453 1.242354 
0.926982 1.278198 
0.917666 1.309895 
0.906269 1.337584 
0.892505 1.361521 
0.876042 1.382024 
0.856504 1.399433 
0.833478 1.414086 
0.806541 1.426301 
0.775294 1.436364 
0.739426 1.444528 
0.698795 1.451011 
0.653526 1.455995 
0.604111 1.459627 
0.551465 1.462023 
0.496896 1.463266 
0.441982 1.463409 
0.388356 1.462476 
0.337478 1.460458 
0.290458 1.457319 
0.247988 1.452987 
0.210354 1.447360 
0.177525 1.440299 
0.149243 1.431625 
0.125125 1.421122 
0.104728 1.408528 
0.087599 1.393539 
0.073306 1.375810 
0.061453 1.354960 
0.051689 1.330591 
0.043706 1.302311 
0.037241 1.269785 
0.032070 1.232788 
0.028004 1.191299 
0.024888 1.145576 
0.022593 1.096237 
0.021013 1.044274 
0.020065 0.990997 
0.019684 0.937888 
0.019818 0.886403 
0.020432 0.837787 
0.021500 0.792945 
0.023007 0.752406 
0.024948 0.716356 
0.027322 0.684717 
0.030136 0.657229 
0.033404 0.633532 
0.037141 0.613220 
0.041366 0.595885 
0.046102 0.581135 
0.051371 0.568615 
0.057195 0.558003 
0.063597 0.549019 
0.070596 0.541419 
0.078208 0.534993 
0.086445 0.529560 
0.095311 0.524966 
0.104805 0.521083 
0.114914 0.517798 
0.125618 0.515019 
0.136884 0.512666 
0.148667 0.510672 
0.160913 0.508980 
0.173550 0.507544 
0.186499 0.506322 
0.199668 0.505283 
0.212954 0.504396 
0.226249 0.503639 
0.239436 0.502992 
0.252397 0.502438 
0.265011 0.501965 
0.277160 0.501561 
0.288728 0.501216 
0.299605 0.500925 
0.309689 0.500680 
0.318885 0.500477 
0.327106 0.500313 
0.334277 0.500186 
0.340331 0.500092 
0.345211 0.500031 
0.348868 0.500003 
0.351264 0.500006 
0.352366 0.500040 
0.352155 0.500107 
0.350617 0.500206 
0.347748 0.500340 
0.343556 0.500509 
0.338056 0.500717 
0.331277 0.500966 
0.323260 0.501260 
0.314060 0.501605 
0.303748 0.502007 
0.292407 0.502475 
0.280138 0.503019 
0.267058 0.503654 
0.253296 0.504397 
0.238995 0.505270 
0.224305 0.506299 
0.209383 0.507519 
0.194389 0.508972 
0.179477 0.510711 
0.164796 0.512802 
0.150486 0.515325 
0.136669 0.518382 
0.123453 0.522099 
0.110927 0.526636 
0.099161 0.532189 
0.088206 0.539004 
0.078095 0.547389 
0.068849 0.557728 
0.060471 0.570498 
0.052958 0.586285 
0.046298 0.605806 
0.040477 0.629910 
0.035482 0.659571 
0.031304 0.695833 
0.027948 0.739680 
0.025433 0.791793 
0.023805 0.852184 
0.023144 0.919784 
0.023577 0.992194 
0.025294 1.065892 
0.028569 1.136977 
0.033788 1.202122 
0.041484 1.259228 
0.052384 1.307517 
0.067461 1.347218 
0.088004 1.379134 
0.115661 1.404290 
0.152439 1.423700 
0.200551 1.438246 
0.261940 1.448614 
0.337306 1.455273 
0.424737 1.458452 
0.518820 1.458114 
0.611634 1.453926 
0.695650 1.445205 
0.766323 1.430840 
0.822535 1.409209 
0.865417 1.378103 
0.896981 1.334761 
0.919247 1.276235 
0.933832 1.200443 
0.941808 1.108158 
0.943650 1.005080 
0.939217 0.901467 
0.927706 0.807955 
0.907587 0.730990 
0.876543 0.671901 
0.831537 0.628895 
0.769294 0.599234 
0.687724 0.580467 
0.588521 0.570919 
0.479523 0.569821 
0.373259 0.577349 
0.281036 0.594631 
0.208243 0.623765 
0.154764 0.667720 
0.117909 0.729810 
0.094701 0.812170 
0.082932 0.912926 
0.081502 1.023626 
0.090476 1.130909 
0.111066 1.223014 
0.145556 1.294651 
0.197008 1.346225 
0.268292 1.380593 
0.359863 1.400689 
0.466647 1.408490 
0.577050 1.404708 
0.677481 1.388777 
0.759052 1.358945 
0.819593 1.312546 
0.861042 1.246788 
0.886383 1.160648 
0.897970 1.057831 
0.896932 0.948509 
0.883071 0.846172 
0.854961 0.761027 
0.810247 0.696706 
0.746423 0.652088 
0.662607 0.624432 
0.562306 0.611358 
0.455127 0.611621 
0.354044 0.625289 
0.269255 0.653631 
0.204782 0.698776 
0.159918 0.762877 
0.132204 0.846337 
0.119414 0.945232 
0.120391 1.049981 
0.135229 1.148196 
0.165152 1.230353 
0.212108 1.292713 
0.277843 1.335893 
0.362071 1.362109 
0.460130 1.373345 
0.562222 1.370562 
0.656618 1.353544 
0.734812 1.321057 
0.793690 1.271330 
0.833956 1.203109 
0.857620 1.117526 
0.866380 1.020154 
0.860948 0.921048 
0.840939 0.831147 
0.805096 0.757764 
