0.303803 1.317051 
0.373260 1.338837 
0.451466 1.349309 
0.532986 1.348998 
0.611318 1.337920 
0.680852 1.315630 
0.738225 1.281417 
0.782352 1.234664 
0.813586 1.175456 
0.832797 1.105364 
0.840763 1.028061 
0.837867 0.949105 
0.824030 0.874616 
0.798803 0.809507 
0.761596 0.756526 
0.712094 0.716435 
0.650887 0.688841 
0.580169 0.672988 
0.504101 0.668266 
0.428275 0.674440 
0.358284 0.691665 
0.298260 0.720360 
0.250292 0.760926 
0.214822 0.813282 
0.191415 0.876255 
0.179426 0.947020 
0.178401 1.021051 
0.188221 1.092939 
0.209072 1.157779 
0.241267 1.212270 
0.284929 1.254930 
0.339510 1.285588 
0.403253 1.304694 
0.472849 1.312787 
0.543689 1.310207 
0.610819 1.297017 
0.670144 1.273085 
0.719134 1.238286 
0.756792 1.192835 
0.783122 1.137716 
0.798565 1.075091 
0.803586 1.008404 
0.798482 0.941962 
0.783355 0.880025 
0.758211 0.825901 
0.723157 0.781522 
0.678688 0.747590 
0.626008 0.724023 
0.567276 0.710403 
0.505583 0.706278 
0.444550 0.711304 
0.387638 0.725252 
0.337519 0.747934 
0.295786 0.779056 
0.263066 0.818039 
0.239319 0.863824 
0.224171 0.914748 
0.217146 0.968558 
0.217791 1.022641 
0.225709 1.074412 
0.240535 1.121711 
0.261874 1.163048 
0.289220 1.197644 
0.321887 1.225300 
0.358945 1.246203 
0.399210 1.260755 
0.441293 1.269445 
0.483708 1.272781 
0.525024 1.271258 
0.564016 1.265358 
0.599757 1.255560 
0.631664 1.242351 
0.659473 1.226243 
0.683173 1.207772 
0.702944 1.187502 
0.719082 1.166010 
0.731950 1.143873 
0.741938 1.121645 
0.749445 1.099836 
0.754854 1.078893 
0.758535 1.059194 
0.760829 1.041035 
0.762052 1.024640 
0.762491 1.010160 
0.762402 0.997693 
0.762007 0.987290 
0.761494 0.978977 
0.761014 0.972751 
0.760683 0.968609 
0.760577 0.966542 
0.760732 0.966542 
0.761149 0.968612 
0.761787 0.972756 
0.762568 0.978982 
0.763378 0.987298 
0.764065 0.997698 
0.764443 1.010162 
0.764295 1.024637 
0.763372 1.041025 
0.761396 1.059174 
0.758063 1.078869 
0.753044 1.099816 
0.745985 1.121649 
0.736520 1.143930 
0.724265 1.166170 
0.708844 1.187830 
0.689899 1.208358 
0.667130 1.227201 
0.640337 1.243823 
0.609483 1.257714 
0.574759 1.268396 
0.536653 1.275415 
0.495969 1.278332 
0.453824 1.276704 
0.411554 1.270079 
0.370587 1.257980 
0.332296 1.239930 
0.297882 1.215492 
0.268301 1.184362 
0.244270 1.146514 
0.226295 1.102375 
0.214756 1.052996 
0.209969 1.000108 
0.212263 0.945998 
0.222021 0.893202 
0.239691 0.844115 
0.265732 0.800668 
0.300470 0.764204 
0.343860 0.735513 
0.395169 0.714992 
0.452701 0.702822 
0.513763 0.699136 
0.574989 0.704134 
0.632959 0.718150 
0.684825 0.741634 
0.728653 0.775019 
0.763403 0.818452 
0.788689 0.871380 
0.804477 0.932131 
0.810824 0.997726 
0.807693 1.064202 
0.794853 1.127421 
0.771878 1.183939 
0.738279 1.231503 
0.693808 1.269024 
0.638936 1.296234 
0.575392 1.313276 
0.506421 1.320378 
0.436439 1.317629 
0.370058 1.304866 
0.311028 1.281666 
0.261684 1.247488 
0.223015 1.201997 
0.195114 1.145597 
0.177658 1.080033 
0.170271 1.008715 
0.172765 0.936340 
0.185248 0.867808 
0.208138 0.807039 
0.242028 0.756373 
0.287357 0.716695 
0.343881 0.687944 
0.410019 0.669646 
0.482460 0.661294 
0.556465 0.662590 
0.626965 0.673563 
0.689840 0.694584 
0.742618 0.726262 
0.784382 0.769173 
0.815242 0.823371 
0.835776 0.887751 
0.846620 0.959525 
0.848217 1.034297 
0.840692 1.106972 
0.823808 1.173088 
0.797024 1.229728 
0.759673 1.275638 
0.711319 1.310772 
0.652309 1.335710 
0.584367 1.351199 
0.510906 1.357872 
0.436593 1.356090 
0.366231 1.345879 
0.303560 1.326924 
0.250696 1.298642 
0.208276 1.260375 
0.175989 1.211724 
0.153091 1.153050 
0.138780 1.086007 
0.132405 1.013776 
0.133578 0.940679 
0.142218 0.871167 
0.158552 0.808748 
0.183065 0.755452 
0.216379 0.711928 
0.259022 0.677903 
0.311081 0.652647 
0.371754 0.635325 
0.438992 0.625199 
0.509518 0.621729 
0.579379 0.624623 
0.644862 0.633848 
0.703261 0.649616 
0.753158 0.672344 
0.794230 0.702566 
0.826866 0.740774 
0.851791 0.787190 
0.869807 0.841449 
0.881638 0.902305 
0.887859 0.967515 
0.888858 1.034054 
0.884829 1.098695 
0.875781 1.158661 
0.861546 1.212076 
0.841814 1.258043 
0.816182 1.296457 
0.784242 1.327713 
0.745702 1.352456 
0.700562 1.371389 
0.649304 1.385171 
0.593049 1.394359 
0.533575 1.399389 
0.473140 1.400566 
0.414116 1.398072 
0.358583 1.391964 
0.308046 1.382194 
0.263342 1.368613 
0.224727 1.350999 
0.192033 1.329077 
0.164845 1.302567 
0.142637 1.271236 
0.124863 1.234980 
0.111012 1.193911 
0.100637 1.148451 
0.093368 1.099392 
0.088909 1.047888 
0.087039 0.995370 
0.087607 0.943367 
0.090530 0.893315 
0.095781 0.846376 
0.103391 0.803357 
0.113436 0.764695 
0.126038 0.730513 
0.141349 0.700702 
0.159545 0.675008 
0.180804 0.653093 
0.205295 0.634595 
0.233139 0.619157 
0.264384 0.606445 
0.298962 0.596162 
0.336654 0.588053 
0.377062 0.581902 
0.419604 0.577530 
0.463530 0.574799 
0.507981 0.573604 
0.552060 0.573870 
0.594919 0.575556 
0.635829 0.578646 
0.674229 0.583153 
0.709741 0.589116 
0.742165 0.596595 
0.771446 0.605676 
0.797642 0.616466 
0.820893 0.629089 
0.841382 0.643688 
0.859322 0.660414 
0.874929 0.679427 
0.888414 0.700877 
0.899977 0.724898 
0.909800 0.751590 
0.918044 0.780993 
0.924851 0.813069 
0.930343 0.847678 
0.934621 0.884555 
0.937768 0.923308 
0.939847 0.963422 
0.940906 1.004281 
0.940973 1.045215 
0.940060 1.085547 
0.938162 1.124648 
0.935257 1.161981 
0.931305 1.197128 
0.926247 1.229798 
0.920006 1.259828 
0.912484 1.287159 
0.903565 1.311821 
0.893109 1.333907 
0.880957 1.353550 
0.866928 1.370913 
0.850824 1.386167 
0.832434 1.399487 
0.811541 1.411042 
0.787935 1.420991 
0.761430 1.429479 
0.731893 1.436638 
0.699268 1.442585 
0.663615 1.447421 
0.625145 1.451232 
0.584239 1.454089 
0.541459 1.456048 
0.497524 1.457151 
0.453262 1.457424 
0.409534 1.456881 
0.367156 1.455519 
0.326830 1.453320 
0.289094 1.450251 
0.254307 1.446262 
0.222656 1.441285 
0.194178 1.435235 
0.168800 1.428006 
0.146368 1.419470 
0.126678 1.409480 
0.109500 1.397865 
0.094595 1.384430 
0.081731 1.368964 
0.070684 1.351235 
0.061248 1.331003 
0.053237 1.308032 
0.046481 1.282105 
0.040831 1.253049 
0.036157 1.220770 
0.032343 1.185289 
0.029293 1.146781 
0.026921 1.105603 
0.025156 1.062311 
0.023938 1.017637 
0.023217 0.972443 
0.022954 0.927644 
0.023116 0.884115 
0.023680 0.842613 
0.024628 0.803721 
0.025949 0.767828 
0.027635 0.735134 
0.029687 0.705679 
0.032105 0.679380 
0.034896 0.656070 
0.038068 0.635528 
0.041633 0.617510 
0.045603 0.601762 
0.049993 0.588038 
0.054816 0.576104 
0.060088 0.565744 
0.065824 0.556763 
0.072035 0.548986 
0.078733 0.542257 
0.085927 0.536437 
0.093620 0.531407 
0.101812 0.527059 
0.110500 0.523303 
0.119672 0.520057 
0.129311 0.517251 
0.139392 0.514827 
0.149885 0.512729 
0.160748 0.510915 
0.171934 0.509344 
0.183388 0.507983 
0.195048 0.506803 
0.206843 0.505778 
0.218698 0.504889 
0.230534 0.504115 
0.242266 0.503442 
0.253810 0.502857 
0.265079 0.502348 
0.275986 0.501906 
0.286449 0.501524 
0.296386 0.501194 
0.305721 0.500912 
0.314381 0.500673 
0.322302 0.500474 
0.329421 0.500312 
0.335684 0.500185 
0.341044 0.500092 
0.345458 0.500031 
0.348889 0.500003 
0.351308 0.500006 
0.352688 0.500040 
0.353013 0.500107 
0.352269 0.500206 
0.350448 0.500338 
0.347550 0.500506 
0.343581 0.500710 
0.338554 0.500954 
0.332490 0.501239 
0.325418 0.501569 
0.317377 0.501950 
0.308415 0.502386 
0.298591 0.502886 
0.287972 0.503458 
0.276639 0.504113 
0.264680 0.504865 
0.252193 0.505732 
0.239283 0.506732 
0.226063 0.507892 
0.212645 0.509243 
0.199148 0.510820 
0.185686 0.512670 
0.172370 0.514848 
0.159305 0.517419 
0.146588 0.520466 
0.134306 0.524087 
0.122533 0.528401 
0.111333 0.533554 
0.100756 0.539722 
0.090843 0.547121 
0.081619 0.556010 
0.073104 0.566706 
0.065308 0.579584 
0.058233 0.595097 
0.051879 0.613773 
0.046242 0.636220 
0.041321 0.663108 
0.037118 0.695140 
0.033640 0.732966 
0.030909 0.777067 
0.028959 0.827564 
0.027849 0.884001 
0.027664 0.945175 
0.028527 1.009112 
0.030611 1.073303 
0.034148 1.135147 
0.039450 1.192449 
0.046927 1.243736 
0.057114 1.288325 
0.070698 1.326182 
0.088548 1.357701 
0.111736 1.383494 
0.141533 1.404237 
0.179347 1.420570 
0.226534 1.433038 
0.284026 1.442064 
0.351737 1.447925 
0.427894 1.450746 
0.508755 1.450477 
0.589211 1.446875 
0.664204 1.439481 
0.730136 1.427584 
0.785390 1.410184 
0.829982 1.385965 
0.864866 1.353304 
0.891322 1.310397 
0.910581 1.255595 
0.923636 1.188096 
0.931157 1.108965 
0.933460 1.021992 
0.930488 0.933442 
0.921793 0.850210 
0.906522 0.777487 
0.883397 0.717648 
0.850747 0.670704 
0.806665 0.635385 
0.749431 0.610069 
0.678378 0.593310 
0.595125 0.584083 
0.504485 0.581867 
0.413840 0.586675 
0.330664 0.599053 
0.259955 0.620062 
0.203474 0.651233 
0.160651 0.694385 
0.129897 0.751177 
0.109538 0.822204 
0.098285 0.905717 
0.095422 0.996670 
0.100860 1.087409 
0.115120 1.170266 
0.139282 1.240193 
0.174864 1.295474 
0.223516 1.336722 
0.286359 1.365512 
0.362884 1.383439 
0.449727 1.391642 
0.540399 1.390637 
0.626958 1.380278 
0.702849 1.359817 
0.764674 1.328019 
0.811940 1.283431 
0.845760 1.224943 
0.867675 1.152756 
0.878959 1.069552 
0.880319 0.981029 
0.871813 0.894747 
0.852888 0.817568 
0.822513 0.753609 
0.779441 0.704037 
0.722752 0.668160 
0.652740 0.644623 
0.571987 0.632200 
0.485861 0.630157 
0.401523 0.638375 
0.325613 0.657314 
0.262311 0.687873 
0.213014 0.731101 
0.177279 0.787655 
0.153943 0.856938 
0.141905 0.936158 
0.140507 1.019984 
0.149658 1.101593 
0.169794 1.174789 
0.201718 1.235703 
0.246279 1.283007 
