0.963516 -0.142568 
0.967121 -0.134404 
0.970609 -0.126283 
0.973979 -0.118207 
0.977234 -0.110175 
0.980374 -0.102190 
0.983402 -0.094254 
0.986317 -0.086366 
0.989123 -0.078529 
0.991819 -0.070744 
0.994408 -0.063012 
0.996891 -0.055334 
0.999270 -0.047710 
1.001546 -0.040143 
1.003720 -0.032633 
1.005795 -0.025181 
1.007771 -0.017788 
1.009651 -0.010454 
1.011436 -0.003182 
1.013128 0.004029 
1.014728 0.011177 
1.016239 0.018262 
1.017661 0.025284 
1.018997 0.032240 
1.020248 0.039130 
1.021417 0.045955 
1.022504 0.052712 
1.023512 0.059402 
1.024442 0.066023 
1.025296 0.072575 
1.026076 0.079058 
1.026784 0.085471 
1.027421 0.091812 
1.027990 0.098082 
1.028491 0.104280 
1.028927 0.110406 
1.029300 0.116458 
1.029611 0.122437 
1.029862 0.128342 
1.030054 0.134172 
1.030190 0.139927 
1.030271 0.145606 
1.030299 0.151209 
1.030276 0.156736 
1.030202 0.162185 
1.030080 0.167557 
1.029912 0.172852 
1.029699 0.178068 
1.029442 0.183205 
1.029144 0.188263 
1.028805 0.193242 
1.028428 0.198141 
1.028014 0.202960 
1.027564 0.207698 
1.027080 0.212356 
1.026563 0.216933 
1.026015 0.221428 
1.025437 0.225841 
1.024831 0.230172 
1.024198 0.234421 
1.023539 0.238587 
1.022855 0.242671 
1.022149 0.246671 
1.021420 0.250588 
1.020672 0.254421 
1.019904 0.258171 
1.019118 0.261836 
1.018315 0.265417 
1.017496 0.268914 
1.016663 0.272326 
1.015816 0.275654 
1.014957 0.278896 
1.014086 0.282054 
1.013205 0.285126 
1.012315 0.288112 
1.011417 0.291013 
1.010511 0.293828 
1.009600 0.296558 
1.008682 0.299201 
1.007760 0.301759 
1.006835 0.304230 
1.005906 0.306615 
1.004976 0.308914 
1.004044 0.311126 
1.003112 0.313252 
1.002180 0.315291 
1.001249 0.317243 
1.000320 0.319109 
0.999393 0.320888 
0.998470 0.322580 
0.997550 0.324185 
0.996634 0.325703 
0.995723 0.327135 
0.994818 0.328479 
0.993918 0.329736 
0.993025 0.330907 
0.992139 0.331990 
0.991261 0.332986 
0.990390 0.333895 
0.989527 0.334716 
0.988673 0.335451 
0.987828 0.336098 
0.986993 0.336658 
0.986167 0.337131 
0.985351 0.337517 
0.984546 0.337816 
0.983751 0.338027 
0.982966 0.338151 
0.982193 0.338188 
0.981430 0.338138 
0.980679 0.338000 
0.979939 0.337775 
0.979211 0.337463 
0.978494 0.337063 
0.977789 0.336577 
0.977096 0.336003 
0.976414 0.335342 
0.975744 0.334593 
0.975086 0.333758 
0.974439 0.332835 
0.973803 0.331824 
0.973179 0.330727 
0.972566 0.329542 
0.971964 0.328270 
0.971373 0.326910 
0.970792 0.325464 
0.970222 0.323929 
0.969662 0.322308 
0.969112 0.320599 
0.968571 0.318803 
0.968039 0.316919 
0.967516 0.314948 
0.967001 0.312890 
0.966494 0.310744 
0.965995 0.308511 
0.965502 0.306190 
0.965016 0.303781 
0.964536 0.301286 
0.964061 0.298702 
0.963590 0.296031 
0.963124 0.293272 
0.962661 0.290426 
0.962200 0.287492 
0.961742 0.284471 
0.961284 0.281361 
0.960827 0.278164 
0.960369 0.274880 
0.959910 0.271507 
0.959449 0.268047 
0.958984 0.264499 
0.958515 0.260863 
0.958041 0.257140 
0.957561 0.253328 
0.957074 0.249429 
0.956578 0.245442 
0.956072 0.241367 
0.955556 0.237204 
0.955028 0.232953 
0.954486 0.228615 
0.953931 0.224189 
0.953359 0.219675 
0.952770 0.215073 
0.952163 0.210384 
0.951535 0.205607 
0.950886 0.200742 
0.950214 0.195790 
0.949518 0.190751 
0.948795 0.185624 
0.948045 0.180409 
0.947265 0.175108 
0.946454 0.169720 
0.945610 0.164244 
0.944732 0.158682 
0.943817 0.153033 
0.942864 0.147298 
0.941871 0.141476 
0.940835 0.135569 
0.939756 0.129575 
0.938630 0.123496 
0.937456 0.117332 
0.936233 0.111082 
0.934957 0.104748 
0.933626 0.098329 
0.932240 0.091826 
0.930794 0.085239 
0.929288 0.078569 
0.927718 0.071816 
0.926084 0.064980 
0.924381 0.058063 
0.922609 0.051064 
0.920764 0.043984 
0.918845 0.036824 
0.916848 0.029584 
0.914773 0.022265 
0.912615 0.014868 
0.910373 0.007393 
0.908045 -0.000159 
0.905628 -0.007786 
0.903119 -0.015489 
0.900516 -0.023266 
0.897817 -0.031115 
0.895019 -0.039037 
0.892120 -0.047030 
0.889117 -0.055092 
0.886008 -0.063223 
0.882791 -0.071421 
0.879463 -0.079685 
0.876022 -0.088013 
0.872465 -0.096404 
0.868791 -0.104856 
0.864996 -0.113368 
0.861079 -0.121937 
0.857037 -0.130563 
0.852869 -0.139242 
0.848572 -0.147973 
0.844144 -0.156753 
0.839583 -0.165581 
0.834887 -0.174454 
0.830054 -0.183370 
0.825082 -0.192326 
0.819970 -0.201319 
0.814716 -0.210347 
0.809318 -0.219406 
0.803775 -0.228495 
0.798085 -0.237608 
0.792247 -0.246744 
0.786259 -0.255899 
0.780121 -0.265070 
0.773831 -0.274252 
0.767389 -0.283442 
0.760793 -0.292636 
0.754043 -0.301831 
0.747139 -0.311022 
0.740079 -0.320204 
0.732864 -0.329374 
0.725493 -0.338527 
0.717967 -0.347658 
0.710285 -0.356763 
0.702448 -0.365837 
0.694457 -0.374874 
0.686311 -0.383871 
0.678012 -0.392821 
0.669561 -0.401719 
0.660958 -0.410561 
0.652206 -0.419341 
0.643306 -0.428053 
0.634259 -0.436692 
0.625067 -0.445252 
0.615733 -0.453727 
0.606258 -0.462113 
0.596646 -0.470403 
0.586899 -0.478591 
0.577020 -0.486673 
0.567013 -0.494641 
0.556879 -0.502491 
0.546624 -0.510217 
0.536250 -0.517813 
0.525762 -0.525274 
0.515164 -0.532594 
0.504460 -0.539768 
0.493655 -0.546790 
0.482753 -0.553656 
0.471760 -0.560361 
0.460679 -0.566899 
0.449518 -0.573266 
0.438280 -0.579458 
0.426972 -0.585469 
0.415599 -0.591297 
0.404167 -0.596937 
0.392682 -0.602385 
0.381151 -0.607638 
0.369578 -0.612693 
0.357971 -0.617547 
0.346336 -0.622197 
0.334679 -0.626642 
0.323008 -0.630879 
0.311328 -0.634907 
0.299646 -0.638723 
0.287969 -0.642328 
0.276303 -0.645721 
0.264656 -0.648902 
0.253034 -0.651869 
0.241445 -0.654625 
0.229893 -0.657170 
0.218387 -0.659504 
0.206933 -0.661631 
0.195538 -0.663551 
0.184209 -0.665266 
0.172951 -0.666780 
0.161772 -0.668096 
0.150678 -0.669217 
0.139675 -0.670146 
0.128770 -0.670888 
0.117969 -0.671448 
0.107278 -0.671829 
0.096703 -0.672038 
0.086250 -0.672079 
0.075924 -0.671958 
0.065732 -0.671681 
0.055679 -0.671255 
0.045769 -0.670685 
0.036009 -0.669979 
0.026404 -0.669143 
0.016958 -0.668185 
0.007676 -0.667111 
-0.001438 -0.665930 
-0.010378 -0.664648 
-0.019141 -0.663274 
-0.027723 -0.661816 
-0.036120 -0.660280 
-0.044328 -0.658676 
-0.052343 -0.657011 
-0.060163 -0.655294 
-0.067785 -0.653532 
-0.075204 -0.651733 
-0.082420 -0.649906 
-0.089429 -0.648058 
-0.096228 -0.646198 
-0.102816 -0.644332 
-0.109191 -0.642469 
-0.115351 -0.640616 
-0.121294 -0.638781 
-0.127018 -0.636971 
-0.132524 -0.635192 
-0.137808 -0.633453 
-0.142871 -0.631759 
-0.147711 -0.630116 
-0.152328 -0.628532 
-0.156720 -0.627012 
-0.160888 -0.625562 
-0.164832 -0.624187 
-0.168550 -0.622892 
-0.172043 -0.621682 
-0.175310 -0.620563 
-0.178352 -0.619537 
-0.181168 -0.618610 
-0.183759 -0.617784 
-0.186124 -0.617064 
-0.188264 -0.616451 
-0.190180 -0.615950 
-0.191870 -0.615561 
-0.193337 -0.615288 
-0.194579 -0.615132 
-0.195598 -0.615094 
-0.196393 -0.615175 
-0.196966 -0.615376 
-0.197316 -0.615698 
-0.197443 -0.616140 
-0.197350 -0.616703 
-0.197035 -0.617385 
-0.196499 -0.618185 
-0.195743 -0.619103 
-0.194767 -0.620137 
-0.193572 -0.621285 
-0.192158 -0.622545 
-0.190526 -0.623914 
-0.188677 -0.625390 
-0.186610 -0.626970 
-0.184327 -0.628650 
-0.181828 -0.630427 
-0.179115 -0.632298 
-0.176187 -0.634257 
-0.173046 -0.636301 
-0.169692 -0.638426 
-0.166127 -0.640626 
-0.162352 -0.642898 
-0.158367 -0.645235 
-0.154174 -0.647632 
-0.149774 -0.650084 
-0.145169 -0.652586 
-0.140359 -0.655132 
-0.135347 -0.657715 
-0.130134 -0.660330 
-0.124722 -0.662971 
-0.119113 -0.665631 
-0.113308 -0.668305 
-0.107310 -0.670985 
-0.101120 -0.673665 
-0.094742 -0.676340 
-0.088177 -0.679002 
-0.081429 -0.681645 
-0.074499 -0.684262 
-0.067390 -0.686847 
-0.060106 -0.689393 
-0.052648 -0.691893 
-0.045021 -0.694343 
-0.037227 -0.696734 
-0.029270 -0.699060 
-0.021152 -0.701316 
-0.012878 -0.703495 
-0.004450 -0.705590 
0.004127 -0.707597 
0.012850 -0.709509 
0.021715 -0.711321 
0.030718 -0.713026 
0.039856 -0.714619 
0.049124 -0.716096 
0.058519 -0.717450 
0.068035 -0.718677 
0.077670 -0.719773 
0.087419 -0.720732 
0.097277 -0.721550 
0.107241 -0.722223 
0.117306 -0.722748 
0.127467 -0.723119 
0.137721 -0.723334 
0.148062 -0.723389 
0.158486 -0.723282 
0.168990 -0.723008 
0.179567 -0.722567 
0.190215 -0.721954 
0.200927 -0.721168 
0.211701 -0.720207 
0.222530 -0.719070 
0.233411 -0.717754 
0.244338 -0.716259 
0.255308 -0.714583 
0.266316 -0.712725 
0.277356 -0.710686 
0.288425 -0.708464 
0.299519 -0.706060 
0.310631 -0.703473 
0.321759 -0.700704 
0.332896 -0.697754 
0.344040 -0.694623 
0.355185 -0.691312 
0.366327 -0.687822 
0.377461 -0.684154 
0.388583 -0.680310 
0.399690 -0.676292 
0.410775 -0.672102 
0.421836 -0.667740 
0.432868 -0.663211 
0.443866 -0.658515 
0.454827 -0.653656 
0.465747 -0.648635 
0.476622 -0.643457 
0.487447 -0.638122 
0.498220 -0.632636 
0.508935 -0.627000 
0.519590 -0.621217 
0.530181 -0.615292 
0.540705 -0.609227 
0.551157 -0.603026 
0.561535 -0.596692 
0.571835 -0.590230 
0.582054 -0.583641 
0.592189 -0.576932 
0.602238 -0.570104 
0.612196 -0.563162 
0.622062 -0.556109 
0.631833 -0.548950 
0.641506 -0.541689 
0.651078 -0.534328 
0.660548 -0.526873 
0.669912 -0.519326 
0.679169 -0.511693 
0.688317 -0.503977 
0.697354 -0.496181 
0.706278 -0.488309 
0.715086 -0.480367 
0.723778 -0.472356 
0.732351 -0.464281 
0.740805 -0.456147 
0.749138 -0.447955 
0.757348 -0.439711 
0.765434 -0.431418 
0.773396 -0.423080 
0.781232 -0.414699 
0.788941 -0.406280 
0.796522 -0.397826 
0.803975 -0.389340 
0.811299 -0.380827 
0.818494 -0.372288 
0.825558 -0.363727 
0.832491 -0.355148 
0.839294 -0.346554 
0.845965 -0.337947 
0.852504 -0.329331 
0.858912 -0.320708 
0.865189 -0.312081 
0.871333 -0.303454 
0.877346 -0.294828 
0.883227 -0.286207 
0.888978 -0.277593 
0.894597 -0.268988 
0.900085 -0.260395 
0.905443 -0.251817 
0.910671 -0.243255 
0.915770 -0.234712 
0.920740 -0.226191 
0.925581 -0.217692 
0.930296 -0.209219 
0.934883 -0.200773 
0.939344 -0.192356 
0.943681 -0.183970 
0.947892 -0.175617 
0.951981 -0.167299 
0.955947 -0.159017 
0.959792 -0.150772 
