0.207451 1.235962 
0.251567 1.281323 
0.307912 1.314115 
0.375410 1.335222 
0.451045 1.345486 
0.529821 1.345387 
0.605787 1.334955 
0.673728 1.313813 
0.730385 1.281350 
0.774555 1.237034 
0.806409 1.180923 
0.826683 1.114342 
0.836099 1.040439 
0.835066 0.964105 
0.823592 0.890960 
0.801340 0.825817 
0.767817 0.771667 
0.722699 0.729632 
0.666339 0.699599 
0.600372 0.680950 
0.528140 0.673080 
0.454457 0.675659 
0.384571 0.688706 
0.322826 0.712506 
0.271842 0.747412 
0.232585 0.793505 
0.204953 0.850102 
0.188418 0.915245 
0.182475 0.985439 
0.186860 1.056019 
0.201590 1.122188 
0.226868 1.180134 
0.262871 1.227632 
0.309411 1.263891 
0.365498 1.289018 
0.428944 1.303472 
0.496257 1.307686 
0.563100 1.301902 
0.625220 1.286153 
0.679349 1.260362 
0.723609 1.224558 
0.757339 1.179160 
0.780638 1.125334 
0.793911 1.065263 
0.797568 1.002142 
0.791891 0.939753 
0.777019 0.881723 
0.753045 0.830839 
0.720171 0.788751 
0.678926 0.756092 
0.630403 0.732824 
0.576425 0.718591 
0.519525 0.712963 
0.462671 0.715567 
0.408780 0.726106 
0.360231 0.744318 
0.318598 0.769884 
0.284641 0.802315 
0.258506 0.840826 
0.239955 0.884250 
0.228577 0.931015 
0.223912 0.979239 
0.225516 1.026932 
0.232970 1.072251 
0.245860 1.113720 
0.263745 1.150346 
0.286118 1.181620 
0.312374 1.207424 
0.341794 1.227924 
0.373553 1.243456 
0.406744 1.254440 
0.440433 1.261333 
0.473725 1.264598 
0.505824 1.264688 
0.536087 1.262045 
0.564044 1.257103 
0.589404 1.250285 
0.612034 1.242005 
0.631935 1.232666 
0.649202 1.222657 
0.663996 1.212347 
0.676518 1.202080 
0.686985 1.192174 
0.695615 1.182909 
0.702616 1.174529 
0.708176 1.167241 
0.712458 1.161216 
0.715598 1.156583 
0.717699 1.153443 
0.718831 1.151859 
0.719033 1.151862 
0.718304 1.153455 
0.716613 1.156607 
0.713895 1.161257 
0.710051 1.167312 
0.704953 1.174642 
0.698443 1.183085 
0.690338 1.192439 
0.680439 1.202467 
0.668533 1.212898 
0.654403 1.223427 
0.637850 1.233724 
0.618706 1.243433 
0.596859 1.252184 
0.572283 1.259592 
0.545073 1.265267 
0.515467 1.268809 
0.483875 1.269814 
0.450874 1.267868 
0.417199 1.262548 
0.383691 1.253418 
0.351251 1.240042 
0.320763 1.221993 
0.293050 1.198902 
0.268831 1.170512 
0.248710 1.136775 
0.233187 1.097957 
0.222682 1.054750 
0.217572 1.008311 
0.218225 0.960233 
0.225034 0.912374 
0.238425 0.866633 
0.258837 0.824720 
0.286653 0.787990 
0.322062 0.757405 
0.364858 0.733578 
0.414209 0.716877 
0.468500 0.707540 
0.525367 0.705777 
0.581984 0.711857 
0.635532 0.726135 
0.683648 0.749036 
0.724663 0.780939 
0.757604 0.821956 
0.782025 0.871607 
0.797790 0.928487 
0.804866 0.990108 
0.803171 1.053107 
0.792489 1.113848 
0.772444 1.169137 
0.742596 1.216694 
0.702656 1.255242 
0.652863 1.284288 
0.594422 1.303800 
0.529826 1.313915 
0.462740 1.314720 
0.397347 1.306123 
0.337427 1.287813 
0.285684 1.259321 
0.243582 1.220239 
0.211607 1.170602 
0.189672 1.111404 
0.177484 1.045031 
0.174806 0.975259 
0.181611 0.906599 
0.198143 0.843251 
0.224873 0.788246 
0.262312 0.743211 
0.310640 0.708630 
0.369177 0.684322 
0.435855 0.669858 
0.507064 0.664853 
0.578187 0.669148 
0.644702 0.682881 
0.703191 0.706479 
0.751750 0.740516 
0.789772 0.785408 
0.817455 0.840932 
0.835333 0.905648 
0.843936 0.976534 
0.843600 1.049238 
0.834360 1.119028 
0.815929 1.181959 
0.787770 1.235559 
0.749289 1.278825 
0.700199 1.311784 
0.641040 1.334980 
0.573704 1.349078 
0.501621 1.354624 
0.429270 1.351912 
0.361115 1.340920 
0.300561 1.321321 
0.249508 1.292556 
0.208519 1.254030 
0.177306 1.205438 
0.155189 1.147235 
0.141439 1.081117 
0.135463 1.010203 
0.136915 0.938629 
0.145734 0.870609 
0.162147 0.809461 
0.186616 0.757122 
0.219723 0.714246 
0.261950 0.680609 
0.313340 0.655549 
0.373086 0.638293 
0.439204 0.628145 
0.508548 0.624595 
0.577331 0.627362 
0.641969 0.636413 
0.699819 0.651949 
0.749443 0.674364 
0.790464 0.704163 
0.823198 0.741814 
0.848312 0.787518 
0.866563 0.840924 
0.878645 0.900839 
0.885116 0.965111 
0.886358 1.030832 
0.882569 1.094866 
0.873761 1.154479 
0.859780 1.207780 
0.840331 1.253823 
0.815029 1.292438 
0.783481 1.323968 
0.745406 1.349011 
0.700805 1.368240 
0.650144 1.382297 
0.594506 1.391730 
0.535619 1.396970 
0.475682 1.398321 
0.417023 1.395967 
0.361706 1.389972 
0.311246 1.380290 
0.266507 1.366781 
0.227777 1.349228 
0.194923 1.327367 
0.167557 1.300926 
0.145171 1.269682 
0.127234 1.233542 
0.113243 1.192627 
0.102756 1.147364 
0.095404 1.098543 
0.090892 1.047314 
0.089001 0.995089 
0.089577 0.943382 
0.092535 0.893608 
0.097848 0.846918 
0.105544 0.804108 
0.115697 0.765615 
0.128423 0.731564 
0.143871 0.701854 
0.162208 0.676235 
0.183606 0.654377 
0.208219 0.635923 
0.236156 0.620521 
0.267449 0.607841 
0.302012 0.597590 
0.339610 0.589513 
0.379837 0.583396 
0.422102 0.579062 
0.465663 0.576371 
0.509675 0.575217 
0.553264 0.575527 
0.595610 0.577256 
0.636011 0.580387 
0.673930 0.584929 
0.709007 0.590915 
0.741051 0.598402 
0.770013 0.607469 
0.795952 0.618213 
0.819003 0.630751 
0.839345 0.645213 
0.857184 0.661737 
0.872730 0.680469 
0.886190 0.701543 
0.897757 0.725081 
0.907610 0.751167 
0.915908 0.779836 
0.922789 0.811047 
0.928373 0.844670 
0.932762 0.880462 
0.936039 0.918066 
0.938269 0.957012 
0.939500 0.996741 
0.939765 1.036637 
0.939080 1.076072 
0.937446 1.114456 
0.934847 1.151271 
0.931253 1.186106 
0.926616 1.218661 
0.920870 1.248753 
0.913932 1.276298 
0.905703 1.301300 
0.896063 1.323823 
0.884874 1.343978 
0.871979 1.361904 
0.857204 1.377756 
0.840363 1.391695 
0.821259 1.403877 
0.799698 1.414454 
0.775499 1.423567 
0.748511 1.431345 
0.718643 1.437902 
0.685883 1.443340 
0.650336 1.447748 
0.612246 1.451199 
0.572013 1.453755 
0.530193 1.455462 
0.487472 1.456357 
0.444617 1.456460 
0.402408 1.455780 
0.361576 1.454312 
0.322742 1.452037 
0.286379 1.448921 
0.252802 1.444916 
0.222175 1.439957 
0.194532 1.433962 
0.169807 1.426833 
0.147864 1.418450 
0.128520 1.408676 
0.111568 1.397351 
0.096790 1.384296 
0.083973 1.369315 
0.072912 1.352193 
0.063416 1.332709 
0.055308 1.310641 
0.048431 1.285784 
0.042643 1.257969 
0.037820 1.227095 
0.033850 1.193154 
0.030641 1.156274 
0.028108 1.116743 
0.026182 1.075028 
0.024804 1.031764 
0.023924 0.987723 
0.023502 0.943747 
0.023504 0.900675 
0.023906 0.859262 
0.024688 0.820125 
0.025838 0.783704 
0.027347 0.750264 
0.029212 0.719913 
0.031433 0.692626 
0.034015 0.668285 
0.036963 0.646709 
0.040288 0.627681 
0.044000 0.610968 
0.048113 0.596334 
0.052639 0.583554 
0.057593 0.572414 
0.062989 0.562720 
0.068839 0.554294 
0.075155 0.546978 
0.081946 0.540629 
0.089219 0.535123 
0.096975 0.530351 
0.105215 0.526214 
0.113930 0.522630 
0.123109 0.519524 
0.132734 0.516832 
0.142778 0.514498 
0.153209 0.512474 
0.163987 0.510718 
0.175064 0.509194 
0.186387 0.507869 
0.197893 0.506718 
0.209516 0.505715 
0.221181 0.504843 
0.232813 0.504082 
0.244331 0.503419 
0.255653 0.502841 
0.266697 0.502337 
0.277381 0.501899 
0.287625 0.501519 
0.297353 0.501192 
0.306491 0.500911 
0.314971 0.500672 
0.322730 0.500474 
0.329711 0.500312 
0.335860 0.500185 
0.341133 0.500092 
0.345488 0.500031 
0.348891 0.500003 
0.351314 0.500006 
0.352729 0.500040 
0.353120 0.500107 
0.352475 0.500206 
0.350786 0.500338 
0.348051 0.500506 
0.344276 0.500710 
0.339471 0.500952 
0.333655 0.501236 
0.326856 0.501565 
0.319109 0.501943 
0.310457 0.502376 
0.300956 0.502870 
0.290667 0.503435 
0.279666 0.504080 
0.268035 0.504819 
0.255865 0.505667 
0.243255 0.506644 
0.230311 0.507772 
0.217141 0.509081 
0.203857 0.510604 
0.190570 0.512384 
0.177387 0.514471 
0.164412 0.516925 
0.151740 0.519823 
0.139458 0.523252 
0.127643 0.527321 
0.116360 0.532163 
0.105662 0.537937 
0.095593 0.544835 
0.086184 0.553091 
0.077457 0.562986 
0.069425 0.574857 
0.062096 0.589106 
0.055470 0.606206 
0.049548 0.626703 
0.044326 0.651210 
0.039806 0.680385 
0.035994 0.714872 
0.032905 0.755217 
0.030565 0.801715 
0.029021 0.854227 
0.028341 0.911987 
0.028624 0.973500 
0.030010 1.036628 
0.032689 1.098906 
0.036918 1.157987 
0.043031 1.212049 
0.051468 1.259992 
0.062794 1.301415 
0.077726 1.336447 
0.097159 1.365546 
0.122177 1.389318 
0.154034 1.408396 
0.194058 1.423357 
0.243435 1.434685 
0.302796 1.442739 
0.371640 1.447743 
0.447779 1.449769 
0.527271 1.448724 
0.605192 1.444329 
0.677005 1.436095 
0.739695 1.423293 
0.792057 1.404918 
0.834288 1.379677 
0.867347 1.346009 
0.892435 1.302230 
0.910683 1.246887 
0.922988 1.179435 
0.929946 1.101160 
0.931821 1.015883 
0.928530 0.929584 
0.919630 0.848659 
0.904298 0.777864 
0.881328 0.719381 
0.849161 0.673236 
0.806031 0.638278 
0.750364 0.613008 
0.681542 0.596070 
0.600991 0.586484 
0.513024 0.583732 
0.424378 0.587782 
0.342114 0.599095 
0.271248 0.618602 
0.213844 0.647667 
0.169668 0.687940 
0.137364 0.740994 
0.115364 0.807592 
0.102380 0.886585 
0.097626 0.973947 
0.100877 1.062988 
0.112472 1.146345 
0.133273 1.218501 
0.164575 1.276964 
0.207884 1.321718 
0.264442 1.354009 
0.334370 1.375353 
0.415560 1.386981 
0.503014 1.389596 
0.589645 1.383310 
0.668565 1.367660 
0.735253 1.341693 
0.788091 1.304141 
0.827502 1.253786 
0.854785 1.190147 
0.871276 1.114470 
0.877916 1.030594 
0.875089 0.944783 
0.862601 0.864026 
0.839752 0.793755 
0.805498 0.736679 
0.758772 0.693154 
0.699077 0.662266 
0.627362 0.642779 
0.546874 0.633696 
0.463226 0.634512 
0.383091 0.645271 
0.312117 0.666506 
0.253542 0.699084 
0.208245 0.743897 
0.175665 0.801321 
0.154739 0.870420 
0.144525 0.948177 
0.144499 1.029381 
0.154640 1.107732 
0.175381 1.177717 
