0.776162 -0.628859 
0.788499 -0.617129 
0.800567 -0.605360 
0.812364 -0.593561 
0.823892 -0.581741 
0.835152 -0.569909 
0.846144 -0.558072 
0.856868 -0.546239 
0.867328 -0.534418 
0.877523 -0.522616 
0.887456 -0.510841 
0.897129 -0.499098 
0.906542 -0.487396 
0.915699 -0.475740 
0.924602 -0.464137 
0.933253 -0.452592 
0.941655 -0.441112 
0.949810 -0.429700 
0.957722 -0.418364 
0.965392 -0.407107 
0.972825 -0.395934 
0.980022 -0.384850 
0.986988 -0.373858 
0.993726 -0.362964 
1.000239 -0.352170 
1.006531 -0.341481 
1.012605 -0.330900 
1.018464 -0.320429 
1.024113 -0.310073 
1.029555 -0.299833 
1.034794 -0.289713 
1.039833 -0.279716 
1.044677 -0.269843 
1.049330 -0.260097 
1.053795 -0.250480 
1.058077 -0.240994 
1.062179 -0.231641 
1.066106 -0.222422 
1.069861 -0.213340 
1.073449 -0.204395 
1.076874 -0.195590 
1.080140 -0.186926 
1.083251 -0.178403 
1.086211 -0.170023 
1.089024 -0.161788 
1.091695 -0.153697 
1.094227 -0.145753 
1.096625 -0.137955 
1.098892 -0.130306 
1.101033 -0.122805 
1.103051 -0.115453 
1.104951 -0.108251 
1.106737 -0.101200 
1.108411 -0.094300 
1.109979 -0.087552 
1.111444 -0.080956 
1.112809 -0.074513 
1.114079 -0.068223 
1.115256 -0.062087 
1.116345 -0.056105 
1.117349 -0.050278 
1.118271 -0.044605 
1.119115 -0.039087 
1.119884 -0.033725 
1.120581 -0.028519 
1.121209 -0.023468 
1.121772 -0.018574 
1.122272 -0.013836 
1.122712 -0.009255 
1.123095 -0.004830 
1.123423 -0.000563 
1.123700 0.003547 
1.123928 0.007500 
1.124108 0.011295 
1.124245 0.014932 
1.124339 0.018412 
1.124393 0.021734 
1.124409 0.024898 
1.124389 0.027904 
1.124335 0.030752 
1.124249 0.033442 
1.124132 0.035973 
1.123986 0.038347 
1.123813 0.040562 
1.123614 0.042619 
1.123389 0.044518 
1.123142 0.046259 
1.122872 0.047841 
1.122580 0.049266 
1.122269 0.050532 
1.121937 0.051640 
1.121587 0.052590 
1.121219 0.053383 
1.120833 0.054017 
1.120430 0.054494 
1.120011 0.054813 
1.119575 0.054974 
1.119123 0.054978 
1.118654 0.054825 
1.118170 0.054514 
1.117669 0.054047 
1.117152 0.053422 
1.116619 0.052641 
1.116068 0.051703 
1.115500 0.050608 
1.114914 0.049357 
1.114309 0.047950 
1.113685 0.046387 
1.113040 0.044668 
1.112375 0.042793 
1.111687 0.040763 
1.110976 0.038577 
1.110241 0.036236 
1.109480 0.033741 
1.108692 0.031091 
1.107876 0.028286 
1.107030 0.025327 
1.106152 0.022214 
1.105240 0.018947 
1.104293 0.015526 
1.103310 0.011952 
1.102287 0.008225 
1.101223 0.004345 
1.100115 0.000313 
1.098962 -0.003872 
1.097762 -0.008209 
1.096510 -0.012698 
1.095206 -0.017338 
1.093847 -0.022130 
1.092430 -0.027072 
1.090952 -0.032166 
1.089410 -0.037409 
1.087801 -0.042803 
1.086123 -0.048346 
1.084373 -0.054039 
1.082547 -0.059880 
1.080642 -0.065870 
1.078655 -0.072008 
1.076582 -0.078294 
1.074421 -0.084727 
1.072167 -0.091307 
1.069817 -0.098033 
1.067368 -0.104905 
1.064816 -0.111922 
1.062156 -0.119084 
1.059386 -0.126389 
1.056502 -0.133838 
1.053500 -0.141429 
1.050375 -0.149162 
1.047124 -0.157036 
1.043744 -0.165050 
1.040228 -0.173203 
1.036575 -0.181494 
1.032780 -0.189922 
1.028838 -0.198486 
1.024746 -0.207184 
1.020499 -0.216016 
1.016093 -0.224980 
1.011524 -0.234073 
1.006789 -0.243295 
1.001881 -0.252645 
0.996798 -0.262119 
0.991536 -0.271715 
0.986089 -0.281433 
0.980454 -0.291269 
0.974627 -0.301222 
0.968604 -0.311287 
0.962380 -0.321463 
0.955951 -0.331747 
0.949314 -0.342135 
0.942464 -0.352625 
0.935397 -0.363212 
0.928110 -0.373892 
0.920598 -0.384663 
0.912858 -0.395519 
0.904886 -0.406456 
0.896679 -0.417470 
0.888232 -0.428555 
0.879543 -0.439707 
0.870608 -0.450919 
0.861424 -0.462186 
0.851987 -0.473502 
0.842296 -0.484860 
0.832346 -0.496254 
0.822135 -0.507677 
0.811662 -0.519122 
0.800922 -0.530580 
0.789915 -0.542044 
0.778638 -0.553506 
0.767089 -0.564957 
0.755268 -0.576389 
0.743172 -0.587791 
0.730800 -0.599154 
0.718153 -0.610468 
0.705229 -0.621723 
0.692028 -0.632907 
0.678550 -0.644012 
0.664795 -0.655023 
0.650765 -0.665930 
0.636460 -0.676722 
0.621882 -0.687384 
0.607032 -0.697905 
0.591913 -0.708272 
0.576526 -0.718471 
0.560875 -0.728488 
0.544962 -0.738310 
0.528792 -0.747922 
0.512368 -0.757310 
0.495694 -0.766459 
0.478774 -0.775354 
0.461615 -0.783979 
0.444220 -0.792320 
0.426595 -0.800361 
0.408747 -0.808085 
0.390680 -0.815478 
0.372403 -0.822523 
0.353920 -0.829204 
0.335240 -0.835506 
0.316369 -0.841411 
0.297314 -0.846905 
0.278083 -0.851972 
0.258683 -0.856596 
0.239122 -0.860761 
0.219407 -0.864453 
0.199548 -0.867657 
0.179552 -0.870357 
0.159426 -0.872542 
0.139180 -0.874196 
0.118822 -0.875308 
0.098360 -0.875865 
0.077804 -0.875855 
0.057162 -0.875269 
0.036443 -0.874096 
0.015659 -0.872327 
-0.005182 -0.869955 
-0.026069 -0.866971 
-0.046990 -0.863371 
-0.067935 -0.859150 
-0.088891 -0.854303 
-0.109845 -0.848827 
-0.130785 -0.842721 
-0.151695 -0.835985 
-0.172561 -0.828618 
-0.193366 -0.820623 
-0.214096 -0.812002 
-0.234731 -0.802759 
-0.255253 -0.792899 
-0.275645 -0.782429 
-0.295885 -0.771354 
-0.315954 -0.759685 
-0.335830 -0.747429 
-0.355491 -0.734599 
-0.374916 -0.721204 
-0.394080 -0.707259 
-0.412962 -0.692777 
-0.431536 -0.677773 
-0.449781 -0.662262 
-0.467671 -0.646262 
-0.485183 -0.629791 
-0.502293 -0.612868 
-0.518979 -0.595512 
-0.535216 -0.577745 
-0.550982 -0.559588 
-0.566256 -0.541063 
-0.581016 -0.522193 
-0.595242 -0.503003 
-0.608914 -0.483515 
-0.622013 -0.463755 
-0.634524 -0.443747 
-0.646429 -0.423517 
-0.657713 -0.403090 
-0.668365 -0.382491 
-0.678371 -0.361744 
-0.687721 -0.340877 
-0.696408 -0.319913 
-0.704423 -0.298876 
-0.711761 -0.277791 
-0.718420 -0.256682 
-0.724396 -0.235573 
-0.729691 -0.214485 
-0.734305 -0.193441 
-0.738243 -0.172463 
-0.741510 -0.151573 
-0.744113 -0.130789 
-0.746061 -0.110134 
-0.747364 -0.089625 
-0.748036 -0.069282 
-0.748089 -0.049124 
-0.747540 -0.029167 
-0.746406 -0.009430 
-0.744704 0.010072 
-0.742455 0.029321 
-0.739679 0.048302 
-0.736399 0.067000 
-0.732639 0.085400 
-0.728421 0.103489 
-0.723770 0.121252 
-0.718714 0.138677 
-0.713277 0.155752 
-0.707488 0.172465 
-0.701372 0.188806 
-0.694957 0.204764 
-0.688272 0.220330 
-0.681345 0.235496 
-0.674203 0.250254 
-0.666874 0.264598 
-0.659387 0.278521 
-0.651769 0.292019 
-0.644047 0.305088 
-0.636248 0.317725 
-0.628400 0.329927 
-0.620527 0.341693 
-0.612656 0.353022 
-0.604812 0.363916 
-0.597018 0.374375 
-0.589299 0.384401 
-0.581677 0.393997 
-0.574175 0.403166 
-0.566814 0.411911 
-0.559613 0.420238 
-0.552593 0.428151 
-0.545773 0.435656 
-0.539170 0.442759 
-0.532801 0.449464 
-0.526682 0.455779 
-0.520828 0.461710 
-0.515254 0.467264 
-0.509972 0.472446 
-0.504996 0.477264 
-0.500336 0.481723 
-0.496003 0.485830 
-0.492007 0.489590 
-0.488356 0.493010 
-0.485059 0.496094 
-0.482123 0.498848 
-0.479553 0.501277 
-0.477356 0.503383 
-0.475535 0.505171 
-0.474095 0.506645 
-0.473039 0.507806 
-0.472368 0.508656 
-0.472084 0.509197 
-0.472189 0.509430 
-0.472680 0.509356 
-0.473558 0.508973 
-0.474820 0.508282 
-0.476465 0.507280 
-0.478488 0.505966 
-0.480887 0.504338 
-0.483655 0.502392 
-0.486787 0.500125 
-0.490277 0.497533 
-0.494118 0.494613 
-0.498302 0.491359 
-0.502820 0.487767 
-0.507662 0.483831 
-0.512819 0.479547 
-0.518279 0.474909 
-0.524030 0.469910 
-0.530060 0.464547 
-0.536355 0.458812 
-0.542902 0.452701 
-0.549685 0.446209 
-0.556688 0.439329 
-0.563895 0.432057 
-0.571289 0.424388 
-0.578852 0.416319 
-0.586565 0.407845 
-0.594408 0.398963 
-0.602363 0.389670 
-0.610408 0.379964 
-0.618522 0.369843 
-0.626683 0.359307 
-0.634869 0.348354 
-0.643057 0.336986 
-0.651224 0.325203 
-0.659345 0.313007 
-0.667398 0.300401 
-0.675357 0.287388 
-0.683198 0.273973 
-0.690897 0.260160 
-0.698428 0.245955 
-0.705765 0.231365 
-0.712886 0.216395 
-0.719763 0.201055 
-0.726373 0.185352 
-0.732691 0.169296 
-0.738693 0.152896 
-0.744355 0.136162 
-0.749652 0.119105 
-0.754563 0.101735 
-0.759064 0.084066 
-0.763135 0.066108 
-0.766753 0.047873 
-0.769900 0.029376 
-0.772554 0.010628 
-0.774699 -0.008356 
-0.776316 -0.027564 
-0.777390 -0.046980 
-0.777906 -0.066591 
-0.777850 -0.086382 
-0.777208 -0.106337 
-0.775972 -0.126440 
-0.774129 -0.146677 
-0.771673 -0.167031 
-0.768596 -0.187484 
-0.764893 -0.208020 
-0.760559 -0.228621 
-0.755593 -0.249269 
-0.749993 -0.269946 
-0.743760 -0.290631 
-0.736896 -0.311308 
-0.729403 -0.331954 
-0.721287 -0.352550 
-0.712554 -0.373076 
-0.703210 -0.393510 
-0.693265 -0.413833 
-0.682729 -0.434022 
-0.671612 -0.454056 
-0.659927 -0.473914 
-0.647686 -0.493574 
-0.634905 -0.513016 
-0.621598 -0.532217 
-0.607782 -0.551158 
-0.593473 -0.569818 
-0.578688 -0.588176 
-0.563446 -0.606213 
-0.547766 -0.623910 
-0.531667 -0.641246 
-0.515169 -0.658206 
-0.498291 -0.674770 
-0.481054 -0.690922 
-0.463477 -0.706646 
-0.445581 -0.721925 
-0.427387 -0.736747 
-0.408915 -0.751095 
-0.390184 -0.764958 
-0.371215 -0.778322 
-0.352027 -0.791175 
-0.332638 -0.803508 
-0.313067 -0.815309 
-0.293333 -0.826570 
-0.273452 -0.837281 
-0.253442 -0.847435 
-0.233318 -0.857025 
-0.213097 -0.866045 
-0.192792 -0.874490 
-0.172418 -0.882355 
-0.151989 -0.889636 
-0.131517 -0.896332 
-0.111014 -0.902440 
-0.090492 -0.907959 
-0.069962 -0.912891 
-0.049433 -0.917235 
-0.028915 -0.920993 
-0.008418 -0.924169 
0.012050 -0.926767 
0.032480 -0.928790 
0.052864 -0.930246 
0.073195 -0.931140 
0.093464 -0.931480 
0.113665 -0.931274 
0.133790 -0.930530 
0.153832 -0.929260 
0.173784 -0.927472 
0.193638 -0.925178 
0.213387 -0.922389 
0.233026 -0.919118 
0.252545 -0.915376 
0.271938 -0.911178 
0.291198 -0.906535 
0.310318 -0.901461 
0.329291 -0.895970 
0.348109 -0.890076 
0.366766 -0.883792 
0.385255 -0.877134 
0.403568 -0.870114 
0.421699 -0.862748 
0.439641 -0.855049 
0.457388 -0.847032 
0.474934 -0.838710 
0.492272 -0.830098 
0.509397 -0.821210 
0.526303 -0.812060 
0.542984 -0.802661 
0.559437 -0.793026 
0.575655 -0.783170 
0.591634 -0.773104 
0.607371 -0.762843 
0.622861 -0.752399 
0.638101 -0.741785 
0.653087 -0.731012 
0.667817 -0.720094 
0.682287 -0.709041 
0.696496 -0.697866 
0.710441 -0.686579 
0.724121 -0.675193 
0.737534 -0.663717 
0.750679 -0.652163 
0.763556 -0.640540 
