0.722292 0.633999 
0.723130 0.639844 
0.721025 0.648442 
0.718062 0.657578 
0.711580 0.669897 
0.704435 0.682391 
0.698439 0.692989 
0.691498 0.703874 
0.683387 0.715269 
0.675278 0.725949 
0.665233 0.737806 
0.655550 0.748692 
0.647493 0.757349 
0.639389 0.765498 
0.630387 0.773737 
0.622696 0.780320 
0.617883 0.783902 
0.612605 0.787366 
0.606850 0.790722 
0.601175 0.793519 
0.595625 0.795730 
0.589402 0.798004 
0.583336 0.799695 
0.577451 0.800799 
0.573914 0.799643 
0.571152 0.797497 
0.571042 0.792916 
0.571464 0.787563 
0.572946 0.781018 
0.575488 0.773264 
0.573874 0.768518 
0.570262 0.765076 
0.568564 0.759849 
0.562857 0.757581 
0.555501 0.756366 
0.550146 0.753365 
0.553781 0.743059 
0.557579 0.732486 
0.558709 0.723820 
0.553997 0.719757 
0.546596 0.717920 
0.539761 0.715530 
0.532430 0.713484 
0.533929 0.704400 
0.529070 0.700530 
0.521822 0.698611 
0.514219 0.697008 
0.507736 0.694671 
0.503155 0.691037 
0.501716 0.685151 
0.501115 0.678822 
0.500704 0.672639 
0.493148 0.672299 
0.485031 0.672698 
0.479777 0.671193 
0.474679 0.669939 
0.471445 0.667663 
0.470824 0.663903 
0.473461 0.658077 
0.475963 0.652804 
0.479771 0.646983 
0.483176 0.641938 
0.487582 0.636560 
0.491601 0.632029 
0.496093 0.627546 
0.503405 0.621262 
0.512746 0.613653 
0.522261 0.606279 
0.531011 0.600010 
0.539902 0.593992 
0.549545 0.587633 
0.560186 0.580748 
0.570227 0.574728 
0.577521 0.571877 
0.585535 0.568748 
0.595121 0.564452 
0.603008 0.562227 
0.612958 0.558125 
0.629108 0.547446 
0.648716 0.532447 
0.662061 0.524846 
0.665334 0.529623 
0.674521 0.527542 
0.688925 0.519192 
0.699405 0.515566 
0.702194 0.521860 
0.717218 0.512665 
0.732516 0.502851 
0.727739 0.519616 
0.722899 0.536075 
0.730980 0.536009 
0.733359 0.543083 
0.726863 0.561126 
0.731830 0.564617 
0.737893 0.566495 
0.729433 0.585739 
0.716813 0.609088 
0.718409 0.615628 
0.718514 0.623524 
0.721307 0.627968 
0.722292 0.633999 
