0.651433 0.677386 
0.591567 0.664642 
0.527574 0.659395 
0.462661 0.661464 
0.400264 0.670881 
0.343350 0.687855 
0.293949 0.712696 
0.253065 0.745686 
0.220910 0.786895 
0.197232 0.835924 
0.181616 0.891649 
0.173682 0.952063 
0.173195 1.014362 
0.180098 1.075363 
0.194495 1.132094 
0.216589 1.182304 
0.246570 1.224663 
0.284456 1.258655 
0.329885 1.284309 
0.381887 1.301913 
0.438732 1.311802 
0.497964 1.314225 
0.556704 1.309296 
0.612128 1.296997 
0.661949 1.277225 
0.704665 1.249889 
0.739541 1.215041 
0.766413 1.173053 
0.785441 1.124795 
0.796894 1.071775 
0.801020 1.016121 
0.797978 0.960373 
0.787828 0.907099 
0.770569 0.858495 
0.746209 0.816124 
0.714879 0.780865 
0.676955 0.753047 
0.633207 0.732638 
0.584896 0.719436 
0.533780 0.713201 
0.481978 0.713731 
0.431705 0.720880 
0.384953 0.734545 
0.343263 0.754616 
0.307619 0.780903 
0.278505 0.813048 
0.256032 0.850435 
0.240084 0.892121 
0.230444 0.936814 
0.226868 0.982937 
0.229129 1.028776 
0.237019 1.072674 
0.250332 1.113222 
0.268831 1.149374 
0.292202 1.180481 
0.320012 1.206240 
0.351671 1.226613 
0.386411 1.241731 
0.423294 1.251820 
0.461259 1.257148 
0.499201 1.257997 
0.536060 1.254649 
0.570909 1.247391 
0.603022 1.236521 
0.631896 1.222361 
0.657248 1.205267 
0.678978 1.185634 
0.697133 1.163904 
0.711861 1.140554 
0.723377 1.116087 
0.731937 1.091018 
0.737814 1.065848 
0.741290 1.041041 
0.742649 1.017009 
0.742173 0.994093 
0.740136 0.972559 
0.736808 0.952593 
0.732451 0.934312 
0.727317 0.917765 
0.721646 0.902952 
0.715665 0.889832 
0.709588 0.878332 
0.703611 0.868367 
0.697910 0.859835 
0.692642 0.852638 
0.687945 0.846678 
0.683935 0.841868 
0.680705 0.838127 
0.678333 0.835395 
0.676871 0.833625 
0.676354 0.832785 
0.676796 0.832866 
0.678192 0.833872 
0.680518 0.835830 
0.683728 0.838781 
0.687758 0.842783 
0.692521 0.847912 
0.697913 0.854254 
0.703805 0.861904 
0.710049 0.870965 
0.716480 0.881541 
0.722911 0.893727 
0.729141 0.907608 
0.734950 0.923244 
0.740111 0.940662 
0.744381 0.959840 
0.747512 0.980704 
0.749246 1.003108 
0.749321 1.026831 
0.747468 1.051575 
0.743414 1.076970 
0.736885 1.102579 
0.727606 1.127926 
0.715312 1.152507 
0.699760 1.175816 
0.680744 1.197370 
0.658128 1.216719 
0.631885 1.233458 
0.602130 1.247227 
0.569172 1.257705 
0.533533 1.264606 
0.495961 1.267661 
0.457392 1.266608 
0.418886 1.261183 
0.381535 1.251117 
0.346373 1.236143 
0.314299 1.216026 
0.286040 1.190608 
0.262142 1.159881 
0.242993 1.124075 
0.228865 1.083754 
0.219954 1.039862 
0.216428 0.993718 
0.218463 0.946917 
0.226261 0.901150 
0.240056 0.858005 
0.260092 0.818810 
0.286559 0.784551 
0.319496 0.755873 
0.358653 0.733142 
0.403349 0.716536 
0.452381 0.706128 
0.504022 0.701967 
0.556198 0.704134 
0.606761 0.712773 
0.653787 0.728096 
0.695786 0.750350 
0.731775 0.779733 
0.761222 0.816259 
0.783923 0.859575 
0.799873 0.908783 
0.809139 0.962332 
0.811775 1.018087 
0.807760 1.073589 
0.796968 1.126441 
0.779178 1.174658 
0.754122 1.216858 
0.721593 1.252264 
0.681622 1.280579 
0.634683 1.301815 
0.581896 1.316132 
0.525106 1.323712 
0.466748 1.324678 
0.409485 1.319038 
0.355764 1.306667 
0.307465 1.287324 
0.265764 1.260715 
0.231202 1.226612 
0.203862 1.185036 
0.183561 1.136483 
0.170014 1.082123 
0.162952 1.023876 
0.162192 0.964246 
0.167686 0.905936 
0.179529 0.851381 
0.197951 0.802396 
0.223257 0.760067 
0.255728 0.724830 
0.295463 0.696667 
0.342169 0.675301 
0.394957 0.660362 
0.452224 0.651496 
0.511721 0.648431 
0.570872 0.651024 
0.627203 0.659272 
0.678740 0.673314 
0.724204 0.693400 
0.762988 0.719837 
0.795005 0.752889 
0.820496 0.792634 
0.839859 0.838791 
0.853523 0.890542 
0.861876 0.946442 
0.865215 1.004486 
0.863720 1.062369 
0.857449 1.117859 
0.846335 1.169138 
0.830205 1.214986 
0.808810 1.254793 
0.781880 1.288434 
0.749204 1.316113 
0.710740 1.338210 
0.666744 1.355167 
0.617894 1.367416 
0.565351 1.375330 
0.510715 1.379204 
0.455842 1.379243 
0.402586 1.375556 
0.352532 1.368159 
0.306831 1.356985 
0.266150 1.341896 
0.230732 1.322704 
0.200507 1.299204 
0.175204 1.271218 
0.154450 1.238655 
0.137841 1.201583 
0.124990 1.160302 
0.115548 1.115402 
0.109220 1.067783 
0.105772 1.018608 
0.105031 0.969192 
0.106883 0.920851 
0.111268 0.874749 
0.118181 0.831787 
0.127661 0.792559 
0.139787 0.757367 
0.154665 0.726271 
0.172420 0.699155 
0.193176 0.675792 
0.217038 0.655896 
0.244065 0.639162 
0.274243 0.625287 
0.307450 0.613993 
0.343435 0.605026 
0.381794 0.598170 
0.421977 0.593241 
0.463307 0.590086 
0.505031 0.588587 
0.546375 0.588654 
0.586613 0.590223 
0.625122 0.593258 
0.661416 0.597745 
0.695160 0.603689 
0.726163 0.611117 
0.754358 0.620071 
0.779776 0.630607 
0.802518 0.642791 
0.822731 0.656697 
0.840588 0.672401 
0.856272 0.689978 
0.869966 0.709490 
0.881847 0.730984 
0.892077 0.754478 
0.900807 0.779955 
0.908169 0.807348 
0.914282 0.836537 
0.919249 0.867337 
0.923157 0.899503 
0.926080 0.932726 
0.928079 0.966650 
0.929202 1.000885 
0.929486 1.035030 
0.928957 1.068689 
0.927630 1.101501 
0.925510 1.133150 
0.922591 1.163377 
0.918861 1.191988 
0.914296 1.218851 
0.908863 1.243891 
0.902521 1.267082 
0.895218 1.288439 
0.886898 1.308008 
0.877492 1.325859 
0.866925 1.342074 
0.855116 1.356746 
0.841977 1.369974 
0.827418 1.381853 
0.811346 1.392479 
0.793672 1.401943 
0.774314 1.410330 
0.753204 1.417718 
0.730295 1.424181 
0.705568 1.429782 
0.679046 1.434582 
0.650796 1.438630 
0.620943 1.441971 
0.589672 1.444643 
0.557230 1.446678 
0.523919 1.448101 
0.490088 1.448930 
0.456116 1.449177 
0.422390 1.448848 
0.389288 1.447944 
0.357154 1.446456 
0.326287 1.444370 
0.296928 1.441666 
0.269255 1.438314 
0.243387 1.434279 
0.219385 1.429516 
0.197264 1.423973 
0.176998 1.417587 
0.158531 1.410287 
0.141784 1.401992 
0.126665 1.392611 
0.113071 1.382045 
0.100897 1.370182 
0.090036 1.356905 
0.080384 1.342089 
0.071841 1.325607 
0.064314 1.307333 
0.057713 1.287146 
0.051956 1.264944 
0.046970 1.240648 
0.042685 1.214221 
0.039040 1.185677 
0.035980 1.155094 
0.033454 1.122632 
0.031420 1.088535 
0.029838 1.053134 
0.028676 1.016833 
0.027905 0.980098 
0.027499 0.943420 
0.027440 0.907291 
0.027710 0.872166 
0.028296 0.838443 
0.029189 0.806438 
0.030381 0.776381 
0.031869 0.748418 
0.033651 0.722617 
0.035727 0.698978 
0.038100 0.677452 
0.040774 0.657951 
0.043754 0.640362 
0.047048 0.624553 
0.050663 0.610389 
0.054607 0.597731 
0.058890 0.586443 
0.063520 0.576394 
0.068505 0.567462 
0.073853 0.559532 
0.079572 0.552501 
0.085667 0.546271 
0.092141 0.540756 
0.098997 0.535876 
0.106232 0.531561 
0.113844 0.527746 
0.121824 0.524375 
0.130161 0.521397 
0.138840 0.518766 
0.147842 0.516441 
0.157142 0.514388 
0.166711 0.512573 
0.176516 0.510969 
0.186520 0.509550 
0.196679 0.508296 
0.206948 0.507185 
0.217276 0.506203 
0.227611 0.505333 
0.237897 0.504562 
0.248078 0.503879 
0.258094 0.503275 
0.267888 0.502741 
0.277401 0.502270 
0.286576 0.501855 
0.295357 0.501491 
0.303692 0.501174 
0.311530 0.500901 
0.318822 0.500667 
0.325526 0.500471 
0.331600 0.500311 
0.337007 0.500185 
0.341713 0.500092 
0.345689 0.500031 
0.348908 0.500003 
0.351349 0.500006 
0.352991 0.500040 
0.353819 0.500106 
0.353821 0.500205 
0.352989 0.500337 
0.351319 0.500503 
0.348808 0.500704 
0.345462 0.500942 
0.341287 0.501219 
0.336296 0.501538 
0.330508 0.501901 
0.323944 0.502311 
0.316635 0.502775 
0.308615 0.503297 
0.299925 0.503884 
0.290614 0.504544 
0.280735 0.505286 
0.270349 0.506124 
0.259522 0.507069 
0.248324 0.508141 
0.236830 0.509357 
0.225120 0.510743 
0.213272 0.512326 
0.201367 0.514140 
0.189485 0.516223 
0.177704 0.518624 
0.166097 0.521397 
0.154734 0.524607 
0.143678 0.528333 
0.132987 0.532665 
0.122711 0.537711 
0.112892 0.543600 
0.103567 0.550480 
0.094765 0.558529 
0.086507 0.567953 
0.078812 0.578994 
0.071692 0.591931 
0.065155 0.607085 
0.059207 0.624817 
0.053853 0.645523 
0.049101 0.669628 
0.044957 0.697556 
0.041436 0.729695 
0.038556 0.766334 
0.036346 0.807584 
0.034848 0.853279 
0.034119 0.902892 
0.034235 0.955485 
0.035301 1.009740 
0.037450 1.064097 
0.040854 1.116959 
0.045733 1.166913 
0.052361 1.212892 
0.061081 1.254245 
0.072313 1.290704 
0.086568 1.322309 
0.104453 1.349299 
0.126673 1.372025 
0.154013 1.390879 
0.187283 1.406241 
0.227218 1.418445 
0.274307 1.427767 
0.328539 1.434401 
0.389136 1.438458 
0.454370 1.439954 
0.521648 1.438803 
0.587920 1.434804 
0.650313 1.427634 
0.706675 1.416838 
0.755808 1.401814 
0.797385 1.381813 
0.831678 1.355954 
0.859285 1.323277 
0.880906 1.282867 
0.897200 1.234068 
0.908705 1.176831 
0.915801 1.112097 
0.918681 1.042065 
0.917347 0.970074 
0.911606 0.899962 
0.901061 0.835171 
0.885122 0.778045 
0.863016 0.729658 
0.833838 0.690058 
0.796650 0.658690 
0.750691 0.634756 
0.695705 0.617467 
0.632375 0.606185 
0.562680 0.600485 
0.489925 0.600193 
0.418176 0.605387 
0.351303 0.616389 
0.292116 0.633747 
0.242036 0.658194 
0.201310 0.690560 
0.169461 0.731615 
0.145713 0.781788 
0.129287 0.840776 
0.119566 0.907132 
0.116179 0.978066 
0.119028 1.049748 
0.128281 1.118118 
0.144350 1.179845 
0.167834 1.232894 
0.199428 1.276521 
0.239752 1.310891 
0.289079 1.336628 
0.346963 1.354459 
0.411868 1.364999 
0.481017 1.368641 
0.550698 1.365512 
0.617033 1.355477 
0.676842 1.338180 
0.728163 1.313103 
0.770237 1.279696 
0.803155 1.237563 
0.827442 1.186760 
0.843724 1.128136 
0.852520 1.063619 
0.854138 0.996214 
0.848642 0.929564 
0.835864 0.867192 
0.815459 0.811787 
0.786998 0.764892 
0.750118 0.727020 
0.704753 0.698009 
