0.797877 1.194406 
0.815180 1.148249 
0.826497 1.097383 
0.832069 1.043350 
0.832034 0.988136 
0.826419 0.933924 
0.815150 0.882772 
0.798084 0.836322 
0.775061 0.795665 
0.745977 0.761358 
0.710880 0.733544 
0.670087 0.712109 
0.624303 0.696824 
0.574691 0.687452 
0.522858 0.683805 
0.470713 0.685783 
0.420227 0.693367 
0.373163 0.706605 
0.330871 0.725577 
0.294219 0.750331 
0.263635 0.780814 
0.239218 0.816778 
0.220870 0.857688 
0.208413 0.902642 
0.201660 0.950358 
0.200469 0.999239 
0.204756 1.047540 
0.214489 1.093577 
0.229663 1.135926 
0.250261 1.173543 
0.276197 1.205787 
0.307247 1.232359 
0.342984 1.253206 
0.382711 1.268419 
0.425436 1.278151 
0.469899 1.282558 
0.514665 1.281776 
0.558266 1.275908 
0.599361 1.265037 
0.636862 1.249251 
0.669993 1.228680 
0.698288 1.203534 
0.721541 1.174152 
0.739727 1.141041 
0.752936 1.104902 
0.761312 1.066627 
0.765020 1.027263 
0.764220 0.987930 
0.759068 0.949734 
0.749718 0.913664 
0.736343 0.880522 
0.719148 0.850889 
0.698393 0.825128 
0.674416 0.803408 
0.647647 0.785758 
0.618608 0.772101 
0.587912 0.762299 
0.556241 0.756175 
0.524305 0.753539 
0.492805 0.754189 
0.462385 0.757920 
0.433597 0.764518 
0.406876 0.773759 
0.382532 0.785402 
0.360755 0.799190 
0.341625 0.814843 
0.325138 0.832061 
0.311222 0.850528 
0.299756 0.869914 
0.290585 0.889888 
0.283534 0.910124 
0.278416 0.930310 
0.275038 0.950164 
0.273205 0.969433 
0.272722 0.987908 
0.273399 1.005418 
0.275048 1.021836 
0.277488 1.037075 
0.280545 1.051083 
0.284052 1.063839 
0.287852 1.075348 
0.291797 1.085634 
0.295750 1.094736 
0.299589 1.102700 
0.303200 1.109579 
0.306484 1.115426 
0.309356 1.120291 
0.311743 1.124222 
0.313587 1.127256 
0.314842 1.129426 
0.315476 1.130753 
0.315469 1.131248 
0.314818 1.130914 
0.313529 1.129740 
0.311623 1.127707 
0.309137 1.124784 
0.306118 1.120932 
0.302627 1.116104 
0.298742 1.110248 
0.294553 1.103306 
0.290161 1.095219 
0.285684 1.085930 
0.281250 1.075388 
0.277000 1.063555 
0.273083 1.050403 
0.269661 1.035933 
0.266901 1.020167 
0.264979 1.003164 
0.264076 0.985020 
0.264379 0.965874 
0.266079 0.945907 
0.269367 0.925346 
0.274440 0.904454 
0.281489 0.883529 
0.290704 0.862892 
0.302262 0.842874 
0.316322 0.823812 
0.333012 0.806034 
0.352416 0.789850 
0.374547 0.775551 
0.399338 0.763404 
0.426612 0.753652 
0.456067 0.746519 
0.487274 0.742214 
0.519681 0.740934 
0.552640 0.742874 
0.585440 0.748226 
0.617355 0.757182 
0.647694 0.769924 
0.675835 0.786615 
0.701250 0.807367 
0.723515 0.832216 
0.742302 0.861067 
0.757367 0.893656 
0.768526 0.929504 
0.775635 0.967902 
0.778566 1.007930 
0.777188 1.048511 
0.771362 1.088510 
0.760927 1.126831 
0.745721 1.162509 
0.725596 1.194770 
0.700471 1.223043 
0.670382 1.246949 
0.635568 1.266262 
0.596533 1.280863 
0.554097 1.290693 
0.509389 1.295716 
0.463768 1.295885 
0.418692 1.291121 
0.375552 1.281305 
0.335541 1.266284 
0.299568 1.245899 
0.268241 1.220032 
0.241907 1.188682 
0.220713 1.152058 
0.204677 1.110674 
0.193755 1.065417 
0.187888 1.017545 
0.187045 0.968607 
0.191247 0.920262 
0.200574 0.874083 
0.215168 0.831381 
0.235200 0.793109 
0.260824 0.759858 
0.292104 0.731909 
0.328911 0.709319 
0.370817 0.692007 
0.417005 0.679833 
0.466246 0.672651 
0.516975 0.670350 
0.567456 0.672883 
0.616013 0.680276 
0.661230 0.692633 
0.702069 0.710114 
0.737897 0.732902 
0.768429 0.761146 
0.793638 0.794875 
0.813656 0.833899 
0.828695 0.877706 
0.838981 0.925388 
0.844715 0.975649 
0.846039 1.026903 
0.843029 1.077466 
0.835676 1.125771 
0.823901 1.170548 
0.807559 1.210918 
0.786475 1.246389 
0.760482 1.276792 
0.729485 1.302188 
0.693544 1.322779 
0.652955 1.338833 
0.608330 1.350628 
0.560626 1.358419 
0.511106 1.362414 
0.461222 1.362761 
0.412442 1.359541 
0.366071 1.352768 
0.323128 1.342392 
0.284287 1.328309 
0.249897 1.310382 
0.220040 1.288461 
0.194612 1.262420 
0.173390 1.232207 
0.156096 1.197896 
0.142439 1.159743 
0.132141 1.118233 
0.124956 1.074101 
0.120681 1.028300 
0.119157 0.981929 
0.120275 0.936127 
0.123973 0.891946 
0.130233 0.850259 
0.139077 0.811702 
0.150564 0.776666 
0.164775 0.745323 
0.181809 0.717671 
0.201762 0.693586 
0.224713 0.672866 
0.250697 0.655273 
0.279684 0.640554 
0.311548 0.628465 
0.346048 0.618778 
0.382808 0.611288 
0.421324 0.605820 
0.460980 0.602226 
0.501088 0.600385 
0.540936 0.600205 
0.579852 0.601616 
0.617244 0.604575 
0.652642 0.609059 
0.685705 0.615065 
0.716225 0.622606 
0.744107 0.631712 
0.769353 0.642422 
0.792033 0.654785 
0.812266 0.668851 
0.830201 0.684673 
0.846001 0.702295 
0.859832 0.721750 
0.871859 0.743048 
0.882236 0.766174 
0.891105 0.791075 
0.898597 0.817657 
0.904828 0.845776 
0.909900 0.875239 
0.913903 0.905804 
0.916912 0.937183 
0.918992 0.969060 
0.920197 1.001097 
0.920569 1.032954 
0.920143 1.064307 
0.918941 1.094861 
0.916979 1.124359 
0.914266 1.152595 
0.910801 1.179411 
0.906578 1.204699 
0.901582 1.228397 
0.895794 1.250480 
0.889189 1.270958 
0.881734 1.289866 
0.873394 1.307256 
0.864129 1.323195 
0.853893 1.337758 
0.842638 1.351025 
0.830317 1.363076 
0.816878 1.373992 
0.802272 1.383848 
0.786455 1.392719 
0.769386 1.400674 
0.751035 1.407777 
0.731383 1.414087 
0.710426 1.419657 
0.688182 1.424536 
0.664691 1.428768 
0.640021 1.432390 
0.614268 1.435438 
0.587561 1.437939 
0.560056 1.439918 
0.531938 1.441397 
0.503414 1.442391 
0.474707 1.442912 
0.446046 1.442969 
0.417662 1.442565 
0.389774 1.441701 
0.362583 1.440373 
0.336269 1.438572 
0.310980 1.436286 
0.286836 1.433499 
0.263926 1.430188 
0.242310 1.426329 
0.222020 1.421891 
0.203064 1.416837 
0.185433 1.411127 
0.169099 1.404715 
0.154022 1.397549 
0.140154 1.389570 
0.127439 1.380717 
0.115818 1.370920 
0.105229 1.360106 
0.095609 1.348197 
0.086898 1.335113 
0.079035 1.320769 
0.071962 1.305085 
0.065624 1.287982 
0.059969 1.269389 
0.054948 1.249249 
0.050515 1.227520 
0.046628 1.204188 
0.043248 1.179270 
0.040339 1.152819 
0.037869 1.124936 
0.035808 1.095769 
0.034131 1.065515 
0.032812 1.034418 
0.031832 1.002761 
0.031173 0.970855 
0.030818 0.939027 
0.030753 0.907597 
0.030969 0.876870 
0.031455 0.847119 
0.032205 0.818573 
0.033213 0.791415 
0.034476 0.765776 
0.035992 0.741740 
0.037761 0.719347 
0.039783 0.698600 
0.042061 0.679471 
0.044598 0.661907 
0.047398 0.645841 
0.050466 0.631192 
0.053807 0.617870 
0.057428 0.605785 
0.061334 0.594845 
0.065532 0.584958 
0.070028 0.576038 
0.074827 0.568000 
0.079936 0.560767 
0.085357 0.554264 
0.091095 0.548423 
0.097151 0.543181 
0.103526 0.538479 
0.110218 0.534265 
0.117223 0.530489 
0.124535 0.527109 
0.132145 0.524082 
0.140042 0.521373 
0.148211 0.518950 
0.156635 0.516782 
0.165291 0.514842 
0.174157 0.513106 
0.183203 0.511553 
0.192401 0.510163 
0.201715 0.508920 
0.211110 0.507806 
0.220546 0.506809 
0.229982 0.505917 
0.239376 0.505118 
0.248683 0.504404 
0.257859 0.503764 
0.266857 0.503193 
0.275634 0.502684 
0.284143 0.502231 
0.292341 0.501829 
0.300187 0.501475 
0.307638 0.501164 
0.314657 0.500895 
0.321207 0.500664 
0.327254 0.500470 
0.332765 0.500310 
0.337713 0.500185 
0.342070 0.500092 
0.345812 0.500031 
0.348919 0.500003 
0.351371 0.500006 
0.353152 0.500040 
0.354249 0.500106 
0.354651 0.500205 
0.354349 0.500336 
0.353338 0.500501 
0.351614 0.500701 
0.349179 0.500937 
0.346034 0.501210 
0.342186 0.501522 
0.337645 0.501876 
0.332425 0.502275 
0.326543 0.502721 
0.320020 0.503220 
0.312883 0.503775 
0.305163 0.504393 
0.296894 0.505081 
0.288117 0.505846 
0.278875 0.506699 
0.269218 0.507651 
0.259199 0.508715 
0.248873 0.509907 
0.238300 0.511247 
0.227542 0.512755 
0.216660 0.514458 
0.205718 0.516384 
0.194778 0.518568 
0.183903 0.521052 
0.173152 0.523881 
0.162581 0.527110 
0.152242 0.530804 
0.142183 0.535034 
0.132449 0.539888 
0.123078 0.545464 
0.114103 0.551878 
0.105553 0.559261 
0.097453 0.567767 
0.089821 0.577570 
0.082674 0.588871 
0.076024 0.601895 
0.069882 0.616893 
0.064256 0.634142 
0.059155 0.653937 
0.054589 0.676583 
0.050568 0.702379 
0.047106 0.731587 
0.044224 0.764401 
0.041945 0.800893 
0.040306 0.840963 
0.039352 0.884284 
0.039142 0.930270 
0.039751 0.978079 
0.041278 1.026667 
0.043841 1.074888 
0.047590 1.121624 
0.052711 1.165903 
0.059425 1.206982 
0.068002 1.244387 
0.078763 1.277887 
0.092086 1.307461 
0.108407 1.333229 
0.128219 1.355407 
0.152058 1.374251 
0.180474 1.390028 
0.213975 1.402986 
0.252940 1.413341 
0.297503 1.421264 
0.347398 1.426871 
0.401837 1.430221 
0.459455 1.431306 
0.518403 1.430050 
0.576593 1.426301 
0.632037 1.419827 
0.683148 1.410314 
0.728897 1.397358 
0.768814 1.380474 
0.802871 1.359098 
0.831331 1.332622 
0.854604 1.300444 
0.873141 1.262072 
0.887361 1.217264 
0.897608 1.166220 
0.904126 1.109764 
0.907048 1.049448 
0.906383 0.987458 
0.902023 0.926306 
0.893736 0.868380 
0.881177 0.815550 
0.863896 0.768968 
0.841364 0.729102 
0.813018 0.695904 
0.778345 0.669020 
0.737010 0.647968 
0.689040 0.632265 
0.635026 0.621503 
0.576274 0.615395 
0.514816 0.613794 
0.453171 0.616699 
0.393923 0.624250 
0.339263 0.636720 
0.290689 0.654486 
0.248956 0.677999 
0.214215 0.707712 
0.186227 0.743988 
0.164568 0.786942 
0.148780 0.836265 
0.138471 0.891037 
0.133368 0.949643 
0.133341 1.009861 
0.138408 1.069166 
0.148721 1.125163 
0.164546 1.175973 
0.186222 1.220411 
0.214097 1.257960 
0.248435 1.288600 
0.289282 1.312601 
0.336299 1.330345 
0.388609 1.342205 
0.444708 1.348465 
0.502540 1.349288 
0.559748 1.344699 
0.614053 1.334602 
0.663601 1.318801 
0.707154 1.297048 
0.744092 1.269108 
0.774279 1.234857 
