1.246477 2.593750 
1.265625 2.569348 

1.267818 2.562500 
1.265625 2.566476 

1.246183 2.593750 
1.218750 2.611830 

1.056151 2.562500 
1.078125 2.593204 

1.079792 2.593750 
1.078125 2.591864 

1.125000 2.619853 
1.078125 2.594148 

1.160906 2.625000 
1.125000 2.620151 

1.177469 2.625000 
1.218750 2.612775 

1.051019 2.531250 
1.062903 2.500000 

1.050760 2.531250 
1.055959 2.562500 

1.261726 2.500000 
1.265625 2.510759 

1.272876 2.531250 
1.265625 2.503237 

1.272424 2.531250 
1.269020 2.562500 

1.171875 2.449178 
1.125000 2.454803 

1.171875 2.449335 
1.218750 2.461781 

1.228646 2.468750 
1.218750 2.463225 

1.264967 2.500000 
1.228880 2.468750 

1.162688 2.625000 
1.171875 2.625791 

1.174613 2.625000 
1.171875 2.625512 

1.097509 2.468750 
1.125000 2.456121 

1.063380 2.500000 
1.078125 2.483874 

1.097742 2.468750 
1.078125 2.483021 

