0.275734 0.707073 
0.233018 0.744886 
0.200604 0.792546 
0.177950 0.849490 
0.164432 0.914012 
0.159584 0.983072 
0.163211 1.052619 
0.175395 1.118443 
0.196440 1.177123 
0.226744 1.226571 
0.266584 1.265981 
0.315813 1.295417 
0.373468 1.315337 
0.437459 1.326252 
0.504543 1.328512 
0.570794 1.322232 
0.632419 1.307297 
0.686538 1.283449 
0.731505 1.250430 
0.766753 1.208222 
0.792397 1.157351 
0.808838 1.099215 
0.816477 1.036261 
0.815563 0.971834 
0.806148 0.909609 
0.788126 0.852848 
0.761329 0.803853 
0.725701 0.763833 
0.681537 0.733130 
0.629760 0.711583 
0.572141 0.698844 
0.511336 0.694598 
0.450579 0.698659 
0.393118 0.710985 
0.341622 0.731617 
0.297846 0.760570 
0.262636 0.797655 
0.236171 0.842276 
0.218265 0.893218 
0.208611 0.948542 
0.206935 1.005674 
0.213052 1.061742 
0.226861 1.114054 
0.248281 1.160509 
0.277148 1.199782 
0.313074 1.231263 
0.355304 1.254855 
0.402592 1.270745 
0.453178 1.279228 
0.504903 1.280594 
0.555472 1.275090 
0.602782 1.262926 
0.645192 1.244320 
0.681634 1.219563 
0.711585 1.189098 
0.734934 1.153597 
0.751832 1.114018 
0.762562 1.071601 
0.767453 1.027818 
0.766835 0.984230 
0.761031 0.942322 
0.750360 0.903352 
0.735166 0.868248 
0.715840 0.837582 
0.692842 0.811606 
0.666723 0.790326 
0.638124 0.773575 
0.607767 0.761080 
0.576423 0.752517 
0.544867 0.747533 
0.513835 0.745771 
0.483973 0.746875 
0.455803 0.750490 
0.429711 0.756266 
0.405938 0.763853 
0.384601 0.772904 
0.365710 0.783077 
0.349191 0.794036 
0.334914 0.805458 
0.322708 0.817036 
0.312384 0.828483 
0.303744 0.839540 
0.296591 0.849972 
0.290740 0.859580 
0.286016 0.868190 
0.282266 0.875662 
0.279356 0.881879 
0.277175 0.886756 
0.275636 0.890226 
0.274678 0.892242 
0.274264 0.892782 
0.274383 0.891835 
0.275052 0.889411 
0.276310 0.885539 
0.278226 0.880262 
0.280889 0.873652 
0.284413 0.865797 
0.288936 0.856816 
0.294611 0.846853 
0.301612 0.836083 
0.310126 0.824710 
0.320347 0.812968 
0.332472 0.801117 
0.346688 0.789441 
0.363165 0.778240 
0.382028 0.767833 
0.403355 0.758542 
0.427138 0.750697 
0.453265 0.744629 
0.481502 0.740670 
0.511478 0.739151 
0.542683 0.740407 
0.574490 0.744776 
0.606181 0.752599 
0.636998 0.764213 
0.666187 0.779946 
0.693045 0.800080 
0.716948 0.824818 
0.737364 0.854222 
0.753852 0.888136 
0.766048 0.926119 
0.773636 0.967388 
0.776330 1.010825 
0.773839 1.055043 
0.765861 1.098528 
0.752074 1.139796 
0.732163 1.177550 
0.705882 1.210756 
0.673148 1.238677 
0.634179 1.260825 
0.589648 1.276898 
0.540774 1.286701 
0.489319 1.290070 
0.437419 1.286823 
0.387290 1.276720 
0.340927 1.259466 
0.299879 1.234765 
0.265184 1.202425 
0.237426 1.162535 
0.216863 1.115686 
0.203576 1.063163 
0.197584 1.006991 
0.198948 0.949767 
0.207818 0.894255 
0.224453 0.842933 
0.249169 0.797665 
0.282217 0.759616 
0.323579 0.729339 
0.372691 0.706978 
0.428190 0.692467 
0.487823 0.685690 
0.548651 0.686600 
0.607542 0.695283 
0.661738 0.711975 
0.709250 0.737014 
0.748934 0.770706 
0.780347 0.813105 
0.803493 0.863701 
0.818582 0.921124 
0.825853 0.983017 
0.825444 1.046253 
0.817329 1.107481 
0.801300 1.163780 
0.777006 1.213090 
0.744080 1.254293 
0.702351 1.287036 
0.652157 1.311438 
0.594671 1.327831 
0.532089 1.336562 
0.467485 1.337875 
0.404288 1.331832 
0.345592 1.318296 
0.293640 1.296951 
0.249677 1.267388 
0.214107 1.229282 
0.186790 1.182648 
0.167323 1.128170 
0.155252 1.067475 
0.150203 1.003169 
0.151965 0.938503 
0.160523 0.876742 
0.176062 0.820537 
0.198930 0.771582 
0.229540 0.730633 
0.268208 0.697747 
0.314912 0.672573 
0.368997 0.654596 
0.428940 0.643306 
0.492324 0.638296 
0.556145 0.639315 
0.617370 0.646297 
0.673512 0.659356 
0.722950 0.678766 
0.764935 0.704903 
0.799397 0.738136 
0.826676 0.778667 
0.847300 0.826319 
0.861825 0.880304 
0.870743 0.939080 
0.874429 1.000401 
0.873113 1.061622 
0.866876 1.120174 
0.855651 1.173995 
0.839241 1.221757 
0.817355 1.262863 
0.789668 1.297278 
0.755908 1.325322 
0.715990 1.347491 
0.670160 1.364326 
0.619148 1.376334 
0.564241 1.383944 
0.507227 1.387483 
0.450171 1.387176 
0.395105 1.383136 
0.343714 1.375375 
0.297164 1.363812 
0.256071 1.348287 
0.220592 1.328587 
0.190555 1.304476 
0.165601 1.275747 
0.145282 1.242287 
0.129140 1.204151 
0.116746 1.161648 
0.107724 1.115409 
0.101764 1.066395 
0.098622 1.015857 
0.098121 0.965197 
0.100147 0.915805 
0.104645 0.868888 
0.111614 0.825359 
0.121101 0.785793 
0.133194 0.750455 
0.148012 0.719359 
0.165695 0.692345 
0.186383 0.669147 
0.210203 0.649445 
0.237238 0.632910 
0.267497 0.619222 
0.300887 0.608086 
0.337175 0.599244 
0.375974 0.592471 
0.416737 0.587582 
0.458777 0.584423 
0.501316 0.582876 
0.543546 0.582852 
0.584701 0.584290 
0.624119 0.587157 
0.661280 0.591442 
0.695823 0.597159 
0.727544 0.604341 
0.756367 0.613038 
0.782325 0.623317 
0.805522 0.635260 
0.826115 0.648957 
0.844283 0.664503 
0.860220 0.681996 
0.874117 0.701525 
0.886158 0.723164 
0.896513 0.746963 
0.905336 0.772930 
0.912765 0.801025 
0.918921 0.831144 
0.923908 0.863109 
0.927815 0.896665 
0.930715 0.931480 
0.932668 0.967155 
0.933718 1.003247 
0.933898 1.039289 
0.933229 1.074819 
0.931719 1.109412 
0.929365 1.142696 
0.926152 1.174371 
0.922053 1.204217 
0.917031 1.232086 
0.911035 1.257903 
0.904005 1.281650 
0.895868 1.303356 
0.886539 1.323087 
0.875922 1.340932 
0.863911 1.356996 
0.850391 1.371392 
0.835238 1.384235 
0.818326 1.395640 
0.799530 1.405716 
0.778733 1.414566 
0.755835 1.422286 
0.730765 1.428962 
0.703493 1.434672 
0.674049 1.439486 
0.642531 1.443464 
0.609126 1.446656 
0.574106 1.449108 
0.537838 1.450851 
0.500761 1.451914 
0.463370 1.452312 
0.426185 1.452056 
0.389713 1.451146 
0.354418 1.449573 
0.320695 1.447320 
0.288852 1.444360 
0.259105 1.440656 
0.231584 1.436159 
0.206339 1.430812 
0.183354 1.424544 
0.162567 1.417272 
0.143876 1.408901 
0.127159 1.399322 
0.112279 1.388413 
0.099092 1.376037 
0.087457 1.362050 
0.077235 1.346295 
0.068294 1.328611 
0.060514 1.308838 
0.053779 1.286826 
0.047987 1.262450 
0.043045 1.235619 
0.038868 1.206302 
0.035382 1.174545 
0.032522 1.140491 
0.030228 1.104393 
0.028451 1.066622 
0.027148 1.027660 
0.026282 0.988073 
0.025821 0.948473 
0.025740 0.909478 
0.026019 0.871660 
0.026642 0.835508 
0.027597 0.801403 
0.028876 0.769609 
0.030475 0.740279 
0.032392 0.713462 
0.034628 0.689130 
0.037188 0.667192 
0.040076 0.647519 
0.043301 0.629953 
0.046871 0.614325 
0.050795 0.600461 
0.055085 0.588192 
0.059750 0.577357 
0.064801 0.567803 
0.070249 0.559389 
0.076101 0.551988 
0.082366 0.545484 
0.089048 0.539771 
0.096151 0.534758 
0.103674 0.530359 
0.111612 0.526501 
0.119959 0.523118 
0.128701 0.520152 
0.137821 0.517552 
0.147297 0.515272 
0.157099 0.513272 
0.167195 0.511518 
0.177544 0.509978 
0.188102 0.508625 
0.198818 0.507437 
0.209638 0.506393 
0.220502 0.505475 
0.231350 0.504666 
0.242115 0.503955 
0.252731 0.503329 
0.263131 0.502779 
0.273247 0.502295 
0.283014 0.501872 
0.292366 0.501502 
0.301243 0.501181 
0.309585 0.500904 
0.317338 0.500669 
0.324449 0.500472 
0.330872 0.500311 
0.336565 0.500185 
0.341490 0.500092 
0.345612 0.500031 
0.348902 0.500003 
0.351336 0.500006 
0.352890 0.500040 
0.353550 0.500107 
0.353303 0.500205 
0.352141 0.500338 
0.350060 0.500504 
0.347061 0.500706 
0.343150 0.500946 
0.338340 0.501226 
0.332646 0.501548 
0.326094 0.501916 
0.318713 0.502335 
0.310542 0.502810 
0.301625 0.503348 
0.292015 0.503956 
0.281772 0.504645 
0.270964 0.505426 
0.259666 0.506313 
0.247958 0.507325 
0.235926 0.508481 
0.223658 0.509806 
0.211247 0.511331 
0.198784 0.513091 
0.186361 0.515128 
0.174064 0.517494 
0.161978 0.520248 
0.150179 0.523465 
0.138738 0.527230 
0.127717 0.531646 
0.117170 0.536837 
0.107141 0.542950 
0.097667 0.550159 
0.088775 0.558673 
0.080487 0.568737 
0.072816 0.580641 
0.065773 0.594724 
0.059361 0.611377 
0.053585 0.631041 
0.048447 0.654204 
0.043953 0.681376 
0.040111 0.713055 
0.036936 0.749665 
0.034453 0.791453 
0.032702 0.838376 
0.031736 0.889967 
0.031635 0.945249 
0.032505 1.002742 
0.034488 1.060611 
0.037771 1.116937 
0.042597 1.170012 
0.049275 1.218566 
0.058197 1.261857 
0.069854 1.299625 
0.084849 1.331976 
0.103915 1.359251 
0.127912 1.381902 
0.157803 1.400406 
0.194585 1.415215 
0.239130 1.426711 
0.291932 1.435192 
0.352733 1.440856 
0.420172 1.443790 
0.491635 1.443960 
0.563580 1.441200 
0.632305 1.435197 
0.694808 1.425473 
0.749289 1.411370 
0.795146 1.392035 
0.832641 1.366421 
0.862503 1.333343 
0.885611 1.291597 
0.902794 1.240246 
0.914723 1.179063 
0.921859 1.109100 
0.924429 1.033094 
0.922412 0.955291 
0.915534 0.880478 
0.903260 0.812691 
0.884795 0.754362 
0.859103 0.706277 
0.824980 0.668067 
0.781230 0.638798 
0.727017 0.617415 
0.662419 0.603002 
0.589068 0.594906 
0.510486 0.592793 
0.431629 0.596665 
0.357591 0.606852 
0.292214 0.624003 
0.237444 0.649037 
0.193579 0.683057 
0.159931 0.727139 
0.135448 0.781953 
0.119120 0.847175 
0.110191 0.920864 
0.108258 0.999201 
0.113287 1.077078 
0.125609 1.149454 
0.145876 1.212691 
0.174975 1.265055 
0.213876 1.306381 
0.263315 1.337382 
0.323309 1.359054 
0.392546 1.372292 
0.467963 1.377696 
0.544958 1.375503 
0.618444 1.365575 
0.684214 1.347441 
0.739785 1.320385 
0.784369 1.283599 
0.818300 1.236471 
0.842402 1.179028 
0.857528 1.112486 
0.864311 1.039660 
0.863048 0.964823 
0.853680 0.892820 
0.835835 0.827824 
0.808917 0.772472 
0.772279 0.727792 
0.725505 0.693674 
0.668836 0.669460 
0.603664 0.654404 
0.532845 0.647936 
0.460507 0.649788 
0.391200 0.660014 
0.328792 0.678943 
