0.183097 1.116685 
0.196569 1.154041 
0.213785 1.187740 
0.234807 1.217445 
0.259650 1.243005 
0.288244 1.264411 
0.320396 1.281739 
0.355756 1.295108 
0.393789 1.304645 
0.433778 1.310463 
0.474846 1.312648 
0.516019 1.311251 
0.556305 1.306290 
0.594784 1.297758 
0.630675 1.285636 
0.663385 1.269904 
0.692511 1.250564 
0.717826 1.227667 
0.739240 1.201337 
0.756761 1.171800 
0.770456 1.139410 
0.780417 1.104664 
0.786741 1.068198 
0.789512 1.030768 
0.788799 0.993200 
0.784651 0.956334 
0.777106 0.920961 
0.766195 0.887764 
0.751961 0.857287 
0.734470 0.829923 
0.713831 0.805917 
0.690215 0.785397 
0.663869 0.768397 
0.635135 0.754887 
0.604452 0.744803 
0.572352 0.738061 
0.539442 0.734573 
0.506374 0.734251 
0.473803 0.737015 
0.442352 0.742783 
0.412572 0.751474 
0.384915 0.762992 
0.359726 0.777224 
0.337243 0.794026 
0.317606 0.813217 
0.300875 0.834569 
0.287051 0.857804 
0.276089 0.882590 
0.267914 0.908550 
0.262436 0.935270 
0.259551 0.962312 
0.259153 0.989237 
0.261127 1.015621 
0.265357 1.041079 
0.271719 1.065275 
0.280079 1.087935 
0.290296 1.108850 
0.302211 1.127876 
0.315656 1.144928 
0.330442 1.159973 
0.346372 1.173018 
0.363232 1.184106 
0.380801 1.193305 
0.398855 1.200702 
0.417169 1.206396 
0.435526 1.210496 
0.453720 1.213119 
0.471565 1.214381 
0.488893 1.214406 
0.505565 1.213314 
0.521464 1.211229 
0.536501 1.208274 
0.550614 1.204569 
0.563762 1.200234 
0.575928 1.195387 
0.587113 1.190141 
0.597332 1.184607 
0.606613 1.178889 
0.614996 1.173088 
0.622526 1.167297 
0.629251 1.161605 
0.635226 1.156091 
0.640503 1.150830 
0.645135 1.145889 
0.649173 1.141325 
0.652665 1.137192 
0.655654 1.133535 
0.658180 1.130394 
0.660275 1.127801 
0.661969 1.125785 
0.663282 1.124366 
0.664231 1.123561 
0.664823 1.123381 
0.665061 1.123832 
0.664938 1.124915 
0.664443 1.126626 
0.663558 1.128956 
0.662255 1.131888 
0.660503 1.135401 
0.658264 1.139466 
0.655493 1.144048 
0.652141 1.149105 
0.648156 1.154585 
0.643479 1.160430 
0.638051 1.166573 
0.631812 1.172939 
0.624700 1.179445 
0.616656 1.185999 
0.607627 1.192504 
0.597564 1.198856 
0.586430 1.204943 
0.574198 1.210651 
0.560859 1.215860 
0.546424 1.220450 
0.530925 1.224295 
0.514421 1.227271 
0.496999 1.229251 
0.478776 1.230108 
0.459898 1.229718 
0.440541 1.227954 
0.420903 1.224692 
0.401205 1.219810 
0.381680 1.213191 
0.362570 1.204723 
0.344116 1.194303 
0.326556 1.181843 
0.310114 1.167278 
0.294999 1.150568 
0.281404 1.131716 
0.269500 1.110771 
0.259443 1.087842 
0.251373 1.063108 
0.245413 1.036817 
0.241682 1.009291 
0.240287 0.980916 
0.241335 0.952128 
0.244930 0.923392 
0.251178 0.895183 
0.260179 0.867956 
0.272030 0.842131 
0.286810 0.818076 
0.304572 0.796100 
0.325326 0.776451 
0.349019 0.759321 
0.375513 0.744852 
0.404568 0.733148 
0.435829 0.724286 
0.468824 0.718327 
0.502977 0.715323 
0.537637 0.715328 
0.572120 0.718406 
0.605752 0.724627 
0.637912 0.734072 
0.668066 0.746828 
0.695784 0.762971 
0.720748 0.782557 
0.742736 0.805592 
0.761616 0.832012 
0.777318 0.861643 
0.789818 0.894182 
0.799120 0.929179 
0.805238 0.966035 
0.808183 1.004026 
0.807953 1.042350 
0.804527 1.080187 
0.797862 1.116761 
0.787895 1.151394 
0.774548 1.183541 
0.757740 1.212805 
0.737407 1.238924 
0.713527 1.261759 
0.686148 1.281263 
0.655425 1.297454 
0.621650 1.310391 
0.585272 1.320151 
0.546897 1.326814 
0.507271 1.330451 
0.467224 1.331109 
0.427611 1.328814 
0.389236 1.323561 
0.352800 1.315316 
0.318852 1.304024 
0.287786 1.289611 
0.259841 1.272000 
0.235129 1.251130 
0.213659 1.226976 
0.195370 1.199576 
0.180156 1.169064 
0.167892 1.135693 
0.158443 1.099853 
0.151684 1.062078 
0.147507 1.023024 
0.145822 0.983429 
0.146566 0.944063 
0.149704 0.905661 
0.155226 0.868872 
0.163147 0.834222 
0.173503 0.802092 
0.186346 0.772727 
0.201736 0.746246 
0.219729 0.722667 
0.240366 0.701934 
0.263655 0.683941 
0.289557 0.668553 
0.317964 0.655618 
0.348687 0.644985 
0.381444 0.636508 
0.415856 0.630052 
0.451460 0.625500 
0.487729 0.622751 
0.524105 0.621723 
0.560032 0.622351 
0.594997 0.624589 
0.628555 0.628410 
0.660353 0.633801 
0.690131 0.640763 
0.717725 0.649310 
0.743054 0.659465 
0.766107 0.671256 
0.786925 0.684714 
0.805590 0.699869 
0.822207 0.716742 
0.836896 0.735342 
0.849786 0.755659 
0.861002 0.777656 
0.870669 0.801267 
0.878901 0.826388 
0.885807 0.852875 
0.891483 0.880545 
0.896017 0.909175 
0.899486 0.938509 
0.901958 0.968266 
0.903489 0.998156 
0.904131 1.027886 
0.903921 1.057177 
0.902895 1.085773 
0.901075 1.113454 
0.898482 1.140035 
0.895127 1.165376 
0.891017 1.189376 
0.886154 1.211970 
0.880535 1.233130 
0.874153 1.252854 
0.866997 1.271164 
0.859055 1.288098 
0.850312 1.303710 
0.840751 1.318059 
0.830355 1.331212 
0.819106 1.343239 
0.806989 1.354208 
0.793989 1.364188 
0.780094 1.373245 
0.765300 1.381441 
0.749603 1.388835 
0.733011 1.395484 
0.715537 1.401439 
0.697205 1.406745 
0.678049 1.411447 
0.658115 1.415584 
0.637462 1.419190 
0.616158 1.422298 
0.594287 1.424936 
0.571941 1.427129 
0.549223 1.428898 
0.526244 1.430263 
0.503120 1.431240 
0.479968 1.431841 
0.456908 1.432078 
0.434056 1.431960 
0.411521 1.431491 
0.389405 1.430676 
0.367802 1.429516 
0.346791 1.428011 
0.326444 1.426156 
0.306816 1.423947 
0.287953 1.421377 
0.269888 1.418435 
0.252643 1.415109 
0.236230 1.411387 
0.220653 1.407250 
0.205909 1.402681 
0.191986 1.397659 
0.178869 1.392160 
0.166538 1.386158 
0.154970 1.379626 
0.144139 1.372532 
0.134017 1.364845 
0.124577 1.356528 
0.115789 1.347546 
0.107623 1.337861 
0.100051 1.327431 
0.093043 1.316217 
0.086573 1.304178 
0.080613 1.291274 
0.075136 1.277468 
0.070119 1.262724 
0.065536 1.247013 
0.061366 1.230311 
0.057587 1.212604 
0.054178 1.193887 
0.051122 1.174170 
0.048400 1.153476 
0.045995 1.131847 
0.043892 1.109344 
0.042077 1.086046 
0.040537 1.062054 
0.039261 1.037487 
0.038236 1.012481 
0.037454 0.987186 
0.036905 0.961763 
0.036583 0.936377 
0.036479 0.911193 
0.036589 0.886371 
0.036908 0.862060 
0.037431 0.838395 
0.038156 0.815495 
0.039080 0.793457 
0.040202 0.772360 
0.041521 0.752263 
0.043037 0.733203 
0.044751 0.715202 
0.046664 0.698265 
0.048777 0.682383 
0.051094 0.667537 
0.053616 0.653699 
0.056348 0.640833 
0.059291 0.628898 
0.062451 0.617849 
0.065830 0.607640 
0.069432 0.598223 
0.073261 0.589549 
0.077321 0.581572 
0.081615 0.574244 
0.086145 0.567520 
0.090915 0.561357 
0.095926 0.555714 
0.101178 0.550551 
0.106673 0.545831 
0.112408 0.541520 
0.118383 0.537584 
0.124593 0.533993 
0.131034 0.530718 
0.137699 0.527734 
0.144581 0.525015 
0.151669 0.522539 
0.158951 0.520284 
0.166415 0.518232 
0.174044 0.516365 
0.181822 0.514666 
0.189729 0.513121 
0.197744 0.511716 
0.205844 0.510437 
0.214005 0.509275 
0.222200 0.508218 
0.230402 0.507257 
0.238583 0.506384 
0.246714 0.505592 
0.254764 0.504872 
0.262702 0.504220 
0.270499 0.503630 
0.278124 0.503097 
0.285546 0.502616 
0.292735 0.502184 
0.299662 0.501798 
0.306299 0.501455 
0.312619 0.501152 
0.318595 0.500888 
0.324204 0.500660 
0.329422 0.500468 
0.334226 0.500309 
0.338597 0.500184 
0.342516 0.500092 
0.345966 0.500031 
0.348932 0.500003 
0.351399 0.500006 
0.353354 0.500040 
0.354787 0.500106 
0.355689 0.500205 
0.356052 0.500336 
0.355871 0.500500 
0.355140 0.500697 
0.353856 0.500930 
0.352020 0.501198 
0.349632 0.501504 
0.346695 0.501848 
0.343213 0.502232 
0.339195 0.502659 
0.334649 0.503132 
0.329588 0.503653 
0.324026 0.504225 
0.317979 0.504853 
0.311469 0.505542 
0.304517 0.506297 
0.297149 0.507125 
0.289394 0.508034 
0.281282 0.509031 
0.272848 0.510127 
0.264126 0.511334 
0.255156 0.512665 
0.245977 0.514136 
0.236631 0.515763 
0.227160 0.517567 
0.217608 0.519572 
0.208019 0.521801 
0.198434 0.524287 
0.188897 0.527062 
0.179449 0.530165 
0.170129 0.533639 
0.160975 0.537535 
0.152020 0.541908 
0.143299 0.546822 
0.134840 0.552349 
0.126671 0.558570 
0.118815 0.565575 
0.111294 0.573467 
0.104127 0.582360 
0.097330 0.592379 
0.090918 0.603663 
0.084903 0.616364 
0.079297 0.630644 
0.074111 0.646675 
0.069356 0.664634 
0.065042 0.684697 
0.061183 0.707027 
0.057792 0.731767 
0.054887 0.759017 
0.052489 0.788821 
0.050622 0.821136 
0.049318 0.855820 
0.048616 0.892607 
0.048561 0.931106 
0.049212 0.970805 
0.050636 1.011097 
0.052916 1.051322 
0.056148 1.090817 
0.060448 1.128968 
0.065949 1.165249 
0.072806 1.199256 
0.081200 1.230710 
0.091334 1.259452 
0.103436 1.285429 
0.117761 1.308666 
0.134583 1.329247 
0.154187 1.347292 
0.176862 1.362936 
0.202871 1.376319 
0.232428 1.387573 
0.265655 1.396812 
0.302529 1.404130 
0.342841 1.409593 
0.386144 1.413239 
0.431746 1.415073 
0.478729 1.415065 
0.526022 1.413151 
0.572508 1.409227 
0.617143 1.403154 
0.659059 1.394754 
0.697623 1.383814 
0.732445 1.370087 
0.763358 1.353301 
0.790364 1.333171 
0.813583 1.309420 
0.833199 1.281806 
0.849423 1.250170 
0.862463 1.214484 
0.872499 1.174914 
0.879678 1.131877 
0.884095 1.086068 
0.885797 1.038450 
0.884779 0.990192 
0.880981 0.942546 
0.874297 0.896709 
0.864573 0.853697 
0.851619 0.814267 
0.835218 0.778890 
0.815146 0.747787 
0.791193 0.720979 
0.763201 0.698356 
0.731110 0.679737 
0.695011 0.664913 
0.655205 0.653688 
0.612242 0.645898 
0.566939 0.641424 
0.520341 0.640203 
0.473643 0.642225 
0.428061 0.647534 
0.384708 0.656219 
0.344483 0.668406 
0.308029 0.684242 
0.275724 0.703880 
0.247724 0.727444 
0.224022 0.755000 
0.204508 0.786509 
0.189022 0.821781 
0.177394 0.860429 
0.169475 0.901841 
0.165150 0.945183 
0.164351 0.989438 
0.167055 1.033491 
0.173285 1.076236 
