0.637670 0.719006 
0.637287 0.725534 
0.636293 0.732272 
0.634615 0.739192 
0.631792 0.746716 
0.628308 0.754364 
0.624671 0.761680 
0.622228 0.767488 
0.619424 0.773133 
0.616255 0.778601 
0.612769 0.783855 
0.608965 0.788890 
0.604832 0.793664 
0.600432 0.798189 
0.596009 0.802198 
0.590815 0.806348 
0.585639 0.809974 
0.580537 0.813044 
0.574687 0.816200 
0.568939 0.818797 
0.563327 0.820823 
0.557309 0.822671 
0.551194 0.824151 
0.545003 0.825247 
0.538488 0.826149 
0.533040 0.825867 
0.528684 0.824423 
0.522985 0.823560 
0.518976 0.821192 
0.514760 0.818634 
0.510907 0.815518 
0.507449 0.811840 
0.505728 0.806721 
0.500380 0.803888 
0.489013 0.804920 
0.480809 0.803543 
0.481236 0.796218 
0.482375 0.788242 
0.481369 0.781599 
0.473949 0.779186 
0.464989 0.777755 
0.457968 0.774931 
0.452589 0.771009 
0.458654 0.759564 
0.456367 0.753685 
0.452077 0.749240 
0.448416 0.744434 
0.445679 0.739178 
0.443355 0.733831 
0.442175 0.727900 
0.441638 0.721760 
0.441267 0.715784 
0.435698 0.713566 
0.433850 0.709178 
0.435194 0.702994 
0.436899 0.696891 
0.440231 0.690038 
0.441443 0.685057 
0.444256 0.679373 
0.447393 0.673873 
0.450878 0.668578 
0.454684 0.663514 
0.458771 0.658687 
0.463168 0.654143 
0.467575 0.650047 
0.472728 0.645908 
0.477861 0.642263 
0.483216 0.638943 
0.488988 0.635788 
0.494698 0.633182 
0.500554 0.630941 
0.506299 0.629254 
0.512613 0.627580 
0.518541 0.626691 
0.524984 0.625804 
0.530994 0.625705 
0.537236 0.625798 
0.543687 0.626091 
0.552868 0.624285 
0.565590 0.619427 
0.575689 0.617157 
0.578430 0.622185 
0.585366 0.623456 
0.596658 0.620686 
0.604873 0.621022 
0.607431 0.627054 
0.619117 0.624237 
0.634063 0.617848 
0.629115 0.631902 
0.626457 0.643321 
0.633901 0.644719 
0.637595 0.649808 
0.633905 0.662015 
0.638777 0.665708 
0.645428 0.667474 
0.638362 0.682393 
0.631478 0.696608 
0.634169 0.701603 
0.636199 0.706902 
0.637130 0.712938 
0.637670 0.719006 
