0.270515 1.324589 
0.363739 1.356719 
0.474573 1.369036 
0.588685 1.362853 
0.689741 1.337584 
0.767894 1.291157 
0.821392 1.221287 
0.852544 1.128253 
0.863939 1.018774 
0.856723 0.907011 
0.830251 0.808556 
0.782545 0.732627 
0.711636 0.680853 
0.618358 0.651112 
0.509971 0.641059 
0.400571 0.649735 
0.305004 0.677864 
0.231749 0.727334 
0.182191 0.799761 
0.154340 0.893647 
0.146091 1.001072 
0.156685 1.107939 
0.186935 1.200227 
0.238621 1.270320 
0.312929 1.317165 
0.407586 1.342663 
0.513932 1.348684 
0.617931 1.335781 
0.706506 1.303069 
0.773004 1.248932 
0.816759 1.172696 
0.839594 1.077492 
0.843153 0.972659 
0.827807 0.871988 
0.792656 0.787461 
0.736320 0.724735 
0.658715 0.684129 
0.563765 0.663900 
0.461220 0.662598 
0.364300 0.679963 
0.283796 0.716819 
0.224503 0.774216 
0.186498 0.851689 
0.168139 0.944828 
0.168099 1.044031 
0.186101 1.137043 
0.222755 1.214196 
0.278744 1.271255 
0.353270 1.308164 
0.442077 1.326443 
0.536532 1.327410 
0.625794 1.311539 
0.701090 1.278581 
0.758235 1.228210 
0.796841 1.161178 
0.818216 1.080761 
0.823772 0.993578 
0.814361 0.908420 
0.790253 0.833266 
0.751501 0.772842 
0.698590 0.728475 
0.633283 0.699439 
0.559322 0.684338 
0.482356 0.681898 
0.408699 0.691215 
0.343537 0.711689 
0.289817 0.742789 
0.248333 0.783740 
0.218501 0.833196 
0.199142 0.889020 
0.188990 0.948295 
0.186896 1.007698 
0.191870 1.064098 
0.203035 1.115108 
0.219553 1.159353 
0.240562 1.196397 
0.265129 1.226488 
0.292247 1.250272 
0.320852 1.268573 
0.349873 1.282250 
0.378294 1.292127 
0.405222 1.298958 
0.429917 1.303418 
0.451825 1.306103 
0.470558 1.307526 
0.485875 1.308125 
0.497636 1.308256 
0.505792 1.308194 
0.510312 1.308130 
0.511200 1.308171 
0.508461 1.308337 
0.502098 1.308564 
0.492133 1.308702 
0.478613 1.308520 
0.461635 1.307709 
0.441394 1.305883 
0.418197 1.302583 
0.392508 1.297276 
0.364960 1.289358 
0.336348 1.278151 
0.307595 1.262903 
0.279710 1.242815 
0.253722 1.217072 
0.230622 1.184943 
0.211326 1.145923 
0.196676 1.099984 
0.187448 1.047816 
0.184415 0.991045 
0.188402 0.932187 
0.200357 0.874327 
0.221381 0.820552 
0.252664 0.773444 
0.295264 0.734818 
0.349593 0.705772 
0.414695 0.686927 
0.487570 0.678722 
0.563208 0.681695 
0.635671 0.696681 
0.699733 0.724871 
0.751951 0.767591 
0.790721 0.825622 
0.815619 0.897977 
0.826657 0.980638 
0.823682 1.066473 
0.806019 1.147188 
0.772420 1.216109 
0.721490 1.269607 
0.652890 1.306628 
0.569183 1.327417 
0.477182 1.332381 
0.386752 1.321395 
0.307126 1.293518 
0.243923 1.247234 
0.198991 1.181529 
0.172021 1.097964 
0.162192 1.002791 
0.169190 0.906586 
0.193673 0.820279 
0.237148 0.750964 
0.300998 0.701105 
0.384325 0.670340 
0.481378 0.657525 
0.581254 0.662017 
0.671942 0.684245 
0.745315 0.725684 
0.798483 0.787958 
0.831872 0.870705 
0.846887 0.968708 
0.844442 1.071057 
0.824312 1.165031 
0.785084 1.241685 
0.724945 1.297726 
0.643711 1.333594 
0.545842 1.350904 
0.441849 1.350828 
0.344889 1.333370 
0.264759 1.297249 
0.205341 1.240522 
0.166329 1.162384 
0.145957 1.066168 
0.142779 0.961412 
0.156481 0.861370 
0.188097 0.776888 
0.239588 0.712845 
0.312405 0.669365 
0.404736 0.644633 
0.508802 0.636899 
0.611873 0.645437 
0.701918 0.670866 
0.772419 0.714966 
0.822297 0.779691 
0.853189 0.864951 
0.867131 0.965619 
0.865365 1.070654 
0.847876 1.167170 
0.813358 1.246306 
0.759733 1.305127 
0.685612 1.344565 
0.592928 1.366784 
0.489346 1.373585 
0.387090 1.365718 
0.297522 1.342670 
0.226716 1.302798 
0.175563 1.244035 
0.142319 1.165569 
0.124764 1.070446 
0.121324 0.967283 
0.131492 0.868051 
0.155943 0.782713 
0.196346 0.715908 
0.254689 0.667759 
0.331741 0.636313 
0.424717 0.619372 
0.525731 0.615382 
0.623681 0.623767 
0.709028 0.645006 
0.777028 0.680512 
0.827273 0.732171 
0.861535 0.801265 
0.882016 0.886615 
0.890458 0.982790 
0.887801 1.080455 
0.874084 1.169851 
0.848478 1.244602 
0.809479 1.302693 
0.755418 1.345022 
0.685510 1.373606 
0.601436 1.390440 
0.508589 1.396992 
0.415345 1.394035 
0.330057 1.381611 
0.258096 1.359068 
0.201182 1.325192 
0.158554 1.278526 
0.128421 1.218026 
0.108914 1.144123 
0.098534 1.059875 
0.096308 0.971208 
0.101812 0.885424 
0.115168 0.808677 
0.136986 0.744350 
0.168269 0.693146 
0.210185 0.654114 
0.263655 0.625662 
0.328677 0.606188 
0.403526 0.594371 
0.484336 0.589270 
0.565660 0.590337 
0.642020 0.597404 
0.709444 0.610658 
0.766078 0.630601 
0.811814 0.657985 
0.847564 0.693687 
0.874623 0.738484 
0.894284 0.792696 
0.907653 0.855714 
0.915582 0.925601 
0.918661 0.999059 
0.917231 1.072004 
0.911400 1.140563 
0.901059 1.201943 
0.885903 1.254741 
0.865462 1.298746 
0.839142 1.334506 
0.806307 1.362928 
0.766412 1.385001 
0.719202 1.401642 
0.664965 1.413625 
0.604773 1.421562 
0.540571 1.425904 
0.474997 1.426950 
0.410915 1.424859 
0.350849 1.419658 
0.296576 1.411249 
0.249013 1.399421 
0.208338 1.383855 
0.174230 1.364141 
0.146096 1.339801 
0.123245 1.310337 
0.104993 1.275299 
0.090725 1.234402 
0.079917 1.187663 
0.072145 1.135567 
0.067086 1.079174 
0.064507 1.020116 
0.064263 0.960426 
0.066295 0.902219 
0.070625 0.847355 
0.077352 0.797186 
0.086658 0.752481 
0.098805 0.713483 
0.114132 0.680049 
0.133052 0.651796 
0.156040 0.628225 
0.183602 0.608807 
0.216226 0.593038 
0.254302 0.580463 
0.297998 0.570695 
0.347123 0.563417 
0.400984 0.558382 
0.458323 0.555410 
0.517386 0.554389 
0.576142 0.555271 
0.632613 0.558074 
0.685174 0.562887 
0.732730 0.569867 
0.774740 0.579250 
0.811127 0.591354 
0.842135 0.606583 
0.868201 0.625428 
0.889839 0.648462 
0.907580 0.676313 
0.921916 0.709618 
0.933288 0.748925 
0.942069 0.794550 
0.948563 0.846386 
0.953007 0.903703 
0.955569 0.965036 
0.956355 1.028258 
0.955403 1.090892 
0.952686 1.150560 
0.948105 1.205392 
0.941488 1.254234 
0.932578 1.296643 
0.921028 1.332717 
0.906393 1.362906 
0.888123 1.387833 
0.865563 1.408173 
0.837976 1.424578 
0.804586 1.437637 
0.764685 1.447858 
0.717793 1.455666 
0.663909 1.461407 
0.603762 1.465348 
0.538998 1.467690 
0.472093 1.468568 
0.405967 1.468059 
0.343386 1.466180 
0.286441 1.462892 
0.236312 1.458096 
0.193330 1.451634 
0.157213 1.443281 
0.127321 1.432744 
0.102865 1.419652 
0.083035 1.403557 
0.067080 1.383931 
0.054336 1.360177 
0.044235 1.331659 
0.036305 1.297754 
0.030157 1.257954 
0.025477 1.212009 
0.022012 1.160110 
0.019561 1.103060 
0.017970 1.042357 
0.017117 0.980085 
0.016914 0.918600 
0.017297 0.860109 
0.018221 0.806310 
0.019663 0.758221 
0.021610 0.716207 
0.024063 0.680139 
0.027034 0.649571 
0.030542 0.623902 
0.034612 0.602486 
0.039274 0.584697 
0.044561 0.569962 
0.050508 0.557781 
0.057148 0.547722 
0.064513 0.539419 
0.072629 0.532569 
0.081518 0.526915 
0.091191 0.522248 
0.101647 0.518393 
0.112875 0.515206 
0.124845 0.512570 
0.137511 0.510386 
0.150809 0.508574 
0.164656 0.507069 
0.178948 0.505816 
0.193567 0.504772 
0.208376 0.503899 
0.223226 0.503168 
0.237959 0.502555 
0.252412 0.502040 
0.266419 0.501607 
0.279818 0.501244 
0.292453 0.500940 
0.304177 0.500688 
0.314857 0.500481 
0.324371 0.500315 
0.332611 0.500186 
0.339486 0.500092 
0.344918 0.500031 
0.348843 0.500003 
0.351212 0.500006 
0.351983 0.500040 
0.351137 0.500107 
0.348661 0.500207 
0.344558 0.500342 
0.338847 0.500514 
0.331563 0.500726 
0.322760 0.500982 
0.312512 0.501288 
0.300914 0.501651 
0.288085 0.502082 
0.274166 0.502592 
0.259323 0.503199 
0.243737 0.503922 
0.227609 0.504791 
0.211147 0.505838 
0.194566 0.507109 
0.178075 0.508661 
0.161877 0.510566 
0.146154 0.512915 
0.131069 0.515828 
0.116758 0.519455 
0.103329 0.523991 
0.090862 0.529685 
0.079409 0.536858 
0.068998 0.545923 
0.059635 0.557410 
0.051308 0.571999 
0.043995 0.590551 
0.037666 0.614140 
0.032290 0.644062 
0.027842 0.681795 
0.024312 0.728840 
0.021709 0.786364 
0.020078 0.854579 
0.019510 0.931981 
0.020164 1.014895 
0.022292 1.097969 
0.026277 1.175705 
0.032680 1.244092 
0.042309 1.301317 
0.056307 1.347419 
0.076273 1.383523 
0.104372 1.411146 
0.143413 1.431787 
0.196687 1.446713 
0.267236 1.456880 
0.356076 1.462905 
0.459568 1.465039 
0.568211 1.463131 
0.669861 1.456553 
0.755577 1.444091 
0.822372 1.423773 
0.871638 1.392677 
0.906468 1.346832 
0.929941 1.281602 
0.944416 1.193397 
0.951345 1.083492 
0.951233 0.962021 
0.943593 0.845767 
0.926840 0.748611 
0.898101 0.675347 
0.853088 0.623901 
0.786477 0.589923 
0.693932 0.569495 
0.577003 0.560049 
0.448299 0.560549 
0.327946 0.571523 
0.230930 0.595135 
0.160809 0.635285 
0.114020 0.697348 
0.085515 0.786429 
0.071447 0.902479 
0.069908 1.033854 
0.081017 1.159099 
0.106921 1.260663 
0.151745 1.333582 
0.220981 1.381321 
0.318832 1.409191 
0.442109 1.421116 
0.574754 1.418772 
0.694215 1.401496 
0.786370 1.366387 
0.849759 1.308669 
0.889058 1.223351 
0.909222 1.109930 
0.913192 0.979200 
0.901417 0.852743 
0.871926 0.749480 
0.820679 0.675616 
0.742851 0.628216 
0.636672 0.602200 
0.509966 0.593951 
0.382226 0.602316 
0.273872 0.628629 
0.194115 0.676357 
0.141743 0.749929 
0.112034 0.851367 
0.101147 0.974242 
0.107558 1.100766 
0.132210 1.210574 
0.178147 1.292996 
0.249376 1.347981 
0.347743 1.379742 
0.467370 1.392074 
0.591674 1.386640 
0.700948 1.362719 
0.784037 1.317574 
0.840081 1.247600 
0.872789 1.151297 
0.885772 1.034418 
0.880688 0.912687 
0.856933 0.804958 
0.812001 0.722340 
0.742655 0.666185 
0.647804 0.633233 
0.533279 0.620118 
0.414180 0.625259 
0.308471 0.649215 
0.226962 0.694310 
0.171282 0.763447 
0.138553 0.857283 
0.125673 0.969797 
0.131182 1.086343 
0.155636 1.189804 
0.201217 1.269803 
