-0.171113 -0.908000 
-0.167511 -0.910932 
-0.163909 -0.913825 
-0.160307 -0.916679 
-0.156705 -0.919493 
-0.153104 -0.922266 
-0.149504 -0.925000 
-0.145906 -0.927693 
-0.142310 -0.930345 
-0.138717 -0.932956 
-0.135127 -0.935526 
-0.131541 -0.938055 
-0.127960 -0.940543 
-0.124383 -0.942989 
-0.120812 -0.945393 
-0.117246 -0.947755 
-0.113687 -0.950075 
-0.110134 -0.952353 
-0.106589 -0.954589 
-0.103051 -0.956783 
-0.099521 -0.958934 
-0.096000 -0.961043 
-0.092488 -0.963109 
-0.088986 -0.965133 
-0.085493 -0.967114 
-0.082011 -0.969052 
-0.078539 -0.970947 
-0.075079 -0.972800 
-0.071630 -0.974610 
-0.068193 -0.976377 
-0.064769 -0.978102 
-0.061358 -0.979783 
-0.057960 -0.981422 
-0.054575 -0.983019 
-0.051205 -0.984572 
-0.047849 -0.986083 
-0.044508 -0.987552 
-0.041182 -0.988978 
-0.037871 -0.990362 
-0.034577 -0.991704 
-0.031299 -0.993003 
-0.028038 -0.994260 
-0.024793 -0.995476 
-0.021566 -0.996649 
-0.018357 -0.997781 
-0.015166 -0.998871 
-0.011994 -0.999920 
-0.008840 -1.000928 
-0.005706 -1.001894 
-0.002591 -1.002820 
0.000504 -1.003705 
0.003579 -1.004549 
0.006633 -1.005353 
0.009667 -1.006116 
0.012679 -1.006840 
0.015670 -1.007524 
0.018639 -1.008168 
0.021586 -1.008773 
0.024511 -1.009339 
0.027413 -1.009866 
0.030292 -1.010354 
0.033147 -1.010804 
0.035979 -1.011216 
0.038787 -1.011590 
0.041571 -1.011927 
0.044331 -1.012226 
0.047065 -1.012488 
0.049775 -1.012713 
0.052459 -1.012902 
0.055117 -1.013054 
0.057750 -1.013171 
0.060356 -1.013252 
0.062936 -1.013298 
0.065489 -1.013308 
0.068015 -1.013284 
0.070514 -1.013226 
0.072985 -1.013134 
0.075428 -1.013008 
0.077844 -1.012848 
0.080231 -1.012656 
0.082589 -1.012431 
0.084919 -1.012173 
0.087219 -1.011884 
0.089490 -1.011562 
0.091732 -1.011210 
0.093943 -1.010826 
0.096125 -1.010412 
0.098276 -1.009967 
0.100397 -1.009493 
0.102486 -1.008989 
0.104545 -1.008455 
0.106572 -1.007893 
0.108568 -1.007302 
0.110532 -1.006683 
0.112464 -1.006037 
0.114364 -1.005362 
0.116231 -1.004661 
0.118066 -1.003933 
0.119867 -1.003179 
0.121636 -1.002399 
0.123371 -1.001593 
0.125072 -1.000763 
0.126739 -0.999907 
0.128373 -0.999026 
0.129972 -0.998122 
0.131537 -0.997194 
0.133067 -0.996242 
0.134562 -0.995268 
0.136021 -0.994270 
0.137446 -0.993251 
0.138835 -0.992209 
0.140188 -0.991146 
0.141505 -0.990062 
0.142786 -0.988957 
0.144030 -0.987831 
0.145238 -0.986686 
0.146409 -0.985520 
0.147543 -0.984335 
0.148639 -0.983131 
0.149698 -0.981908 
0.150720 -0.980667 
0.151703 -0.979407 
0.152649 -0.978130 
0.153556 -0.976835 
0.154425 -0.975524 
0.155255 -0.974195 
0.156047 -0.972851 
0.156799 -0.971490 
0.157512 -0.970113 
0.158185 -0.968721 
0.158819 -0.967313 
0.159413 -0.965891 
0.159968 -0.964455 
0.160481 -0.963004 
0.160955 -0.961539 
0.161388 -0.960060 
0.161780 -0.958568 
0.162132 -0.957063 
0.162442 -0.955545 
0.162711 -0.954014 
0.162938 -0.952471 
0.163124 -0.950916 
0.163268 -0.949349 
0.163370 -0.947771 
0.163429 -0.946181 
0.163447 -0.944580 
0.163422 -0.942969 
0.163354 -0.941346 
0.163243 -0.939714 
0.163090 -0.938071 
0.162893 -0.936418 
0.162653 -0.934755 
0.162369 -0.933083 
0.162042 -0.931401 
0.161671 -0.929710 
0.161256 -0.928010 
0.160797 -0.926301 
0.160294 -0.924583 
0.159747 -0.922857 
0.159155 -0.921122 
0.158518 -0.919379 
0.157837 -0.917627 
0.157110 -0.915868 
0.156339 -0.914100 
0.155522 -0.912324 
0.154661 -0.910541 
0.153754 -0.908750 
0.152801 -0.906951 
0.151803 -0.905145 
0.150759 -0.903331 
0.149669 -0.901510 
0.148534 -0.899681 
0.147352 -0.897845 
0.146125 -0.896001 
0.144851 -0.894150 
0.143531 -0.892291 
0.142165 -0.890426 
0.140752 -0.888552 
0.139294 -0.886672 
0.137788 -0.884784 
0.136236 -0.882888 
0.134638 -0.880985 
0.132993 -0.879074 
0.131302 -0.877156 
0.129563 -0.875229 
0.127779 -0.873295 
0.125947 -0.871353 
0.124069 -0.869403 
0.122145 -0.867445 
0.120173 -0.865478 
0.118156 -0.863503 
0.116091 -0.861519 
0.113980 -0.859527 
0.111823 -0.857525 
0.109619 -0.855514 
0.107369 -0.853494 
0.105073 -0.851465 
0.102730 -0.849426 
0.100342 -0.847377 
0.097908 -0.845317 
0.095427 -0.843248 
0.092901 -0.841167 
0.090330 -0.839076 
0.087713 -0.836974 
0.085050 -0.834860 
0.082343 -0.832735 
0.079591 -0.830597 
0.076794 -0.828448 
0.073953 -0.826285 
0.071067 -0.824110 
0.068137 -0.821922 
0.065164 -0.819720 
0.062147 -0.817504 
0.059087 -0.815275 
0.055984 -0.813030 
0.052838 -0.810771 
0.049650 -0.808497 
0.046421 -0.806207 
0.043149 -0.803901 
0.039837 -0.801579 
0.036483 -0.799240 
0.033089 -0.796885 
0.029656 -0.794512 
0.026182 -0.792121 
0.022670 -0.789712 
0.019119 -0.787285 
0.015530 -0.784838 
0.011903 -0.782373 
0.008240 -0.779888 
0.004539 -0.777383 
0.000803 -0.774857 
-0.002968 -0.772311 
-0.006774 -0.769744 
-0.010614 -0.767155 
-0.014488 -0.764545 
-0.018394 -0.761913 
-0.022333 -0.759258 
-0.026302 -0.756580 
-0.030303 -0.753880 
-0.034333 -0.751156 
-0.038392 -0.748408 
-0.042479 -0.745636 
-0.046594 -0.742840 
-0.050735 -0.740020 
-0.054902 -0.737175 
-0.059093 -0.734305 
-0.063308 -0.731410 
-0.067547 -0.728489 
-0.071807 -0.725543 
-0.076088 -0.722572 
-0.080389 -0.719574 
-0.084708 -0.716551 
-0.089046 -0.713502 
-0.093400 -0.710427 
-0.097770 -0.707325 
-0.102154 -0.704198 
-0.106552 -0.701045 
-0.110962 -0.697866 
-0.115383 -0.694661 
-0.119814 -0.691430 
-0.124253 -0.688174 
-0.128699 -0.684893 
-0.133152 -0.681586 
-0.137609 -0.678255 
-0.142070 -0.674899 
-0.146533 -0.671519 
-0.150997 -0.668115 
-0.155460 -0.664687 
-0.159922 -0.661237 
-0.164380 -0.657765 
-0.168834 -0.654270 
-0.173282 -0.650755 
-0.177722 -0.647218 
-0.182154 -0.643662 
-0.186576 -0.640087 
-0.190986 -0.636494 
-0.195383 -0.632883 
-0.199766 -0.629256 
-0.204133 -0.625613 
-0.208483 -0.621955 
-0.212814 -0.618284 
-0.217126 -0.614600 
-0.221416 -0.610905 
-0.225684 -0.607199 
-0.229927 -0.603485 
-0.234145 -0.599763 
-0.238337 -0.596035 
-0.242500 -0.592301 
-0.246635 -0.588565 
-0.250738 -0.584826 
-0.254810 -0.581087 
-0.258849 -0.577349 
-0.262854 -0.573614 
-0.266823 -0.569883 
-0.270756 -0.566158 
-0.274651 -0.562441 
-0.278508 -0.558733 
-0.282325 -0.555037 
-0.286102 -0.551354 
-0.289836 -0.547687 
-0.293529 -0.544036 
-0.297178 -0.540405 
-0.300782 -0.536794 
-0.304342 -0.533206 
-0.307856 -0.529644 
-0.311324 -0.526108 
-0.314744 -0.522601 
-0.318117 -0.519125 
-0.321442 -0.515683 
-0.324718 -0.512276 
-0.327944 -0.508906 
-0.331122 -0.505575 
-0.334249 -0.502286 
-0.337326 -0.499040 
-0.340352 -0.495840 
-0.343328 -0.492688 
-0.346253 -0.489585 
-0.349127 -0.486534 
-0.351949 -0.483537 
-0.354720 -0.480596 
-0.357440 -0.477712 
-0.360109 -0.474888 
-0.362727 -0.472125 
-0.365294 -0.469426 
-0.367809 -0.466791 
-0.370275 -0.464224 
-0.372689 -0.461726 
-0.375053 -0.459298 
-0.377367 -0.456942 
-0.379632 -0.454659 
-0.381847 -0.452452 
-0.384013 -0.450322 
-0.386130 -0.448270 
-0.388198 -0.446297 
-0.390219 -0.444406 
-0.392192 -0.442596 
-0.394117 -0.440870 
-0.395996 -0.439229 
-0.397828 -0.437673 
-0.399613 -0.436204 
-0.401354 -0.434823 
-0.403049 -0.433530 
-0.404699 -0.432327 
-0.406304 -0.431213 
-0.407865 -0.430191 
-0.409383 -0.429260 
-0.410857 -0.428421 
-0.412289 -0.427675 
-0.413677 -0.427021 
-0.415023 -0.426461 
-0.416327 -0.425995 
-0.417590 -0.425622 
-0.418811 -0.425344 
-0.419991 -0.425159 
-0.421129 -0.425069 
-0.422228 -0.425073 
-0.423285 -0.425171 
-0.424302 -0.425363 
-0.425280 -0.425648 
-0.426217 -0.426028 
-0.427114 -0.426500 
-0.427971 -0.427065 
-0.428789 -0.427722 
-0.429567 -0.428471 
-0.430305 -0.429311 
-0.431004 -0.430242 
-0.431663 -0.431264 
-0.432283 -0.432374 
-0.432863 -0.433573 
-0.433404 -0.434860 
-0.433904 -0.436235 
-0.434365 -0.437695 
-0.434786 -0.439241 
-0.435167 -0.440871 
-0.435508 -0.442584 
-0.435808 -0.444380 
-0.436069 -0.446258 
-0.436288 -0.448215 
-0.436467 -0.450252 
-0.436605 -0.452367 
-0.436702 -0.454559 
-0.436758 -0.456827 
-0.436772 -0.459169 
-0.436745 -0.461584 
-0.436676 -0.464072 
-0.436566 -0.466630 
-0.436413 -0.469258 
-0.436217 -0.471954 
-0.435980 -0.474717 
-0.435699 -0.477546 
-0.435376 -0.480439 
-0.435010 -0.483395 
-0.434600 -0.486412 
-0.434147 -0.489489 
-0.433651 -0.492625 
-0.433111 -0.495819 
-0.432527 -0.499068 
-0.431899 -0.502373 
-0.431227 -0.505730 
-0.430512 -0.509139 
-0.429751 -0.512598 
-0.428947 -0.516107 
-0.428098 -0.519663 
-0.427205 -0.523265 
-0.426267 -0.526912 
-0.425285 -0.530602 
-0.424258 -0.534334 
-0.423187 -0.538107 
-0.422071 -0.541919 
-0.420911 -0.545768 
-0.419706 -0.549654 
-0.418456 -0.553575 
-0.417163 -0.557530 
-0.415825 -0.561517 
-0.414443 -0.565535 
-0.413017 -0.569583 
-0.411547 -0.573658 
-0.410033 -0.577761 
-0.408476 -0.581890 
-0.406875 -0.586043 
-0.405231 -0.590218 
-0.403544 -0.594416 
-0.401815 -0.598634 
-0.400042 -0.602871 
-0.398228 -0.607127 
-0.396371 -0.611399 
-0.394473 -0.615686 
-0.392533 -0.619988 
-0.390552 -0.624303 
-0.388530 -0.628630 
-0.386467 -0.632968 
-0.384365 -0.637315 
-0.382223 -0.641671 
-0.380041 -0.646034 
-0.377820 -0.650403 
-0.375561 -0.654777 
-0.373263 -0.659155 
-0.370928 -0.663537 
-0.368555 -0.667920 
-0.366146 -0.672303 
-0.363700 -0.676687 
-0.361218 -0.681069 
-0.358700 -0.685449 
-0.356148 -0.689826 
-0.353561 -0.694199 
-0.350940 -0.698566 
-0.348285 -0.702927 
-0.345597 -0.707281 
-0.342877 -0.711627 
-0.340125 -0.715964 
-0.337341 -0.720291 
-0.334527 -0.724608 
-0.331682 -0.728912 
-0.328808 -0.733205 
-0.325904 -0.737483 
-0.322972 -0.741748 
-0.320012 -0.745998 
-0.317024 -0.750232 
-0.314009 -0.754449 
-0.310969 -0.758649 
-0.307902 -0.762831 
-0.304810 -0.766994 
-0.301694 -0.771138 
-0.298554 -0.775261 
-0.295390 -0.779363 
-0.292204 -0.783443 
-0.288996 -0.787501 
-0.285766 -0.791535 
-0.282516 -0.795546 
-0.279245 -0.799533 
-0.275954 -0.803494 
-0.272645 -0.807430 
-0.269317 -0.811339 
-0.265971 -0.815221 
-0.262608 -0.819076 
-0.259228 -0.822903 
-0.255833 -0.826701 
-0.252422 -0.830470 
-0.248996 -0.834210 
-0.245556 -0.837918 
-0.242103 -0.841597 
-0.238637 -0.845244 
-0.235158 -0.848859 
-0.231668 -0.852441 
-0.228167 -0.855991 
-0.224655 -0.859508 
-0.221133 -0.862992 
-0.217602 -0.866441 
-0.214062 -0.869855 
-0.210514 -0.873235 
-0.206958 -0.876579 
-0.203396 -0.879888 
-0.199827 -0.883161 
-0.196252 -0.886397 
-0.192672 -0.889596 
-0.189087 -0.892758 
-0.185498 -0.895883 
-0.181906 -0.898969 
-0.178310 -0.902018 
-0.174712 -0.905028 
