0.744416 0.576532 
0.740536 0.584222 
0.736616 0.591835 
0.732659 0.599369 
0.728666 0.606825 
0.724640 0.614200 
0.720583 0.621496 
0.716497 0.628711 
0.712384 0.635845 
0.708247 0.642897 
0.704086 0.649867 
0.699904 0.656754 
0.695704 0.663558 
0.691487 0.670279 
0.687254 0.676917 
0.683009 0.683470 
0.678752 0.689940 
0.674486 0.696324 
0.670213 0.702625 
0.665933 0.708840 
0.661650 0.714970 
0.657364 0.721016 
0.653077 0.726976 
0.648791 0.732850 
0.644508 0.738639 
0.640229 0.744343 
0.635956 0.749961 
0.631690 0.755494 
0.627434 0.760941 
0.623187 0.766303 
0.618952 0.771580 
0.614730 0.776771 
0.610523 0.781877 
0.606332 0.786898 
0.602159 0.791835 
0.598004 0.796686 
0.593869 0.801453 
0.589755 0.806135 
0.585663 0.810734 
0.581595 0.815248 
0.577552 0.819678 
0.573535 0.824025 
0.569545 0.828289 
0.565584 0.832469 
0.561651 0.836567 
0.557749 0.840583 
0.553878 0.844516 
0.550040 0.848368 
0.546235 0.852138 
0.542464 0.855827 
0.538729 0.859435 
0.535030 0.862963 
0.531368 0.866410 
0.527743 0.869778 
0.524158 0.873067 
0.520612 0.876276 
0.517106 0.879407 
0.513642 0.882459 
0.510219 0.885434 
0.506839 0.888331 
0.503503 0.891152 
0.500211 0.893895 
0.496963 0.896563 
0.493761 0.899155 
0.490605 0.901671 
0.487496 0.904112 
0.484434 0.906479 
0.481420 0.908772 
0.478455 0.910991 
0.475538 0.913137 
0.472671 0.915210 
0.469855 0.917211 
0.467089 0.919139 
0.464374 0.920996 
0.461711 0.922782 
0.459100 0.924498 
0.456541 0.926143 
0.454036 0.927718 
0.451584 0.929224 
0.449186 0.930661 
0.446842 0.932029 
0.444553 0.933329 
0.442319 0.934562 
0.440140 0.935727 
0.438017 0.936825 
0.435950 0.937856 
0.433940 0.938821 
0.431986 0.939721 
0.430090 0.940555 
0.428251 0.941323 
0.426469 0.942028 
0.424746 0.942668 
0.423081 0.943244 
0.421474 0.943756 
0.419926 0.944205 
0.418437 0.944591 
0.417007 0.944915 
0.415637 0.945176 
0.414327 0.945375 
0.413076 0.945512 
0.411885 0.945588 
0.410755 0.945603 
0.409685 0.945557 
0.408676 0.945451 
0.407728 0.945284 
0.406841 0.945057 
0.406014 0.944770 
0.405249 0.944424 
0.404546 0.944018 
0.403904 0.943552 
0.403324 0.943028 
0.402806 0.942445 
0.402350 0.941803 
0.401955 0.941102 
0.401623 0.940343 
0.401353 0.939526 
0.401146 0.938650 
0.401001 0.937717 
0.400918 0.936725 
0.400898 0.935676 
0.400940 0.934568 
0.401046 0.933403 
0.401214 0.932180 
0.401444 0.930899 
0.401738 0.929560 
0.402094 0.928164 
0.402513 0.926709 
0.402995 0.925197 
0.403539 0.923627 
0.404147 0.921999 
0.404817 0.920313 
0.405550 0.918568 
0.406346 0.916765 
0.407204 0.914904 
0.408126 0.912984 
0.409109 0.911006 
0.410156 0.908968 
0.411264 0.906872 
0.412435 0.904716 
0.413669 0.902501 
0.414964 0.900225 
0.416321 0.897890 
0.417740 0.895494 
0.419221 0.893038 
0.420764 0.890521 
0.422368 0.887943 
0.424033 0.885303 
0.425759 0.882601 
0.427546 0.879836 
0.429393 0.877009 
0.431301 0.874119 
0.433269 0.871166 
0.435296 0.868148 
0.437383 0.865066 
0.439529 0.861919 
0.441734 0.858707 
0.443997 0.855430 
0.446319 0.852085 
0.448698 0.848674 
0.451134 0.845196 
0.453627 0.841650 
0.456177 0.838035 
0.458782 0.834351 
0.461443 0.830598 
0.464158 0.826774 
0.466928 0.822880 
0.469751 0.818914 
0.472627 0.814876 
0.475556 0.810766 
0.478536 0.806582 
0.481568 0.802324 
0.484649 0.797992 
0.487780 0.793584 
0.490960 0.789101 
0.494187 0.784540 
0.497461 0.779903 
0.500781 0.775187 
0.504146 0.770393 
0.507555 0.765519 
0.511007 0.760566 
0.514501 0.755531 
0.518035 0.750415 
0.521609 0.745217 
0.525221 0.739936 
0.528870 0.734572 
0.532555 0.729123 
0.536274 0.723589 
0.540026 0.717970 
0.543810 0.712265 
0.547623 0.706473 
0.551465 0.700594 
0.555333 0.694626 
0.559226 0.688570 
0.563143 0.682425 
0.567081 0.676190 
0.571039 0.669864 
0.575014 0.663448 
0.579005 0.656940 
0.583010 0.650341 
0.587026 0.643649 
0.591052 0.636864 
0.595084 0.629987 
0.599122 0.623016 
0.603162 0.615951 
0.607203 0.608793 
0.611241 0.601540 
0.615274 0.594193 
0.619300 0.586751 
0.623316 0.579215 
0.627319 0.571584 
0.631306 0.563858 
0.635275 0.556038 
0.639223 0.548122 
0.643146 0.540113 
0.647042 0.532009 
0.650907 0.523812 
0.654739 0.515521 
0.658534 0.507136 
0.662290 0.498659 
0.666001 0.490090 
0.669667 0.481429 
0.673282 0.472677 
0.676844 0.463835 
0.680349 0.454904 
0.683794 0.445884 
0.687175 0.436777 
0.690488 0.427583 
0.693730 0.418304 
0.696897 0.408941 
0.699987 0.399495 
0.702994 0.389967 
0.705915 0.380360 
0.708748 0.370674 
0.711487 0.360911 
0.714130 0.351073 
0.716672 0.341162 
0.719111 0.331179 
0.721443 0.321127 
0.723663 0.311007 
0.725769 0.300822 
0.727757 0.290573 
0.729624 0.280264 
0.731366 0.269897 
0.732980 0.259474 
0.734462 0.248997 
0.735811 0.238469 
0.737022 0.227894 
0.738093 0.217273 
0.739020 0.206610 
0.739802 0.195908 
0.740435 0.185169 
0.740918 0.174398 
0.741247 0.163596 
0.741420 0.152768 
0.741436 0.141917 
0.741293 0.131046 
0.740989 0.120159 
0.740523 0.109260 
0.739892 0.098351 
0.739097 0.087438 
0.738135 0.076524 
0.737007 0.065612 
0.735712 0.054707 
0.734250 0.043813 
0.732620 0.032934 
0.730822 0.022074 
0.728857 0.011237 
0.726726 0.000429 
0.724430 -0.010348 
0.721969 -0.021089 
0.719345 -0.031788 
0.716559 -0.042442 
0.713614 -0.053046 
0.710511 -0.063595 
0.707253 -0.074085 
0.703842 -0.084511 
0.700281 -0.094869 
0.696574 -0.105154 
0.692723 -0.115362 
0.688732 -0.125487 
0.684606 -0.135525 
0.680347 -0.145472 
0.675961 -0.155323 
0.671452 -0.165074 
0.666824 -0.174720 
0.662083 -0.184256 
0.657234 -0.193680 
0.652283 -0.202986 
0.647234 -0.212171 
0.642093 -0.221230 
0.636868 -0.230160 
0.631563 -0.238956 
0.626184 -0.247617 
0.620740 -0.256137 
0.615235 -0.264514 
0.609678 -0.272745 
0.604073 -0.280827 
0.598429 -0.288757 
0.592753 -0.296533 
0.587052 -0.304151 
0.581332 -0.311612 
0.575601 -0.318911 
0.569866 -0.326048 
0.564135 -0.333021 
0.558415 -0.339828 
0.552713 -0.346469 
0.547037 -0.352943 
0.541393 -0.359250 
0.535789 -0.365388 
0.530233 -0.371357 
0.524730 -0.377158 
0.519289 -0.382790 
0.513916 -0.388255 
0.508618 -0.393551 
0.503401 -0.398681 
0.498273 -0.403645 
0.493240 -0.408445 
0.488307 -0.413080 
0.483482 -0.417553 
0.478771 -0.421865 
0.474178 -0.426017 
0.469710 -0.430012 
0.465373 -0.433851 
0.461171 -0.437536 
0.457110 -0.441068 
0.453194 -0.444450 
0.449428 -0.447684 
0.445817 -0.450771 
0.442365 -0.453714 
0.439076 -0.456515 
0.435954 -0.459175 
0.433002 -0.461698 
0.430224 -0.464083 
0.427623 -0.466335 
0.425202 -0.468454 
0.422963 -0.470442 
0.420909 -0.472301 
0.419042 -0.474033 
0.417365 -0.475639 
0.415879 -0.477121 
0.414585 -0.478479 
0.413485 -0.479716 
0.412580 -0.480832 
0.411871 -0.481828 
0.411358 -0.482705 
0.411042 -0.483464 
0.410923 -0.484106 
0.411002 -0.484631 
0.411277 -0.485039 
0.411749 -0.485330 
0.412417 -0.485505 
0.413280 -0.485563 
0.414336 -0.485505 
0.415586 -0.485331 
0.417027 -0.485038 
0.418657 -0.484628 
0.420476 -0.484100 
0.422480 -0.483452 
0.424668 -0.482685 
0.427037 -0.481796 
0.429585 -0.480786 
0.432309 -0.479653 
0.435206 -0.478395 
0.438273 -0.477013 
0.441507 -0.475504 
0.444905 -0.473868 
0.448463 -0.472102 
0.452177 -0.470206 
0.456043 -0.468179 
0.460058 -0.466018 
0.464218 -0.463724 
0.468518 -0.461293 
0.472954 -0.458726 
0.477521 -0.456021 
0.482216 -0.453177 
0.487033 -0.450192 
0.491967 -0.447066 
0.497014 -0.443797 
0.502169 -0.440384 
0.507426 -0.436827 
0.512781 -0.433126 
0.518229 -0.429278 
0.523764 -0.425284 
0.529380 -0.421143 
0.535073 -0.416855 
0.540838 -0.412419 
0.546667 -0.407836 
0.552558 -0.403105 
0.558503 -0.398227 
0.564497 -0.393201 
0.570535 -0.388029 
0.576611 -0.382710 
0.582719 -0.377245 
0.588855 -0.371636 
0.595013 -0.365882 
0.601186 -0.359986 
0.607371 -0.353948 
0.613560 -0.347769 
0.619750 -0.341451 
0.625934 -0.334995 
0.632107 -0.328404 
0.638264 -0.321678 
0.644401 -0.314820 
0.650510 -0.307832 
0.656589 -0.300715 
0.662631 -0.293473 
0.668633 -0.286107 
0.674588 -0.278620 
0.680493 -0.271014 
0.686342 -0.263291 
0.692132 -0.255455 
0.697858 -0.247508 
0.703515 -0.239453 
0.709099 -0.231292 
0.714607 -0.223029 
0.720034 -0.214666 
0.725377 -0.206206 
0.730631 -0.197653 
0.735793 -0.189009 
0.740860 -0.180278 
0.745828 -0.171461 
0.750694 -0.162564 
0.755454 -0.153587 
0.760107 -0.144536 
0.764648 -0.135412 
0.769075 -0.126219 
0.773386 -0.116959 
0.777579 -0.107637 
0.781649 -0.098254 
0.785597 -0.088815 
0.789418 -0.079321 
0.793112 -0.069776 
0.796677 -0.060183 
0.800111 -0.050545 
0.803412 -0.040864 
0.806579 -0.031144 
0.809611 -0.021388 
0.812506 -0.011597 
0.815263 -0.001775 
0.817882 0.008075 
0.820362 0.017951 
0.822702 0.027850 
0.824902 0.037770 
0.826961 0.047707 
0.828878 0.057660 
0.830655 0.067626 
0.832290 0.077603 
0.833784 0.087588 
0.835137 0.097578 
0.836349 0.107572 
0.837421 0.117567 
0.838353 0.127560 
0.839146 0.137550 
0.839801 0.147535 
0.840318 0.157512 
0.840698 0.167479 
0.840943 0.177434 
0.841054 0.187374 
0.841031 0.197299 
0.840876 0.207205 
0.840590 0.217091 
0.840176 0.226955 
0.839633 0.236795 
0.838965 0.246609 
0.838172 0.256395 
0.837257 0.266152 
0.836221 0.275877 
0.835066 0.285568 
0.833794 0.295224 
0.832406 0.304844 
0.830906 0.314424 
0.829295 0.323965 
0.827574 0.333463 
0.825747 0.342918 
0.823815 0.352328 
0.821781 0.361691 
0.819646 0.371005 
0.817414 0.380270 
0.815086 0.389483 
0.812664 0.398643 
0.810152 0.407749 
0.807550 0.416800 
0.804863 0.425793 
0.802091 0.434727 
0.799238 0.443602 
0.796305 0.452416 
0.793296 0.461168 
0.790212 0.469856 
0.787056 0.478480 
0.783830 0.487037 
0.780537 0.495528 
0.777179 0.503951 
0.773758 0.512304 
0.770277 0.520588 
0.766738 0.528800 
0.763143 0.536941 
0.759495 0.545008 
0.755796 0.553002 
0.752049 0.560921 
0.748255 0.568764 
