0.380599 1.320049 
0.426749 1.327179 
0.474597 1.329911 
0.522718 1.328308 
0.569642 1.322370 
0.614025 1.312041 
0.654779 1.297233 
0.691148 1.277854 
0.722694 1.253841 
0.749244 1.225215 
0.770810 1.192136 
0.787509 1.154960 
0.799499 1.114297 
0.806932 1.071018 
0.809927 1.026239 
0.808559 0.981233 
0.802855 0.937306 
0.792806 0.895663 
0.778388 0.857295 
0.759583 0.822922 
0.736418 0.792990 
0.709006 0.767714 
0.677587 0.747138 
0.642578 0.731200 
0.604599 0.719789 
0.564476 0.712780 
0.523211 0.710064 
0.481908 0.711557 
0.441679 0.717201 
0.403544 0.726956 
0.368344 0.740783 
0.336708 0.758618 
0.309043 0.780353 
0.285563 0.805800 
0.266341 0.834659 
0.251348 0.866498 
0.240499 0.900739 
0.233685 0.936662 
0.230795 0.973438 
0.231723 1.010180 
0.236369 1.046009 
0.244639 1.080122 
0.256427 1.111841 
0.271608 1.140647 
0.290016 1.166185 
0.311433 1.188244 
0.335569 1.206738 
0.362057 1.221671 
0.390446 1.233106 
0.420212 1.241145 
0.450773 1.245910 
0.481518 1.247532 
0.511843 1.246150 
0.541180 1.241903 
0.569035 1.234941 
0.595002 1.225423 
0.618778 1.213524 
0.640156 1.199443 
0.659023 1.183399 
0.675341 1.165642 
0.689132 1.146444 
0.700465 1.126103 
0.709443 1.104932 
0.716188 1.083253 
0.720838 1.061386 
0.723543 1.039640 
0.724453 1.018296 
0.723727 0.997610 
0.721523 0.977793 
0.718000 0.959017 
0.713321 0.941411 
0.707646 0.925059 
0.701136 0.910009 
0.693947 0.896275 
0.686236 0.883843 
0.678153 0.872674 
0.669843 0.862712 
0.661442 0.853889 
0.653080 0.846127 
0.644875 0.839344 
0.636935 0.833453 
0.629360 0.828370 
0.622235 0.824012 
0.615638 0.820300 
0.609632 0.817158 
0.604275 0.814521 
0.599615 0.812326 
0.595688 0.810521 
0.592527 0.809060 
0.590157 0.807907 
0.588597 0.807037 
0.587860 0.806430 
0.587955 0.806078 
0.588885 0.805984 
0.590649 0.806158 
0.593239 0.806621 
0.596643 0.807403 
0.600843 0.808543 
0.605810 0.810090 
0.611510 0.812100 
0.617901 0.814639 
0.624926 0.817778 
0.632523 0.821597 
0.640612 0.826179 
0.649108 0.831613 
0.657908 0.837990 
0.666902 0.845403 
0.675965 0.853941 
0.684964 0.863690 
0.693757 0.874728 
0.702196 0.887119 
0.710126 0.900911 
0.717387 0.916129 
0.723819 0.932766 
0.729260 0.950784 
0.733548 0.970102 
0.736521 0.990596 
0.738021 1.012094 
0.737887 1.034379 
0.735964 1.057189 
0.732095 1.080230 
0.726130 1.103180 
0.717922 1.125702 
0.707334 1.147459 
0.694247 1.168124 
0.678566 1.187390 
0.660234 1.204974 
0.639249 1.220626 
0.615679 1.234128 
0.589680 1.245287 
0.561511 1.253936 
0.531536 1.259928 
0.500228 1.263128 
0.468145 1.263404 
0.435904 1.260631 
0.404147 1.254677 
0.373497 1.245415 
0.344527 1.232721 
0.317731 1.216489 
0.293516 1.196652 
0.272197 1.173202 
0.254005 1.146229 
0.239106 1.115949 
0.227612 1.082735 
0.219606 1.047132 
0.215155 1.009845 
0.214325 0.971710 
0.217192 0.933630 
0.223846 0.896507 
0.234394 0.861169 
0.248946 0.828319 
0.267604 0.798507 
0.290428 0.772126 
0.317396 0.749428 
0.348364 0.730554 
0.383011 0.715563 
0.420810 0.704466 
0.461012 0.697253 
0.502680 0.693914 
0.544751 0.694459 
0.586133 0.698922 
0.625808 0.707373 
0.662908 0.719910 
0.696769 0.736643 
0.726936 0.757675 
0.753143 0.783062 
0.775276 0.812763 
0.793328 0.846589 
0.807354 0.884147 
0.817442 0.924807 
0.823679 0.967701 
0.826134 1.011769 
0.824842 1.055852 
0.819797 1.098807 
0.810951 1.139612 
0.798216 1.177451 
0.781482 1.211744 
0.760636 1.242139 
0.735602 1.268482 
0.706377 1.290761 
0.673091 1.309059 
0.636055 1.323514 
0.595802 1.334282 
0.553098 1.341514 
0.508908 1.345335 
0.464324 1.345836 
0.420457 1.343066 
0.378330 1.337029 
0.338787 1.327687 
0.302447 1.314966 
0.269702 1.298767 
0.240738 1.278985 
0.215581 1.255535 
0.194148 1.228386 
0.176281 1.197596 
0.161793 1.163356 
0.150486 1.126026 
0.142174 1.086148 
0.136691 1.044445 
0.133904 1.001776 
0.133712 0.959069 
0.136049 0.917239 
0.140886 0.877101 
0.148228 0.839320 
0.158109 0.804373 
0.170585 0.772554 
0.185730 0.743996 
0.203619 0.718702 
0.224316 0.696582 
0.247859 0.677486 
0.274232 0.661233 
0.303352 0.647625 
0.335041 0.636472 
0.369014 0.627590 
0.404873 0.620815 
0.442115 0.616005 
0.480156 0.613038 
0.518368 0.611816 
0.556123 0.612263 
0.592840 0.614325 
0.628020 0.617967 
0.661269 0.623175 
0.692309 0.629949 
0.720969 0.638303 
0.747175 0.648265 
0.770934 0.659868 
0.792307 0.673150 
0.811398 0.688151 
0.828338 0.704902 
0.843267 0.723425 
0.856334 0.743724 
0.867682 0.765775 
0.877449 0.789527 
0.885762 0.814888 
0.892738 0.841725 
0.898483 0.869859 
0.903090 0.899068 
0.906640 0.929093 
0.909204 0.959643 
0.910843 0.990409 
0.911606 1.021082 
0.911536 1.051358 
0.910663 1.080960 
0.909013 1.109643 
0.906603 1.137207 
0.903442 1.163491 
0.899536 1.188382 
0.894881 1.211809 
0.889471 1.233736 
0.883294 1.254161 
0.876335 1.273103 
0.868573 1.290605 
0.859985 1.306722 
0.850547 1.321519 
0.840231 1.335066 
0.829009 1.347436 
0.816854 1.358704 
0.803738 1.368942 
0.789638 1.378218 
0.774534 1.386601 
0.758410 1.394150 
0.741260 1.400926 
0.723087 1.406980 
0.703903 1.412362 
0.683737 1.417115 
0.662629 1.421281 
0.640640 1.424895 
0.617843 1.427988 
0.594334 1.430589 
0.570220 1.432722 
0.545628 1.434409 
0.520694 1.435667 
0.495565 1.436510 
0.470393 1.436950 
0.445332 1.436995 
0.420531 1.436651 
0.396132 1.435921 
0.372266 1.434804 
0.349051 1.433298 
0.326587 1.431396 
0.304959 1.429089 
0.284233 1.426367 
0.264457 1.423215 
0.245666 1.419614 
0.227877 1.415545 
0.211096 1.410983 
0.195317 1.405902 
0.180525 1.400271 
0.166698 1.394057 
0.153808 1.387221 
0.141820 1.379724 
0.130701 1.371521 
0.120410 1.362566 
0.110910 1.352808 
0.102160 1.342195 
0.094120 1.330671 
0.086753 1.318182 
0.080020 1.304673 
0.073884 1.290089 
0.068311 1.274380 
0.063268 1.257502 
0.058723 1.239420 
0.054645 1.220110 
0.051009 1.199562 
0.047786 1.177789 
0.044954 1.154824 
0.042490 1.130725 
0.040374 1.105581 
0.038586 1.079510 
0.037109 1.052658 
0.035929 1.025199 
0.035030 0.997330 
0.034402 0.969264 
0.034032 0.941222 
0.033912 0.913427 
0.034034 0.886092 
0.034390 0.859414 
0.034977 0.833569 
0.035789 0.808704 
0.036824 0.784939 
0.038079 0.762361 
0.039554 0.741029 
0.041250 0.720977 
0.043166 0.702212 
0.045305 0.684724 
0.047670 0.668485 
0.050262 0.653455 
0.053087 0.639584 
0.056148 0.626815 
0.059449 0.615086 
0.062995 0.604336 
0.066791 0.594500 
0.070841 0.585515 
0.075149 0.577318 
0.079721 0.569850 
0.084559 0.563055 
0.089666 0.556877 
0.095044 0.551267 
0.100695 0.546175 
0.106618 0.541558 
0.112812 0.537374 
0.119274 0.533585 
0.125998 0.530155 
0.132979 0.527052 
0.140207 0.524245 
0.147671 0.521707 
0.155358 0.519413 
0.163253 0.517340 
0.171337 0.515467 
0.179590 0.513774 
0.187990 0.512245 
0.196511 0.510863 
0.205125 0.509615 
0.213804 0.508487 
0.222516 0.507469 
0.231228 0.506549 
0.239907 0.505718 
0.248518 0.504968 
0.257023 0.504292 
0.265388 0.503682 
0.273576 0.503134 
0.281550 0.502643 
0.289276 0.502202 
0.296719 0.501810 
0.303844 0.501463 
0.310620 0.501157 
0.317016 0.500891 
0.323003 0.500662 
0.328553 0.500468 
0.333641 0.500310 
0.338243 0.500184 
0.342338 0.500092 
0.345905 0.500031 
0.348927 0.500003 
0.351388 0.500006 
0.353273 0.500040 
0.354572 0.500106 
0.355274 0.500205 
0.355371 0.500336 
0.354856 0.500500 
0.353727 0.500699 
0.351981 0.500933 
0.349619 0.501203 
0.346643 0.501511 
0.343058 0.501859 
0.338874 0.502249 
0.334099 0.502684 
0.328749 0.503166 
0.322840 0.503700 
0.316392 0.504290 
0.309429 0.504940 
0.301978 0.505658 
0.294070 0.506450 
0.285738 0.507324 
0.277021 0.508290 
0.267958 0.509360 
0.258593 0.510546 
0.248972 0.511864 
0.239143 0.513330 
0.229156 0.514967 
0.219061 0.516795 
0.208910 0.518844 
0.198753 0.521143 
0.188640 0.523729 
0.178621 0.526642 
0.168740 0.529929 
0.159043 0.533644 
0.149569 0.537849 
0.140357 0.542613 
0.131441 0.548019 
0.122851 0.554158 
0.114614 0.561134 
0.106754 0.569065 
0.099290 0.578087 
0.092239 0.588349 
0.085617 0.600020 
0.079435 0.613283 
0.073704 0.628342 
0.068436 0.645412 
0.063639 0.664715 
0.059325 0.686476 
0.055507 0.710905 
0.052199 0.738177 
0.049421 0.768413 
0.047197 0.801644 
0.045558 0.837778 
0.044542 0.876574 
0.044198 0.917616 
0.044586 0.960318 
0.045783 1.003946 
0.047878 1.047673 
0.050983 1.090654 
0.055231 1.132100 
0.060782 1.171345 
0.067822 1.207885 
0.076573 1.241393 
0.087289 1.271705 
0.100263 1.298791 
0.115822 1.322724 
0.134326 1.343639 
0.156156 1.361711 
0.181692 1.377126 
0.211282 1.390063 
0.245189 1.400687 
0.283525 1.409131 
0.326169 1.415496 
0.372693 1.419845 
0.422310 1.422196 
0.473890 1.422525 
0.526050 1.420754 
0.577312 1.416759 
0.626302 1.410359 
0.671901 1.401322 
0.713341 1.389361 
0.750204 1.374137 
0.782372 1.355273 
0.809943 1.332369 
0.833146 1.305032 
0.852269 1.272933 
0.867607 1.235876 
0.879425 1.193896 
0.887937 1.147357 
0.893294 1.097032 
0.895570 1.044119 
0.894764 0.990163 
0.890801 0.936867 
0.883528 0.885864 
0.872725 0.838501 
0.858114 0.795717 
0.839369 0.758027 
0.816150 0.725586 
0.788137 0.698298 
0.755098 0.675919 
0.716970 0.658147 
0.673955 0.644684 
0.626618 0.635277 
0.575940 0.629745 
0.523299 0.627985 
0.470342 0.629984 
0.418777 0.635811 
0.370147 0.645610 
0.325645 0.659586 
0.286044 0.677986 
0.251719 0.701064 
0.222734 0.729037 
0.198950 0.762022 
0.180126 0.799950 
0.165996 0.842483 
0.156320 0.888934 
0.150918 0.938239 
0.149687 0.989003 
0.152602 1.039636 
0.159714 1.088548 
0.171138 1.134345 
0.187032 1.175971 
0.207567 1.212752 
0.232888 1.244366 
0.263057 1.270756 
0.297989 1.292034 
0.337370 1.308395 
