0.720968 -0.247901 
0.731240 -0.239820 
0.740883 -0.231235 
0.750823 -0.221358 
0.758795 -0.212332 
0.766991 -0.202071 
0.774554 -0.191362 
0.782272 -0.179163 
0.788303 -0.168245 
0.794436 -0.155933 
0.799956 -0.143281 
0.805490 -0.128998 
0.809659 -0.116438 
0.813802 -0.102389 
0.817360 -0.088196 
0.820794 -0.072319 
0.823188 -0.058581 
0.825427 -0.043343 
0.827117 -0.028223 
0.828534 -0.011469 
0.829233 0.002832 
0.829632 0.018565 
0.829525 0.033816 
0.828984 0.050553 
0.828023 0.064694 
0.826602 0.080119 
0.824740 0.094728 
0.822266 0.110611 
0.819642 0.123912 
0.816378 0.138307 
0.812760 0.151641 
0.808335 0.166017 
0.804014 0.177948 
0.798852 0.190769 
0.793440 0.202432 
0.787009 0.214905 
0.780938 0.225151 
0.773814 0.236091 
0.766417 0.246116 
0.758053 0.256296 
0.750043 0.264934 
0.741049 0.273708 
0.731728 0.281807 
0.721328 0.289937 
0.711478 0.296768 
0.700555 0.303616 
0.689365 0.309855 
0.677002 0.316040 
0.665425 0.321149 
0.652714 0.326192 
0.639859 0.330682 
0.625789 0.335048 
0.612772 0.338547 
0.598613 0.341911 
0.584469 0.344784 
0.569135 0.347464 
0.555145 0.349468 
0.540071 0.351269 
0.525193 0.352637 
0.509219 0.353741 
0.494854 0.354347 
0.479523 0.354677 
0.464588 0.354622 
0.448704 0.354224 
0.434620 0.353494 
0.419722 0.352409 
0.405390 0.350981 
0.390280 0.349117 
0.377067 0.347083 
0.363201 0.344605 
0.350005 0.341816 
0.336196 0.338487 
0.324280 0.335150 
0.311860 0.331269 
0.300151 0.327103 
0.287976 0.322282 
0.277593 0.317620 
0.266831 0.312303 
0.256778 0.306730 
0.246379 0.300378 
0.237608 0.294362 
0.228561 0.287579 
0.220175 0.280565 
0.211542 0.272649 
0.204342 0.265263 
0.196949 0.256999 
0.190151 0.248542 
0.183185 0.239064 
0.177449 0.230332 
0.171586 0.220626 
0.166247 0.210778 
0.160809 0.199811 
0.156398 0.189827 
0.151921 0.178803 
0.147895 0.167700 
0.143829 0.155417 
0.140602 0.144367 
0.137361 0.132246 
0.134508 0.120135 
0.131671 0.106835 
0.129497 0.095008 
0.127359 0.082130 
0.125551 0.069358 
0.123814 0.055442 
0.122578 0.043206 
0.121425 0.029993 
0.120558 0.016986 
0.119811 0.002927 
0.119420 -0.009296 
0.119155 -0.022393 
0.119141 -0.035203 
0.119295 -0.048933 
0.119674 -0.060746 
0.120218 -0.073306 
0.120988 -0.085519 
0.121972 -0.098516 
0.124351 -0.121282 
0.125851 -0.132600 
0.127607 -0.144561 
0.131344 -0.165271 
0.136012 -0.186254 
0.141021 -0.204683 
0.147020 -0.223218 
0.153222 -0.239319 
0.160471 -0.255424 
0.167783 -0.269284 
0.176192 -0.283091 
0.184517 -0.294876 
0.193976 -0.306582 
0.203198 -0.316498 
0.213573 -0.326328 
0.223552 -0.334597 
0.234681 -0.342778 
0.245249 -0.349613 
0.256941 -0.356366 
0.267909 -0.361967 
0.279947 -0.367492 
0.291106 -0.372041 
0.303260 -0.376520 
0.314391 -0.380177 
0.326423 -0.383771 
0.337307 -0.386676 
0.348988 -0.389528 
0.359407 -0.391801 
0.370530 -0.394037 
0.390671 -0.397514 
0.409087 -0.400144 
0.425515 -0.402086 
0.439750 -0.403477 
0.451644 -0.404429 
0.461093 -0.405036 
0.468030 -0.405368 
0.472422 -0.405480 
0.474255 -0.405403 
0.473535 -0.405153 
0.470285 -0.404724 
0.464543 -0.404093 
0.456370 -0.403219 
0.445846 -0.402042 
0.433085 -0.400483 
0.418233 -0.398448 
0.401481 -0.395820 
0.383064 -0.392467 
0.363262 -0.388235 
0.342402 -0.382948 
0.320843 -0.376409 
0.298970 -0.368394 
0.277175 -0.358656 
0.255843 -0.346920 
0.235336 -0.332886 
0.225203 -0.324633 
0.215982 -0.316233 
0.206578 -0.306527 
0.198065 -0.296631 
0.189508 -0.285297 
0.181824 -0.273752 
0.174218 -0.260638 
0.167459 -0.247302 
0.160885 -0.232274 
0.155133 -0.217058 
0.149663 -0.200047 
0.144987 -0.182918 
0.140686 -0.163944 
0.137148 -0.144965 
0.134080 -0.124167 
0.131747 -0.103531 
0.129982 -0.081181 
0.128930 -0.059235 
0.128550 -0.035769 
0.128869 -0.012993 
0.129976 0.011020 
0.131774 0.034035 
0.134493 0.057952 
0.137900 0.080556 
0.142377 0.103701 
0.147550 0.125289 
0.153960 0.147070 
0.161074 0.167107 
0.165336 0.177465 
0.169609 0.187042 
0.178857 0.205133 
0.184301 0.214383 
0.189721 0.222885 
0.195532 0.231165 
0.201294 0.238777 
0.208022 0.246811 
0.214682 0.254149 
0.221766 0.261237 
0.228753 0.267710 
0.236847 0.274479 
0.244821 0.280617 
0.253242 0.286488 
0.261506 0.291807 
0.271010 0.297303 
0.280326 0.302238 
0.290098 0.306896 
0.299635 0.311068 
0.310535 0.315307 
0.321157 0.319056 
0.332212 0.322515 
0.342924 0.325554 
0.355090 0.328549 
0.366867 0.331124 
0.390739 0.335322 
0.403943 0.337083 
0.416616 0.338490 
0.441968 0.340383 
0.455845 0.340899 
0.469030 0.341124 
0.495043 0.340676 
0.522355 0.338921 
0.548086 0.336052 
0.574670 0.331678 
0.599163 0.326272 
0.624066 0.319124 
0.646550 0.311024 
0.669073 0.300896 
0.688925 0.289960 
0.708538 0.276672 
0.725439 0.262753 
0.741860 0.246165 
0.755660 0.229192 
0.762666 0.219004 
0.768765 0.209294 
0.779454 0.189314 
0.784726 0.177483 
0.789240 0.166274 
0.793341 0.154603 
0.796848 0.143559 
0.800406 0.130297 
0.803349 0.117813 
0.805867 0.104981 
0.807916 0.092912 
0.809776 0.078595 
0.811156 0.065215 
0.812102 0.051642 
0.812693 0.038966 
0.812852 0.024136 
0.812656 0.010387 
0.812015 -0.003393 
0.811125 -0.016164 
0.809556 -0.030888 
0.807743 -0.044422 
0.805477 -0.057804 
0.803058 -0.070106 
0.799710 -0.084076 
0.796224 -0.096810 
0.792271 -0.109247 
0.788256 -0.120587 
0.783065 -0.133260 
0.777838 -0.144712 
0.772132 -0.155758 
0.766458 -0.165751 
0.759364 -0.176737 
0.752337 -0.186578 
0.744837 -0.195936 
0.737468 -0.204326 
0.728458 -0.213388 
0.719628 -0.221417 
0.710341 -0.228938 
0.701300 -0.235602 
0.690436 -0.242636 
0.679885 -0.248776 
0.668923 -0.254397 
0.658349 -0.259284 
0.645838 -0.264266 
0.633791 -0.268497 
0.621387 -0.272215 
0.609579 -0.275321 
0.595786 -0.278264 
0.582638 -0.280593 
0.556632 -0.283741 
0.542098 -0.284657 
0.528427 -0.285090 
0.501784 -0.284555 
0.487068 -0.283407 
0.473652 -0.281967 
0.447687 -0.277709 
0.433666 -0.274495 
0.421014 -0.271147 
0.396958 -0.263107 
0.384274 -0.257810 
0.372934 -0.252529 
0.351787 -0.240677 
0.340914 -0.233310 
0.331283 -0.226103 
0.321969 -0.218190 
0.313712 -0.210499 
0.304933 -0.201142 
0.297246 -0.192090 
0.289974 -0.182353 
0.283610 -0.172972 
0.277057 -0.161821 
0.271419 -0.151120 
0.266264 -0.139810 
0.261859 -0.128995 
0.257558 -0.116399 
0.253998 -0.104407 
0.250968 -0.091935 
0.248531 -0.080100 
0.246462 -0.066578 
0.244971 -0.053809 
0.244044 -0.040745 
0.243564 -0.028462 
0.243692 -0.014671 
0.244252 -0.001769 
0.246852 0.023305 
0.249155 0.036682 
0.251734 0.049028 
0.258267 0.072514 
0.267272 0.096018 
0.277603 0.116815 
0.290586 0.137120 
0.304470 0.154473 
0.321093 0.170900 
0.338168 0.184437 
0.357879 0.196668 
0.377559 0.206235 
0.399565 0.214199 
0.421014 0.219797 
0.444286 0.223571 
0.466469 0.225293 
0.489837 0.225036 
0.511635 0.223034 
0.533936 0.218959 
0.554288 0.213443 
0.574519 0.205819 
0.592562 0.197070 
0.610007 0.186225 
0.625127 0.174649 
0.639331 0.161023 
0.651220 0.147136 
0.661952 0.131360 
0.670572 0.115733 
0.677841 0.098542 
0.683278 0.081849 
0.687251 0.064028 
0.689686 0.047013 
0.690621 0.029331 
0.690308 0.012728 
0.688503 -0.004164 
0.685771 -0.019671 
0.681603 -0.035133 
0.676789 -0.049138 
0.670673 -0.062753 
0.664144 -0.074970 
0.656496 -0.086537 
0.648668 -0.096814 
0.631209 -0.114614 
0.612600 -0.128550 
0.593619 -0.138968 
0.574951 -0.146317 
0.557162 -0.151106 
0.540692 -0.153863 
0.525852 -0.155106 
0.512842 -0.155327 
0.501771 -0.154971 
0.492690 -0.154431 
0.485616 -0.154031 
0.480552 -0.154028 
0.477514 -0.154602 
0.476541 -0.155853 
0.477699 -0.157797 
0.481084 -0.160359 
0.486810 -0.163372 
0.494994 -0.166578 
0.505731 -0.169620 
0.519059 -0.172057 
0.534927 -0.173370 
0.553152 -0.172974 
0.573391 -0.170241 
0.595119 -0.164525 
0.617629 -0.155190 
0.640059 -0.141652 
0.661437 -0.123437 
0.671214 -0.112573 
0.680737 -0.100246 
0.689070 -0.086969 
0.696944 -0.072053 
0.703428 -0.056399 
0.709098 -0.039194 
0.713246 -0.021578 
0.716323 -0.002452 
0.717757 0.016555 
0.717836 0.036936 
0.716227 0.056644 
0.712946 0.077342 
0.707985 0.096933 
0.701062 0.116920 
0.692522 0.135369 
0.681725 0.153813 
0.669482 0.170271 
0.654695 0.186359 
0.638767 0.200148 
0.620092 0.213208 
0.600705 0.223836 
0.578581 0.233352 
0.556189 0.240487 
0.531518 0.246077 
0.507112 0.249404 
0.480979 0.250872 
0.455844 0.250181 
0.443098 0.249040 
0.429562 0.247340 
0.417656 0.245199 
0.405059 0.242473 
0.392876 0.239180 
0.380021 0.235140 
0.369005 0.230939 
0.357415 0.225971 
0.346394 0.220464 
0.334837 0.213995 
0.325200 0.207705 
0.315120 0.200451 
0.305715 0.192709 
0.295930 0.183786 
0.288006 0.175444 
0.279782 0.165939 
0.272272 0.156029 
0.264568 0.144753 
0.258537 0.134495 
0.252362 0.122913 
0.246839 0.110955 
0.241457 0.097749 
0.237336 0.085753 
0.233366 0.072578 
0.230001 0.059138 
0.226925 0.044465 
0.224821 0.031298 
0.223024 0.017011 
0.221845 0.002808 
0.221102 -0.012548 
0.221053 -0.026150 
0.221469 -0.040777 
0.222470 -0.054958 
0.224078 -0.070156 
0.226109 -0.083392 
0.228781 -0.097513 
0.231977 -0.110922 
0.235981 -0.125179 
0.240121 -0.137350 
0.245101 -0.150237 
0.250529 -0.162251 
0.256992 -0.174926 
0.263268 -0.185520 
0.270602 -0.196658 
0.278286 -0.206852 
0.287244 -0.217520 
0.295644 -0.226232 
0.305324 -0.235320 
0.315222 -0.243471 
0.326619 -0.251911 
0.337034 -0.258611 
0.348921 -0.265521 
0.360871 -0.271563 
0.374469 -0.277696 
0.386630 -0.282373 
0.400381 -0.287088 
0.414197 -0.291100 
0.429326 -0.294865 
0.442927 -0.297611 
0.457788 -0.300115 
0.472695 -0.302034 
0.488798 -0.303568 
0.503047 -0.304363 
0.518357 -0.304767 
0.533547 -0.304622 
0.549769 -0.303951 
0.563848 -0.302815 
0.578807 -0.301148 
0.593450 -0.298944 
0.608928 -0.296054 
0.622100 -0.292984 
0.635966 -0.289227 
0.649355 -0.284938 
0.663381 -0.279778 
0.675088 -0.274745 
0.687314 -0.268850 
0.698959 -0.262429 
0.711061 -0.254931 
