-0.627017 -0.730597 
-0.619439 -0.739781 
-0.611838 -0.748817 
-0.604216 -0.757706 
-0.596578 -0.766448 
-0.588929 -0.775041 
-0.581271 -0.783487 
-0.573610 -0.791786 
-0.565948 -0.799937 
-0.558289 -0.807942 
-0.550637 -0.815801 
-0.542996 -0.823513 
-0.535368 -0.831080 
-0.527757 -0.838502 
-0.520166 -0.845780 
-0.512599 -0.852915 
-0.505058 -0.859907 
-0.497546 -0.866757 
-0.490067 -0.873466 
-0.482622 -0.880035 
-0.475215 -0.886465 
-0.467848 -0.892756 
-0.460524 -0.898911 
-0.453245 -0.904929 
-0.446013 -0.910813 
-0.438831 -0.916563 
-0.431702 -0.922180 
-0.424626 -0.927666 
-0.417606 -0.933022 
-0.410645 -0.938249 
-0.403743 -0.943349 
-0.396904 -0.948322 
-0.390128 -0.953171 
-0.383417 -0.957896 
-0.376774 -0.962499 
-0.370199 -0.966981 
-0.363694 -0.971345 
-0.357261 -0.975590 
-0.350901 -0.979719 
-0.344615 -0.983734 
-0.338405 -0.987635 
-0.332273 -0.991424 
-0.326218 -0.995103 
-0.320242 -0.998673 
-0.314347 -1.002136 
-0.308534 -1.005492 
-0.302803 -1.008745 
-0.297155 -1.011895 
-0.291592 -1.014944 
-0.286114 -1.017893 
-0.280723 -1.020743 
-0.275418 -1.023497 
-0.270201 -1.026156 
-0.265073 -1.028722 
-0.260034 -1.031195 
-0.255085 -1.033577 
-0.250226 -1.035871 
-0.245459 -1.038076 
-0.240784 -1.040196 
-0.236201 -1.042231 
-0.231710 -1.044182 
-0.227314 -1.046052 
-0.223011 -1.047841 
-0.218803 -1.049552 
-0.214689 -1.051184 
-0.210671 -1.052741 
-0.206749 -1.054222 
-0.202922 -1.055630 
-0.199192 -1.056966 
-0.195559 -1.058230 
-0.192023 -1.059425 
-0.188585 -1.060552 
-0.185244 -1.061611 
-0.182002 -1.062604 
-0.178857 -1.063532 
-0.175812 -1.064397 
-0.172865 -1.065199 
-0.170017 -1.065940 
-0.167269 -1.066620 
-0.164620 -1.067240 
-0.162071 -1.067803 
-0.159622 -1.068308 
-0.157273 -1.068756 
-0.155024 -1.069149 
-0.152875 -1.069487 
-0.150827 -1.069772 
-0.148880 -1.070004 
-0.147033 -1.070183 
-0.145288 -1.070311 
-0.143643 -1.070389 
-0.142100 -1.070416 
-0.140657 -1.070394 
-0.139316 -1.070324 
-0.138077 -1.070206 
-0.136939 -1.070040 
-0.135902 -1.069827 
-0.134967 -1.069567 
-0.134134 -1.069262 
-0.133402 -1.068911 
-0.132772 -1.068514 
-0.132244 -1.068073 
-0.131818 -1.067587 
-0.131493 -1.067057 
-0.131270 -1.066483 
-0.131149 -1.065865 
-0.131130 -1.065203 
-0.131213 -1.064498 
-0.131397 -1.063749 
-0.131684 -1.062956 
-0.132072 -1.062121 
-0.132562 -1.061241 
-0.133154 -1.060319 
-0.133847 -1.059352 
-0.134642 -1.058342 
-0.135539 -1.057288 
-0.136537 -1.056190 
-0.137637 -1.055047 
-0.138839 -1.053860 
-0.140142 -1.052627 
-0.141546 -1.051349 
-0.143052 -1.050025 
-0.144658 -1.048655 
-0.146366 -1.047239 
-0.148175 -1.045775 
-0.150085 -1.044263 
-0.152096 -1.042703 
-0.154207 -1.041094 
-0.156419 -1.039435 
-0.158732 -1.037725 
-0.161145 -1.035964 
-0.163658 -1.034152 
-0.166271 -1.032287 
-0.168984 -1.030367 
-0.171797 -1.028394 
-0.174710 -1.026365 
-0.177722 -1.024279 
-0.180833 -1.022136 
-0.184043 -1.019935 
-0.187352 -1.017674 
-0.190759 -1.015352 
-0.194265 -1.012969 
-0.197869 -1.010522 
-0.201570 -1.008011 
-0.205369 -1.005435 
-0.209265 -1.002792 
-0.213258 -1.000081 
-0.217347 -0.997300 
-0.221532 -0.994449 
-0.225813 -0.991525 
-0.230190 -0.988528 
-0.234661 -0.985455 
-0.239226 -0.982306 
-0.243886 -0.979079 
-0.248639 -0.975772 
-0.253484 -0.972383 
-0.258422 -0.968911 
-0.263451 -0.965355 
-0.268572 -0.961713 
-0.273782 -0.957982 
-0.279082 -0.954162 
-0.284471 -0.950250 
-0.289948 -0.946245 
-0.295512 -0.942145 
-0.301162 -0.937948 
-0.306897 -0.933652 
-0.312716 -0.929256 
-0.318619 -0.924757 
-0.324603 -0.920154 
-0.330669 -0.915445 
-0.336814 -0.910628 
-0.343037 -0.905701 
-0.349337 -0.900662 
-0.355713 -0.895510 
-0.362162 -0.890241 
-0.368684 -0.884855 
-0.375277 -0.879350 
-0.381938 -0.873723 
-0.388666 -0.867972 
-0.395460 -0.862096 
-0.402317 -0.856093 
-0.409234 -0.849961 
-0.416211 -0.843698 
-0.423244 -0.837302 
-0.430330 -0.830772 
-0.437469 -0.824105 
-0.444656 -0.817300 
-0.451890 -0.810354 
-0.459166 -0.803267 
-0.466483 -0.796037 
-0.473838 -0.788661 
-0.481226 -0.781139 
-0.488644 -0.773469 
-0.496090 -0.765649 
-0.503559 -0.757678 
-0.511048 -0.749555 
-0.518553 -0.741277 
-0.526070 -0.732845 
-0.533594 -0.724257 
-0.541121 -0.715512 
-0.548648 -0.706608 
-0.556168 -0.697545 
-0.563678 -0.688323 
-0.571173 -0.678940 
-0.578647 -0.669396 
-0.586096 -0.659690 
-0.593513 -0.649823 
-0.600894 -0.639793 
-0.608234 -0.629601 
-0.615525 -0.619247 
-0.622762 -0.608731 
-0.629940 -0.598054 
-0.637051 -0.587215 
-0.644090 -0.576215 
-0.651050 -0.565055 
-0.657925 -0.553737 
-0.664707 -0.542260 
-0.671391 -0.530627 
-0.677969 -0.518838 
-0.684434 -0.506896 
-0.690778 -0.494802 
-0.696996 -0.482557 
-0.703078 -0.470165 
-0.709019 -0.457626 
-0.714810 -0.444944 
-0.720445 -0.432122 
-0.725915 -0.419161 
-0.731212 -0.406065 
-0.736331 -0.392837 
-0.741262 -0.379480 
-0.745998 -0.365998 
-0.750532 -0.352394 
-0.754856 -0.338671 
-0.758963 -0.324834 
-0.762846 -0.310887 
-0.766496 -0.296834 
-0.769907 -0.282678 
-0.773072 -0.268426 
-0.775984 -0.254080 
-0.778637 -0.239646 
-0.781023 -0.225129 
-0.783136 -0.210533 
-0.784971 -0.195864 
-0.786520 -0.181126 
-0.787780 -0.166326 
-0.788744 -0.151469 
-0.789407 -0.136559 
-0.789765 -0.121604 
-0.789813 -0.106609 
-0.789548 -0.091579 
-0.788965 -0.076521 
-0.788062 -0.061441 
-0.786836 -0.046346 
-0.785285 -0.031242 
-0.783405 -0.016136 
-0.781197 -0.001035 
-0.778659 0.014055 
-0.775791 0.029125 
-0.772592 0.044169 
-0.769064 0.059179 
-0.765206 0.074147 
-0.761022 0.089066 
-0.756512 0.103927 
-0.751679 0.118722 
-0.746526 0.133442 
-0.741058 0.148080 
-0.735277 0.162627 
-0.729189 0.177073 
-0.722798 0.191410 
-0.716111 0.205629 
-0.709134 0.219720 
-0.701872 0.233676 
-0.694334 0.247486 
-0.686527 0.261142 
-0.678458 0.274635 
-0.670137 0.287955 
-0.661573 0.301094 
-0.652775 0.314043 
-0.643752 0.326794 
-0.634515 0.339337 
-0.625075 0.351665 
-0.615443 0.363770 
-0.605629 0.375644 
-0.595646 0.387280 
-0.585506 0.398671 
-0.575220 0.409810 
-0.564801 0.420691 
-0.554262 0.431309 
-0.543616 0.441659 
-0.532875 0.451735 
-0.522054 0.461533 
-0.511163 0.471050 
-0.500219 0.480283 
-0.489233 0.489229 
-0.478219 0.497886 
-0.467190 0.506253 
-0.456159 0.514329 
-0.445141 0.522114 
-0.434147 0.529608 
-0.423191 0.536812 
-0.412285 0.543728 
-0.401442 0.550359 
-0.390675 0.556706 
-0.379996 0.562774 
-0.369416 0.568565 
-0.358947 0.574085 
-0.348601 0.579339 
-0.338389 0.584331 
-0.328321 0.589067 
-0.318408 0.593554 
-0.308661 0.597797 
-0.299088 0.601805 
-0.289700 0.605584 
-0.280505 0.609142 
-0.271513 0.612486 
-0.262732 0.615624 
-0.254169 0.618565 
-0.245833 0.621317 
-0.237731 0.623888 
-0.229869 0.626287 
-0.222256 0.628522 
-0.214896 0.630602 
-0.207796 0.632535 
-0.200962 0.634330 
-0.194398 0.635995 
-0.188111 0.637537 
-0.182103 0.638966 
-0.176381 0.640289 
-0.170947 0.641513 
-0.165806 0.642647 
-0.160961 0.643696 
-0.156416 0.644667 
-0.152172 0.645568 
-0.148233 0.646404 
-0.144600 0.647180 
-0.141277 0.647903 
-0.138265 0.648576 
-0.135566 0.649206 
-0.133180 0.649794 
-0.131110 0.650346 
-0.129355 0.650864 
-0.127917 0.651352 
-0.126796 0.651810 
-0.125992 0.652241 
-0.125506 0.652647 
-0.125337 0.653028 
-0.125485 0.653384 
-0.125949 0.653715 
-0.126729 0.654021 
-0.127824 0.654301 
-0.129232 0.654553 
-0.130952 0.654774 
-0.132983 0.654964 
-0.135323 0.655118 
-0.137970 0.655233 
-0.140922 0.655307 
-0.144176 0.655334 
-0.147731 0.655311 
-0.151583 0.655232 
-0.155729 0.655093 
-0.160167 0.654887 
-0.164892 0.654611 
-0.169902 0.654256 
-0.175192 0.653818 
-0.180759 0.653290 
-0.186599 0.652665 
-0.192706 0.651936 
-0.199077 0.651097 
-0.205706 0.650139 
-0.212589 0.649057 
-0.219719 0.647843 
-0.227092 0.646490 
-0.234702 0.644990 
-0.242542 0.643335 
-0.250606 0.641520 
-0.258888 0.639536 
-0.267381 0.637377 
-0.276078 0.635036 
-0.284972 0.632505 
-0.294056 0.629779 
-0.303321 0.626850 
-0.312761 0.623713 
-0.322366 0.620361 
-0.332129 0.616790 
-0.342041 0.612993 
-0.352093 0.608965 
-0.362278 0.604703 
-0.372584 0.600200 
-0.383004 0.595454 
-0.393527 0.590460 
-0.404145 0.585216 
-0.414847 0.579718 
-0.425624 0.573964 
-0.436465 0.567952 
-0.447361 0.561681 
-0.458301 0.555148 
-0.469276 0.548354 
-0.480274 0.541298 
-0.491285 0.533981 
-0.502299 0.526402 
-0.513305 0.518563 
-0.524294 0.510466 
-0.535254 0.502112 
-0.546174 0.493503 
-0.557046 0.484642 
-0.567857 0.475533 
-0.578599 0.466178 
-0.589261 0.456581 
-0.599832 0.446748 
-0.610303 0.436681 
-0.620665 0.426386 
-0.630906 0.415868 
-0.641019 0.405132 
-0.650994 0.394185 
-0.660822 0.383031 
-0.670493 0.371677 
-0.680000 0.360129 
-0.689333 0.348393 
-0.698485 0.336477 
-0.707448 0.324386 
-0.716214 0.312127 
-0.724775 0.299708 
-0.733126 0.287135 
-0.741258 0.274415 
-0.749165 0.261555 
-0.756841 0.248562 
-0.764280 0.235444 
-0.771476 0.222206 
-0.778425 0.208855 
-0.785120 0.195400 
-0.791557 0.181845 
-0.797732 0.168199 
-0.803641 0.154467 
-0.809280 0.140656 
-0.814645 0.126771 
-0.819734 0.112821 
-0.824543 0.098809 
-0.829070 0.084743 
-0.833314 0.070628 
-0.837271 0.056470 
-0.840942 0.042274 
-0.844324 0.028045 
-0.847417 0.013790 
-0.850221 -0.000488 
-0.852735 -0.014782 
-0.854960 -0.029088 
-0.856896 -0.043402 
-0.858544 -0.057718 
-0.859906 -0.072032 
-0.860982 -0.086340 
-0.861775 -0.100636 
-0.862286 -0.114917 
-0.862519 -0.129179 
-0.862475 -0.143417 
-0.862158 -0.157627 
-0.861571 -0.171805 
-0.860717 -0.185947 
-0.859600 -0.200049 
-0.858224 -0.214107 
-0.856593 -0.228117 
-0.854710 -0.242076 
-0.852582 -0.255979 
-0.850211 -0.269823 
-0.847604 -0.283604 
-0.844764 -0.297319 
-0.841697 -0.310963 
-0.838409 -0.324534 
-0.834904 -0.338028 
-0.831187 -0.351440 
-0.827265 -0.364769 
-0.823143 -0.378010 
-0.818826 -0.391161 
-0.814321 -0.404217 
-0.809632 -0.417176 
-0.804766 -0.430035 
-0.799728 -0.442791 
-0.794524 -0.455440 
-0.789160 -0.467981 
-0.783642 -0.480410 
-0.777975 -0.492724 
-0.772166 -0.504922 
-0.766219 -0.517000 
-0.760142 -0.528956 
-0.753938 -0.540788 
-0.747615 -0.552494 
-0.741178 -0.564072 
-0.734632 -0.575519 
-0.727984 -0.586834 
-0.721237 -0.598016 
-0.714398 -0.609062 
-0.707473 -0.619971 
-0.700466 -0.630741 
-0.693382 -0.641372 
-0.686227 -0.651862 
-0.679006 -0.662210 
-0.671724 -0.672415 
-0.664386 -0.682476 
-0.656996 -0.692392 
-0.649560 -0.702163 
-0.642081 -0.711787 
-0.634565 -0.721266 
