0.765552 0.129257 
0.766563 0.137448 
0.767358 0.145717 
0.767935 0.154046 
0.768292 0.162416 
0.768430 0.170809 
0.768349 0.179208 
0.768048 0.187595 
0.767529 0.195952 
0.766792 0.204262 
0.765839 0.212510 
0.764670 0.220678 
0.763289 0.228752 
0.761698 0.236717 
0.759898 0.244559 
0.757894 0.252265 
0.755688 0.259823 
0.753285 0.267221 
0.750689 0.274448 
0.747904 0.281496 
0.744936 0.288356 
0.741790 0.295019 
0.738472 0.301479 
0.734989 0.307729 
0.731348 0.313765 
0.727557 0.319582 
0.723622 0.325177 
0.719553 0.330547 
0.715359 0.335690 
0.711048 0.340605 
0.706630 0.345290 
0.702115 0.349747 
0.697513 0.353975 
0.692835 0.357976 
0.688092 0.361750 
0.683293 0.365300 
0.678451 0.368628 
0.673575 0.371736 
0.668678 0.374627 
0.663770 0.377304 
0.658862 0.379770 
0.653965 0.382028 
0.649088 0.384082 
0.644243 0.385935 
0.639439 0.387591 
0.634685 0.389054 
0.629990 0.390326 
0.625363 0.391413 
0.620811 0.392317 
0.616342 0.393043 
0.611963 0.393595 
0.607680 0.393976 
0.603499 0.394191 
0.599424 0.394242 
0.595460 0.394136 
0.591611 0.393875 
0.587879 0.393463 
0.584269 0.392905 
0.580781 0.392204 
0.577418 0.391366 
0.574180 0.390393 
0.571068 0.389291 
0.568082 0.388063 
0.565222 0.386714 
0.562487 0.385247 
0.559877 0.383667 
0.557391 0.381979 
0.555026 0.380185 
0.552782 0.378291 
0.550656 0.376300 
0.548647 0.374216 
0.546753 0.372044 
0.544971 0.369785 
0.543301 0.367445 
0.541739 0.365027 
0.540284 0.362534 
0.538934 0.359969 
0.537687 0.357335 
0.536542 0.354635 
0.535496 0.351872 
0.534548 0.349047 
0.533696 0.346164 
0.532940 0.343225 
0.532278 0.340230 
0.531708 0.337182 
0.531230 0.334082 
0.530842 0.330931 
0.530543 0.327731 
0.530333 0.324482 
0.530210 0.321184 
0.530173 0.317838 
0.530222 0.314444 
0.530354 0.311003 
0.530568 0.307513 
0.530864 0.303976 
0.531239 0.300389 
0.531692 0.296753 
0.532220 0.293068 
0.532822 0.289331 
0.533496 0.285543 
0.534238 0.281703 
0.535046 0.277809 
0.535916 0.273860 
0.536847 0.269857 
0.537833 0.265797 
0.538872 0.261679 
0.539959 0.257503 
0.541090 0.253269 
0.542262 0.248975 
0.543469 0.244621 
0.544707 0.240206 
0.545972 0.235730 
0.547260 0.231194 
0.548564 0.226597 
0.549882 0.221940 
0.551208 0.217224 
0.552539 0.212448 
0.553869 0.207615 
0.555196 0.202726 
0.556516 0.197783 
0.557825 0.192787 
0.559121 0.187741 
0.560401 0.182647 
0.561663 0.177508 
0.562906 0.172327 
0.564128 0.167108 
0.565329 0.161855 
0.566509 0.156570 
0.567669 0.151259 
0.568810 0.145925 
0.569934 0.140574 
0.571043 0.135209 
0.572141 0.129837 
0.573230 0.124462 
0.574316 0.119089 
0.575403 0.113725 
0.576495 0.108375 
0.577600 0.103045 
0.578723 0.097741 
0.579871 0.092470 
0.581050 0.087238 
0.582269 0.082052 
0.583534 0.076918 
0.584853 0.071845 
0.586234 0.066839 
0.587685 0.061907 
0.589213 0.057058 
0.590827 0.052300 
0.592533 0.047641 
0.594339 0.043089 
0.596252 0.038654 
0.598278 0.034344 
0.600422 0.030169 
0.602690 0.026138 
0.605088 0.022261 
0.607617 0.018547 
0.610282 0.015007 
0.613085 0.011651 
0.616026 0.008488 
0.619107 0.005530 
0.622326 0.002786 
0.625681 0.000267 
0.629170 -0.002018 
0.632789 -0.004059 
0.636533 -0.005845 
0.640396 -0.007367 
0.644370 -0.008617 
0.648449 -0.009586 
0.652622 -0.010266 
0.656880 -0.010648 
0.661213 -0.010726 
0.665610 -0.010494 
0.670057 -0.009946 
0.674543 -0.009076 
0.679056 -0.007881 
0.683581 -0.006356 
0.688105 -0.004501 
0.692615 -0.002312 
0.697096 0.000211 
0.701537 0.003067 
0.705922 0.006255 
0.710239 0.009774 
0.714475 0.013620 
0.718618 0.017788 
0.722656 0.022274 
0.726577 0.027071 
0.730371 0.032172 
0.734027 0.037569 
0.737536 0.043252 
0.740889 0.049211 
0.744077 0.055436 
0.747094 0.061914 
0.749931 0.068633 
0.752583 0.075578 
0.755044 0.082736 
0.757309 0.090091 
0.759373 0.097627 
0.761232 0.105329 
0.762884 0.113180 
0.764324 0.121162 
