0.562500 0.099358 
0.375000 0.105284 

0.746856 0.125000 
0.562500 0.100406 

0.562500 0.600749 
0.375000 0.595424 

0.281250 0.126536 
0.187500 0.154570 

0.290833 0.125000 
0.281250 0.126110 

0.714647 0.125000 
0.750000 0.130241 

0.750000 0.130382 
0.843750 0.165129 

0.234463 0.562500 
0.187500 0.548555 

0.230292 0.562500 
0.281250 0.576235 

0.375000 0.597194 
0.281250 0.573333 

0.562500 0.601503 
0.656250 0.584005 

0.656250 0.586393 
0.750000 0.566702 

0.759797 0.562500 
0.843750 0.531153 

0.757600 0.562500 
0.750000 0.564970 

0.127877 0.187500 
0.093750 0.204085 

0.096235 0.500000 
0.093750 0.498283 

0.843750 0.169211 
0.890625 0.186905 

0.883129 0.187500 
0.890625 0.190991 

0.095006 0.500000 
0.140625 0.526516 

0.156658 0.531250 
0.140625 0.527851 

0.153352 0.531250 
0.187500 0.548654 

0.843750 0.525638 
0.890625 0.508510 

0.896250 0.500000 
0.890625 0.503639 

0.059053 0.234375 
0.070312 0.225116 

0.078657 0.218750 
0.070312 0.224100 

0.057072 0.468750 
0.070312 0.480835 

0.076180 0.484375 
0.070312 0.481337 

0.075147 0.484375 
0.093750 0.498732 

0.927548 0.218750 
0.937500 0.225152 

0.936934 0.468750 
0.937500 0.468399 

0.035212 0.259766 
0.035212 0.260742 

0.037681 0.260742 
0.038086 0.260472 

0.035193 0.261719 
0.035232 0.260742 

0.037681 0.261719 
0.038086 0.261449 

0.959444 0.255859 
0.959473 0.255879 

0.960932 0.255859 
0.960938 0.255962 

0.958008 0.256836 
0.959473 0.256836 

0.960920 0.256836 
0.960938 0.256868 

0.973025 0.258789 
0.972656 0.259007 

0.036576 0.253906 
0.036576 0.255859 

0.040970 0.253906 
0.038086 0.255829 

0.035780 0.257812 
0.037372 0.255859 

0.038086 0.256806 
0.041016 0.256806 

0.971924 0.261583 
0.972656 0.261661 

0.967519 0.260742 
0.967367 0.261230 

0.967778 0.260742 
0.967529 0.261021 

0.967378 0.261230 
0.967529 0.261484 

0.967914 0.261719 
0.967529 0.261400 

0.966064 0.257210 
0.965332 0.256926 

0.966797 0.257210 
0.966064 0.257191 

0.035889 0.440387 
0.035156 0.440115 

0.036062 0.440430 
0.035889 0.440282 

0.971758 0.439941 
0.971924 0.439657 

0.971924 0.439610 
0.972656 0.439725 

0.971786 0.440430 
0.971851 0.439941 

0.972449 0.439941 
0.972333 0.440430 

0.968262 0.260060 
0.968994 0.260177 

0.968994 0.259956 
0.969727 0.259985 

0.968994 0.260609 
0.968262 0.260595 

0.968994 0.260657 
0.969727 0.260624 

0.026842 0.437012 
0.026367 0.436548 

0.026880 0.437012 
0.027100 0.437277 

0.027317 0.437500 
0.027100 0.437217 

0.969294 0.266113 
0.969727 0.265883 

0.969400 0.266602 
0.969319 0.266113 

0.972714 0.261719 
0.972656 0.261689 

0.970459 0.261661 
0.969727 0.261703 

0.970459 0.261659 
0.971191 0.261684 

0.968330 0.259277 
0.968262 0.259219 

0.968671 0.259766 
0.968262 0.259545 

0.969119 0.259766 
0.968994 0.259754 

0.965932 0.437988 
0.965332 0.437630 

0.966299 0.437988 
0.966797 0.437557 

0.966064 0.438405 
0.965332 0.438255 

0.966079 0.438477 
0.966797 0.438177 

0.969667 0.261719 
0.969727 0.261714 

0.025584 0.435547 
0.025635 0.435660 

0.025834 0.436035 
0.025635 0.435658 

0.025841 0.436035 
0.026255 0.436523 

0.969528 0.266602 
0.969727 0.266776 

0.969163 0.267578 
0.969727 0.267317 

0.972416 0.258301 
0.971924 0.258734 

0.967127 0.258789 
0.967529 0.259151 

0.967956 0.259277 
0.967529 0.258892 

0.967420 0.259277 
0.967529 0.259466 

0.968031 0.259766 
0.967726 0.259277 

0.971924 0.259930 
0.971191 0.260049 

0.972312 0.259766 
0.972656 0.260024 

0.971191 0.260606 
0.971924 0.260485 

0.971924 0.260599 
0.972656 0.260268 

0.972656 0.258979 
0.971924 0.258823 

0.972219 0.259766 
0.971924 0.259730 

0.972683 0.258301 
0.972656 0.258259 

0.972991 0.258789 
0.972789 0.258301 

0.968156 0.260254 
0.967866 0.259766 

0.967772 0.260742 
0.968262 0.260274 

0.030021 0.443359 
0.030029 0.443375 

0.030081 0.443359 
0.030428 0.443848 

0.030321 0.443848 
0.030762 0.444230 

0.968311 0.437988 
0.968262 0.437968 

0.969255 0.437988 
0.968994 0.437942 

0.968870 0.438477 
0.968262 0.438062 

0.969497 0.438477 
0.968994 0.438022 

0.031056 0.435547 
0.030762 0.435743 

0.027665 0.277344 
0.027676 0.277832 

0.027647 0.277832 
0.027651 0.278320 

0.973241 0.435547 
0.972937 0.436035 

0.973047 0.436035 
0.972656 0.436297 

0.972970 0.262695 
0.972656 0.262845 

0.035247 0.436523 
0.035156 0.436584 

0.035409 0.270508 
0.035156 0.270203 

0.032959 0.270914 
0.032227 0.270898 

0.033184 0.270996 
0.032959 0.270718 

0.032798 0.270996 
0.032227 0.271255 

0.033141 0.270996 
0.032959 0.271199 

0.035658 0.440918 
0.035889 0.440520 

0.035971 0.440918 
0.036085 0.440430 

0.035662 0.440918 
0.035156 0.441053 

0.035906 0.440918 
0.035889 0.440928 

0.993382 0.398438 
0.993214 0.398926 

0.993211 0.398926 
0.993164 0.399089 

0.973368 0.433594 
0.973172 0.434082 

0.973170 0.434082 
0.973162 0.434570 

0.034424 0.270397 
0.035156 0.270234 

0.977710 0.429199 
0.977783 0.429141 

0.978311 0.428711 
0.977793 0.429199 

0.977675 0.429199 
0.977121 0.429688 

0.971832 0.439453 
0.971924 0.439375 

0.971924 0.439363 
0.972656 0.439388 

0.045321 0.438477 
0.045410 0.438460 

0.967207 0.258789 
0.966797 0.258530 

0.032227 0.267002 
0.032959 0.267005 

0.033691 0.266892 
0.032959 0.267023 

0.032227 0.267229 
0.032959 0.267243 

0.033490 0.267090 
0.032959 0.267220 

0.968670 0.439453 
0.968982 0.439941 

0.969238 0.439453 
0.969087 0.439941 

0.968994 0.440151 
0.968262 0.439956 

0.969209 0.439941 
0.969116 0.440430 

0.008847 0.316895 
0.009002 0.316406 

0.008844 0.316895 
0.008789 0.317105 

0.978879 0.427734 
0.978628 0.428223 

0.978645 0.428223 
0.978516 0.428439 

0.026461 0.269531 
0.027100 0.269731 

0.027295 0.269531 
0.027100 0.269765 

0.035162 0.264648 
0.035212 0.265137 

0.036520 0.265137 
0.035889 0.265097 

0.035204 0.265625 
0.035207 0.265137 

0.036523 0.265137 
0.035889 0.265289 

0.971665 0.441406 
0.971843 0.441895 

0.972247 0.441406 
0.971940 0.441895 

0.971707 0.442383 
0.971802 0.441895 

0.972145 0.441895 
0.972042 0.442383 

0.001457 0.358398 
0.001465 0.358294 

0.001437 0.358887 
0.001449 0.358398 

0.001438 0.358887 
0.001464 0.359375 

0.002405 0.372070 
0.002457 0.372559 

0.002457 0.372559 
0.002511 0.373047 

0.002511 0.373047 
0.002567 0.373535 

0.002567 0.373535 
0.002625 0.374023 

0.002625 0.374023 
0.002685 0.374512 

0.002685 0.374512 
0.002747 0.375000 

0.002747 0.375000 
0.002811 0.375488 

0.002811 0.375488 
0.002877 0.375977 

0.002881 0.375977 
0.002930 0.376397 

0.003471 0.379883 
0.003555 0.380371 

0.003558 0.380371 
0.003638 0.380859 

0.003641 0.380859 
0.003662 0.381028 

0.003722 0.381348 
0.003662 0.380940 

0.003726 0.381348 
0.003813 0.381836 

0.003814 0.381836 
0.003905 0.382324 

0.003905 0.382324 
0.003998 0.382812 

0.003997 0.382812 
0.004092 0.383301 

0.004093 0.383301 
0.004190 0.383789 

0.004189 0.383789 
0.004289 0.384277 

0.004295 0.384277 
0.004385 0.384766 

0.004388 0.384766 
0.004395 0.384811 

0.004594 0.385742 
0.004700 0.386230 

0.004700 0.386230 
0.004809 0.386719 

0.004810 0.386719 
0.004921 0.387207 

0.004921 0.387207 
0.005033 0.387695 

0.005041 0.387695 
0.005127 0.388129 

0.005147 0.388184 
0.005127 0.388061 

0.005150 0.388184 
0.005257 0.388672 

0.005262 0.388672 
0.005381 0.389160 

0.005381 0.389160 
0.005501 0.389648 

0.005500 0.389648 
0.005622 0.390137 

0.005622 0.390137 
0.005747 0.390625 

0.005755 0.390625 
0.005859 0.391090 

0.005875 0.391113 
0.005859 0.391031 

0.005877 0.391113 
0.005993 0.391602 

0.005999 0.391602 
0.006129 0.392090 

0.006130 0.392090 
0.006262 0.392578 

0.006261 0.392578 
0.006397 0.393066 

0.006401 0.393066 
0.006533 0.393555 

0.006538 0.393555 
0.006592 0.393801 

0.006666 0.394043 
0.006592 0.393715 

0.006671 0.394043 
0.006805 0.394531 

0.006807 0.394531 
0.006949 0.395020 

0.006948 0.395020 
0.007093 0.395508 

0.007096 0.395508 
0.007241 0.395996 

0.007248 0.395996 
0.007324 0.396308 

0.007387 0.396484 
0.007324 0.396219 

0.007390 0.396484 
0.007532 0.396973 

0.007535 0.396973 
0.007686 0.397461 

0.007685 0.397461 
0.007841 0.397949 

0.007847 0.397949 
0.007997 0.398438 

0.008003 0.398438 
0.008057 0.398654 

0.008149 0.398926 
0.008057 0.398577 

0.008155 0.398926 
0.008310 0.399414 

0.008311 0.399414 
0.008474 0.399902 

0.008474 0.399902 
0.008641 0.400391 

0.008812 0.400879 
0.008789 0.400789 

0.008814 0.400879 
0.008966 0.401367 

0.008973 0.401367 
0.009141 0.401855 

0.009139 0.401855 
0.009312 0.402344 

0.009321 0.402344 
0.009485 0.402832 

0.009490 0.402832 
0.009521 0.402949 

0.009653 0.403320 
0.009521 0.402893 

0.009663 0.403320 
0.009839 0.403809 

0.009838 0.403809 
0.010020 0.404297 

0.010376 0.405273 
0.010254 0.404886 

0.010385 0.405273 
0.010568 0.405762 

0.010568 0.405762 
0.010759 0.406250 

0.010768 0.406250 
0.010947 0.406738 

0.010952 0.406738 
0.010986 0.406854 

0.011130 0.407227 
0.010986 0.406800 

0.011736 0.408691 
0.011719 0.408634 

0.011739 0.408691 
0.011919 0.409180 

0.011924 0.409180 
0.012127 0.409668 

0.012132 0.409668 
0.012335 0.410156 

0.013184 0.412109 
0.013374 0.412598 

0.013381 0.412598 
0.013598 0.413086 

0.013606 0.413086 
0.013820 0.413574 

0.013828 0.413574 
0.013916 0.413816 

0.014034 0.414062 
0.013916 0.413747 

0.014716 0.415527 
0.014648 0.415343 

0.014717 0.415527 
0.014933 0.416016 

0.014940 0.416016 
0.015174 0.416504 

0.015188 0.416504 
0.015381 0.416957 

0.015415 0.416992 
0.015381 0.416901 

0.016129 0.418457 
0.016113 0.418416 

0.016129 0.418457 
0.016348 0.418945 

0.017608 0.421387 
0.017578 0.421315 

0.017607 0.421387 
0.017840 0.421875 

0.019151 0.424316 
0.019043 0.424076 

0.019153 0.424316 
0.019413 0.424805 

0.020521 0.426758 
0.020508 0.426728 

0.972713 0.439941 
0.972656 0.439787 

0.976248 0.271973 
0.975586 0.271612 

0.976212 0.271973 
0.976318 0.272194 

0.976377 0.272461 
0.976318 0.272196 

0.977210 0.275391 
0.977051 0.275030 

0.038222 0.265137 
0.038086 0.264956 

0.039080 0.264648 
0.038818 0.264742 

0.038483 0.265137 
0.038086 0.265199 

0.038876 0.265137 
0.039551 0.265173 

0.980237 0.280273 
0.979980 0.279811 

0.035208 0.262695 
0.035156 0.263067 

0.036573 0.262695 
0.035889 0.262724 

0.035160 0.263184 
0.035192 0.263672 

0.036218 0.263184 
0.036621 0.263231 

0.983103 0.285156 
0.982910 0.284767 

0.984466 0.287598 
0.984375 0.287393 

0.984721 0.288086 
0.984467 0.287598 

0.986007 0.290527 
0.985840 0.290152 

0.986266 0.291016 
0.986015 0.290527 

0.987481 0.293457 
0.987305 0.293043 

0.987729 0.293945 
0.987490 0.293457 

0.987967 0.294434 
0.987738 0.293945 

0.987973 0.294434 
0.988037 0.294600 

0.988192 0.294922 
0.988037 0.294543 

0.988886 0.296387 
0.988770 0.296083 

0.989112 0.296875 
0.988891 0.296387 

0.989343 0.297363 
0.989118 0.296875 

0.989355 0.297363 
0.989502 0.297740 

0.989567 0.297852 
0.989502 0.297672 

0.990419 0.299805 
0.990234 0.299324 

0.990638 0.300293 
0.990427 0.299805 

0.990852 0.300781 
0.990643 0.300293 

0.990861 0.300781 
0.990967 0.301082 

0.991056 0.301270 
0.990967 0.301008 

0.991256 0.301758 
0.991060 0.301270 

0.991856 0.303223 
0.991699 0.302778 

0.992061 0.303711 
0.991866 0.303223 

0.992259 0.304199 
0.992062 0.303711 

0.992271 0.304199 
0.992432 0.304655 

0.992459 0.304688 
0.992432 0.304597 

0.992635 0.305176 
0.992461 0.304688 

0.992829 0.305664 
0.992640 0.305176 

0.993208 0.306641 
0.993164 0.306488 

0.993379 0.307129 
0.993211 0.306641 

0.993564 0.307617 
0.993383 0.307129 

0.993746 0.308105 
0.993564 0.307617 

0.993758 0.308105 
0.993896 0.308540 

0.993929 0.308594 
0.993896 0.308476 

0.994091 0.309082 
0.993931 0.308594 

0.994268 0.309570 
0.994097 0.309082 

0.994439 0.310059 
0.994267 0.309570 

0.994606 0.310547 
0.994449 0.310059 

0.994767 0.311035 
0.994629 0.310570 

0.994940 0.311523 
0.994776 0.311035 

0.995104 0.312012 
0.994940 0.311523 

0.995267 0.312500 
0.995107 0.312012 

0.995275 0.312500 
0.995361 0.312824 

0.995424 0.312988 
0.995361 0.312740 

0.995575 0.313477 
0.995427 0.312988 

0.995732 0.313965 
0.995578 0.313477 

0.995887 0.314453 
0.995732 0.313965 

0.996039 0.314941 
0.995892 0.314453 

0.996044 0.314941 
0.996094 0.315154 

0.996331 0.315918 
0.996188 0.315430 

0.996478 0.316406 
0.996333 0.315918 

0.996622 0.316895 
0.996477 0.316406 

0.996764 0.317383 
0.996626 0.316895 

0.996770 0.317383 
0.996826 0.317638 

0.996899 0.317871 
0.996826 0.317551 

0.997035 0.318359 
0.996903 0.317871 

0.997172 0.318848 
0.997037 0.318359 

0.997305 0.319336 
0.997172 0.318848 

0.997437 0.319824 
0.997305 0.319336 

0.997446 0.319824 
0.997559 0.320305 

0.997942 0.321777 
0.997819 0.321289 

0.998063 0.322266 
0.997942 0.321777 

0.998182 0.322754 
0.998063 0.322266 

0.998190 0.322754 
0.998291 0.323231 

0.998302 0.323242 
0.998291 0.323175 

0.998409 0.323730 
0.998305 0.323242 

0.998529 0.324219 
0.998415 0.323730 

0.998639 0.324707 
0.998528 0.324219 

0.998748 0.325195 
0.998639 0.324707 

0.998857 0.325684 
0.998748 0.325195 

0.998964 0.326172 
0.998859 0.325684 

0.998969 0.326172 
0.999023 0.326496 

0.999737 0.330078 
0.999756 0.330222 

0.999820 0.330566 
0.999756 0.330137 

0.999910 0.331055 
0.999825 0.330566 

0.999994 0.331543 
0.999910 0.331055 

1.000077 0.332031 
0.999994 0.331543 

1.000157 0.332520 
1.000077 0.332031 

1.000236 0.333008 
1.000157 0.332520 

1.000313 0.333496 
1.000236 0.333008 

1.000387 0.333984 
1.000312 0.333496 

1.000459 0.334473 
1.000390 0.333984 

1.000461 0.334473 
1.000488 0.334720 

0.968994 0.253204 
0.968262 0.253414 

0.969727 0.253250 
0.968994 0.253302 

0.968313 0.253906 
0.968927 0.253418 

0.969572 0.253906 
0.969274 0.253418 

0.968980 0.267578 
0.968954 0.268066 

0.969115 0.267578 
0.969015 0.268066 

0.969060 0.268066 
0.969727 0.268375 

0.034424 0.270628 
0.035156 0.270817 

0.966037 0.258301 
0.965332 0.258193 

0.966405 0.258301 
0.966064 0.258220 

0.966048 0.258301 
0.966064 0.258303 

0.966393 0.258301 
0.966797 0.258451 

0.036636 0.440430 
0.036621 0.440543 

0.037366 0.440918 
0.037354 0.440801 

0.964367 0.256836 
0.963867 0.256897 

0.964893 0.256836 
0.965332 0.257061 

0.964065 0.257812 
0.963867 0.257773 

0.044572 0.438965 
0.044678 0.438960 

0.044722 0.438477 
0.044678 0.438488 

0.043957 0.439453 
0.043945 0.439410 

0.044705 0.438965 
0.044678 0.438983 

0.973181 0.262207 
0.972736 0.261719 

0.973236 0.262207 
0.972916 0.262695 

0.988912 0.409180 
0.988770 0.409544 

0.045441 0.437988 
0.045410 0.437981 

0.046161 0.437988 
0.046143 0.437976 

0.045418 0.438477 
0.045410 0.438448 

0.046143 0.437988 
0.046143 0.438477 

0.972794 0.260254 
0.972669 0.259766 

0.972717 0.260254 
0.972656 0.260314 

0.986056 0.415039 
0.985840 0.415513 

0.030583 0.445312 
0.030762 0.445210 

0.031138 0.444336 
0.031494 0.444748 

0.031874 0.444824 
0.031494 0.444726 

0.031196 0.445312 
0.031377 0.444824 

0.032227 0.445065 
0.031494 0.445053 

0.971924 0.251289 
0.971191 0.251368 

0.971924 0.251085 
0.972656 0.251441 

0.971491 0.251465 
0.971498 0.251953 

0.972333 0.251465 
0.972275 0.251953 

0.966064 0.256127 
0.965332 0.256215 

0.966064 0.256163 
0.966797 0.256258 

0.965538 0.256348 
0.965332 0.256808 

0.966064 0.256367 
0.966797 0.256411 

0.969727 0.260078 
0.970459 0.260147 

0.971191 0.260074 
0.970459 0.260145 

0.970459 0.260572 
0.969727 0.260569 

0.971191 0.260737 
0.970459 0.260686 

0.988000 0.411133 
0.987779 0.411621 

0.987766 0.411621 
0.987528 0.412109 

0.033691 0.266820 
0.034424 0.266871 

0.034731 0.267090 
0.035156 0.266828 

0.035156 0.267216 
0.034424 0.267303 

0.034157 0.443359 
0.034424 0.443191 

0.035156 0.443112 
0.034424 0.443011 

0.999052 0.378906 
0.999023 0.379093 

0.023636 0.285645 
0.023936 0.285156 

0.023623 0.285645 
0.023438 0.285992 

0.985050 0.416992 
0.984802 0.417480 

0.984787 0.417480 
0.984528 0.417969 

0.984275 0.418457 
0.984375 0.418233 

0.984267 0.418457 
0.984006 0.418945 

0.015201 0.301270 
0.015381 0.300840 

0.015425 0.300781 
0.015381 0.300899 

0.014955 0.301758 
0.015187 0.301270 

0.984522 0.417969 
0.984375 0.418290 

0.029545 0.274414 
0.030029 0.274647 

0.030136 0.274902 
0.030029 0.274583 

0.030029 0.274995 
0.029297 0.275295 

0.030110 0.274902 
0.030029 0.275007 

0.992641 0.400391 
0.992468 0.400879 

0.992280 0.401367 
0.992432 0.400929 

0.992465 0.400879 
0.992432 0.400991 

0.031168 0.444336 
0.030762 0.444013 

0.014731 0.302246 
0.014948 0.301758 

0.014729 0.302246 
0.014648 0.302465 

0.021322 0.289551 
0.021593 0.289062 

0.021055 0.290039 
0.021240 0.289667 

0.021322 0.289551 
0.021240 0.289723 

0.962731 0.256836 
0.962402 0.257096 

0.963135 0.257053 
0.963867 0.256836 

0.963120 0.257812 
0.962402 0.257621 

0.963723 0.257812 
0.963135 0.257704 

0.968871 0.432617 
0.968262 0.432452 

0.026266 0.436523 
0.026367 0.436616 

0.028124 0.439941 
0.027832 0.439759 

0.028836 0.439941 
0.029297 0.439919 

0.028031 0.439941 
0.028564 0.440066 

0.028940 0.439941 
0.028564 0.439959 

0.990656 0.405273 
0.990445 0.405762 

0.990439 0.405762 
0.990249 0.406250 

0.994090 0.396484 
0.993931 0.396973 

0.993759 0.397461 
0.993896 0.397027 

0.993929 0.396973 
0.993896 0.397091 

0.994764 0.394531 
0.994629 0.394988 

0.995270 0.393066 
0.995361 0.392726 

0.995419 0.392578 
0.995361 0.392809 

0.995262 0.393066 
0.995102 0.393555 

0.973182 0.435059 
0.973140 0.434570 

0.973178 0.435059 
0.973141 0.435547 

0.972656 0.264650 
0.973389 0.265110 

0.973345 0.265137 
0.973389 0.265236 

0.973501 0.265625 
0.973389 0.265246 

0.988464 0.410156 
0.988233 0.410645 

0.988006 0.411133 
0.988037 0.411048 

0.988224 0.410645 
0.988037 0.411095 

0.027100 0.279456 
0.026367 0.279561 

0.027456 0.279297 
0.027100 0.279484 

0.981227 0.423828 
0.980938 0.424316 

0.980649 0.424805 
0.980713 0.424676 

0.980924 0.424316 
0.980713 0.424717 

0.020764 0.290527 
0.021041 0.290039 

0.020751 0.290527 
0.020508 0.291004 

0.029376 0.273926 
0.030029 0.273559 

0.030051 0.273438 
0.030029 0.273466 

0.029349 0.273926 
0.029297 0.274310 

0.989369 0.408203 
0.989147 0.408691 

0.989141 0.408691 
0.988919 0.409180 

0.030146 0.267578 
0.030762 0.267129 

0.970826 0.267578 
0.971191 0.267988 

0.970459 0.268287 
0.969727 0.268340 

0.971191 0.268075 
0.970459 0.268201 

0.965554 0.254883 
0.966064 0.254940 

0.966064 0.254972 
0.966797 0.254961 

0.965332 0.255656 
0.966064 0.255746 

0.966468 0.255859 
0.966064 0.255609 

0.967052 0.436035 
0.967529 0.435596 

0.968142 0.435547 
0.967529 0.435812 

0.967250 0.436035 
0.967107 0.436523 

0.967685 0.436035 
0.967529 0.436399 

0.968522 0.435547 
0.968262 0.435561 

0.969727 0.435628 
0.968994 0.435555 

0.035404 0.270508 
0.035156 0.270853 

0.967484 0.253418 
0.966797 0.253135 

0.968262 0.253160 
0.967529 0.253410 

0.966797 0.253730 
0.967529 0.253817 

0.967799 0.253906 
0.968262 0.253486 

0.969752 0.438965 
0.969727 0.438663 

0.969761 0.438965 
0.969741 0.439453 

0.982928 0.420898 
0.982910 0.420937 

0.027641 0.274414 
0.027832 0.274672 

0.971755 0.440918 
0.971787 0.440430 

0.972390 0.440430 
0.972119 0.440918 

0.971712 0.440918 
0.971718 0.441406 

0.972376 0.440918 
0.972074 0.441406 

0.963867 0.257986 
0.964600 0.258071 

0.964600 0.258028 
0.965332 0.258140 

0.969766 0.439453 
0.969727 0.439655 

0.969743 0.440430 
0.969727 0.439960 

0.971172 0.440430 
0.971191 0.440399 

0.967130 0.437012 
0.967124 0.436523 

0.967590 0.437012 
0.967536 0.436523 

0.967168 0.437012 
0.967149 0.437500 

0.967745 0.437500 
0.967552 0.437012 

0.997554 0.385254 
0.997559 0.385227 

0.997551 0.385254 
0.997433 0.385742 

0.035357 0.445312 
0.035818 0.446289 

0.038086 0.446004 
0.036621 0.445999 

0.035583 0.446289 
0.035591 0.447266 

0.037745 0.447266 
0.036621 0.446517 

0.986559 0.414062 
0.986330 0.414551 

0.986577 0.414062 
0.986572 0.414074 

0.986316 0.414551 
0.986066 0.415039 

0.968470 0.438477 
0.968994 0.438557 

0.969259 0.438477 
0.969113 0.438965 

0.968481 0.439453 
0.968994 0.439172 

0.969291 0.439453 
0.969162 0.438965 

0.035027 0.265625 
0.035031 0.266113 

0.035011 0.266602 
0.035111 0.266113 

0.030508 0.263184 
0.030762 0.263128 

0.029816 0.263672 
0.030029 0.263571 

0.030762 0.263596 
0.030029 0.263655 

0.032630 0.259766 
0.032227 0.259874 

0.035131 0.259766 
0.035137 0.260742 

0.035098 0.261719 
0.035156 0.260967 

1.000144 0.373047 
1.000064 0.373535 

1.000064 0.373535 
0.999982 0.374023 

0.967221 0.437500 
0.967010 0.437988 

0.967888 0.437988 
0.967609 0.437500 

0.967305 0.437988 
0.966797 0.438365 

0.967989 0.437988 
0.967572 0.438477 

0.022209 0.429688 
0.022499 0.430176 

0.022513 0.430176 
0.022705 0.430543 

0.022792 0.430664 
0.022705 0.430490 

0.968994 0.252292 
0.968262 0.252333 

0.969262 0.252441 
0.969727 0.252035 

0.968413 0.252441 
0.968994 0.252766 

0.969482 0.252441 
0.969584 0.252930 

0.037354 0.265131 
0.036621 0.265105 

0.038086 0.265119 
0.037354 0.265080 

0.036923 0.265137 
0.036621 0.265318 

0.037661 0.265137 
0.037354 0.265217 

0.973510 0.267090 
0.973507 0.266602 

0.973503 0.267090 
0.973491 0.267578 

0.022794 0.430664 
0.023078 0.431152 

0.023097 0.431152 
0.023380 0.431641 

0.969856 0.251465 
0.970459 0.251138 

0.971191 0.251303 
0.970459 0.251358 

0.969824 0.251953 
0.970459 0.251642 

0.970825 0.251953 
0.971154 0.251465 

0.977041 0.429688 
0.977051 0.429678 

0.035158 0.263672 
0.035195 0.264160 

0.036066 0.263672 
0.035889 0.263789 

0.035173 0.264160 
0.035194 0.264648 

0.983992 0.418945 
0.983734 0.419434 

0.983477 0.419922 
0.983643 0.419574 

0.983733 0.419434 
0.983643 0.419633 

0.028564 0.273660 
0.027832 0.273832 

0.028564 0.273836 
0.029297 0.273847 

0.030505 0.258789 
0.030762 0.258618 

0.030762 0.258774 
0.032227 0.258774 

0.031222 0.259766 
0.030762 0.259670 

0.971264 0.250488 
0.971191 0.250370 

0.972037 0.250488 
0.971924 0.250413 

0.971404 0.250977 
0.971191 0.250936 

0.972133 0.250977 
0.971924 0.250936 

0.001861 0.353027 
0.001885 0.352539 

0.001839 0.353516 
0.001861 0.353027 

0.990876 0.404785 
0.990967 0.404520 

0.991069 0.404297 
0.990967 0.404594 

0.990868 0.404785 
0.990663 0.405273 

0.028356 0.274902 
0.027832 0.274547 

0.028564 0.274828 
0.029297 0.274658 

0.028451 0.275391 
0.028487 0.274902 

0.029297 0.275065 
0.028564 0.275233 

0.978328 0.428711 
0.978516 0.428429 

0.027665 0.278809 
0.027689 0.278320 

0.027393 0.279297 
0.027810 0.278809 

0.004125 0.334473 
0.004223 0.333984 

0.004030 0.334961 
0.004125 0.334473 

0.003757 0.336426 
0.003845 0.335938 

0.003674 0.336914 
0.003753 0.336426 

0.024924 0.434082 
0.024902 0.434039 

0.024930 0.434082 
0.025165 0.434570 

0.982908 0.420898 
0.982654 0.421387 

0.982638 0.421387 
0.982361 0.421875 

0.993747 0.397461 
0.993566 0.397949 

0.993565 0.397949 
0.993386 0.398438 

0.004329 0.333496 
0.004395 0.333111 

0.004224 0.333984 
0.004323 0.333496 

0.027797 0.273926 
0.027832 0.273897 

0.027620 0.274414 
0.027739 0.273926 

0.964600 0.256133 
0.963867 0.256152 

0.965332 0.256030 
0.964600 0.256327 

0.964600 0.256490 
0.963867 0.256474 

0.964899 0.256348 
0.965218 0.256836 

0.002903 0.341797 
0.002930 0.341542 

0.002837 0.342285 
0.002901 0.341797 

0.002770 0.342773 
0.002835 0.342285 

0.995100 0.393555 
0.994936 0.394043 

0.994936 0.394043 
0.994772 0.394531 

0.002708 0.343262 
0.002770 0.342773 

0.002648 0.343750 
0.002708 0.343262 

0.002589 0.344238 
0.002648 0.343750 

0.002532 0.344727 
0.002589 0.344238 

0.030991 0.270996 
0.030762 0.270869 

0.030989 0.270996 
0.031028 0.271484 

0.032090 0.270996 
0.031494 0.271297 

0.002477 0.345215 
0.002532 0.344727 

0.002424 0.345703 
0.002477 0.345215 

0.980643 0.424805 
0.980363 0.425293 

0.980345 0.425293 
0.980062 0.425781 

0.002373 0.346191 
0.002424 0.345703 

0.002325 0.346680 
0.002373 0.346191 

0.983463 0.419922 
0.983192 0.420410 

0.983179 0.420410 
0.982927 0.420898 

0.002278 0.347168 
0.002325 0.346680 

0.002233 0.347656 
0.002278 0.347168 

0.972031 0.433594 
0.972200 0.434082 

0.971964 0.434570 
0.972227 0.434082 

0.002189 0.348145 
0.002197 0.348007 

0.002230 0.347656 
0.002197 0.348099 

0.002150 0.348633 
0.002188 0.348145 

0.002108 0.349121 
0.002148 0.348633 

0.002070 0.349609 
0.002108 0.349121 

0.002035 0.350098 
0.002070 0.349609 

0.002001 0.350586 
0.002035 0.350098 

0.967812 0.432617 
0.967529 0.432932 

0.968151 0.433594 
0.967529 0.433160 

0.001763 0.355957 
0.001776 0.355469 

0.001740 0.356445 
0.001767 0.355957 

0.001690 0.356934 
0.001741 0.356445 

0.001614 0.357422 
0.001688 0.356934 

0.001528 0.357910 
0.001609 0.357422 

0.001519 0.357910 
0.001465 0.358367 

0.001478 0.359375 
0.001465 0.359195 

0.001482 0.359375 
0.001561 0.359863 

0.001574 0.359863 
0.001661 0.360352 

0.961241 0.257324 
0.961159 0.256836 

0.962038 0.257324 
0.961827 0.256836 

0.961558 0.257812 
0.960938 0.257399 

0.961670 0.257554 
0.962402 0.257721 

0.001667 0.360352 
0.001729 0.360840 

0.001727 0.360840 
0.001756 0.361328 

0.001751 0.361328 
0.001761 0.361816 

0.001757 0.361816 
0.001764 0.362305 

0.001764 0.362305 
0.001775 0.362793 

0.001776 0.362793 
0.001792 0.363281 

0.001792 0.363281 
0.001811 0.363770 

0.001811 0.363770 
0.001830 0.364258 

0.001830 0.364258 
0.001851 0.364746 

0.001852 0.364746 
0.001875 0.365234 

0.001875 0.365234 
0.001901 0.365723 

0.001901 0.365723 
0.001928 0.366211 

0.001928 0.366211 
0.001957 0.366699 

0.001957 0.366699 
0.001988 0.367188 

0.001988 0.367188 
0.002021 0.367676 

0.002021 0.367676 
0.002056 0.368164 

0.002056 0.368164 
0.002093 0.368652 

0.002093 0.368652 
0.002132 0.369141 

0.992267 0.401367 
0.992071 0.401855 

0.992071 0.401855 
0.991876 0.402344 

0.002133 0.369141 
0.002173 0.369629 

0.002175 0.369629 
0.002197 0.369962 

0.002214 0.370117 
0.002197 0.369854 

0.002216 0.370117 
0.002258 0.370605 

0.002260 0.370605 
0.002306 0.371094 

0.002306 0.371094 
0.002354 0.371582 

0.002355 0.371582 
0.002405 0.372070 

0.985563 0.416016 
0.985307 0.416504 

0.985055 0.416992 
0.985107 0.416868 

0.985296 0.416504 
0.985107 0.416916 

0.001911 0.352051 
0.001939 0.351562 

0.001885 0.352539 
0.001911 0.352051 

0.002945 0.376465 
0.002930 0.376309 

0.002947 0.376465 
0.003011 0.376953 

0.003013 0.376953 
0.003085 0.377441 

0.003085 0.377441 
0.003158 0.377930 

0.031005 0.262695 
0.030762 0.262645 

0.032205 0.262695 
0.032227 0.262689 

0.003158 0.377930 
0.003233 0.378418 

0.003233 0.378418 
0.003310 0.378906 

0.034424 0.440347 
0.035156 0.440069 

0.003310 0.378906 
0.003390 0.379395 

0.003390 0.379395 
0.003471 0.379883 

0.027615 0.438477 
0.027672 0.438965 

0.027653 0.438965 
0.027760 0.439453 

0.004395 0.384766 
0.004395 0.384762 

0.004397 0.384766 
0.004486 0.385254 

0.004491 0.385254 
0.004594 0.385742 

0.974047 0.432129 
0.974121 0.432004 

0.974022 0.432129 
0.973753 0.432617 

0.008652 0.400391 
0.008789 0.400849 

0.996322 0.389648 
0.996180 0.390137 

0.996175 0.390137 
0.996094 0.390468 

0.010028 0.404297 
0.010201 0.404785 

0.010206 0.404785 
0.010254 0.404950 

0.997676 0.384766 
0.997563 0.385254 

0.997561 0.385254 
0.997559 0.385266 

0.011139 0.407227 
0.011332 0.407715 

0.011332 0.407715 
0.011530 0.408203 

0.999982 0.374023 
0.999897 0.374512 

0.999896 0.374512 
0.999812 0.375000 

0.027764 0.439453 
0.027832 0.439560 

0.011542 0.408203 
0.011719 0.408687 

0.012345 0.410156 
0.012451 0.410462 

0.012538 0.410645 
0.012451 0.410387 

0.012541 0.410645 
0.012740 0.411133 

0.963135 0.256108 
0.962402 0.256270 

0.963867 0.256132 
0.963135 0.256245 

0.963135 0.256543 
0.962402 0.256470 

0.963135 0.256532 
0.963867 0.256481 

0.012744 0.411133 
0.012957 0.411621 

0.012969 0.411621 
0.013166 0.412109 

0.013170 0.412109 
0.013184 0.412149 

0.014039 0.414062 
0.014257 0.414551 

0.014262 0.414551 
0.014489 0.415039 

0.014501 0.415039 
0.014648 0.415411 

0.015415 0.416992 
0.015631 0.417480 

0.015638 0.417480 
0.015877 0.417969 

0.006165 0.325684 
0.006298 0.325195 

0.006035 0.326172 
0.006165 0.325684 

0.015892 0.417969 
0.016111 0.418457 

0.016356 0.418945 
0.016601 0.419434 

0.016616 0.419434 
0.016841 0.419922 

0.016860 0.419922 
0.016846 0.419886 

0.003936 0.335449 
0.004030 0.334961 

0.003845 0.335938 
0.003936 0.335449 

0.987050 0.413086 
0.986806 0.413574 

0.986563 0.414062 
0.986572 0.414039 

0.986798 0.413574 
0.986578 0.414062 

0.016846 0.419922 
0.016846 0.419922 

0.016860 0.419922 
0.017085 0.420410 

0.017093 0.420410 
0.017345 0.420898 

0.017360 0.420898 
0.017578 0.421366 

0.017850 0.421875 
0.018108 0.422363 

0.018123 0.422363 
0.018311 0.422767 

0.018371 0.422852 
0.018311 0.422709 

0.969727 0.253042 
0.970459 0.252993 

0.970459 0.253095 
0.971191 0.252961 

0.969880 0.253418 
0.969778 0.253906 

0.971049 0.253418 
0.970459 0.253554 

0.018370 0.422852 
0.018616 0.423340 

0.018628 0.423340 
0.018890 0.423828 

0.018902 0.423828 
0.019043 0.424136 

0.019428 0.424805 
0.019689 0.425293 

0.019696 0.425293 
0.019775 0.425468 

0.019949 0.425781 
0.019775 0.425418 

0.019960 0.425781 
0.020232 0.426270 

0.020248 0.426270 
0.020501 0.426758 

0.020520 0.426758 
0.020775 0.427246 

0.020789 0.427246 
0.021067 0.427734 

0.978437 0.277344 
0.978516 0.277484 

0.021080 0.427734 
0.021240 0.428058 

0.021347 0.428223 
0.021240 0.428001 

0.021349 0.428223 
0.021625 0.428711 

0.022194 0.429688 
0.021973 0.429266 

0.974648 0.271484 
0.974854 0.271577 

0.974854 0.271510 
0.975586 0.271733 

0.976248 0.272461 
0.976069 0.272949 

0.975974 0.272949 
0.975917 0.273438 

0.023385 0.431641 
0.023438 0.431743 

0.991867 0.402344 
0.991699 0.402816 

0.989798 0.407227 
0.989590 0.407715 

0.989380 0.408203 
0.989502 0.407880 

0.989587 0.407715 
0.989502 0.407951 

0.968760 0.432617 
0.968994 0.432811 

0.969053 0.433105 
0.968994 0.432960 

0.968580 0.433594 
0.968994 0.433376 

0.969072 0.433105 
0.968994 0.433276 

0.976147 0.273926 
0.975940 0.273438 

0.976183 0.273926 
0.976318 0.274120 

0.976590 0.274414 
0.976318 0.274036 

0.976973 0.274902 
0.976635 0.274414 

0.976976 0.274902 
0.977051 0.275069 

0.977436 0.275879 
0.977199 0.275391 

0.977712 0.276367 
0.977439 0.275879 

0.988701 0.409668 
0.988770 0.409483 

0.988694 0.409668 
0.988473 0.410156 

0.977721 0.276367 
0.977783 0.276470 

0.978064 0.276855 
0.977783 0.276422 

0.978430 0.277344 
0.978098 0.276855 

0.978737 0.277832 
0.978516 0.277446 

0.979046 0.278320 
0.978748 0.277832 

0.973485 0.266113 
0.973454 0.265625 

0.973500 0.266602 
0.973481 0.266113 

0.026456 0.269531 
0.027100 0.269341 

0.027296 0.269531 
0.027100 0.269308 

0.979057 0.278320 
0.979248 0.278675 

0.979345 0.278809 
0.979248 0.278622 

0.979641 0.279297 
0.979348 0.278809 

0.979945 0.279785 
0.979661 0.279297 

0.979949 0.279785 
0.979980 0.279846 

0.980546 0.280762 
0.980253 0.280273 

0.980557 0.280762 
0.980713 0.281063 

0.980836 0.281250 
0.980713 0.281008 

0.981125 0.281738 
0.980840 0.281250 

0.981417 0.282227 
0.981144 0.281738 

0.981697 0.282715 
0.981445 0.282243 

0.981995 0.283203 
0.981711 0.282715 

0.996612 0.388672 
0.996468 0.389160 

0.996468 0.389160 
0.996324 0.389648 

0.982008 0.283203 
0.982178 0.283541 

0.982277 0.283691 
0.982178 0.283485 

0.982551 0.284180 
0.982279 0.283691 

0.982837 0.284668 
0.982568 0.284180 

0.982842 0.284668 
0.982910 0.284813 

0.983389 0.285645 
0.983114 0.285156 

0.983404 0.285645 
0.983643 0.286115 

0.983672 0.286133 
0.983643 0.286067 

0.007283 0.321777 
0.007324 0.321594 

0.007138 0.322266 
0.007278 0.321777 

0.971693 0.251953 
0.971191 0.252308 

0.972375 0.251953 
0.972002 0.252441 

0.971628 0.252441 
0.971239 0.252930 

0.972174 0.252441 
0.972094 0.252930 

0.983921 0.286621 
0.983671 0.286133 

0.984201 0.287109 
0.983933 0.286621 

0.984214 0.287109 
0.984375 0.287452 

0.984993 0.288574 
0.984735 0.288086 

0.985001 0.288574 
0.985107 0.288815 

0.985244 0.289062 
0.985107 0.288756 

0.967498 0.263184 
0.967529 0.263077 

0.967700 0.262695 
0.967529 0.263007 

0.967641 0.263672 
0.967530 0.263184 

0.985504 0.289551 
0.985250 0.289062 

0.985764 0.290039 
0.985517 0.289551 

0.985770 0.290039 
0.985840 0.290206 

0.986516 0.291504 
0.986278 0.291016 

0.986522 0.291504 
0.986572 0.291629 

0.986753 0.291992 
0.986572 0.291580 

0.032740 0.265137 
0.032959 0.264990 

0.032959 0.264996 
0.033691 0.264703 

0.032798 0.265137 
0.032227 0.265439 

0.964195 0.254883 
0.963867 0.255288 

0.965332 0.254985 
0.964600 0.254962 

0.963867 0.255699 
0.964600 0.255839 

0.965332 0.255748 
0.964600 0.255790 

0.987007 0.292480 
0.986762 0.291992 

0.987250 0.292969 
0.987018 0.292480 

0.987256 0.292969 
0.987305 0.293093 

0.988430 0.295410 
0.988199 0.294922 

0.988665 0.295898 
0.988438 0.295410 

0.988673 0.295898 
0.988770 0.296153 

0.989774 0.298340 
0.989568 0.297852 

0.990000 0.298828 
0.989779 0.298340 

0.990213 0.299316 
0.990012 0.298828 

0.990217 0.299316 
0.990234 0.299369 

0.991466 0.302246 
0.991259 0.301758 

0.991665 0.302734 
0.991476 0.302246 

0.025171 0.434570 
0.025390 0.435059 

0.025388 0.435059 
0.025587 0.435547 

0.965482 0.254395 
0.966025 0.253906 

0.966797 0.254156 
0.966064 0.254219 

0.966064 0.254710 
0.965332 0.254494 

0.966797 0.254699 
0.966064 0.254505 

0.991670 0.302734 
0.991699 0.302829 

0.993019 0.306152 
0.992830 0.305664 

0.993031 0.306152 
0.993164 0.306558 

0.994610 0.310547 
0.994629 0.310620 

0.996182 0.315430 
0.996094 0.315074 

0.997570 0.320312 
0.997559 0.320253 

0.997687 0.320801 
0.997572 0.320312 

0.997819 0.321289 
0.997694 0.320801 

0.969757 0.440918 
0.969736 0.440430 

0.971101 0.440918 
0.971191 0.440702 

0.969884 0.441406 
0.969727 0.441282 

0.971049 0.441406 
0.971191 0.441269 

0.999065 0.326660 
0.999023 0.326402 

0.999164 0.327148 
0.999067 0.326660 

0.999267 0.327637 
0.999167 0.327148 

0.999364 0.328125 
0.999267 0.327637 

0.034533 0.440918 
0.034424 0.440716 

0.034424 0.440919 
0.035156 0.441104 

0.999460 0.328613 
0.999364 0.328125 

0.999555 0.329102 
0.999460 0.328613 

0.971847 0.261719 
0.971191 0.261770 

0.971924 0.262653 
0.971191 0.262548 

0.999647 0.329590 
0.999555 0.329102 

0.999735 0.330078 
0.999651 0.329590 

0.024623 0.433594 
0.024901 0.434082 

1.000527 0.334961 
1.000488 0.334619 

1.000598 0.335449 
1.000531 0.334961 

1.000666 0.335938 
1.000599 0.335449 

1.000730 0.336426 
1.000665 0.335938 

1.000794 0.336914 
1.000731 0.336426 

0.967461 0.435547 
0.967529 0.435518 

0.967849 0.435547 
0.968262 0.435459 

1.000855 0.337402 
1.000794 0.336914 

1.000913 0.337891 
1.000854 0.337402 

1.000971 0.338379 
1.000913 0.337891 

1.001026 0.338867 
1.000971 0.338379 

0.973711 0.432617 
0.973480 0.433105 

0.973354 0.433594 
0.973389 0.433506 

0.973492 0.433105 
0.973389 0.433468 

1.001080 0.339355 
1.001026 0.338867 

1.001131 0.339844 
1.001080 0.339355 

0.968263 0.261719 
0.968994 0.262000 

0.969420 0.261719 
0.968994 0.261950 

0.968262 0.262371 
0.968994 0.262227 

0.969727 0.262407 
0.968994 0.262281 

1.001181 0.340332 
1.001132 0.339844 

1.001184 0.340332 
1.001221 0.340784 

1.001229 0.340820 
1.001221 0.340697 

0.966797 0.438669 
0.967529 0.438520 

0.968086 0.438477 
0.967529 0.438787 

0.967492 0.438965 
0.966797 0.439213 

0.967734 0.439453 
0.967678 0.438965 

1.001271 0.341309 
1.001230 0.340820 

1.001318 0.341797 
1.001274 0.341309 

0.999254 0.377930 
0.999154 0.378418 

0.999150 0.378418 
0.999055 0.378906 

1.001360 0.342285 
1.001318 0.341797 

1.001400 0.342773 
1.001360 0.342285 

0.027317 0.437500 
0.027551 0.437988 

0.027539 0.437988 
0.027644 0.438477 

1.001437 0.343262 
1.001400 0.342773 

1.001473 0.343750 
1.001437 0.343262 

0.981241 0.423828 
0.981445 0.423434 

1.001508 0.344238 
1.001473 0.343750 

1.001540 0.344727 
1.001508 0.344238 

0.987292 0.412598 
0.987305 0.412565 

0.987288 0.412598 
0.987064 0.413086 

1.001570 0.345215 
1.001540 0.344727 

1.001599 0.345703 
1.001570 0.345215 

1.001626 0.346191 
1.001599 0.345703 

1.001650 0.346680 
1.001626 0.346191 

0.990230 0.406250 
0.990035 0.406738 

0.990022 0.406738 
0.989803 0.407227 

1.001673 0.347168 
1.001650 0.346680 

1.001693 0.347656 
1.001673 0.347168 

0.030027 0.270508 
0.030029 0.270514 

0.030129 0.270508 
0.030477 0.270996 

0.030548 0.270996 
0.030599 0.271484 

1.001712 0.348145 
1.001693 0.347656 

1.001729 0.348633 
1.001713 0.348145 

0.027552 0.276855 
0.027567 0.276367 

0.027600 0.276855 
0.027655 0.277344 

1.001745 0.349121 
1.001729 0.348633 

1.001758 0.349609 
1.001744 0.349121 

0.028349 0.275391 
0.027832 0.275842 

1.001769 0.350098 
1.001758 0.349609 

1.001778 0.350586 
1.001769 0.350098 

0.971924 0.267909 
0.971191 0.267638 

0.972005 0.267578 
0.972460 0.268066 

0.971924 0.268208 
0.971191 0.268215 

0.972563 0.268066 
0.971924 0.268419 

1.001786 0.351074 
1.001778 0.350586 

1.001791 0.351562 
1.001786 0.351074 

1.001795 0.352051 
1.001791 0.351562 

1.001797 0.352539 
1.001795 0.352051 

0.994437 0.395508 
0.994265 0.395996 

0.994266 0.395996 
0.994096 0.396484 

1.001797 0.352539 
1.001796 0.353027 

1.001796 0.353027 
1.001794 0.353516 

0.999634 0.375977 
0.999541 0.376465 

0.999541 0.376465 
0.999447 0.376953 

1.001794 0.353516 
1.001790 0.354004 

1.001790 0.354004 
1.001784 0.354492 

1.001784 0.354492 
1.001777 0.354980 

1.001777 0.354980 
1.001767 0.355469 

0.985817 0.415527 
0.985840 0.415472 

0.985813 0.415527 
0.985576 0.416016 

1.001767 0.355469 
1.001755 0.355957 

1.001755 0.355957 
1.001742 0.356445 

0.010979 0.311035 
0.010986 0.311011 

0.010992 0.311035 
0.011162 0.310547 

0.010801 0.311523 
0.010975 0.311035 

0.010989 0.311035 
0.010986 0.311044 

1.001742 0.356445 
1.001726 0.356934 

1.001726 0.356934 
1.001709 0.357422 

0.012565 0.307129 
0.012767 0.306641 

0.012369 0.307617 
0.012451 0.307372 

0.012560 0.307129 
0.012451 0.307444 

1.001709 0.357422 
1.001689 0.357910 

1.001689 0.357910 
1.001668 0.358398 

1.001668 0.358398 
1.001645 0.358887 

1.001645 0.358887 
1.001620 0.359375 

1.001620 0.359375 
1.001593 0.359863 

1.001593 0.359863 
1.001565 0.360352 

0.969771 0.261719 
0.969727 0.261733 

0.970459 0.262515 
0.969727 0.262380 

0.971191 0.262607 
0.970459 0.262535 

1.001565 0.360352 
1.001534 0.360840 

1.001534 0.360840 
1.001501 0.361328 

0.974283 0.431641 
0.974121 0.431845 

1.001501 0.361328 
1.001467 0.361816 

1.001467 0.361816 
1.001430 0.362305 

1.001430 0.362305 
1.001392 0.362793 

1.001392 0.362793 
1.001352 0.363281 

0.998957 0.379395 
0.999023 0.379013 

0.998950 0.379395 
0.998845 0.379883 

0.994608 0.395020 
0.994629 0.394936 

0.994604 0.395020 
0.994446 0.395508 

0.991479 0.403320 
0.991274 0.403809 

0.991271 0.403809 
0.991074 0.404297 

0.015649 0.300293 
0.015887 0.299805 

0.015425 0.300781 
0.015641 0.300293 

1.000451 0.371094 
1.000488 0.370770 

1.000448 0.371094 
1.000376 0.371582 

1.000375 0.371582 
1.000300 0.372070 

0.971924 0.262833 
0.972656 0.262819 

1.001217 0.364746 
1.001221 0.364694 

1.001263 0.364258 
1.001223 0.364746 

1.001217 0.364746 
1.001174 0.365234 

1.001222 0.364746 
1.001221 0.364770 

0.996037 0.390625 
0.996094 0.390384 

0.997426 0.385742 
0.997293 0.386230 

0.997293 0.386230 
0.997160 0.386719 

0.991680 0.402832 
0.991699 0.402769 

0.991676 0.402832 
0.991489 0.403320 

0.996760 0.388184 
0.996826 0.387890 

0.996890 0.387695 
0.996826 0.387983 

0.996754 0.388184 
0.996615 0.388672 

0.999447 0.376953 
0.999351 0.377441 

0.999351 0.377441 
0.999253 0.377930 

0.032227 0.258774 
0.033691 0.258774 

0.035058 0.258789 
0.035156 0.258343 

0.032483 0.259766 
0.032227 0.259595 

0.035062 0.259766 
0.035156 0.259298 

0.997160 0.386719 
0.997026 0.387207 

0.997023 0.387207 
0.996893 0.387695 

0.998844 0.379883 
0.998735 0.380371 

0.998735 0.380371 
0.998625 0.380859 

1.000300 0.372070 
1.000223 0.372559 

1.000223 0.372559 
1.000145 0.373047 

0.003590 0.337402 
0.003662 0.336928 

0.003672 0.336914 
0.003662 0.336999 

0.003500 0.337891 
0.003585 0.337402 

1.001352 0.363281 
1.001310 0.363770 

1.001310 0.363770 
1.001266 0.364258 

0.030935 0.263184 
0.030762 0.263072 

0.031193 0.263672 
0.030762 0.263609 

0.032118 0.263672 
0.032227 0.263651 

1.001172 0.365234 
1.001122 0.365723 

1.001122 0.365723 
1.001070 0.366211 

0.027792 0.275879 
0.027832 0.275830 

0.027551 0.276367 
0.027763 0.275879 

0.003111 0.340332 
0.003185 0.339844 

0.003039 0.340820 
0.003111 0.340332 

0.030717 0.262695 
0.030762 0.262668 

0.964921 0.251953 
0.963867 0.252656 

0.965743 0.252930 
0.966797 0.252227 

0.964278 0.253906 
0.965332 0.253203 

0.966797 0.253410 
0.965332 0.253897 

0.020505 0.426758 
0.020508 0.426763 

0.981420 0.282227 
0.981445 0.282279 

0.001818 0.354004 
0.001839 0.353516 

0.001799 0.354492 
0.001817 0.354004 

0.970459 0.252151 
0.969727 0.252406 

0.970459 0.252198 
0.971191 0.252312 

0.969745 0.252441 
0.970075 0.252930 

0.970782 0.252930 
0.971191 0.252513 

0.001784 0.354980 
0.001798 0.354492 

0.001773 0.355469 
0.001784 0.354980 

0.036791 0.445312 
0.036621 0.445307 

0.971924 0.253032 
0.971191 0.252947 

0.972213 0.253418 
0.972173 0.252930 

0.971840 0.253418 
0.971885 0.253906 

0.972565 0.253906 
0.971924 0.253429 

0.005792 0.327148 
0.005859 0.326821 

0.040731 0.442383 
0.041016 0.442386 

0.005415 0.328613 
0.005537 0.328125 

0.005296 0.329102 
0.005415 0.328613 

0.008689 0.317383 
0.008789 0.317026 

0.999726 0.375488 
0.999756 0.375265 

0.999808 0.375000 
0.999756 0.375363 

0.999723 0.375488 
0.999637 0.375977 

0.968745 0.433594 
0.968262 0.433677 

0.001969 0.351074 
0.002001 0.350586 

0.001939 0.351562 
0.001969 0.351074 

0.021644 0.428711 
0.021916 0.429199 

0.021921 0.429199 
0.021973 0.429304 

0.974163 0.270996 
0.974121 0.270873 

0.974671 0.271484 
0.974121 0.271037 

0.970459 0.266011 
0.969727 0.265921 

0.970483 0.266113 
0.970459 0.266102 

0.970630 0.266113 
0.970679 0.266602 

0.968262 0.435499 
0.968994 0.435494 

0.962340 0.435547 
0.962402 0.436021 

0.962048 0.437500 
0.962402 0.437416 

0.962422 0.437500 
0.963867 0.437479 

0.041036 0.442383 
0.041016 0.442338 

0.043908 0.442383 
0.043945 0.442358 

0.041053 0.442383 
0.041016 0.442408 

0.043908 0.443359 
0.043945 0.443334 

0.969727 0.443744 
0.966797 0.443717 

0.030635 0.435547 
0.030762 0.435462 

0.035070 0.436523 
0.035156 0.436466 

0.023685 0.265625 
0.023438 0.265790 

0.042575 0.440430 
0.042480 0.440440 

0.969693 0.428711 
0.969727 0.428689 

0.961555 0.439453 
0.961433 0.441406 

0.030762 0.265751 
0.031494 0.265727 

0.031953 0.265625 
0.031494 0.265744 

0.970931 0.433105 
0.971191 0.433034 

0.970971 0.433105 
0.970459 0.433424 

0.012995 0.306152 
0.013184 0.305669 

0.012770 0.306641 
0.012982 0.306152 

0.042075 0.264648 
0.042480 0.264378 

0.042886 0.263672 
0.042480 0.263942 

0.041016 0.264686 
0.042480 0.264686 

0.042480 0.264686 
0.043945 0.264686 

0.043135 0.261719 
0.043945 0.262259 

0.044057 0.261719 
0.044057 0.263672 

0.044756 0.263672 
0.043945 0.264212 

0.023670 0.432129 
0.023438 0.431705 

0.023686 0.432129 
0.023984 0.432617 

0.973927 0.270020 
0.973804 0.269531 

0.974056 0.270508 
0.973935 0.270020 

0.005663 0.327637 
0.005786 0.327148 

0.005537 0.328125 
0.005661 0.327637 

0.939687 0.234375 
0.949219 0.240302 

0.952608 0.234375 
0.960938 0.241158 

0.940015 0.242188 
0.949219 0.248326 

0.974200 0.431641 
0.974854 0.431256 

0.974854 0.431264 
0.975586 0.431241 

0.023995 0.432617 
0.024170 0.432937 

0.024288 0.433105 
0.024170 0.432885 

0.024295 0.433105 
0.024598 0.433594 

0.973702 0.269043 
0.973600 0.268555 

0.973804 0.269531 
0.973697 0.269043 

0.034424 0.267616 
0.035156 0.267737 

0.973497 0.268066 
0.973472 0.267578 

0.973588 0.268555 
0.973505 0.268066 

1.001070 0.366211 
1.001016 0.366699 

1.001016 0.366699 
1.000961 0.367188 

0.998625 0.380859 
0.998515 0.381348 

0.998515 0.381348 
0.998403 0.381836 

0.020227 0.291504 
0.020482 0.291016 

0.019941 0.291992 
0.020211 0.291504 

0.010236 0.312988 
0.010254 0.312925 

0.010063 0.313477 
0.010231 0.312988 

0.006986 0.322754 
0.007132 0.322266 

0.006846 0.323242 
0.006987 0.322754 

0.025356 0.279785 
0.025635 0.279524 

0.026367 0.279341 
0.025635 0.279575 

0.025369 0.280273 
0.025413 0.279785 

0.011572 0.309570 
0.011719 0.309154 

0.008515 0.317871 
0.008679 0.317383 

0.008350 0.318359 
0.008513 0.317871 

0.005184 0.329590 
0.005294 0.329102 

0.005075 0.330078 
0.005127 0.329789 

0.005181 0.329590 
0.005127 0.329887 

1.000961 0.367188 
1.000903 0.367676 

1.000904 0.367676 
1.000844 0.368164 

0.996031 0.390625 
0.995884 0.391113 

0.995879 0.391113 
0.995725 0.391602 

0.993035 0.399414 
0.993164 0.399018 

0.990234 0.406250 
0.990234 0.406249 

0.967711 0.432617 
0.968262 0.432451 

0.003419 0.338379 
0.003501 0.337891 

0.003339 0.338867 
0.003419 0.338379 

0.014516 0.302734 
0.014648 0.302395 

0.004959 0.330566 
0.005070 0.330078 

0.004844 0.331055 
0.004956 0.330566 

0.998286 0.382324 
0.998291 0.382291 

0.998396 0.381836 
0.998295 0.382324 

0.998283 0.382324 
0.998176 0.382812 

0.998293 0.382324 
0.998291 0.382334 

0.971924 0.266637 
0.971191 0.266763 

0.972051 0.266602 
0.971924 0.266791 

0.009872 0.313965 
0.010053 0.313477 

0.009698 0.314453 
0.009873 0.313965 

0.015902 0.299805 
0.016113 0.299326 

0.006707 0.323730 
0.006845 0.323242 

0.006572 0.324219 
0.006592 0.324121 

0.006700 0.323730 
0.006592 0.324180 

0.003261 0.339355 
0.003339 0.338867 

0.003185 0.339844 
0.003261 0.339355 

0.971712 0.266602 
0.971191 0.266228 

0.972000 0.266602 
0.971924 0.266462 

0.974054 0.270508 
0.974121 0.270745 

0.020486 0.291016 
0.020508 0.290969 

0.017360 0.296875 
0.017578 0.296405 

0.011363 0.310059 
0.011560 0.309570 

0.011169 0.310547 
0.011362 0.310059 

0.008192 0.318848 
0.008350 0.318359 

0.008037 0.319336 
0.008057 0.319252 

0.008183 0.318848 
0.008057 0.319303 

1.000844 0.368164 
1.000783 0.368652 

1.000782 0.368652 
1.000719 0.369141 

0.995726 0.391602 
0.995572 0.392090 

0.995568 0.392090 
0.995422 0.392578 

0.993024 0.399414 
0.992835 0.399902 

0.992834 0.399902 
0.992646 0.400391 

0.018892 0.293945 
0.019043 0.293617 

0.955078 0.439438 
0.958008 0.439438 

0.960729 0.439453 
0.960938 0.439041 

0.957648 0.441406 
0.958008 0.441167 

0.960915 0.439453 
0.960915 0.441406 

0.030004 0.269531 
0.030029 0.269933 

0.030135 0.269531 
0.030145 0.270020 

0.029980 0.270020 
0.030029 0.270456 

0.030043 0.270020 
0.030137 0.270508 

0.029934 0.442871 
0.030029 0.442429 

0.030130 0.442383 
0.030029 0.442721 

0.029928 0.442871 
0.030004 0.443359 

0.030083 0.443359 
0.030029 0.443127 

0.025479 0.280273 
0.025635 0.280644 

0.025783 0.280762 
0.025635 0.280408 

0.025813 0.280762 
0.025932 0.281250 

0.004735 0.331543 
0.004844 0.331055 

0.004629 0.332031 
0.004735 0.331543 

1.000719 0.369141 
1.000654 0.369629 

1.000655 0.369629 
1.000588 0.370117 

0.998169 0.382812 
0.998049 0.383301 

0.998049 0.383301 
0.997929 0.383789 

0.023343 0.286133 
0.023438 0.285949 

0.971191 0.264723 
0.971924 0.264736 

0.972151 0.264648 
0.972656 0.264701 

0.014281 0.303223 
0.014506 0.302734 

0.014057 0.303711 
0.014276 0.303223 

0.009533 0.314941 
0.009690 0.314453 

0.009360 0.315430 
0.009517 0.314941 

0.009531 0.314941 
0.009521 0.314976 

0.006441 0.324707 
0.006568 0.324219 

0.006297 0.325195 
0.006434 0.324707 

0.002970 0.341309 
0.003038 0.340820 

0.002967 0.341309 
0.002930 0.341644 

0.968148 0.433594 
0.968262 0.433629 

0.030076 0.272949 
0.030087 0.272461 

0.030051 0.273438 
0.030146 0.272949 

0.007888 0.319824 
0.008032 0.319336 

0.007723 0.320312 
0.007879 0.319824 

1.000586 0.370117 
1.000520 0.370605 

1.000517 0.370605 
1.000488 0.370870 

0.024797 0.283691 
0.024902 0.283447 

0.024537 0.284180 
0.024793 0.283691 

0.972124 0.264648 
0.971924 0.264636 

0.971050 0.264648 
0.971191 0.264658 

0.021892 0.288574 
0.021973 0.288408 

0.021610 0.289062 
0.021885 0.288574 

0.030230 0.271973 
0.030550 0.271484 

0.030041 0.272461 
0.030202 0.271973 

0.979773 0.426270 
0.979980 0.425890 

0.979757 0.426270 
0.979451 0.426758 

0.004525 0.332520 
0.004630 0.332031 

0.004425 0.333008 
0.004521 0.332520 

0.997929 0.383789 
0.997807 0.384277 

0.997807 0.384277 
0.997683 0.384766 

0.025855 0.281738 
0.025928 0.281250 

0.025600 0.282227 
0.025635 0.282132 

0.025638 0.282227 
0.025822 0.281738 

0.023051 0.286621 
0.023336 0.286133 

0.022757 0.287109 
0.023033 0.286621 

0.969727 0.264588 
0.970459 0.264640 

0.971187 0.264648 
0.970459 0.264610 

0.018619 0.294434 
0.018880 0.293945 

0.018365 0.294922 
0.018608 0.294434 

0.017095 0.297363 
0.017345 0.296875 

0.016863 0.297852 
0.017087 0.297363 

0.013846 0.304199 
0.013916 0.304004 

0.014050 0.303711 
0.013916 0.304066 

0.013628 0.304688 
0.013839 0.304199 

0.009174 0.315918 
0.009348 0.315430 

0.009006 0.316406 
0.009174 0.315918 

0.013202 0.305664 
0.013184 0.305721 

0.045805 0.453125 
0.041016 0.450313 

0.949764 0.250000 
0.955078 0.250002 

0.050944 0.460938 
0.046875 0.454695 

0.065138 0.460938 
0.058594 0.457057 

0.052334 0.468750 
0.046875 0.464097 

0.066557 0.468750 
0.058594 0.465560 

0.976939 0.430664 
0.976664 0.431152 

0.975586 0.431462 
0.976318 0.431409 

0.976767 0.431152 
0.976318 0.431431 

0.004422 0.333008 
0.004395 0.333192 

0.977007 0.429688 
0.976756 0.430176 

0.976805 0.430176 
0.976763 0.430664 

0.012161 0.308105 
0.012361 0.307617 

0.011951 0.308594 
0.012154 0.308105 

0.010601 0.312012 
0.010790 0.311523 

0.010418 0.312500 
0.010602 0.312012 

0.007573 0.320801 
0.007724 0.320312 

0.007425 0.321289 
0.007572 0.320801 

0.968262 0.264314 
0.968994 0.264548 

0.968994 0.264479 
0.969727 0.264571 

0.005912 0.326660 
0.006032 0.326172 

0.005909 0.326660 
0.005859 0.326914 

0.030769 0.441406 
0.030762 0.441612 

0.982088 0.422363 
0.982178 0.422175 

0.982351 0.421875 
0.982178 0.422225 

0.982081 0.422363 
0.981806 0.422852 

0.034424 0.263038 
0.033691 0.263106 

0.034772 0.263184 
0.035024 0.262695 

0.034405 0.263672 
0.033850 0.263184 

0.034894 0.263184 
0.034928 0.263672 

0.030939 0.271484 
0.030762 0.271607 

0.971924 0.430868 
0.971191 0.430756 

0.972004 0.431152 
0.971924 0.430823 

0.971924 0.431267 
0.971191 0.431297 

0.971965 0.431152 
0.971924 0.431196 

0.024253 0.284668 
0.024524 0.284180 

0.023953 0.285156 
0.024170 0.284763 

0.024250 0.284668 
0.024170 0.284823 

0.019681 0.292480 
0.019775 0.292274 

0.019933 0.291992 
0.019775 0.292327 

0.019413 0.292969 
0.019674 0.292480 

0.018118 0.295410 
0.018311 0.294995 

0.018366 0.294922 
0.018311 0.295052 

0.017847 0.295898 
0.018103 0.295410 

0.016621 0.298340 
0.016844 0.297852 

0.016863 0.297852 
0.016846 0.297895 

0.016362 0.298828 
0.016606 0.298340 

0.970459 0.266638 
0.969727 0.266766 

0.970559 0.266602 
0.970459 0.266648 

0.970459 0.267474 
0.969727 0.267392 

0.970642 0.267578 
0.970459 0.267534 

0.968026 0.264160 
0.967581 0.263672 

0.967987 0.264160 
0.968262 0.264332 

0.979145 0.427246 
0.979248 0.427046 

0.979433 0.426758 
0.979248 0.427101 

0.979138 0.427246 
0.978879 0.427734 

0.971057 0.431152 
0.971191 0.430672 

0.971060 0.431152 
0.971191 0.431275 

0.025328 0.282715 
0.025591 0.282227 

0.025035 0.283203 
0.025304 0.282715 

0.029845 0.268555 
0.029892 0.269043 

0.030037 0.269043 
0.030029 0.268983 

0.029892 0.269043 
0.030004 0.269531 

0.030048 0.269043 
0.030152 0.269531 

0.022476 0.287598 
0.022705 0.287166 

0.022758 0.287109 
0.022705 0.287216 

0.022173 0.288086 
0.022460 0.287598 

0.013402 0.305176 
0.013619 0.304688 

0.013204 0.305664 
0.013396 0.305176 

0.011764 0.309082 
0.011947 0.308594 

0.011762 0.309082 
0.011719 0.309221 

0.010409 0.312500 
0.010254 0.312971 

0.007419 0.321289 
0.007324 0.321668 

0.954359 0.441406 
0.955078 0.440927 

0.953880 0.445312 
0.955078 0.445025 

0.960454 0.445312 
0.960938 0.444600 

0.947178 0.453125 
0.937500 0.459340 

0.956744 0.453125 
0.949392 0.460938 

0.944531 0.460938 
0.938168 0.468750 

0.958718 0.460938 
0.949219 0.467270 

0.890625 0.481475 
0.914062 0.474093 

0.935374 0.468750 
0.919853 0.484375 

0.890625 0.499915 
0.914062 0.486903 

0.916146 0.500000 
0.937500 0.485532 

0.977108 0.429688 
0.977051 0.429780 

0.032858 0.262207 
0.032959 0.262024 

0.033607 0.262207 
0.033691 0.262078 

0.033607 0.262695 
0.033691 0.262548 

0.030029 0.439923 
0.029297 0.439794 

0.029936 0.439941 
0.030029 0.439990 

0.030330 0.440430 
0.030029 0.440003 

0.029887 0.268066 
0.030029 0.267762 

0.030242 0.267578 
0.030029 0.267938 

0.029852 0.268555 
0.029932 0.268066 

0.019142 0.293457 
0.019398 0.292969 

0.019140 0.293457 
0.019043 0.293677 

0.016136 0.299316 
0.016354 0.298828 

0.016136 0.299316 
0.016113 0.299376 

0.971596 0.433105 
0.971191 0.433026 

0.971585 0.433105 
0.971924 0.433265 

0.972088 0.433594 
0.971924 0.433412 

0.968038 0.261719 
0.968262 0.261996 

0.967728 0.262695 
0.968262 0.262264 

0.990246 0.406250 
0.990234 0.406285 

0.981789 0.422852 
0.981517 0.423340 

0.981517 0.423340 
0.981445 0.423488 

0.987521 0.412109 
0.987308 0.412598 

0.987306 0.412598 
0.987305 0.412600 

0.030229 0.440430 
0.030308 0.440918 

0.030280 0.440918 
0.030349 0.441406 

0.034071 0.262207 
0.034424 0.261975 

0.035040 0.262207 
0.035105 0.261719 

0.034112 0.262695 
0.034424 0.262433 

0.035005 0.262695 
0.035140 0.262207 

0.030820 0.267578 
0.030762 0.267620 

0.032071 0.267578 
0.032227 0.267687 

0.032619 0.263184 
0.032959 0.263060 

0.033312 0.263184 
0.033691 0.263118 

0.032330 0.263672 
0.032959 0.263200 

0.033691 0.263196 
0.032959 0.263370 

0.017605 0.296387 
0.017837 0.295898 

0.017606 0.296387 
0.017578 0.296456 

0.035374 0.253906 
0.040617 0.250000 

0.041672 0.253906 
0.046038 0.250000 

0.041226 0.257812 
0.046484 0.253906 

0.053768 0.234375 
0.046875 0.240105 

0.067623 0.234375 
0.058594 0.238750 

0.046929 0.250000 
0.051877 0.242188 

0.067054 0.242188 
0.058594 0.246857 

0.061752 0.203125 
0.070312 0.197418 

0.088364 0.203125 
0.093750 0.194054 

0.062197 0.218750 
0.070312 0.212729 

0.084849 0.218750 
0.093750 0.213261 

0.112863 0.156250 
0.140625 0.137742 

0.163563 0.156250 
0.187500 0.134784 

0.106896 0.187500 
0.140625 0.172266 

0.141866 0.187500 
0.187500 0.176241 

0.257267 0.062500 
0.281250 0.046511 

0.352652 0.062500 
0.375000 0.045342 

0.241139 0.125000 
0.281250 0.115440 

0.311052 0.125000 
0.375000 0.119004 

0.971811 0.256836 
0.971817 0.257324 

0.971799 0.257324 
0.971924 0.257434 

0.972656 0.257651 
0.971924 0.257629 

0.025029 0.283203 
0.024902 0.283492 

0.022160 0.288086 
0.021973 0.288453 

0.970437 0.433594 
0.970345 0.434082 

0.970448 0.434570 
0.970279 0.434082 

0.971924 0.434698 
0.971191 0.434936 

0.971230 0.435547 
0.971191 0.435508 

0.030399 0.441895 
0.030414 0.441406 

0.030193 0.442383 
0.030378 0.441895 

0.032227 0.267608 
0.032959 0.267620 

0.032982 0.267578 
0.032959 0.267592 

0.030059 0.265625 
0.030762 0.265888 

0.030893 0.267090 
0.031494 0.266958 

0.031494 0.266959 
0.032227 0.266977 

0.031023 0.267090 
0.030762 0.267167 

0.031784 0.267090 
0.032227 0.267142 

0.964770 0.439453 
0.963867 0.440055 

0.965894 0.439453 
0.966797 0.440055 

0.964770 0.440430 
0.963867 0.441032 

0.966235 0.440430 
0.965332 0.441032 

0.972490 0.256348 
0.972656 0.256339 

0.971907 0.256836 
0.971924 0.256818 

0.972656 0.256430 
0.971924 0.256462 

0.970250 0.257324 
0.970096 0.256836 

0.970713 0.257324 
0.970467 0.256836 

0.970382 0.257324 
0.969727 0.257591 

0.970803 0.257324 
0.970459 0.257511 

0.980062 0.425781 
0.979980 0.425939 

0.972806 0.256836 
0.972771 0.257324 

0.972842 0.257324 
0.972656 0.257534 

0.030365 0.265137 
0.030378 0.264648 

0.029975 0.265137 
0.030029 0.265448 

0.030045 0.265137 
0.030347 0.265625 

0.971242 0.435547 
0.971924 0.435887 

0.972656 0.436372 
0.971924 0.436281 

0.970459 0.434620 
0.971191 0.434914 

0.969994 0.256836 
0.969727 0.256715 

0.035363 0.267578 
0.035156 0.267833 

0.035211 0.268066 
0.035156 0.268087 

0.041731 0.440430 
0.041748 0.440443 

0.042442 0.440430 
0.042480 0.440435 

0.041713 0.441406 
0.041748 0.441400 

0.042463 0.440918 
0.042480 0.440930 

0.972659 0.256348 
0.972656 0.256344 

0.972842 0.256836 
0.972656 0.256599 

0.968688 0.257324 
0.968262 0.257157 

0.968705 0.257324 
0.968994 0.257384 

0.969727 0.257535 
0.968994 0.257514 

0.029672 0.264160 
0.029911 0.263672 

0.030603 0.263672 
0.030029 0.263909 

0.029814 0.264160 
0.030029 0.264581 

0.030202 0.264160 
0.030314 0.264648 

0.031923 0.265625 
0.032227 0.265523 

0.971790 0.254883 
0.971916 0.255371 

0.972107 0.255371 
0.972656 0.255218 

0.971919 0.255371 
0.971924 0.255374 

0.971924 0.255572 
0.972656 0.255557 

0.969727 0.435674 
0.970459 0.435658 

0.971191 0.435569 
0.970459 0.435550 

0.971245 0.437012 
0.971191 0.436913 

0.971248 0.437012 
0.971191 0.437327 

0.043991 0.441406 
0.043945 0.441488 

0.043945 0.445312 
0.041016 0.445312 

0.044075 0.445312 
0.043945 0.445284 

0.962242 0.251953 
0.961151 0.250000 

0.966797 0.251411 
0.963867 0.251484 

0.961697 0.253906 
0.961696 0.251953 

0.041016 0.446702 
0.038086 0.446681 

0.036015 0.447266 
0.036021 0.449219 

0.038768 0.449219 
0.041016 0.447721 

0.957950 0.255859 
0.958008 0.255821 

0.960933 0.253906 
0.960938 0.254433 

0.955078 0.255860 
0.958008 0.255860 

0.037170 0.453125 
0.041016 0.454885 

0.044126 0.453125 
0.046875 0.455587 

0.037829 0.457031 
0.041016 0.459155 

0.045465 0.457031 
0.046552 0.460938 

0.950475 0.242188 
0.955078 0.245256 

0.959130 0.242188 
0.959130 0.246094 

0.949219 0.247299 
0.955078 0.247299 

0.960362 0.250000 
0.957897 0.246094 

0.940434 0.226562 
0.937500 0.220413 

0.954421 0.226562 
0.949219 0.223094 

0.942927 0.234375 
0.937500 0.231050 

0.956202 0.234375 
0.949219 0.231791 

0.909139 0.203125 
0.890625 0.188391 

0.934291 0.203125 
0.914062 0.189640 

0.890625 0.209002 
0.914062 0.216859 

0.933201 0.218750 
0.914062 0.204497 

0.035250 0.266602 
0.035156 0.266987 

0.035263 0.267090 
0.035156 0.267297 

0.968744 0.256348 
0.968262 0.256263 

0.968262 0.256609 
0.968994 0.256642 

0.968994 0.256561 
0.969727 0.256719 

0.966797 0.257152 
0.967529 0.257088 

0.968262 0.257221 
0.967529 0.257159 

0.030762 0.263849 
0.031494 0.263907 

0.031494 0.263903 
0.032227 0.263934 

0.030841 0.264160 
0.030762 0.264199 

0.971849 0.254395 
0.971869 0.253906 

0.971968 0.253906 
0.972656 0.254369 

0.971775 0.254883 
0.971924 0.254559 

0.971924 0.254490 
0.972656 0.254692 

0.969727 0.255249 
0.970459 0.255044 

0.970767 0.254883 
0.970648 0.255371 

0.970459 0.255409 
0.969727 0.255391 

0.970672 0.255371 
0.970459 0.255432 

0.972705 0.254883 
0.972656 0.255339 

0.972694 0.255371 
0.972656 0.255416 

0.970346 0.437012 
0.970459 0.436928 

0.970459 0.436907 
0.971191 0.436941 

0.970325 0.437012 
0.970411 0.437500 

0.970459 0.437496 
0.971191 0.437233 

0.035670 0.257812 
0.035156 0.258664 

0.038086 0.257887 
0.041016 0.257887 

0.040205 0.259766 
0.041016 0.260306 

0.029972 0.445801 
0.030029 0.445486 

0.030327 0.445801 
0.030360 0.445312 

0.030003 0.445801 
0.030029 0.445827 

0.030762 0.445972 
0.030029 0.445812 

0.043157 0.439941 
0.043213 0.439908 

0.043230 0.439453 
0.043213 0.439563 

0.042728 0.439941 
0.042480 0.439949 

0.043268 0.439941 
0.043213 0.439975 

0.035166 0.266113 
0.035217 0.265625 

0.036036 0.265625 
0.035889 0.265647 

0.035158 0.266113 
0.035162 0.266602 

0.966797 0.256157 
0.967529 0.256273 

0.967529 0.256174 
0.968262 0.256343 

0.966879 0.256348 
0.967529 0.256570 

0.967529 0.256495 
0.968262 0.256633 

0.968262 0.254913 
0.968994 0.254908 

0.969172 0.254883 
0.969727 0.255141 

0.969399 0.255371 
0.969727 0.255498 

0.969825 0.253906 
0.969770 0.254395 

0.970051 0.254883 
0.969727 0.254588 

0.970708 0.254883 
0.970459 0.254797 

0.032800 0.443848 
0.032959 0.443778 

0.033293 0.443848 
0.033691 0.443663 

0.032458 0.444336 
0.032959 0.443861 

0.033536 0.443848 
0.032959 0.444261 

0.032959 0.263904 
0.032227 0.264132 

0.032959 0.263742 
0.033691 0.263907 

0.032708 0.264160 
0.032959 0.264244 

0.033608 0.264648 
0.033494 0.264160 

0.033691 0.264998 
0.034424 0.264747 

0.034939 0.264648 
0.035106 0.265137 

0.034177 0.265137 
0.034424 0.265171 

0.034981 0.265137 
0.035088 0.265625 

0.964289 0.253906 
0.965332 0.254617 

0.961341 0.256836 
0.961293 0.255859 

0.969727 0.250606 
0.971191 0.250841 

0.967155 0.252930 
0.968262 0.252260 

0.045421 0.438477 
0.045410 0.438561 

0.964491 0.435547 
0.964600 0.435517 

0.965085 0.435547 
0.964600 0.435515 

0.030797 0.445801 
0.031494 0.445337 

0.031650 0.445312 
0.031494 0.445377 

0.030965 0.445801 
0.030762 0.445875 

0.031554 0.445801 
0.031494 0.445840 

0.030504 0.260742 
0.030762 0.260764 

0.035282 0.443359 
0.035156 0.443204 

0.972724 0.439453 
0.972656 0.439385 

0.968631 0.253906 
0.968710 0.254395 

0.969434 0.253906 
0.969218 0.254395 

0.968262 0.254576 
0.968994 0.254466 

0.968994 0.254719 
0.969727 0.254596 

0.967529 0.254916 
0.966797 0.254895 

0.967529 0.254980 
0.968262 0.254897 

0.966926 0.255859 
0.966797 0.255800 

0.038801 0.441406 
0.038818 0.441394 

0.034372 0.443359 
0.033691 0.443812 

0.035028 0.443359 
0.035156 0.443452 

0.033994 0.443848 
0.033691 0.444106 

0.032815 0.444336 
0.032491 0.444824 

0.033189 0.444824 
0.033115 0.444336 

0.032227 0.445080 
0.032959 0.444953 

0.032959 0.445278 
0.033691 0.444871 

0.965353 0.436035 
0.965332 0.435896 

0.965358 0.436035 
0.965332 0.436063 

0.963113 0.434570 
0.963135 0.434559 

0.034016 0.263672 
0.033890 0.264160 

0.034908 0.263672 
0.035054 0.264160 

0.034079 0.264160 
0.034030 0.264648 

0.035018 0.264160 
0.035028 0.264648 

0.035296 0.261719 
0.035156 0.262501 

0.037681 0.261719 
0.038086 0.261989 

0.037452 0.262695 
0.038086 0.262868 

0.039379 0.264648 
0.039551 0.264012 

0.040610 0.263672 
0.041016 0.263942 

0.039551 0.264661 
0.041016 0.264710 

0.970406 0.442383 
0.971191 0.441691 

0.970289 0.442383 
0.971191 0.442985 

0.971550 0.442383 
0.971389 0.443359 

0.967260 0.439453 
0.968262 0.439995 

0.967359 0.440430 
0.968262 0.441032 

0.968691 0.441406 
0.968389 0.440430 

0.965332 0.437841 
0.963867 0.437530 

0.964429 0.438477 
0.965332 0.439078 

0.966797 0.438766 
0.965332 0.438558 

0.961689 0.441406 
0.961299 0.443359 

0.964991 0.441406 
0.966797 0.442610 

0.961953 0.443359 
0.961035 0.445312 

0.963867 0.443730 
0.966797 0.443730 

0.949219 0.448247 
0.955078 0.447187 

0.960145 0.445312 
0.957225 0.449219 

0.949219 0.453093 
0.955078 0.450154 

0.959845 0.449219 
0.957525 0.453125 

0.029949 0.260254 
0.030029 0.260117 

0.030560 0.260254 
0.030762 0.260199 

0.029995 0.260254 
0.030029 0.260370 

0.030475 0.260254 
0.030762 0.260470 

0.037354 0.443359 
0.038086 0.443359 

0.043720 0.439453 
0.043213 0.439448 

0.032674 0.445312 
0.032959 0.445319 

0.033560 0.445312 
0.032959 0.445350 

0.032800 0.445801 
0.032959 0.445824 

0.033675 0.445801 
0.033691 0.445805 

0.967529 0.254201 
0.966797 0.254256 

0.968262 0.254236 
0.967529 0.254237 

0.967529 0.254867 
0.966797 0.254605 

0.967688 0.254883 
0.968262 0.254615 

0.039581 0.441406 
0.039551 0.441399 

0.035179 0.443359 
0.035279 0.443848 

0.035895 0.443848 
0.035889 0.443828 

0.035194 0.444336 
0.035228 0.443848 

0.035933 0.443848 
0.035889 0.443939 

0.039506 0.441895 
0.039551 0.441844 

0.039512 0.441895 
0.039551 0.441907 

0.962402 0.257892 
0.963135 0.258015 

0.963135 0.257908 
0.963867 0.257974 

0.033815 0.444824 
0.033691 0.444566 

0.035120 0.444824 
0.035156 0.444479 

0.033933 0.444824 
0.033755 0.445312 

0.035092 0.444824 
0.035156 0.445251 

0.964484 0.436035 
0.964600 0.435759 

0.965144 0.436035 
0.964600 0.435732 

0.964390 0.436035 
0.964600 0.436157 

0.965220 0.436035 
0.964600 0.436124 

0.965410 0.437500 
0.965332 0.437485 

0.962383 0.434570 
0.962402 0.434558 

0.963082 0.435059 
0.963135 0.434825 

0.963517 0.435059 
0.963135 0.434844 

0.963072 0.435059 
0.963135 0.435178 

0.963566 0.435059 
0.963135 0.435087 

0.042447 0.439941 
0.042480 0.439926 

0.041744 0.440430 
0.041748 0.440317 

0.042440 0.439941 
0.042480 0.440006 

0.961317 0.253906 
0.961317 0.254883 

0.963457 0.253906 
0.962402 0.254609 

0.961334 0.255859 
0.961300 0.254883 

0.962402 0.255494 
0.963867 0.255719 

0.966797 0.250724 
0.968262 0.250724 

0.969727 0.250716 
0.968262 0.250731 

0.967207 0.251953 
0.968262 0.251250 

0.968709 0.251953 
0.969727 0.251225 

0.043965 0.439453 
0.043945 0.439501 

0.045428 0.439453 
0.045410 0.439506 

0.043983 0.440430 
0.043945 0.440455 

0.045411 0.440430 
0.045411 0.441406 

0.039479 0.444336 
0.039551 0.444323 

0.040978 0.444336 
0.041016 0.444311 

0.038086 0.445312 
0.039551 0.445312 

0.039551 0.445312 
0.041016 0.445312 

0.041016 0.446691 
0.043945 0.446691 

0.046191 0.447266 
0.043945 0.445766 

0.041698 0.449219 
0.043945 0.447721 

0.044807 0.447266 
0.044807 0.449219 

0.036018 0.449219 
0.036018 0.451172 

0.038768 0.451172 
0.041016 0.449674 

0.037088 0.453125 
0.035156 0.451382 

0.038086 0.452550 
0.041016 0.452550 

0.955078 0.250000 
0.958008 0.250000 

0.960901 0.250000 
0.960938 0.250060 

0.955136 0.251953 
0.955078 0.251992 

0.960937 0.251953 
0.960937 0.253906 

0.952148 0.253906 
0.952148 0.255859 

0.955020 0.255859 
0.955078 0.255821 

0.952091 0.255859 
0.952148 0.255898 

0.952148 0.255860 
0.955078 0.255860 

0.031218 0.260254 
0.030762 0.260203 

0.031631 0.260254 
0.031494 0.260085 

0.030953 0.260254 
0.030762 0.260375 

0.031771 0.260254 
0.031494 0.260337 

0.033865 0.445312 
0.033691 0.445374 

0.035102 0.445312 
0.035156 0.445509 

0.034115 0.445801 
0.034424 0.445835 

0.035115 0.445801 
0.035156 0.446057 

0.030018 0.258789 
0.030018 0.259277 

0.030633 0.259277 
0.030762 0.259192 

0.030018 0.259277 
0.030018 0.259766 

0.030633 0.259766 
0.030762 0.259680 

0.036643 0.443848 
0.036621 0.443837 

0.037354 0.443848 
0.038086 0.443848 

0.036632 0.444336 
0.036621 0.444315 

0.037372 0.444336 
0.037354 0.444323 

0.035173 0.444336 
0.035156 0.444585 

0.036538 0.444824 
0.036621 0.444774 

0.035195 0.445312 
0.035156 0.445205 

0.036551 0.445312 
0.035889 0.445306 

0.039578 0.441895 
0.039551 0.441869 

0.040321 0.441895 
0.040283 0.441876 

0.039615 0.441895 
0.039551 0.441905 

0.040315 0.441895 
0.040283 0.441916 

0.962981 0.436035 
0.963135 0.435908 

0.963634 0.436035 
0.963867 0.435951 

0.962995 0.436035 
0.963135 0.436175 

0.963525 0.436035 
0.963867 0.436092 

0.961657 0.435059 
0.961670 0.435041 

0.962393 0.435059 
0.962402 0.435033 

0.961640 0.435547 
0.961670 0.435539 

0.962386 0.435547 
0.962402 0.435533 

0.039146 0.262695 
0.039551 0.262425 

0.040610 0.262695 
0.041016 0.262425 

0.039146 0.262695 
0.039551 0.262965 

0.040610 0.263672 
0.041016 0.263402 

0.967700 0.441406 
0.966797 0.442008 

0.969165 0.442383 
0.968262 0.441781 

0.967700 0.442383 
0.966797 0.442985 

0.969165 0.442383 
0.968262 0.442985 

0.970289 0.443359 
0.971191 0.443961 

0.971470 0.443359 
0.971470 0.444336 

0.969727 0.444521 
0.971191 0.444521 

0.972094 0.444336 
0.971191 0.444938 

0.961838 0.437500 
0.960938 0.438103 

0.963867 0.437687 
0.962402 0.437684 

0.961217 0.438477 
0.961214 0.439453 

0.963305 0.438477 
0.962402 0.439078 

0.041016 0.257887 
0.043945 0.257887 

0.045156 0.257812 
0.043945 0.258174 

0.043135 0.261719 
0.043945 0.261179 

0.044057 0.259766 
0.044057 0.261719 

0.039322 0.246094 
0.041016 0.244965 

0.046324 0.246094 
0.046875 0.242620 

0.038494 0.250000 
0.041016 0.249242 

0.045559 0.250000 
0.046875 0.248547 

