0.171299 1.032336 
0.177342 1.073449 
0.186785 1.112438 
0.199688 1.148574 
0.216117 1.181330 
0.236117 1.210374 
0.259692 1.235544 
0.286771 1.256810 
0.317182 1.274221 
0.350615 1.287876 
0.386609 1.297886 
0.424541 1.304355 
0.463648 1.307367 
0.503073 1.306981 
0.541925 1.303226 
0.579356 1.296111 
0.614620 1.285630 
0.647121 1.271777 
0.676430 1.254560 
0.702275 1.234021 
0.724519 1.210260 
0.743127 1.183452 
0.758131 1.153877 
0.769599 1.121925 
0.777619 1.088110 
0.782274 1.053050 
0.783638 1.017447 
0.781774 0.982039 
0.776731 0.947551 
0.768554 0.914651 
0.757288 0.883898 
0.742993 0.855737 
0.725756 0.830478 
0.705702 0.808319 
0.683013 0.789356 
0.657938 0.773611 
0.630799 0.761057 
0.601998 0.751632 
0.572003 0.745257 
0.541340 0.741849 
0.510564 0.741320 
0.480230 0.743587 
0.450865 0.748563 
0.422935 0.756158 
0.396831 0.766273 
0.372859 0.778794 
0.351235 0.793583 
0.332094 0.810475 
0.315504 0.829272 
0.301476 0.849741 
0.289980 0.871612 
0.280955 0.894584 
0.274320 0.918327 
0.269981 0.942497 
0.267836 0.966744 
0.267775 0.990728 
0.269685 1.014130 
0.273449 1.036666 
0.278944 1.058094 
0.286039 1.078217 
0.294601 1.096890 
0.304485 1.114013 
0.315541 1.129529 
0.327612 1.143419 
0.340534 1.155696 
0.354140 1.166400 
0.368262 1.175590 
0.382732 1.183340 
0.397389 1.189735 
0.412076 1.194871 
0.426648 1.198844 
0.440971 1.201757 
0.454929 1.203713 
0.468419 1.204815 
0.481354 1.205166 
0.493667 1.204867 
0.505303 1.204016 
0.516223 1.202709 
0.526404 1.201038 
0.535833 1.199091 
0.544505 1.196952 
0.552426 1.194699 
0.559606 1.192407 
0.566062 1.190142 
0.571814 1.187967 
0.576879 1.185939 
0.581280 1.184108 
0.585036 1.182518 
0.588165 1.181207 
0.590681 1.180206 
0.592597 1.179541 
0.593920 1.179230 
0.594655 1.179287 
0.594801 1.179717 
0.594352 1.180520 
0.593300 1.181690 
0.591630 1.183212 
0.589325 1.185068 
0.586362 1.187229 
0.582718 1.189662 
0.578364 1.192327 
0.573274 1.195175 
0.567418 1.198152 
0.560769 1.201197 
0.553301 1.204242 
0.544995 1.207212 
0.535834 1.210028 
0.525813 1.212605 
0.514936 1.214851 
0.503218 1.216673 
0.490690 1.217970 
0.477398 1.218641 
0.463407 1.218580 
0.448801 1.217680 
0.433681 1.215833 
0.418169 1.212928 
0.402402 1.208857 
0.386535 1.203511 
0.370731 1.196785 
0.355166 1.188579 
0.340020 1.178802 
0.325473 1.167372 
0.311705 1.154225 
0.298889 1.139319 
0.287192 1.122639 
0.276772 1.104208 
0.267776 1.084089 
0.260341 1.062395 
0.254598 1.039292 
0.250666 1.015002 
0.248663 0.989798 
0.248699 0.964000 
0.250883 0.937962 
0.255322 0.912059 
0.262120 0.886670 
0.271374 0.862162 
0.283175 0.838880 
0.297594 0.817129 
0.314680 0.797176 
0.334437 0.779241 
0.356817 0.763506 
0.381701 0.750112 
0.408886 0.739172 
0.438071 0.730775 
0.468862 0.724996 
0.500777 0.721901 
0.533267 0.721553 
0.565745 0.724022 
0.597623 0.729380 
0.628346 0.737708 
0.657420 0.749088 
0.684427 0.763594 
0.709043 0.781286 
0.731024 0.802186 
0.750207 0.826257 
0.766488 0.853383 
0.779813 0.883339 
0.790156 0.915778 
0.797512 0.950222 
0.801878 0.986075 
0.803248 1.022648 
0.801602 1.059208 
0.796905 1.095026 
0.789104 1.129432 
0.778130 1.161852 
0.763910 1.191832 
0.746374 1.219040 
0.725477 1.243264 
0.701221 1.264390 
0.673686 1.282378 
0.643055 1.297241 
0.609641 1.309028 
0.573900 1.317799 
0.536427 1.323617 
0.497933 1.326533 
0.459192 1.326583 
0.420988 1.323778 
0.384055 1.318105 
0.349023 1.309527 
0.316389 1.297986 
0.286509 1.283415 
0.259602 1.265744 
0.235774 1.244921 
0.215039 1.220933 
0.197348 1.193832 
0.182610 1.163756 
0.170715 1.130961 
0.161546 1.095826 
0.154991 1.058864 
0.150953 1.020698 
0.149353 0.982027 
0.150135 0.943576 
0.153267 0.906037 
0.158743 0.870028 
0.166578 0.836049 
0.176806 0.804473 
0.189478 0.775542 
0.204647 0.749382 
0.222367 0.726024 
0.242673 0.705426 
0.265573 0.687497 
0.291025 0.672116 
0.318927 0.659144 
0.349095 0.648441 
0.381260 0.639869 
0.415061 0.633303 
0.450057 0.628629 
0.485743 0.625751 
0.521582 0.624588 
0.557039 0.625078 
0.591611 0.627177 
0.624863 0.630856 
0.656441 0.636101 
0.686080 0.642913 
0.713609 0.651305 
0.738936 0.661296 
0.762038 0.672914 
0.782945 0.686189 
0.801728 0.701147 
0.818483 0.717808 
0.833323 0.736180 
0.846369 0.756253 
0.857744 0.777991 
0.867565 0.801328 
0.875947 0.826164 
0.882994 0.852359 
0.888802 0.879733 
0.893459 0.908069 
0.897041 0.937118 
0.899615 0.966605 
0.901239 0.996244 
0.901964 1.025749 
0.901829 1.054843 
0.900869 1.083274 
0.899109 1.110821 
0.896569 1.137300 
0.893262 1.162567 
0.889196 1.186520 
0.884375 1.209092 
0.878796 1.230249 
0.872455 1.249988 
0.865342 1.268326 
0.857447 1.285299 
0.848756 1.300959 
0.839255 1.315362 
0.828929 1.328573 
0.817762 1.340660 
0.805742 1.351691 
0.792855 1.361734 
0.779094 1.370853 
0.764455 1.379111 
0.748938 1.386566 
0.732552 1.393275 
0.715312 1.399288 
0.697244 1.404653 
0.678381 1.409412 
0.658771 1.413605 
0.638470 1.417268 
0.617545 1.420433 
0.596077 1.423129 
0.574154 1.425380 
0.551874 1.427210 
0.529343 1.428638 
0.506670 1.429680 
0.483968 1.430352 
0.461347 1.430664 
0.438919 1.430625 
0.416785 1.430243 
0.395045 1.429523 
0.373784 1.428466 
0.353082 1.427074 
0.333005 1.425344 
0.313607 1.423272 
0.294934 1.420854 
0.277018 1.418081 
0.259883 1.414942 
0.243541 1.411428 
0.227999 1.407522 
0.213254 1.403209 
0.199299 1.398472 
0.186119 1.393288 
0.173699 1.387637 
0.162017 1.381493 
0.151049 1.374829 
0.140772 1.367616 
0.131159 1.359825 
0.122182 1.351420 
0.113815 1.342369 
0.106030 1.332636 
0.098801 1.322183 
0.092101 1.310974 
0.085904 1.298971 
0.080187 1.286138 
0.074924 1.272441 
0.070094 1.257849 
0.065674 1.242336 
0.061644 1.225883 
0.057985 1.208476 
0.054677 1.190114 
0.051704 1.170808 
0.049050 1.150581 
0.046698 1.129472 
0.044636 1.107539 
0.042850 1.084855 
0.041328 1.061513 
0.040059 1.037622 
0.039033 1.013308 
0.038242 0.988707 
0.037676 0.963967 
0.037329 0.939239 
0.037195 0.914678 
0.037267 0.890430 
0.037543 0.866637 
0.038017 0.843427 
0.038686 0.820913 
0.039550 0.799192 
0.040605 0.778342 
0.041852 0.758423 
0.043290 0.739477 
0.044920 0.721530 
0.046743 0.704593 
0.048760 0.688663 
0.050973 0.673728 
0.053385 0.659764 
0.055999 0.646742 
0.058817 0.634627 
0.061843 0.623379 
0.065081 0.612957 
0.068535 0.603315 
0.072206 0.594410 
0.076100 0.586198 
0.080219 0.578634 
0.084567 0.571675 
0.089145 0.565281 
0.093955 0.559410 
0.099000 0.554026 
0.104280 0.549092 
0.109793 0.544574 
0.115539 0.540439 
0.121516 0.536659 
0.127719 0.533203 
0.134143 0.530047 
0.140782 0.527165 
0.147627 0.524535 
0.154668 0.522136 
0.161893 0.519947 
0.169289 0.517952 
0.176841 0.516133 
0.184532 0.514475 
0.192342 0.512965 
0.200251 0.511589 
0.208236 0.510335 
0.216275 0.509193 
0.224341 0.508153 
0.232409 0.507206 
0.240451 0.506345 
0.248439 0.505561 
0.256344 0.504849 
0.264137 0.504203 
0.271789 0.503617 
0.279270 0.503087 
0.286551 0.502609 
0.293604 0.502180 
0.300401 0.501795 
0.306915 0.501453 
0.313120 0.501151 
0.318991 0.500887 
0.324505 0.500660 
0.329639 0.500467 
0.334372 0.500309 
0.338686 0.500184 
0.342561 0.500092 
0.345982 0.500031 
0.348933 0.500003 
0.351402 0.500006 
0.353374 0.500040 
0.354841 0.500106 
0.355793 0.500205 
0.356223 0.500335 
0.356125 0.500499 
0.355493 0.500697 
0.354326 0.500929 
0.352622 0.501197 
0.350382 0.501502 
0.347607 0.501845 
0.344303 0.502228 
0.340476 0.502654 
0.336134 0.503124 
0.331288 0.503641 
0.325952 0.504209 
0.320140 0.504832 
0.313872 0.505514 
0.307168 0.506261 
0.300051 0.507078 
0.292548 0.507973 
0.284688 0.508953 
0.276502 0.510028 
0.268023 0.511210 
0.259287 0.512510 
0.250333 0.513942 
0.241199 0.515523 
0.231925 0.517271 
0.222553 0.519208 
0.213124 0.521357 
0.203680 0.523746 
0.194262 0.526406 
0.184910 0.529372 
0.175661 0.532684 
0.166554 0.536388 
0.157623 0.540533 
0.148901 0.545179 
0.140417 0.550390 
0.132200 0.556239 
0.124274 0.562809 
0.116660 0.570191 
0.109380 0.578489 
0.102450 0.587815 
0.095886 0.598295 
0.089702 0.610065 
0.083909 0.623275 
0.078519 0.638081 
0.073543 0.654646 
0.068992 0.673137 
0.064878 0.693715 
0.061213 0.716526 
0.058013 0.741688 
0.055295 0.769278 
0.053081 0.799306 
0.051398 0.831704 
0.050279 0.866298 
0.049761 0.902805 
0.049893 0.940822 
0.050733 0.979844 
0.052348 1.019286 
0.054820 1.058523 
0.058246 1.096940 
0.062738 1.133975 
0.068427 1.169153 
0.075464 1.202109 
0.084021 1.232598 
0.094295 1.260479 
0.106502 1.285708 
0.120883 1.308312 
0.137693 1.328370 
0.157200 1.345991 
0.179666 1.361303 
0.205332 1.374433 
0.234386 1.385503 
0.266932 1.394621 
0.302940 1.401871 
0.342206 1.407318 
0.384316 1.410996 
0.428631 1.412912 
0.474308 1.413040 
0.520363 1.411321 
0.565758 1.407664 
0.609515 1.401941 
0.650800 1.393993 
0.688987 1.383627 
0.723672 1.370619 
0.754656 1.354725 
0.781907 1.335686 
0.805508 1.313247 
0.825613 1.287183 
0.842412 1.257334 
0.856096 1.223648 
0.866840 1.186235 
0.874788 1.145416 
0.880046 1.101757 
0.882672 1.056071 
0.882679 1.009376 
0.880033 0.962809 
0.874653 0.917502 
0.866418 0.874473 
0.855170 0.834529 
0.840722 0.798230 
0.822877 0.765894 
0.801439 0.737632 
0.776245 0.713408 
0.747199 0.693093 
0.714318 0.676511 
0.677775 0.663476 
0.637949 0.653819 
0.595450 0.647408 
0.551111 0.644150 
0.505948 0.644005 
0.461069 0.646977 
0.417564 0.653117 
0.376400 0.662512 
0.338343 0.675279 
0.303926 0.691548 
0.273454 0.711443 
0.247047 0.735058 
0.224687 0.762422 
0.206273 0.793466 
0.191663 0.827976 
0.180706 0.865564 
0.173273 0.905640 
0.169261 0.947428 
0.168611 0.989997 
