0.092016 -0.920880 
0.095867 -0.922472 
0.099714 -0.924026 
0.103555 -0.925542 
0.107392 -0.927019 
0.111222 -0.928457 
0.115046 -0.929857 
0.118863 -0.931219 
0.122672 -0.932541 
0.126474 -0.933826 
0.130268 -0.935071 
0.134053 -0.936278 
0.137829 -0.937446 
0.141596 -0.938575 
0.145352 -0.939666 
0.149098 -0.940718 
0.152833 -0.941731 
0.156557 -0.942707 
0.160270 -0.943643 
0.163970 -0.944542 
0.167657 -0.945402 
0.171332 -0.946224 
0.174993 -0.947008 
0.178640 -0.947754 
0.182274 -0.948462 
0.185892 -0.949132 
0.189496 -0.949765 
0.193084 -0.950361 
0.196656 -0.950919 
0.200213 -0.951440 
0.203752 -0.951924 
0.207275 -0.952372 
0.210781 -0.952782 
0.214268 -0.953157 
0.217738 -0.953495 
0.221189 -0.953798 
0.224622 -0.954064 
0.228035 -0.954295 
0.231428 -0.954491 
0.234802 -0.954652 
0.238155 -0.954778 
0.241488 -0.954869 
0.244800 -0.954926 
0.248091 -0.954949 
0.251360 -0.954938 
0.254606 -0.954893 
0.257831 -0.954815 
0.261033 -0.954704 
0.264212 -0.954561 
0.267367 -0.954385 
0.270499 -0.954177 
0.273607 -0.953937 
0.276690 -0.953666 
0.279749 -0.953363 
0.282783 -0.953029 
0.285792 -0.952665 
0.288775 -0.952271 
0.291732 -0.951847 
0.294663 -0.951393 
0.297568 -0.950910 
0.300446 -0.950398 
0.303297 -0.949857 
0.306120 -0.949288 
0.308916 -0.948691 
0.311684 -0.948067 
0.314423 -0.947416 
0.317135 -0.946737 
0.319817 -0.946033 
0.322471 -0.945302 
0.325095 -0.944545 
0.327689 -0.943764 
0.330254 -0.942957 
0.332789 -0.942125 
0.335293 -0.941270 
0.337766 -0.940390 
0.340209 -0.939487 
0.342621 -0.938561 
0.345001 -0.937612 
0.347350 -0.936641 
0.349667 -0.935648 
0.351952 -0.934633 
0.354204 -0.933598 
0.356424 -0.932541 
0.358612 -0.931464 
0.360766 -0.930368 
0.362887 -0.929251 
0.364974 -0.928116 
0.367028 -0.926961 
0.369048 -0.925788 
0.371034 -0.924598 
0.372986 -0.923389 
0.374903 -0.922164 
0.376785 -0.920922 
0.378633 -0.919663 
0.380445 -0.918388 
0.382222 -0.917098 
0.383964 -0.915793 
0.385670 -0.914472 
0.387340 -0.913138 
0.388974 -0.911789 
0.390571 -0.910427 
0.392133 -0.909051 
0.393657 -0.907663 
0.395145 -0.906263 
0.396596 -0.904850 
0.398009 -0.903426 
0.399386 -0.901990 
0.400724 -0.900544 
0.402026 -0.899087 
0.403289 -0.897621 
0.404514 -0.896144 
0.405701 -0.894659 
0.406850 -0.893164 
0.407960 -0.891661 
0.409032 -0.890150 
0.410065 -0.888631 
0.411059 -0.887105 
0.412014 -0.885572 
0.412929 -0.884033 
0.413806 -0.882487 
0.414642 -0.880935 
0.415439 -0.879378 
0.416196 -0.877815 
0.416914 -0.876248 
0.417591 -0.874677 
0.418228 -0.873102 
0.418824 -0.871523 
0.419380 -0.869940 
0.419895 -0.868355 
0.420370 -0.866767 
0.420803 -0.865177 
0.421196 -0.863585 
0.421547 -0.861991 
0.421858 -0.860396 
0.422126 -0.858800 
0.422353 -0.857203 
0.422539 -0.855607 
0.422682 -0.854010 
0.422784 -0.852413 
0.422844 -0.850818 
0.422862 -0.849223 
0.422837 -0.847629 
0.422770 -0.846037 
0.422660 -0.844447 
0.422508 -0.842859 
0.422313 -0.841274 
0.422076 -0.839691 
0.421795 -0.838111 
0.421472 -0.836534 
0.421105 -0.834961 
0.420695 -0.833392 
0.420242 -0.831826 
0.419745 -0.830265 
0.419205 -0.828708 
0.418621 -0.827156 
0.417993 -0.825609 
0.417322 -0.824067 
0.416607 -0.822530 
0.415848 -0.820999 
0.415044 -0.819474 
0.414197 -0.817955 
0.413305 -0.816441 
0.412369 -0.814934 
0.411389 -0.813434 
0.410364 -0.811940 
0.409295 -0.810453 
0.408181 -0.808973 
0.407022 -0.807500 
0.405819 -0.806034 
0.404571 -0.804575 
0.403278 -0.803124 
0.401940 -0.801680 
0.400557 -0.800244 
0.399130 -0.798816 
0.397657 -0.797396 
0.396139 -0.795983 
0.394576 -0.794579 
0.392967 -0.793182 
0.391314 -0.791793 
0.389615 -0.790413 
0.387871 -0.789040 
0.386082 -0.787676 
0.384248 -0.786320 
0.382368 -0.784972 
0.380443 -0.783632 
0.378473 -0.782300 
0.376457 -0.780976 
0.374396 -0.779660 
0.372290 -0.778351 
0.370138 -0.777051 
0.367941 -0.775759 
0.365700 -0.774474 
0.363412 -0.773197 
0.361080 -0.771927 
0.358703 -0.770665 
0.356281 -0.769410 
0.353813 -0.768162 
0.351301 -0.766921 
0.348744 -0.765686 
0.346142 -0.764459 
0.343496 -0.763238 
0.340805 -0.762022 
0.338070 -0.760813 
0.335290 -0.759610 
0.332466 -0.758413 
0.329598 -0.757220 
0.326686 -0.756033 
0.323730 -0.754850 
0.320730 -0.753672 
0.317687 -0.752499 
0.314601 -0.751329 
0.311472 -0.750163 
0.308299 -0.749000 
0.305084 -0.747841 
0.301827 -0.746683 
0.298527 -0.745529 
0.295185 -0.744376 
0.291801 -0.743225 
0.288376 -0.742075 
0.284909 -0.740926 
0.281402 -0.739778 
0.277854 -0.738629 
0.274265 -0.737480 
0.270637 -0.736331 
0.266968 -0.735180 
0.263261 -0.734028 
0.259514 -0.732873 
0.255729 -0.731716 
0.251906 -0.730557 
0.248045 -0.729393 
0.244147 -0.728226 
0.240212 -0.727055 
0.236240 -0.725879 
0.232233 -0.724697 
0.228190 -0.723510 
0.224112 -0.722317 
0.219999 -0.721117 
0.215853 -0.719910 
0.211674 -0.718695 
0.207462 -0.717472 
0.203217 -0.716240 
0.198942 -0.715000 
0.194635 -0.713750 
0.190299 -0.712489 
0.185933 -0.711219 
0.181538 -0.709937 
0.177115 -0.708644 
0.172665 -0.707339 
0.168188 -0.706022 
0.163686 -0.704693 
0.159159 -0.703350 
0.154607 -0.701993 
0.150033 -0.700623 
0.145436 -0.699239 
0.140817 -0.697839 
0.136178 -0.696425 
0.131520 -0.694996 
0.126843 -0.693550 
0.122148 -0.692089 
0.117436 -0.690612 
0.112709 -0.689118 
0.107967 -0.687607 
0.103212 -0.686080 
0.098444 -0.684535 
0.093666 -0.682974 
0.088876 -0.681394 
0.084078 -0.679798 
0.079272 -0.678183 
0.074460 -0.676552 
0.069642 -0.674902 
0.064819 -0.673235 
0.059994 -0.671551 
0.055167 -0.669849 
0.050340 -0.668130 
0.045513 -0.666393 
0.040689 -0.664640 
0.035868 -0.662870 
0.031052 -0.661084 
0.026242 -0.659282 
0.021440 -0.657464 
0.016647 -0.655631 
0.011864 -0.653783 
0.007093 -0.651921 
0.002335 -0.650045 
-0.002408 -0.648156 
-0.007136 -0.646254 
-0.011846 -0.644340 
-0.016537 -0.642416 
-0.021208 -0.640481 
-0.025858 -0.638536 
-0.030484 -0.636583 
-0.035086 -0.634622 
-0.039663 -0.632654 
-0.044212 -0.630681 
-0.048732 -0.628702 
-0.053223 -0.626720 
-0.057682 -0.624736 
-0.062108 -0.622750 
-0.066500 -0.620764 
-0.070857 -0.618779 
-0.075177 -0.616796 
-0.079459 -0.614817 
-0.083702 -0.612843 
-0.087905 -0.610875 
-0.092066 -0.608915 
-0.096184 -0.606965 
-0.100257 -0.605025 
-0.104286 -0.603098 
-0.108268 -0.601184 
-0.112203 -0.599286 
-0.116089 -0.597405 
-0.119926 -0.595543 
-0.123713 -0.593700 
-0.127448 -0.591880 
-0.131130 -0.590083 
-0.134760 -0.588311 
-0.138335 -0.586566 
-0.141855 -0.584849 
-0.145320 -0.583162 
-0.148728 -0.581507 
-0.152080 -0.579885 
-0.155373 -0.578299 
-0.158608 -0.576748 
-0.161784 -0.575236 
-0.164900 -0.573764 
-0.167957 -0.572334 
-0.170952 -0.570946 
-0.173887 -0.569602 
-0.176760 -0.568305 
-0.179572 -0.567055 
-0.182321 -0.565853 
-0.185008 -0.564702 
-0.187632 -0.563603 
-0.190193 -0.562557 
-0.192690 -0.561564 
-0.195125 -0.560628 
-0.197495 -0.559748 
-0.199802 -0.558925 
-0.202045 -0.558162 
-0.204225 -0.557459 
-0.206340 -0.556816 
-0.208391 -0.556236 
-0.210378 -0.555718 
-0.212301 -0.555264 
-0.214160 -0.554875 
-0.215955 -0.554550 
-0.217687 -0.554292 
-0.219354 -0.554099 
-0.220957 -0.553974 
-0.222497 -0.553917 
-0.223974 -0.553927 
-0.225386 -0.554005 
-0.226736 -0.554153 
-0.228022 -0.554369 
-0.229246 -0.554654 
-0.230406 -0.555008 
-0.231504 -0.555432 
-0.232540 -0.555925 
-0.233513 -0.556488 
-0.234424 -0.557119 
-0.235273 -0.557820 
-0.236060 -0.558590 
-0.236786 -0.559428 
-0.237450 -0.560335 
-0.238054 -0.561309 
-0.238596 -0.562352 
-0.239078 -0.563461 
-0.239499 -0.564638 
-0.239860 -0.565880 
-0.240162 -0.567188 
-0.240403 -0.568561 
-0.240585 -0.569999 
-0.240707 -0.571500 
-0.240770 -0.573064 
-0.240775 -0.574690 
-0.240721 -0.576377 
-0.240608 -0.578125 
-0.240437 -0.579933 
-0.240209 -0.581799 
-0.239923 -0.583723 
-0.239579 -0.585703 
-0.239179 -0.587740 
-0.238721 -0.589831 
-0.238207 -0.591977 
-0.237637 -0.594174 
-0.237011 -0.596424 
-0.236329 -0.598724 
-0.235591 -0.601073 
-0.234799 -0.603471 
-0.233951 -0.605916 
-0.233049 -0.608407 
-0.232093 -0.610943 
-0.231083 -0.613522 
-0.230019 -0.616144 
-0.228902 -0.618807 
-0.227732 -0.621511 
-0.226509 -0.624253 
-0.225234 -0.627033 
-0.223908 -0.629849 
-0.222530 -0.632701 
-0.221100 -0.635586 
-0.219620 -0.638505 
-0.218090 -0.641454 
-0.216509 -0.644435 
-0.214879 -0.647444 
-0.213200 -0.650481 
-0.211472 -0.653545 
-0.209695 -0.656634 
-0.207871 -0.659748 
-0.205999 -0.662884 
-0.204081 -0.666043 
-0.202115 -0.669222 
-0.200104 -0.672421 
-0.198047 -0.675637 
-0.195945 -0.678871 
-0.193798 -0.682121 
-0.191606 -0.685386 
-0.189372 -0.688664 
-0.187093 -0.691955 
-0.184773 -0.695257 
-0.182410 -0.698570 
-0.180005 -0.701892 
-0.177559 -0.705221 
-0.175073 -0.708558 
-0.172546 -0.711901 
-0.169980 -0.715248 
-0.167376 -0.718600 
-0.164732 -0.721954 
-0.162051 -0.725309 
-0.159332 -0.728666 
-0.156577 -0.732022 
-0.153786 -0.735377 
-0.150959 -0.738730 
-0.148096 -0.742080 
-0.145200 -0.745425 
-0.142270 -0.748766 
-0.139306 -0.752100 
-0.136310 -0.755427 
-0.133281 -0.758747 
-0.130222 -0.762058 
-0.127131 -0.765359 
-0.124010 -0.768650 
-0.120860 -0.771930 
-0.117680 -0.775198 
-0.114472 -0.778452 
-0.111236 -0.781693 
-0.107973 -0.784920 
-0.104683 -0.788131 
-0.101367 -0.791326 
-0.098026 -0.794504 
-0.094660 -0.797665 
-0.091270 -0.800808 
-0.087857 -0.803931 
-0.084420 -0.807035 
-0.080961 -0.810119 
-0.077481 -0.813181 
-0.073979 -0.816222 
-0.070457 -0.819241 
-0.066915 -0.822236 
-0.063354 -0.825208 
-0.059774 -0.828156 
-0.056176 -0.831079 
-0.052560 -0.833977 
-0.048928 -0.836849 
-0.045280 -0.839694 
-0.041615 -0.842513 
-0.037936 -0.845303 
-0.034243 -0.848066 
-0.030535 -0.850801 
-0.026814 -0.853506 
-0.023081 -0.856182 
-0.019336 -0.858827 
-0.015579 -0.861443 
-0.011811 -0.864027 
-0.008032 -0.866580 
-0.004244 -0.869102 
-0.000447 -0.871591 
0.003359 -0.874048 
0.007173 -0.876472 
0.010994 -0.878863 
0.014823 -0.881220 
0.018657 -0.883544 
0.022498 -0.885833 
0.026344 -0.888087 
0.030194 -0.890307 
0.034049 -0.892491 
0.037908 -0.894641 
0.041769 -0.896754 
0.045633 -0.898831 
0.049500 -0.900873 
0.053367 -0.902878 
0.057236 -0.904846 
0.061105 -0.906777 
0.064975 -0.908671 
0.068843 -0.910528 
0.072711 -0.912348 
0.076577 -0.914130 
0.080441 -0.915875 
0.084303 -0.917581 
0.088161 -0.919250 
