1.020198 1.750000 
0.999541 1.781250 

0.945498 1.812500 
0.984375 1.794838 

0.999576 1.781250 
0.984375 1.793561 

0.886847 1.812500 
0.843750 1.790696 

1.023327 1.718750 
1.013175 1.687500 

1.022865 1.718750 
1.018674 1.750000 

0.808150 1.718750 
0.819362 1.687500 

0.808288 1.718750 
0.813042 1.750000 

0.846820 1.656250 
0.890625 1.637586 

0.937500 1.635425 
0.890625 1.636813 

0.849111 1.656250 
0.843750 1.659976 

0.812498 1.750000 
0.834032 1.781250 

0.835175 1.781250 
0.843750 1.788445 

0.942416 1.812500 
0.937500 1.813808 

0.937500 1.814466 
0.890625 1.813643 

0.937500 1.635776 
0.984375 1.653957 

0.984620 1.656250 
0.984375 1.656083 

1.014964 1.687500 
0.985968 1.656250 

0.818774 1.687500 
0.843750 1.660323 

