-0.580638 -0.693340 
-0.578140 -0.698004 
-0.575623 -0.702633 
-0.573087 -0.707227 
-0.570534 -0.711784 
-0.567963 -0.716304 
-0.565375 -0.720788 
-0.562771 -0.725234 
-0.560152 -0.729641 
-0.557518 -0.734011 
-0.554870 -0.738341 
-0.552209 -0.742633 
-0.549535 -0.746884 
-0.546848 -0.751096 
-0.544150 -0.755267 
-0.541441 -0.759398 
-0.538722 -0.763487 
-0.535993 -0.767535 
-0.533255 -0.771541 
-0.530508 -0.775505 
-0.527754 -0.779427 
-0.524992 -0.783306 
-0.522224 -0.787142 
-0.519450 -0.790934 
-0.516670 -0.794683 
-0.513885 -0.798388 
-0.511096 -0.802049 
-0.508304 -0.805666 
-0.505508 -0.809238 
-0.502710 -0.812765 
-0.499910 -0.816247 
-0.497109 -0.819684 
-0.494306 -0.823075 
-0.491504 -0.826421 
-0.488702 -0.829721 
-0.485900 -0.832974 
-0.483100 -0.836182 
-0.480302 -0.839343 
-0.477507 -0.842458 
-0.474714 -0.845526 
-0.471925 -0.848547 
-0.469140 -0.851521 
-0.466360 -0.854448 
-0.463585 -0.857328 
-0.460815 -0.860161 
-0.458051 -0.862946 
-0.455294 -0.865684 
-0.452545 -0.868375 
-0.449802 -0.871017 
-0.447068 -0.873613 
-0.444342 -0.876160 
-0.441625 -0.878659 
-0.438918 -0.881111 
-0.436221 -0.883515 
-0.433534 -0.885871 
-0.430858 -0.888179 
-0.428193 -0.890439 
-0.425540 -0.892651 
-0.422899 -0.894816 
-0.420271 -0.896932 
-0.417655 -0.899000 
-0.415054 -0.901021 
-0.412466 -0.902993 
-0.409892 -0.904918 
-0.407334 -0.906795 
-0.404790 -0.908624 
-0.402262 -0.910406 
-0.399750 -0.912140 
-0.397254 -0.913826 
-0.394775 -0.915465 
-0.392313 -0.917057 
-0.389868 -0.918601 
-0.387442 -0.920097 
-0.385033 -0.921547 
-0.382643 -0.922949 
-0.380273 -0.924305 
-0.377921 -0.925614 
-0.375590 -0.926876 
-0.373278 -0.928091 
-0.370987 -0.929260 
-0.368716 -0.930382 
-0.366467 -0.931458 
-0.364239 -0.932488 
-0.362033 -0.933473 
-0.359849 -0.934411 
-0.357687 -0.935303 
-0.355548 -0.936150 
-0.353433 -0.936952 
-0.351340 -0.937709 
-0.349272 -0.938420 
-0.347228 -0.939087 
-0.345207 -0.939708 
-0.343212 -0.940286 
-0.341242 -0.940819 
-0.339297 -0.941307 
-0.337377 -0.941752 
-0.335483 -0.942153 
-0.333616 -0.942510 
-0.331775 -0.942824 
-0.329961 -0.943095 
-0.328174 -0.943322 
-0.326414 -0.943507 
-0.324682 -0.943649 
-0.322977 -0.943748 
-0.321301 -0.943806 
-0.319654 -0.943821 
-0.318035 -0.943794 
-0.316445 -0.943726 
-0.314884 -0.943616 
-0.313353 -0.943465 
-0.311852 -0.943273 
-0.310381 -0.943040 
-0.308940 -0.942766 
-0.307530 -0.942452 
-0.306150 -0.942098 
-0.304802 -0.941703 
-0.303485 -0.941269 
-0.302199 -0.940795 
-0.300946 -0.940282 
-0.299724 -0.939729 
-0.298535 -0.939137 
-0.297379 -0.938507 
-0.296255 -0.937838 
-0.295165 -0.937130 
-0.294107 -0.936384 
-0.293084 -0.935600 
-0.292094 -0.934778 
-0.291138 -0.933919 
-0.290216 -0.933022 
-0.289329 -0.932087 
-0.288476 -0.931115 
-0.287659 -0.930107 
-0.286876 -0.929061 
-0.286129 -0.927979 
-0.285418 -0.926860 
-0.284742 -0.925705 
-0.284102 -0.924514 
-0.283498 -0.923286 
-0.282931 -0.922023 
-0.282401 -0.920724 
-0.281907 -0.919389 
-0.281450 -0.918019 
-0.281031 -0.916614 
-0.280648 -0.915173 
-0.280304 -0.913697 
-0.279997 -0.912186 
-0.279728 -0.910641 
-0.279497 -0.909060 
-0.279305 -0.907445 
-0.279151 -0.905795 
-0.279036 -0.904111 
-0.278959 -0.902392 
-0.278922 -0.900639 
-0.278923 -0.898852 
-0.278964 -0.897030 
-0.279044 -0.895175 
-0.279164 -0.893285 
-0.279323 -0.891361 
-0.279523 -0.889404 
-0.279762 -0.887412 
-0.280041 -0.885386 
-0.280361 -0.883327 
-0.280720 -0.881233 
-0.281120 -0.879106 
-0.281561 -0.876945 
-0.282042 -0.874750 
-0.282564 -0.872521 
-0.283126 -0.870258 
-0.283729 -0.867961 
-0.284374 -0.865631 
-0.285058 -0.863266 
-0.285784 -0.860867 
-0.286551 -0.858435 
-0.287359 -0.855968 
-0.288208 -0.853467 
-0.289098 -0.850931 
-0.290029 -0.848362 
-0.291001 -0.845758 
-0.292013 -0.843119 
-0.293067 -0.840446 
-0.294162 -0.837739 
-0.295298 -0.834996 
-0.296474 -0.832219 
-0.297691 -0.829406 
-0.298949 -0.826559 
-0.300247 -0.823676 
-0.301586 -0.820758 
-0.302965 -0.817804 
-0.304384 -0.814815 
-0.305843 -0.811790 
-0.307341 -0.808729 
-0.308880 -0.805632 
-0.310458 -0.802499 
-0.312075 -0.799329 
-0.313731 -0.796123 
-0.315426 -0.792880 
-0.317160 -0.789600 
-0.318931 -0.786283 
-0.320741 -0.782928 
-0.322588 -0.779536 
-0.324473 -0.776107 
-0.326395 -0.772640 
-0.328353 -0.769134 
-0.330347 -0.765591 
-0.332377 -0.762009 
-0.334443 -0.758389 
-0.336544 -0.754729 
-0.338679 -0.751031 
-0.340848 -0.747294 
-0.343051 -0.743518 
-0.345286 -0.739702 
-0.347554 -0.735846 
-0.349855 -0.731951 
-0.352186 -0.728016 
-0.354548 -0.724040 
-0.356940 -0.720025 
-0.359362 -0.715968 
-0.361813 -0.711872 
-0.364291 -0.707734 
-0.366797 -0.703556 
-0.369330 -0.699337 
-0.371888 -0.695077 
-0.374472 -0.690776 
-0.377080 -0.686433 
-0.379711 -0.682049 
-0.382365 -0.677624 
-0.385040 -0.673158 
-0.387737 -0.668650 
-0.390453 -0.664100 
-0.393188 -0.659509 
-0.395941 -0.654877 
-0.398710 -0.650204 
-0.401496 -0.645489 
-0.404296 -0.640733 
-0.407111 -0.635936 
-0.409938 -0.631097 
-0.412776 -0.626218 
-0.415625 -0.621299 
-0.418483 -0.616339 
-0.421350 -0.611338 
-0.424223 -0.606298 
-0.427102 -0.601218 
-0.429985 -0.596098 
-0.432871 -0.590940 
-0.435760 -0.585743 
-0.438649 -0.580508 
-0.441537 -0.575235 
-0.444423 -0.569924 
-0.447307 -0.564577 
-0.450185 -0.559194 
-0.453057 -0.553774 
-0.455923 -0.548320 
-0.458779 -0.542832 
-0.461625 -0.537310 
-0.464460 -0.531755 
-0.467282 -0.526168 
-0.470090 -0.520550 
-0.472883 -0.514901 
-0.475658 -0.509223 
-0.478415 -0.503517 
-0.481153 -0.497783 
-0.483869 -0.492023 
-0.486563 -0.486238 
-0.489234 -0.480429 
-0.491879 -0.474596 
-0.494499 -0.468742 
-0.497090 -0.462868 
-0.499653 -0.456975 
-0.502186 -0.451065 
-0.504688 -0.445138 
-0.507157 -0.439197 
-0.509593 -0.433243 
-0.511994 -0.427277 
-0.514359 -0.421302 
-0.516688 -0.415318 
-0.518979 -0.409328 
-0.521231 -0.403334 
-0.523444 -0.397336 
-0.525617 -0.391338 
-0.527748 -0.385341 
-0.529838 -0.379346 
-0.531885 -0.373357 
-0.533889 -0.367374 
-0.535849 -0.361400 
-0.537765 -0.355438 
-0.539637 -0.349488 
-0.541463 -0.343554 
-0.543244 -0.337637 
-0.544979 -0.331740 
-0.546669 -0.325865 
-0.548313 -0.320014 
-0.549911 -0.314189 
-0.551464 -0.308393 
-0.552971 -0.302628 
-0.554432 -0.296897 
-0.555848 -0.291201 
-0.557220 -0.285543 
-0.558547 -0.279925 
-0.559831 -0.274350 
-0.561071 -0.268820 
-0.562269 -0.263337 
-0.563424 -0.257904 
-0.564539 -0.252523 
-0.565614 -0.247196 
-0.566649 -0.241925 
-0.567646 -0.236714 
-0.568606 -0.231563 
-0.569530 -0.226476 
-0.570418 -0.221454 
-0.571274 -0.216501 
-0.572097 -0.211616 
-0.572888 -0.206804 
-0.573651 -0.202066 
-0.574385 -0.197404 
-0.575092 -0.192820 
-0.575775 -0.188316 
-0.576433 -0.183894 
-0.577070 -0.179556 
-0.577686 -0.175303 
-0.578284 -0.171138 
-0.578864 -0.167062 
-0.579429 -0.163077 
-0.579980 -0.159184 
-0.580519 -0.155385 
-0.581048 -0.151682 
-0.581567 -0.148075 
-0.582080 -0.144567 
-0.582587 -0.141158 
-0.583091 -0.137850 
-0.583592 -0.134644 
-0.584092 -0.131542 
-0.584594 -0.128543 
-0.585098 -0.125650 
-0.585606 -0.122864 
-0.586120 -0.120184 
-0.586640 -0.117612 
-0.587169 -0.115149 
-0.587707 -0.112795 
-0.588256 -0.110552 
-0.588817 -0.108419 
-0.589391 -0.106397 
-0.589979 -0.104486 
-0.590583 -0.102688 
-0.591203 -0.101002 
-0.591841 -0.099429 
-0.592496 -0.097968 
-0.593170 -0.096620 
-0.593864 -0.095386 
-0.594578 -0.094265 
-0.595312 -0.093257 
-0.596068 -0.092362 
-0.596845 -0.091580 
-0.597644 -0.090911 
-0.598465 -0.090355 
-0.599309 -0.089912 
-0.600175 -0.089580 
-0.601064 -0.089361 
-0.601975 -0.089252 
-0.602908 -0.089255 
-0.603864 -0.089369 
-0.604842 -0.089593 
-0.605841 -0.089926 
-0.606862 -0.090368 
-0.607904 -0.090919 
-0.608966 -0.091577 
-0.610048 -0.092342 
-0.611149 -0.093214 
-0.612269 -0.094191 
-0.613407 -0.095273 
-0.614563 -0.096458 
-0.615734 -0.097747 
-0.616921 -0.099138 
-0.618123 -0.100630 
-0.619338 -0.102223 
-0.620566 -0.103914 
-0.621806 -0.105704 
-0.623057 -0.107592 
-0.624317 -0.109575 
-0.625585 -0.111654 
-0.626861 -0.113827 
-0.628143 -0.116092 
-0.629430 -0.118450 
-0.630721 -0.120898 
-0.632015 -0.123436 
-0.633309 -0.126062 
-0.634604 -0.128775 
-0.635898 -0.131575 
-0.637190 -0.134458 
-0.638477 -0.137426 
-0.639760 -0.140475 
-0.641037 -0.143605 
-0.642306 -0.146815 
-0.643566 -0.150103 
-0.644816 -0.153468 
-0.646056 -0.156909 
-0.647282 -0.160424 
-0.648495 -0.164012 
-0.649693 -0.167671 
-0.650875 -0.171401 
-0.652039 -0.175200 
-0.653184 -0.179066 
-0.654310 -0.182999 
-0.655415 -0.186997 
-0.656498 -0.191058 
-0.657558 -0.195181 
-0.658594 -0.199365 
-0.659604 -0.203608 
-0.660587 -0.207909 
-0.661544 -0.212267 
-0.662472 -0.216680 
-0.663370 -0.221147 
-0.664238 -0.225667 
-0.665075 -0.230238 
-0.665880 -0.234859 
-0.666652 -0.239528 
-0.667390 -0.244244 
-0.668093 -0.249006 
-0.668761 -0.253813 
-0.669392 -0.258662 
-0.669987 -0.263554 
-0.670544 -0.268485 
-0.671062 -0.273456 
-0.671542 -0.278465 
-0.671982 -0.283510 
-0.672382 -0.288591 
-0.672742 -0.293705 
-0.673060 -0.298852 
-0.673336 -0.304031 
-0.673571 -0.309239 
-0.673763 -0.314477 
-0.673912 -0.319742 
-0.674017 -0.325033 
-0.674080 -0.330350 
-0.674098 -0.335690 
-0.674072 -0.341053 
-0.674001 -0.346438 
-0.673886 -0.351843 
-0.673726 -0.357267 
-0.673520 -0.362709 
-0.673270 -0.368168 
-0.672974 -0.373643 
-0.672633 -0.379132 
-0.672247 -0.384634 
-0.671815 -0.390149 
-0.671337 -0.395675 
-0.670815 -0.401211 
-0.670246 -0.406755 
-0.669633 -0.412308 
-0.668974 -0.417868 
-0.668270 -0.423433 
-0.667521 -0.429002 
-0.666727 -0.434576 
-0.665888 -0.440152 
-0.665005 -0.445730 
-0.664077 -0.451308 
-0.663106 -0.456886 
-0.662091 -0.462462 
-0.661032 -0.468036 
-0.659930 -0.473607 
-0.658786 -0.479173 
-0.657598 -0.484734 
-0.656369 -0.490289 
-0.655098 -0.495837 
-0.653785 -0.501376 
-0.652431 -0.506907 
-0.651037 -0.512428 
-0.649602 -0.517938 
-0.648128 -0.523437 
-0.646614 -0.528923 
-0.645061 -0.534396 
-0.643471 -0.539855 
-0.641842 -0.545299 
-0.640175 -0.550727 
-0.638472 -0.556139 
-0.636733 -0.561533 
-0.634958 -0.566909 
-0.633147 -0.572266 
-0.631302 -0.577604 
-0.629422 -0.582921 
-0.627509 -0.588217 
-0.625563 -0.593491 
-0.623584 -0.598742 
-0.621574 -0.603970 
-0.619532 -0.609174 
-0.617460 -0.614353 
-0.615357 -0.619507 
-0.613225 -0.624635 
-0.611065 -0.629736 
-0.608876 -0.634809 
-0.606659 -0.639855 
-0.604416 -0.644872 
-0.602146 -0.649860 
-0.599850 -0.654818 
-0.597530 -0.659746 
-0.595185 -0.664642 
-0.592816 -0.669507 
-0.590424 -0.674340 
-0.588010 -0.679141 
-0.585574 -0.683908 
-0.583116 -0.688641 
