0.380560 -0.944668 
0.396140 -0.939083 
0.411539 -0.933278 
0.426753 -0.927265 
0.441779 -0.921054 
0.456614 -0.914658 
0.471255 -0.908086 
0.485699 -0.901350 
0.499944 -0.894460 
0.513988 -0.887427 
0.527828 -0.880261 
0.541463 -0.872971 
0.554890 -0.865568 
0.568109 -0.858061 
0.581116 -0.850460 
0.593913 -0.842772 
0.606496 -0.835008 
0.618866 -0.827176 
0.631021 -0.819284 
0.642962 -0.811340 
0.654687 -0.803353 
0.666197 -0.795330 
0.677491 -0.787279 
0.688569 -0.779207 
0.699432 -0.771122 
0.710081 -0.763029 
0.720515 -0.754936 
0.730735 -0.746849 
0.740743 -0.738775 
0.750538 -0.730720 
0.760122 -0.722690 
0.769497 -0.714689 
0.778663 -0.706725 
0.787622 -0.698802 
0.796375 -0.690925 
0.804924 -0.683099 
0.813270 -0.675330 
0.821415 -0.667621 
0.829360 -0.659977 
0.837109 -0.652402 
0.844661 -0.644901 
0.852020 -0.637478 
0.859187 -0.630136 
0.866165 -0.622879 
0.872955 -0.615710 
0.879559 -0.608633 
0.885980 -0.601651 
0.892219 -0.594767 
0.898279 -0.587984 
0.904163 -0.581305 
0.909871 -0.574732 
0.915407 -0.568269 
0.920773 -0.561917 
0.925970 -0.555679 
0.931002 -0.549557 
0.935869 -0.543553 
0.940576 -0.537670 
0.945122 -0.531909 
0.949512 -0.526272 
0.953747 -0.520761 
0.957829 -0.515377 
0.961760 -0.510122 
0.965543 -0.504998 
0.969179 -0.500006 
0.972670 -0.495146 
0.976019 -0.490422 
0.979228 -0.485833 
0.982298 -0.481380 
0.985232 -0.477066 
0.988030 -0.472890 
0.990696 -0.468854 
0.993231 -0.464959 
0.995636 -0.461204 
0.997914 -0.457592 
1.000065 -0.454123 
1.002092 -0.450798 
1.003997 -0.447616 
1.005779 -0.444579 
1.007442 -0.441687 
1.008986 -0.438941 
1.010414 -0.436341 
1.011725 -0.433887 
1.012921 -0.431580 
1.014004 -0.429420 
1.014974 -0.427408 
1.015832 -0.425543 
1.016581 -0.423826 
1.017219 -0.422257 
1.017749 -0.420837 
1.018170 -0.419564 
1.018485 -0.418440 
1.018692 -0.417465 
1.018794 -0.416637 
1.018790 -0.415959 
1.018681 -0.415429 
1.018467 -0.415047 
1.018149 -0.414814 
1.017726 -0.414729 
1.017200 -0.414792 
1.016569 -0.415003 
1.015835 -0.415362 
1.014996 -0.415868 
1.014053 -0.416522 
1.013006 -0.417323 
1.011855 -0.418271 
1.010599 -0.419366 
1.009238 -0.420606 
1.007770 -0.421993 
1.006197 -0.423525 
1.004517 -0.425202 
1.002730 -0.427024 
1.000834 -0.428990 
0.998830 -0.431100 
0.996716 -0.433353 
0.994491 -0.435748 
0.992155 -0.438286 
0.989706 -0.440965 
0.987143 -0.443784 
0.984466 -0.446744 
0.981672 -0.449842 
0.978761 -0.453080 
0.975732 -0.456455 
0.972582 -0.459966 
0.969311 -0.463614 
0.965917 -0.467396 
0.962399 -0.471313 
0.958754 -0.475362 
0.954982 -0.479543 
0.951080 -0.483855 
0.947047 -0.488295 
0.942881 -0.492864 
0.938581 -0.497560 
0.934143 -0.502381 
0.929568 -0.507326 
0.924851 -0.512393 
0.919992 -0.517581 
0.914989 -0.522887 
0.909840 -0.528311 
0.904541 -0.533850 
0.899092 -0.539502 
0.893490 -0.545265 
0.887734 -0.551137 
0.881820 -0.557116 
0.875747 -0.563200 
0.869512 -0.569385 
0.863114 -0.575670 
0.856550 -0.582052 
0.849817 -0.588527 
0.842915 -0.595093 
0.835840 -0.601747 
0.828590 -0.608486 
0.821164 -0.615306 
0.813558 -0.622204 
0.805772 -0.629175 
0.797802 -0.636217 
0.789647 -0.643326 
0.781304 -0.650496 
0.772772 -0.657725 
0.764049 -0.665007 
0.755133 -0.672338 
0.746021 -0.679713 
0.736713 -0.687127 
0.727206 -0.694575 
0.717499 -0.702051 
0.707590 -0.709550 
0.697478 -0.717067 
0.687162 -0.724594 
0.676640 -0.732125 
0.665910 -0.739656 
0.654974 -0.747177 
0.643828 -0.754684 
0.632472 -0.762168 
0.620906 -0.769622 
0.609129 -0.777039 
0.597141 -0.784411 
0.584942 -0.791729 
0.572531 -0.798985 
0.559908 -0.806171 
0.547075 -0.813278 
0.534031 -0.820297 
0.520777 -0.827218 
0.507313 -0.834032 
0.493642 -0.840728 
0.479763 -0.847297 
0.465679 -0.853729 
0.451390 -0.860012 
0.436898 -0.866137 
0.422205 -0.872091 
0.407314 -0.877863 
0.392227 -0.883443 
0.376945 -0.888818 
0.361471 -0.893975 
0.345809 -0.898904 
0.329960 -0.903592 
0.313928 -0.908025 
0.297716 -0.912192 
0.281327 -0.916080 
0.264764 -0.919675 
0.248032 -0.922966 
0.231132 -0.925938 
0.214070 -0.928579 
0.196849 -0.930876 
0.179472 -0.932815 
0.161944 -0.934385 
0.144269 -0.935572 
0.126451 -0.936364 
0.108494 -0.936748 
0.090403 -0.936713 
0.072182 -0.936246 
0.053836 -0.935337 
0.035370 -0.933973 
0.016790 -0.932145 
-0.001899 -0.929843 
-0.020691 -0.927056 
-0.039579 -0.923776 
-0.058557 -0.919994 
-0.077618 -0.915702 
-0.096754 -0.910893 
-0.115956 -0.905561 
-0.135216 -0.899699 
-0.154524 -0.893302 
-0.173869 -0.886366 
-0.193242 -0.878886 
-0.212629 -0.870860 
-0.232019 -0.862285 
-0.251398 -0.853160 
-0.270751 -0.843483 
-0.290064 -0.833255 
-0.309321 -0.822476 
-0.328504 -0.811148 
-0.347597 -0.799274 
-0.366580 -0.786855 
-0.385434 -0.773897 
-0.404140 -0.760404 
-0.422676 -0.746383 
-0.441021 -0.731839 
-0.459152 -0.716780 
-0.477048 -0.701215 
-0.494685 -0.685154 
-0.512038 -0.668607 
-0.529085 -0.651585 
-0.545800 -0.634101 
-0.562159 -0.616167 
-0.578137 -0.597799 
-0.593710 -0.579012 
-0.608853 -0.559820 
-0.623541 -0.540242 
-0.637749 -0.520295 
-0.651455 -0.499997 
-0.664634 -0.479367 
-0.677263 -0.458425 
-0.689320 -0.437192 
-0.700783 -0.415686 
-0.711632 -0.393930 
-0.721846 -0.371944 
-0.731406 -0.349750 
-0.740294 -0.327370 
-0.748495 -0.304824 
-0.755991 -0.282134 
-0.762771 -0.259322 
-0.768820 -0.236408 
-0.774128 -0.213414 
-0.778686 -0.190361 
-0.782486 -0.167268 
-0.785523 -0.144156 
-0.787791 -0.121046 
-0.789290 -0.097956 
-0.790018 -0.074908 
-0.789978 -0.051919 
-0.789172 -0.029010 
-0.787608 -0.006200 
-0.785292 0.016492 
-0.782233 0.039046 
-0.778443 0.061443 
-0.773935 0.083663 
-0.768724 0.105687 
-0.762826 0.127495 
-0.756260 0.149068 
-0.749045 0.170385 
-0.741203 0.191427 
-0.732755 0.212174 
-0.723726 0.232607 
-0.714140 0.252705 
-0.704024 0.272451 
-0.693404 0.291826 
-0.682309 0.310811 
-0.670767 0.329389 
-0.658808 0.347544 
-0.646461 0.365259 
-0.633758 0.382520 
-0.620728 0.399314 
-0.607404 0.415627 
-0.593816 0.431448 
-0.579996 0.446767 
-0.565976 0.461575 
-0.551787 0.475866 
-0.537460 0.489633 
-0.523025 0.502873 
-0.508514 0.515583 
-0.493956 0.527761 
-0.479380 0.539409 
-0.464816 0.550528 
-0.450291 0.561122 
-0.435832 0.571195 
-0.421466 0.580755 
-0.407218 0.589809 
-0.393114 0.598365 
-0.379176 0.606435 
-0.365427 0.614028 
-0.351890 0.621159 
-0.338584 0.627840 
-0.325530 0.634085 
-0.312747 0.639910 
-0.300251 0.645330 
-0.288061 0.650361 
-0.276192 0.655020 
-0.264658 0.659324 
-0.253474 0.663290 
-0.242654 0.666937 
-0.232209 0.670281 
-0.222151 0.673340 
-0.212490 0.676132 
-0.203237 0.678673 
-0.194401 0.680982 
-0.185989 0.683074 
-0.178011 0.684966 
-0.170472 0.686673 
-0.163380 0.688210 
-0.156740 0.689593 
-0.150559 0.690834 
-0.144839 0.691947 
-0.139587 0.692944 
-0.134805 0.693836 
-0.130497 0.694633 
-0.126666 0.695345 
-0.123314 0.695981 
-0.120443 0.696547 
-0.118056 0.697051 
-0.116153 0.697497 
-0.114735 0.697890 
-0.113803 0.698234 
-0.113357 0.698530 
-0.113397 0.698779 
-0.113923 0.698982 
-0.114933 0.699137 
-0.116427 0.699243 
-0.118403 0.699295 
-0.120860 0.699290 
-0.123795 0.699223 
-0.127206 0.699086 
-0.131090 0.698874 
-0.135444 0.698577 
-0.140263 0.698187 
-0.145545 0.697693 
-0.151285 0.697085 
-0.157478 0.696352 
-0.164119 0.695480 
-0.171201 0.694457 
-0.178719 0.693269 
-0.186666 0.691902 
-0.195034 0.690342 
-0.203816 0.688573 
-0.213003 0.686580 
-0.222587 0.684347 
-0.232558 0.681858 
-0.242904 0.679097 
-0.253617 0.676048 
-0.264683 0.672694 
-0.276091 0.669021 
-0.287827 0.665011 
-0.299879 0.660649 
-0.312231 0.655920 
-0.324868 0.650809 
-0.337774 0.645302 
-0.350933 0.639385 
-0.364326 0.633046 
-0.377936 0.626271 
-0.391743 0.619050 
-0.405728 0.611372 
-0.419869 0.603227 
-0.434145 0.594607 
-0.448534 0.585505 
-0.463012 0.575914 
-0.477558 0.565830 
-0.492145 0.555247 
-0.506749 0.544165 
-0.521346 0.532581 
-0.535908 0.520495 
-0.550410 0.507909 
-0.564825 0.494826 
-0.579126 0.481248 
-0.593286 0.467183 
-0.607277 0.452635 
-0.621072 0.437613 
-0.634643 0.422125 
-0.647963 0.406182 
-0.661004 0.389794 
-0.673739 0.372973 
-0.686142 0.355732 
-0.698185 0.338084 
-0.709843 0.320045 
-0.721091 0.301629 
-0.731902 0.282851 
-0.742252 0.263728 
-0.752119 0.244275 
-0.761478 0.224510 
-0.770308 0.204449 
-0.778587 0.184109 
-0.786295 0.163507 
-0.793413 0.142660 
-0.799923 0.121584 
-0.805808 0.100296 
-0.811052 0.078813 
-0.815641 0.057150 
-0.819561 0.035325 
-0.822802 0.013352 
-0.825354 -0.008751 
-0.827207 -0.030970 
-0.828355 -0.053289 
-0.828792 -0.075692 
-0.828516 -0.098164 
-0.827523 -0.120689 
-0.825813 -0.143251 
-0.823387 -0.165834 
-0.820248 -0.188422 
-0.816400 -0.210999 
-0.811849 -0.233548 
-0.806602 -0.256052 
-0.800666 -0.278493 
-0.794052 -0.300856 
-0.786772 -0.323120 
-0.778836 -0.345270 
-0.770258 -0.367286 
-0.761053 -0.389151 
-0.751235 -0.410845 
-0.740821 -0.432352 
-0.729828 -0.453651 
-0.718274 -0.474725 
-0.706175 -0.495557 
-0.693553 -0.516128 
-0.680426 -0.536420 
-0.666814 -0.556417 
-0.652737 -0.576102 
-0.638217 -0.595458 
-0.623273 -0.614470 
-0.607928 -0.633123 
-0.592202 -0.651402 
-0.576116 -0.669294 
-0.559693 -0.686784 
-0.542953 -0.703862 
-0.525917 -0.720514 
-0.508606 -0.736729 
-0.491041 -0.752498 
-0.473243 -0.767811 
-0.455230 -0.782658 
-0.437023 -0.797032 
-0.418641 -0.810924 
-0.400102 -0.824328 
-0.381424 -0.837238 
-0.362625 -0.849648 
-0.343721 -0.861553 
-0.324729 -0.872949 
-0.305664 -0.883832 
-0.286540 -0.894200 
-0.267372 -0.904050 
-0.248174 -0.913380 
-0.228957 -0.922190 
-0.209733 -0.930478 
-0.190514 -0.938246 
-0.171311 -0.945493 
-0.152132 -0.952222 
-0.132988 -0.958434 
-0.113887 -0.964133 
-0.094836 -0.969321 
-0.075843 -0.974003 
-0.056915 -0.978184 
-0.038059 -0.981869 
-0.019280 -0.985064 
-0.000584 -0.987776 
0.018023 -0.990011 
0.036537 -0.991779 
0.054953 -0.993087 
0.073266 -0.993944 
0.091471 -0.994361 
0.109565 -0.994345 
0.127543 -0.993909 
0.145401 -0.993063 
0.163135 -0.991817 
0.180740 -0.990184 
0.198214 -0.988174 
0.215551 -0.985799 
0.232748 -0.983072 
0.249801 -0.980005 
0.266705 -0.976609 
0.283457 -0.972897 
0.300054 -0.968881 
0.316490 -0.964573 
0.332762 -0.959986 
0.348867 -0.955131 
0.364801 -0.950022 
