0.290457 0.125000 
0.375000 0.106858 

0.562500 0.099358 
0.375000 0.105284 

0.746856 0.125000 
0.562500 0.100406 

0.562500 0.600749 
0.375000 0.595424 

0.123913 0.187500 
0.187500 0.155178 

0.281250 0.126536 
0.187500 0.154570 

0.290833 0.125000 
0.281250 0.126110 

0.714647 0.125000 
0.750000 0.130241 

0.750000 0.130382 
0.843750 0.165129 

0.234463 0.562500 
0.187500 0.548555 

0.230292 0.562500 
0.281250 0.576235 

0.375000 0.597194 
0.281250 0.573333 

0.562500 0.601503 
0.656250 0.584005 

0.656250 0.586393 
0.750000 0.566702 

0.759797 0.562500 
0.843750 0.531153 

0.757600 0.562500 
0.750000 0.564970 

0.078330 0.218750 
0.093750 0.206076 

0.127877 0.187500 
0.093750 0.204085 

0.096235 0.500000 
0.093750 0.498283 

0.843750 0.169211 
0.890625 0.186905 

0.883129 0.187500 
0.890625 0.190991 

0.929511 0.218750 
0.890625 0.190690 

0.897689 0.500000 
0.937500 0.468959 

0.095006 0.500000 
0.140625 0.526516 

0.156658 0.531250 
0.140625 0.527851 

0.153352 0.531250 
0.187500 0.548654 

0.843750 0.525638 
0.890625 0.508510 

0.896250 0.500000 
0.890625 0.503639 

0.059053 0.234375 
0.070312 0.225116 

0.078657 0.218750 
0.070312 0.224100 

0.058957 0.234375 
0.046875 0.247453 

0.056494 0.468750 
0.046875 0.458188 

0.057072 0.468750 
0.070312 0.480835 

0.076180 0.484375 
0.070312 0.481337 

0.075147 0.484375 
0.093750 0.498732 

0.927548 0.218750 
0.937500 0.225152 

0.945749 0.234375 
0.937500 0.225626 

0.936934 0.468750 
0.937500 0.468399 

0.952746 0.453125 
0.937653 0.468750 

0.044048 0.250000 
0.046875 0.247295 

0.037408 0.257812 
0.044262 0.250000 

0.035236 0.445312 
0.041972 0.453125 

0.041372 0.453125 
0.046875 0.458045 

0.960743 0.250000 
0.960938 0.250183 

0.959919 0.445312 
0.960938 0.443959 

0.960520 0.445312 
0.952345 0.453125 

0.034544 0.261719 
0.035156 0.260572 

0.031594 0.265625 
0.034239 0.261719 

0.032443 0.441406 
0.035156 0.445219 

0.966074 0.437500 
0.966797 0.436841 

0.969233 0.433594 
0.966797 0.436605 

0.970140 0.426758 
0.969727 0.426643 

0.969993 0.427734 
0.969727 0.427557 

0.972456 0.427734 
0.972656 0.427498 

0.023378 0.280273 
0.023438 0.280147 

0.974854 0.427910 
0.974121 0.427772 

0.975392 0.427734 
0.974854 0.428024 

0.974121 0.428362 
0.974854 0.428296 

0.975264 0.428223 
0.974854 0.428602 

0.020435 0.285156 
0.020508 0.285004 

0.019038 0.287598 
0.019043 0.287588 

0.018784 0.288086 
0.019034 0.287598 

0.014493 0.296387 
0.014648 0.296013 

0.014246 0.296875 
0.014481 0.296387 

0.011611 0.302734 
0.011719 0.302430 

0.013115 0.299316 
0.013184 0.299128 

0.012892 0.299805 
0.013107 0.299316 

0.010198 0.306152 
0.010254 0.305973 

0.010005 0.306641 
0.010191 0.306152 

0.008710 0.310059 
0.008789 0.309791 

0.008529 0.310547 
0.008703 0.310059 

0.007190 0.314453 
0.007324 0.313995 

0.007018 0.314941 
0.007179 0.314453 

0.006862 0.315430 
0.007018 0.314941 

0.005820 0.318848 
0.005859 0.318671 

0.005679 0.319336 
0.005815 0.318848 

0.005532 0.319824 
0.005673 0.319336 

0.005397 0.320312 
0.005534 0.319824 

0.004368 0.324219 
0.004395 0.324074 

0.004249 0.324707 
0.004364 0.324219 

0.004124 0.325195 
0.004243 0.324707 

0.004010 0.325684 
0.004125 0.325195 

0.003897 0.326172 
0.004010 0.325684 

0.002865 0.331055 
0.002930 0.330656 

0.002765 0.331543 
0.002858 0.331055 

0.002673 0.332031 
0.002764 0.331543 

0.002584 0.332520 
0.002673 0.332031 

0.002497 0.333008 
0.002584 0.332520 

0.002412 0.333496 
0.002497 0.333008 

0.002328 0.333984 
0.002412 0.333496 

0.001421 0.340332 
0.001465 0.339896 

0.001360 0.340820 
0.001417 0.340332 

0.001305 0.341309 
0.001360 0.340820 

0.001252 0.341797 
0.001305 0.341309 

0.001202 0.342285 
0.001252 0.341797 

0.001153 0.342773 
0.001202 0.342285 

0.001106 0.343262 
0.001153 0.342773 

0.001061 0.343750 
0.001106 0.343262 

0.001017 0.344238 
0.001061 0.343750 

0.000976 0.344727 
0.001017 0.344238 

0.000936 0.345215 
0.000976 0.344727 

0.000898 0.345703 
0.000936 0.345215 

0.000863 0.346191 
0.000899 0.345703 

0.000829 0.346680 
0.000863 0.346191 

0.000797 0.347168 
0.000829 0.346680 

0.000767 0.347656 
0.000797 0.347168 

0.000740 0.348145 
0.000766 0.347656 

0.000715 0.348633 
0.000732 0.348222 

0.000739 0.348145 
0.000732 0.348325 

0.000689 0.349121 
0.000713 0.348633 

0.000666 0.349609 
0.000689 0.349121 

0.000646 0.350098 
0.000667 0.349609 

0.000628 0.350586 
0.000646 0.350098 

0.000289 0.355469 
0.000393 0.355957 

0.000411 0.355957 
0.000513 0.356445 

0.000517 0.356445 
0.000572 0.356934 

0.000565 0.356934 
0.000581 0.357422 

0.000574 0.357422 
0.000580 0.357910 

0.000579 0.357910 
0.000590 0.358398 

0.000591 0.358398 
0.000605 0.358887 

0.000605 0.358887 
0.000621 0.359375 

0.000621 0.359375 
0.000639 0.359863 

0.000639 0.359863 
0.000658 0.360352 

0.000658 0.360352 
0.000680 0.360840 

0.000680 0.360840 
0.000703 0.361328 

0.000705 0.361328 
0.000728 0.361816 

0.000728 0.361816 
0.000732 0.361929 

0.000754 0.362305 
0.000732 0.361845 

0.000756 0.362305 
0.000785 0.362793 

0.000785 0.362793 
0.000816 0.363281 

0.000816 0.363281 
0.000849 0.363770 

0.000849 0.363770 
0.000884 0.364258 

0.000884 0.364258 
0.000921 0.364746 

0.000921 0.364746 
0.000960 0.365234 

0.000960 0.365234 
0.001001 0.365723 

0.001001 0.365723 
0.001043 0.366211 

0.001043 0.366211 
0.001088 0.366699 

0.001088 0.366699 
0.001134 0.367188 

0.001134 0.367188 
0.001183 0.367676 

0.001183 0.367676 
0.001233 0.368164 

0.001233 0.368164 
0.001285 0.368652 

0.001285 0.368652 
0.001339 0.369141 

0.001339 0.369141 
0.001395 0.369629 

0.001398 0.369629 
0.001452 0.370117 

0.001453 0.370117 
0.001465 0.370256 

0.001704 0.372070 
0.001772 0.372559 

0.001772 0.372559 
0.001841 0.373047 

0.001841 0.373047 
0.001913 0.373535 

0.001912 0.373535 
0.001986 0.374023 

0.001985 0.374023 
0.002061 0.374512 

0.002062 0.374512 
0.002139 0.375000 

0.002144 0.375000 
0.002197 0.375396 

0.002218 0.375488 
0.002197 0.375310 

0.002220 0.375488 
0.002296 0.375977 

0.002299 0.375977 
0.002382 0.376465 

0.002382 0.376465 
0.002467 0.376953 

0.002467 0.376953 
0.002554 0.377441 

0.002554 0.377441 
0.002642 0.377930 

0.002642 0.377930 
0.002732 0.378418 

0.002732 0.378418 
0.002826 0.378906 

0.002831 0.378906 
0.002918 0.379395 

0.002921 0.379395 
0.002930 0.379461 

0.003018 0.379883 
0.003116 0.380371 

0.003116 0.380371 
0.003216 0.380859 

0.003217 0.380859 
0.003319 0.381348 

0.003319 0.381348 
0.003422 0.381836 

0.003421 0.381836 
0.003528 0.382324 

0.003534 0.382324 
0.003636 0.382812 

0.003640 0.382812 
0.003662 0.382950 

0.003743 0.383301 
0.003662 0.382875 

0.003749 0.383301 
0.003860 0.383789 

0.003860 0.383789 
0.003974 0.384277 

0.003974 0.384277 
0.004089 0.384766 

0.004088 0.384766 
0.004207 0.385254 

0.004210 0.385254 
0.004329 0.385742 

0.004334 0.385742 
0.004395 0.386046 

0.004450 0.386230 
0.004395 0.385947 

0.004453 0.386230 
0.004572 0.386719 

0.004574 0.386719 
0.004699 0.387207 

0.004699 0.387207 
0.004827 0.387695 

0.004825 0.387695 
0.004957 0.388184 

0.004963 0.388184 
0.005089 0.388672 

0.005093 0.388672 
0.005127 0.388836 

0.005219 0.389160 
0.005127 0.388762 

0.005225 0.389160 
0.005359 0.389648 

0.005360 0.389648 
0.005496 0.390137 

0.005494 0.390137 
0.005634 0.390625 

0.005637 0.390625 
0.005778 0.391113 

0.005785 0.391113 
0.005859 0.391424 

0.005922 0.391602 
0.005859 0.391332 

0.005926 0.391602 
0.006065 0.392090 

0.006068 0.392090 
0.006214 0.392578 

0.006212 0.392578 
0.006362 0.393066 

0.006366 0.393066 
0.006516 0.393555 

0.006522 0.393555 
0.006592 0.393830 

0.006668 0.394043 
0.006592 0.393742 

0.006673 0.394043 
0.006823 0.394531 

0.006825 0.394531 
0.006981 0.395020 

0.006979 0.395020 
0.007141 0.395508 

0.007150 0.395508 
0.007301 0.395996 

0.007306 0.395996 
0.007324 0.396071 

0.007460 0.396484 
0.007324 0.396021 

0.007469 0.396484 
0.007632 0.396973 

0.007631 0.396973 
0.007799 0.397461 

0.007803 0.397461 
0.007970 0.397949 

0.007977 0.397949 
0.008057 0.398229 

0.008140 0.398438 
0.008057 0.398144 

0.008145 0.398438 
0.008311 0.398926 

0.008312 0.398926 
0.008488 0.399414 

0.008490 0.399414 
0.008669 0.399902 

0.008679 0.399902 
0.008789 0.400257 

0.008851 0.400391 
0.008789 0.400178 

0.008854 0.400391 
0.009024 0.400879 

0.009026 0.400879 
0.009210 0.401367 

0.009213 0.401367 
0.009399 0.401855 

0.009410 0.401855 
0.009521 0.402201 

0.009589 0.402344 
0.009521 0.402123 

0.009592 0.402344 
0.009770 0.402832 

0.009772 0.402832 
0.009965 0.403320 

0.009971 0.403320 
0.010163 0.403809 

0.010170 0.403809 
0.010254 0.404068 

0.010354 0.404297 
0.010254 0.403991 

0.010360 0.404297 
0.010551 0.404785 

0.010552 0.404785 
0.010754 0.405273 

0.010765 0.405273 
0.010955 0.405762 

0.010960 0.405762 
0.010986 0.405844 

0.011152 0.406250 
0.010986 0.405795 

0.011160 0.406250 
0.011365 0.406738 

0.011367 0.406738 
0.011576 0.407227 

0.011788 0.407715 
0.011719 0.407512 

0.011790 0.407715 
0.011990 0.408203 

0.011994 0.408203 
0.012211 0.408691 

0.012223 0.408691 
0.012425 0.409180 

0.012430 0.409180 
0.012451 0.409240 

0.012637 0.409668 
0.012451 0.409196 

0.012644 0.409668 
0.012865 0.410156 

0.013309 0.411133 
0.013184 0.410807 

0.013314 0.411133 
0.013537 0.411621 

0.013543 0.411621 
0.013772 0.412109 

0.013783 0.412109 
0.013916 0.412444 

0.014001 0.412598 
0.013916 0.412374 

0.014003 0.412598 
0.014226 0.413086 

0.014233 0.413086 
0.014471 0.413574 

0.014484 0.413574 
0.014648 0.413966 

0.014711 0.414062 
0.014648 0.413901 

0.014711 0.414062 
0.014936 0.414551 

0.014944 0.414551 
0.015188 0.415039 

0.015202 0.415039 
0.015381 0.415448 

0.015436 0.415527 
0.015381 0.415388 

0.015436 0.415527 
0.015666 0.416016 

0.015675 0.416016 
0.015924 0.416504 

0.015938 0.416504 
0.016113 0.416896 

0.016178 0.416992 
0.016113 0.416835 

0.016177 0.416992 
0.016415 0.417480 

0.016426 0.417480 
0.016681 0.417969 

0.016693 0.417969 
0.016846 0.418309 

0.016936 0.418457 
0.016846 0.418247 

0.016936 0.418457 
0.017185 0.418945 

0.017710 0.419922 
0.017578 0.419629 

0.017715 0.419922 
0.017976 0.420410 

0.017991 0.420410 
0.018247 0.420898 

0.018252 0.420898 
0.018311 0.421029 

0.018504 0.421387 
0.018311 0.420985 

0.018516 0.421387 
0.018788 0.421875 

0.019072 0.422363 
0.019043 0.422299 

0.019071 0.422363 
0.019326 0.422852 

0.019340 0.422852 
0.019615 0.423340 

0.019627 0.423340 
0.019775 0.423644 

0.019891 0.423828 
0.019775 0.423586 

0.019895 0.423828 
0.020170 0.424316 

0.020188 0.424316 
0.020457 0.424805 

0.020734 0.425293 
0.020508 0.424861 

0.020749 0.425293 
0.021036 0.425781 

0.021050 0.425781 
0.021240 0.426147 

0.021328 0.426270 
0.021240 0.426094 

0.021329 0.426270 
0.021611 0.426758 

0.022198 0.427734 
0.021973 0.427319 

0.022214 0.427734 
0.022511 0.428223 

0.022524 0.428223 
0.022705 0.428560 

0.022811 0.428711 
0.022705 0.428507 

0.976193 0.271973 
0.976025 0.271484 

0.976162 0.271973 
0.976318 0.272265 

0.976505 0.272461 
0.976318 0.272156 

0.977275 0.273438 
0.977051 0.273062 

0.977564 0.273926 
0.977272 0.273438 

0.977576 0.273926 
0.977783 0.274307 

0.977870 0.274414 
0.977783 0.274248 

0.978167 0.274902 
0.977872 0.274414 

0.978474 0.275391 
0.978187 0.274902 

0.978766 0.275879 
0.978516 0.275428 

0.979078 0.276367 
0.978783 0.275879 

0.979089 0.276367 
0.979248 0.276671 

0.979370 0.276855 
0.979248 0.276617 

0.979662 0.277344 
0.979374 0.276855 

0.980238 0.278320 
0.979980 0.277843 

0.980538 0.278809 
0.980253 0.278320 

0.980551 0.278809 
0.980713 0.279131 

0.980821 0.279297 
0.980713 0.279075 

0.981099 0.279785 
0.980824 0.279297 

0.981385 0.280273 
0.981116 0.279785 

0.981653 0.280762 
0.981445 0.280349 

0.981943 0.281250 
0.981666 0.280762 

0.981958 0.281250 
0.982178 0.281686 

0.982226 0.281738 
0.982178 0.281633 

0.982480 0.282227 
0.982225 0.281738 

0.983025 0.283203 
0.982910 0.282950 

0.983287 0.283691 
0.983028 0.283203 

0.983559 0.284180 
0.983302 0.283691 

0.983565 0.284180 
0.983643 0.284358 

0.983810 0.284668 
0.983643 0.284304 

0.984077 0.285156 
0.983818 0.284668 

0.984581 0.286133 
0.984375 0.285686 

0.984845 0.286621 
0.984591 0.286133 

0.985091 0.287109 
0.984858 0.286621 

0.985110 0.287109 
0.985107 0.287103 

0.985096 0.287109 
0.985107 0.287138 

0.985335 0.287598 
0.985111 0.287109 

0.985591 0.288086 
0.985343 0.287598 

0.985850 0.288574 
0.985840 0.288548 

0.986069 0.289062 
0.985851 0.288574 

0.986319 0.289551 
0.986077 0.289062 

0.986555 0.290039 
0.986333 0.289551 

0.986572 0.290039 
0.986572 0.290039 

0.986559 0.290039 
0.986572 0.290074 

0.986785 0.290527 
0.986575 0.290039 

0.987027 0.291016 
0.986792 0.290527 

0.987482 0.291992 
0.987305 0.291559 

0.987717 0.292480 
0.987490 0.291992 

0.987946 0.292969 
0.987725 0.292480 

0.987953 0.292969 
0.988037 0.293194 

0.988164 0.293457 
0.988037 0.293126 

0.988387 0.293945 
0.988170 0.293457 

0.988612 0.294434 
0.988391 0.293945 

0.988624 0.294434 
0.988770 0.294813 

0.988833 0.294922 
0.988770 0.294743 

0.989036 0.295410 
0.988834 0.294922 

0.989256 0.295898 
0.989040 0.295410 

0.989467 0.296387 
0.989267 0.295898 

0.989472 0.296387 
0.989502 0.296477 

0.989669 0.296875 
0.989502 0.296426 

0.989884 0.297363 
0.989678 0.296875 

0.990091 0.297852 
0.989886 0.297363 

0.990298 0.298340 
0.990234 0.298147 

0.990488 0.298828 
0.990300 0.298340 

0.990692 0.299316 
0.990492 0.298828 

0.990892 0.299805 
0.990699 0.299316 

0.990899 0.299805 
0.990967 0.300019 

0.991081 0.300293 
0.990967 0.299948 

0.991276 0.300781 
0.991089 0.300293 

0.991470 0.301270 
0.991277 0.300781 

0.991658 0.301758 
0.991478 0.301270 

0.991838 0.302246 
0.991699 0.301823 

0.992030 0.302734 
0.991848 0.302246 

0.992213 0.303223 
0.992029 0.302734 

0.992393 0.303711 
0.992221 0.303223 

0.992398 0.303711 
0.992432 0.303831 

0.992566 0.304199 
0.992432 0.303772 

0.992750 0.304688 
0.992575 0.304199 

0.992924 0.305176 
0.992748 0.304688 

0.993098 0.305664 
0.992930 0.305176 

0.993264 0.306152 
0.993164 0.305806 

0.993435 0.306641 
0.993271 0.306152 

0.993603 0.307129 
0.993436 0.306641 

0.993770 0.307617 
0.993603 0.307129 

0.993780 0.307617 
0.993896 0.308021 

0.993937 0.308105 
0.993896 0.307948 

0.994088 0.308594 
0.993939 0.308105 

0.994251 0.309082 
0.994094 0.308594 

0.994406 0.309570 
0.994249 0.309082 

0.994563 0.310059 
0.994411 0.309570 

0.994569 0.310059 
0.994629 0.310302 

0.994713 0.310547 
0.994629 0.310218 

0.994865 0.311035 
0.994719 0.310547 

0.995014 0.311523 
0.994867 0.311035 

0.995161 0.312012 
0.995013 0.311523 

0.995307 0.312500 
0.995166 0.312012 

0.995312 0.312500 
0.995361 0.312717 

0.995446 0.312988 
0.995361 0.312634 

0.995590 0.313477 
0.995453 0.312988 

0.995729 0.313965 
0.995592 0.313477 

0.995865 0.314453 
0.995728 0.313965 

0.996001 0.314941 
0.995866 0.314453 

0.996010 0.314941 
0.996094 0.315309 

0.996262 0.315918 
0.996139 0.315430 

0.996394 0.316406 
0.996266 0.315918 

0.996521 0.316895 
0.996394 0.316406 

0.996646 0.317383 
0.996520 0.316895 

0.996771 0.317871 
0.996650 0.317383 

0.996775 0.317871 
0.996826 0.318135 

0.996889 0.318359 
0.996826 0.318040 

0.997009 0.318848 
0.996894 0.318359 

0.997127 0.319336 
0.997010 0.318848 

0.997243 0.319824 
0.997127 0.319336 

0.997356 0.320312 
0.997242 0.319824 

0.997468 0.320801 
0.997356 0.320312 

0.997476 0.320801 
0.997559 0.321232 

0.997681 0.321777 
0.997582 0.321289 

0.997791 0.322266 
0.997686 0.321777 

0.997894 0.322754 
0.997791 0.322266 

0.997995 0.323242 
0.997894 0.322754 

0.998094 0.323730 
0.997995 0.323242 

0.998193 0.324219 
0.998094 0.323730 

0.998285 0.324707 
0.998199 0.324219 

0.998294 0.324707 
0.998291 0.324683 

0.998287 0.324707 
0.998291 0.324735 

0.998379 0.325195 
0.998296 0.324707 

0.998475 0.325684 
0.998383 0.325195 

0.998565 0.326172 
0.998475 0.325684 

0.998653 0.326660 
0.998565 0.326172 

0.998739 0.327148 
0.998653 0.326660 

0.998822 0.327637 
0.998738 0.327148 

0.998905 0.328125 
0.998822 0.327637 

0.998986 0.328613 
0.998908 0.328125 

0.998989 0.328613 
0.999023 0.328894 

0.999288 0.330566 
0.999215 0.330078 

0.999358 0.331055 
0.999288 0.330566 

0.999427 0.331543 
0.999358 0.331055 

0.999494 0.332031 
0.999427 0.331543 

0.999558 0.332520 
0.999494 0.332031 

0.999622 0.333008 
0.999558 0.332520 

0.999683 0.333496 
0.999622 0.333008 

0.999741 0.333984 
0.999686 0.333496 

0.999742 0.333984 
0.999756 0.334150 

0.999796 0.334473 
0.999756 0.334055 

0.999854 0.334961 
0.999799 0.334473 

0.999908 0.335449 
0.999855 0.334961 

0.999959 0.335938 
0.999908 0.335449 

1.000009 0.336426 
0.999959 0.335938 

1.000056 0.336914 
1.000009 0.336426 

1.000102 0.337402 
1.000056 0.336914 

1.000146 0.337891 
1.000102 0.337402 

1.000188 0.338379 
1.000146 0.337891 

1.000228 0.338867 
1.000188 0.338379 

1.000266 0.339355 
1.000228 0.338867 

1.000302 0.339844 
1.000266 0.339355 

1.000336 0.340332 
1.000302 0.339844 

1.000368 0.340820 
1.000336 0.340332 

1.000399 0.341309 
1.000368 0.340820 

1.000427 0.341797 
1.000399 0.341309 

1.000454 0.342285 
1.000427 0.341797 

1.000478 0.342773 
1.000454 0.342285 

1.000479 0.342773 
1.000488 0.343044 

1.000475 0.354980 
1.000488 0.354621 

1.000474 0.354980 
1.000449 0.355469 

1.000449 0.355469 
1.000422 0.355957 

1.000422 0.355957 
1.000393 0.356445 

1.000393 0.356445 
1.000362 0.356934 

1.000362 0.356934 
1.000329 0.357422 

1.000329 0.357422 
1.000295 0.357910 

1.000295 0.357910 
1.000258 0.358398 

1.000258 0.358398 
1.000220 0.358887 

1.000220 0.358887 
1.000180 0.359375 

1.000180 0.359375 
1.000138 0.359863 

1.000138 0.359863 
1.000094 0.360352 

1.000094 0.360352 
1.000048 0.360840 

1.000048 0.360840 
1.000000 0.361328 

1.000000 0.361328 
0.999950 0.361816 

0.999950 0.361816 
0.999898 0.362305 

0.999898 0.362305 
0.999844 0.362793 

0.999844 0.362793 
0.999790 0.363281 

0.998978 0.369141 
0.999023 0.368790 

0.998973 0.369141 
0.998893 0.369629 

0.998892 0.369629 
0.998809 0.370117 

0.998810 0.370117 
0.998726 0.370605 

0.998726 0.370605 
0.998640 0.371094 

0.998640 0.371094 
0.998552 0.371582 

0.998552 0.371582 
0.998461 0.372070 

0.996000 0.382812 
0.996094 0.382407 

0.997462 0.376953 
0.997559 0.376466 

0.997454 0.376953 
0.997342 0.377441 

0.997343 0.377441 
0.997230 0.377930 

0.997230 0.377930 
0.997115 0.378418 

0.997115 0.378418 
0.996997 0.378906 

0.995990 0.382812 
0.995854 0.383301 

0.995854 0.383301 
0.995718 0.383789 

0.994562 0.387695 
0.994629 0.387428 

0.994556 0.387695 
0.994404 0.388184 

0.994400 0.388184 
0.994243 0.388672 

0.993103 0.392090 
0.993164 0.391866 

0.993096 0.392090 
0.992929 0.392578 

0.991668 0.395996 
0.991699 0.395888 

0.991663 0.395996 
0.991485 0.396484 

0.990116 0.399902 
0.990234 0.399564 

0.990106 0.399902 
0.989901 0.400391 

0.988646 0.403320 
0.988770 0.402989 

0.987294 0.406250 
0.987305 0.406220 

0.026444 0.272461 
0.026446 0.272949 

0.027395 0.272461 
0.027100 0.272718 

0.026430 0.272949 
0.026461 0.273438 

0.027164 0.272949 
0.027191 0.273438 

0.982835 0.415039 
0.982910 0.414870 

0.981205 0.417969 
0.981445 0.417504 

0.972665 0.265137 
0.972656 0.265044 

0.974086 0.264648 
0.974121 0.264672 

0.972668 0.265625 
0.972656 0.265558 

0.973426 0.265625 
0.973389 0.265603 

0.023950 0.278809 
0.024170 0.278459 

0.024222 0.278809 
0.024527 0.278320 

0.023813 0.279297 
0.024048 0.278809 

0.024226 0.278809 
0.024170 0.278907 

0.974786 0.265137 
0.974854 0.265117 

0.974908 0.265137 
0.974854 0.265101 

0.974175 0.265625 
0.974121 0.265601 

0.974885 0.265137 
0.974854 0.265178 

0.026495 0.434082 
0.026367 0.433728 

0.027108 0.434082 
0.027100 0.434079 

0.026403 0.434082 
0.026566 0.434570 

0.027822 0.434570 
0.027100 0.434479 

0.023657 0.279785 
0.023861 0.279297 

0.023647 0.279785 
0.023438 0.280225 

0.023075 0.280762 
0.023369 0.280273 

0.022765 0.281250 
0.023053 0.280762 

0.974244 0.267090 
0.974121 0.266958 

0.975272 0.267090 
0.974854 0.267051 

0.974529 0.267578 
0.974121 0.267538 

0.974854 0.267376 
0.975586 0.267543 

0.978877 0.421875 
0.978593 0.422363 

0.978593 0.422363 
0.978516 0.422512 

0.021877 0.282715 
0.021973 0.282527 

0.021586 0.283203 
0.021870 0.282715 

0.022478 0.281738 
0.022705 0.281322 

0.022766 0.281250 
0.022705 0.281370 

0.022167 0.282227 
0.022462 0.281738 

0.021294 0.283691 
0.021569 0.283203 

0.021015 0.284180 
0.021240 0.283753 

0.021295 0.283691 
0.021240 0.283804 

0.974504 0.426270 
0.974121 0.425905 

0.974854 0.426736 
0.974121 0.426528 

0.975458 0.426758 
0.975586 0.426539 

0.020714 0.284668 
0.021000 0.284180 

0.020701 0.284668 
0.020508 0.285048 

0.020157 0.285645 
0.020428 0.285156 

0.019870 0.286133 
0.020140 0.285645 

0.018500 0.288574 
0.018769 0.288086 

0.018240 0.289062 
0.018311 0.288903 

0.018489 0.288574 
0.018311 0.288952 

0.975842 0.425781 
0.975666 0.426270 

0.976381 0.425781 
0.976318 0.425835 

0.975718 0.426270 
0.975586 0.426730 

0.976373 0.426270 
0.976318 0.426331 

0.019605 0.286621 
0.019775 0.286274 

0.019868 0.286133 
0.019775 0.286331 

0.019317 0.287109 
0.019591 0.286621 

0.019054 0.287598 
0.019304 0.287109 

0.019054 0.287598 
0.019043 0.287623 

0.984403 0.412109 
0.984375 0.412177 

0.017978 0.289551 
0.018234 0.289062 

0.017705 0.290039 
0.017963 0.289551 

0.017457 0.290527 
0.017578 0.290254 

0.017191 0.291016 
0.017448 0.290527 

0.026370 0.274902 
0.026415 0.274414 

0.027112 0.274414 
0.027100 0.274424 

0.026399 0.274902 
0.026399 0.275391 

0.987307 0.406250 
0.987305 0.406256 

0.016932 0.291504 
0.017178 0.291016 

0.016690 0.291992 
0.016846 0.291644 

0.016931 0.291504 
0.016846 0.291706 

0.016424 0.292480 
0.016678 0.291992 

0.016178 0.292969 
0.016414 0.292480 

0.015940 0.293457 
0.016113 0.293066 

0.015678 0.293945 
0.015926 0.293457 

0.015440 0.294434 
0.015669 0.293945 

0.015208 0.294922 
0.015381 0.294522 

0.015441 0.294434 
0.015381 0.294584 

0.024869 0.273438 
0.024902 0.273340 

0.014952 0.295410 
0.015194 0.294922 

0.014719 0.295898 
0.014944 0.295410 

0.014719 0.295898 
0.014648 0.296080 

0.014015 0.297363 
0.014238 0.296875 

0.013796 0.297852 
0.013916 0.297544 

0.014013 0.297363 
0.013916 0.297616 

0.026500 0.434570 
0.026572 0.435059 

0.027186 0.435059 
0.027832 0.434803 

0.026784 0.435547 
0.026367 0.435151 

0.027100 0.435436 
0.027832 0.435432 

0.012663 0.300293 
0.012883 0.299805 

0.012448 0.300781 
0.012451 0.300772 

0.012463 0.300781 
0.012657 0.300293 

0.024817 0.274902 
0.024902 0.274825 

0.023979 0.275391 
0.024170 0.275303 

0.024376 0.275391 
0.024902 0.275291 

0.012246 0.301270 
0.012444 0.300781 

0.012461 0.300781 
0.012451 0.300809 

0.012018 0.301758 
0.012234 0.301270 

0.974854 0.427194 
0.974121 0.426866 

0.975489 0.426758 
0.975330 0.427246 

0.974854 0.427602 
0.974121 0.427507 

0.975189 0.427734 
0.975586 0.427360 

0.011812 0.302246 
0.012014 0.301758 

0.011809 0.302246 
0.011719 0.302506 

0.011394 0.303223 
0.011601 0.302734 

0.011185 0.303711 
0.011390 0.303223 

0.010983 0.304199 
0.010986 0.304189 

0.010997 0.304199 
0.011179 0.303711 

0.010795 0.304688 
0.010979 0.304199 

0.010995 0.304199 
0.010986 0.304226 

0.974555 0.425781 
0.974121 0.425530 

0.013559 0.298340 
0.013786 0.297852 

0.013330 0.298828 
0.013553 0.298340 

0.013323 0.298828 
0.013184 0.299190 

0.027832 0.434074 
0.028564 0.434058 

0.028755 0.434082 
0.028564 0.433958 

0.027832 0.434559 
0.028564 0.434549 

0.028838 0.434570 
0.028564 0.434484 

0.023419 0.429688 
0.023438 0.429722 

0.010582 0.305176 
0.010783 0.304688 

0.010388 0.305664 
0.010581 0.305176 

0.010380 0.305664 
0.010254 0.306038 

0.009804 0.307129 
0.009997 0.306641 

0.009621 0.307617 
0.009803 0.307129 

0.009439 0.308105 
0.009521 0.307839 

0.009615 0.307617 
0.009521 0.307919 

0.009249 0.308594 
0.009432 0.308105 

0.973034 0.267090 
0.972893 0.266602 

0.973692 0.267090 
0.973461 0.266602 

0.973119 0.267578 
0.972892 0.267090 

0.973857 0.267578 
0.973389 0.267213 

0.009060 0.309082 
0.009244 0.308594 

0.008885 0.309570 
0.009059 0.309082 

0.973324 0.426758 
0.973036 0.427246 

0.973612 0.427246 
0.974121 0.426846 

0.972796 0.427734 
0.973389 0.427390 

0.973389 0.427611 
0.974121 0.427579 

0.008879 0.309570 
0.008789 0.309872 

0.008347 0.311035 
0.008524 0.310547 

0.008179 0.311523 
0.008348 0.311035 

0.008010 0.312012 
0.008057 0.311840 

0.008170 0.311523 
0.008057 0.311908 

0.007842 0.312500 
0.008004 0.312012 

0.025110 0.274902 
0.025635 0.274768 

0.026293 0.274902 
0.026344 0.274414 

0.025537 0.275391 
0.024902 0.275256 

0.026253 0.275391 
0.026367 0.275015 

0.006709 0.315918 
0.006862 0.315430 

0.006557 0.316406 
0.006592 0.316260 

0.006701 0.315918 
0.006592 0.316327 

0.007666 0.312988 
0.007834 0.312500 

0.007505 0.313477 
0.007668 0.312988 

0.973325 0.426270 
0.973389 0.426212 

0.973948 0.426270 
0.974121 0.426044 

0.972974 0.426758 
0.973389 0.426515 

0.973523 0.426758 
0.974121 0.426524 

0.007350 0.313965 
0.007499 0.313477 

0.007347 0.313965 
0.007324 0.314057 

0.006408 0.316895 
0.006552 0.316406 

0.006250 0.317383 
0.006401 0.316895 

0.974164 0.266113 
0.974121 0.266083 

0.974854 0.265625 
0.974854 0.266113 

0.974155 0.266602 
0.974121 0.266564 

0.974920 0.266602 
0.974854 0.266582 

0.006105 0.317871 
0.006252 0.317383 

0.005962 0.318359 
0.006105 0.317871 

0.005955 0.318359 
0.005859 0.318746 

0.000589 0.352051 
0.000597 0.351562 

0.000577 0.352539 
0.000596 0.352051 

0.005262 0.320801 
0.005398 0.320312 

0.005126 0.321289 
0.005127 0.321285 

0.005135 0.321289 
0.005255 0.320801 

0.005003 0.321777 
0.005122 0.321289 

0.005133 0.321289 
0.005127 0.321319 

0.004863 0.322266 
0.004994 0.321777 

0.024862 0.274414 
0.024902 0.274316 

0.004736 0.322754 
0.004864 0.322266 

0.004612 0.323242 
0.004737 0.322754 

0.004489 0.323730 
0.004611 0.323242 

0.004483 0.323730 
0.004395 0.324147 

0.003785 0.326660 
0.003897 0.326172 

0.003678 0.327148 
0.003779 0.326660 

0.003572 0.327637 
0.003662 0.327171 

0.003676 0.327148 
0.003662 0.327234 

0.003456 0.328125 
0.003564 0.327637 

0.003352 0.328613 
0.003457 0.328125 

0.003250 0.329102 
0.003352 0.328613 

0.025439 0.433594 
0.025635 0.433731 

0.026118 0.433594 
0.026351 0.434082 

0.025481 0.434082 
0.025635 0.434196 

0.026282 0.434082 
0.026367 0.434425 

0.003150 0.329590 
0.003250 0.329102 

0.003051 0.330078 
0.003150 0.329590 

0.025609 0.271973 
0.025635 0.271956 

0.026358 0.271973 
0.026367 0.271927 

0.025595 0.272461 
0.025635 0.272450 

0.026357 0.272461 
0.026367 0.272419 

0.002956 0.330566 
0.003047 0.330078 

0.002954 0.330566 
0.002930 0.330736 

0.002248 0.334473 
0.002327 0.333984 

0.002169 0.334961 
0.002197 0.334729 

0.002244 0.334473 
0.002197 0.334829 

0.000529 0.353027 
0.000582 0.352539 

0.000442 0.353516 
0.000522 0.353027 

0.002092 0.335449 
0.002167 0.334961 

0.002012 0.335938 
0.002089 0.335449 

0.001939 0.336426 
0.002013 0.335938 

0.001867 0.336914 
0.001939 0.336426 

0.026471 0.273926 
0.026482 0.273438 

0.027367 0.273438 
0.027100 0.273808 

0.026402 0.274414 
0.026489 0.273926 

0.027348 0.273926 
0.027100 0.274093 

0.001797 0.337402 
0.001867 0.336914 

0.001729 0.337891 
0.001797 0.337402 

0.026436 0.433594 
0.026367 0.433458 

0.027155 0.433594 
0.027100 0.433573 

0.001663 0.338379 
0.001729 0.337891 

0.001599 0.338867 
0.001663 0.338379 

0.025464 0.272949 
0.025635 0.272850 

0.026341 0.272949 
0.026350 0.272461 

0.025455 0.273438 
0.025635 0.273313 

0.026354 0.272949 
0.026367 0.273382 

0.001536 0.339355 
0.001599 0.338867 

0.001478 0.339844 
0.001534 0.339355 

0.001477 0.339844 
0.001465 0.339986 

0.000611 0.351074 
0.000628 0.350586 

0.000596 0.351562 
0.000609 0.351074 

0.000244 0.354980 
0.000277 0.354492 

0.000235 0.354980 
0.000276 0.355469 

0.001510 0.370605 
0.001465 0.370168 

0.001513 0.370605 
0.001575 0.371094 

0.001575 0.371094 
0.001639 0.371582 

0.001639 0.371582 
0.001704 0.372070 

0.003013 0.379883 
0.002930 0.379399 

0.011587 0.407227 
0.011719 0.407586 

0.012872 0.410156 
0.013090 0.410645 

0.013098 0.410645 
0.013184 0.410874 

0.017199 0.418945 
0.017456 0.419434 

0.017464 0.419434 
0.017578 0.419689 

0.018803 0.421875 
0.019043 0.422347 

0.020462 0.424805 
0.020508 0.424899 

0.021629 0.426758 
0.021911 0.427246 

0.021916 0.427246 
0.021973 0.427357 

0.022815 0.428711 
0.023109 0.429199 

0.023127 0.429199 
0.023416 0.429688 

0.975865 0.270996 
0.975586 0.270551 

0.976073 0.271484 
0.975869 0.270996 

0.976941 0.272949 
0.976559 0.272461 

0.976970 0.272949 
0.977051 0.273082 

0.978477 0.275391 
0.978516 0.275465 

0.979955 0.277832 
0.979681 0.277344 

0.979958 0.277832 
0.979980 0.277878 

0.972803 0.266113 
0.972656 0.265671 

0.973478 0.266113 
0.973389 0.266066 

0.972917 0.266602 
0.972725 0.266113 

0.973763 0.266602 
0.973389 0.266328 

0.981390 0.280273 
0.981445 0.280391 

0.982761 0.282715 
0.982493 0.282227 

0.982772 0.282715 
0.982910 0.283011 

0.984334 0.285645 
0.984091 0.285156 

0.984339 0.285645 
0.984375 0.285730 

0.985831 0.288574 
0.985606 0.288086 

0.985836 0.288574 
0.985840 0.288585 

0.987260 0.291504 
0.987039 0.291016 

0.987266 0.291504 
0.987305 0.291610 

0.990103 0.297852 
0.990234 0.298220 

0.975641 0.427246 
0.975586 0.427420 

0.991663 0.301758 
0.991699 0.301881 

0.025591 0.434570 
0.025635 0.434595 

0.026345 0.434570 
0.026367 0.434866 

0.025618 0.435059 
0.025635 0.435081 

0.026321 0.435059 
0.026367 0.435187 

0.993104 0.305664 
0.993164 0.305883 

0.996136 0.315430 
0.996094 0.315224 

0.997579 0.321289 
0.997559 0.321164 

0.999062 0.329102 
0.999023 0.328791 

0.999139 0.329590 
0.999065 0.329102 

0.999215 0.330078 
0.999141 0.329590 

1.000500 0.343262 
1.000488 0.342933 

1.000521 0.343750 
1.000501 0.343262 

1.000541 0.344238 
1.000522 0.343750 

1.000558 0.344727 
1.000541 0.344238 

1.000573 0.345215 
1.000558 0.344727 

1.000586 0.345703 
1.000573 0.345215 

0.028559 0.433105 
0.028564 0.432742 

0.028621 0.432617 
0.028621 0.433105 

1.000597 0.346191 
1.000586 0.345703 

1.000606 0.346680 
1.000597 0.346191 

1.000614 0.347168 
1.000606 0.346680 

1.000619 0.347656 
1.000614 0.347168 

1.000623 0.348145 
1.000619 0.347656 

1.000625 0.348633 
1.000623 0.348145 

1.000625 0.348633 
1.000625 0.349121 

1.000625 0.349121 
1.000622 0.349609 

1.000622 0.349609 
1.000618 0.350098 

1.000618 0.350098 
1.000612 0.350586 

1.000612 0.350586 
1.000605 0.351074 

1.000605 0.351074 
1.000595 0.351562 

1.000595 0.351562 
1.000583 0.352051 

1.000583 0.352051 
1.000570 0.352539 

1.000570 0.352539 
1.000554 0.353027 

1.000554 0.353027 
1.000537 0.353516 

1.000537 0.353516 
1.000518 0.354004 

1.000517 0.354004 
1.000497 0.354492 

1.000496 0.354492 
1.000488 0.354725 

0.980058 0.419922 
0.979980 0.420080 

0.999733 0.363770 
0.999756 0.363513 

0.999787 0.363281 
0.999756 0.363620 

0.999731 0.363770 
0.999674 0.364258 

0.999672 0.364258 
0.999610 0.364746 

0.999611 0.364746 
0.999547 0.365234 

0.999547 0.365234 
0.999483 0.365723 

0.999483 0.365723 
0.999416 0.366211 

0.999416 0.366211 
0.999347 0.366699 

0.999347 0.366699 
0.999276 0.367188 

0.999276 0.367188 
0.999203 0.367676 

0.999203 0.367676 
0.999129 0.368164 

0.999126 0.368164 
0.999053 0.368652 

0.999051 0.368652 
0.999023 0.368882 

0.998461 0.372070 
0.998370 0.372559 

0.998276 0.373047 
0.998291 0.372936 

0.998365 0.372559 
0.998291 0.373013 

0.998274 0.373047 
0.998184 0.373535 

0.998180 0.373535 
0.998081 0.374023 

0.998081 0.374023 
0.997982 0.374512 

0.997981 0.374512 
0.997880 0.375000 

0.973898 0.425293 
0.974121 0.425243 

0.973819 0.425781 
0.974121 0.425423 

0.996995 0.378906 
0.996881 0.379395 

0.996764 0.379883 
0.996826 0.379569 

0.996878 0.379395 
0.996826 0.379667 

0.996758 0.379883 
0.996636 0.380371 

0.996634 0.380371 
0.996508 0.380859 

0.996509 0.380859 
0.996383 0.381348 

0.996383 0.381348 
0.996254 0.381836 

0.996249 0.381836 
0.996128 0.382324 

0.996126 0.382324 
0.996094 0.382482 

0.997880 0.375000 
0.997777 0.375488 

0.997778 0.375488 
0.997673 0.375977 

0.997667 0.375977 
0.997570 0.376465 

0.997568 0.376465 
0.997559 0.376524 

0.995719 0.383789 
0.995581 0.384277 

0.995579 0.384277 
0.995443 0.384766 

0.995303 0.385254 
0.995361 0.385003 

0.995438 0.384766 
0.995361 0.385090 

0.995298 0.385254 
0.995156 0.385742 

0.975597 0.268066 
0.975586 0.267932 

0.995152 0.385742 
0.995004 0.386230 

0.995006 0.386230 
0.994859 0.386719 

0.994857 0.386719 
0.994712 0.387207 

0.994706 0.387207 
0.994629 0.387516 

0.994245 0.388672 
0.994089 0.389160 

0.994083 0.389160 
0.993935 0.389648 

0.993776 0.390137 
0.993896 0.389720 

0.993932 0.389648 
0.993896 0.389790 

0.993765 0.390137 
0.993600 0.390625 

0.993599 0.390625 
0.993434 0.391113 

0.993433 0.391113 
0.993269 0.391602 

0.993262 0.391602 
0.993164 0.391944 

0.992923 0.392578 
0.992749 0.393066 

0.992750 0.393066 
0.992576 0.393555 

0.992400 0.394043 
0.992432 0.393927 

0.992567 0.393555 
0.992432 0.393985 

0.992394 0.394043 
0.992224 0.394531 

0.991476 0.396484 
0.991284 0.396973 

0.991284 0.396973 
0.991097 0.397461 

0.990907 0.397949 
0.990967 0.397759 

0.991088 0.397461 
0.990967 0.397827 

0.990901 0.397949 
0.990711 0.398438 

0.026520 0.275391 
0.026367 0.275682 

0.027106 0.275391 
0.027100 0.275408 

0.992215 0.394531 
0.992032 0.395020 

0.992034 0.395020 
0.991852 0.395508 

0.991843 0.395508 
0.991699 0.395944 

0.990703 0.398438 
0.990503 0.398926 

0.990500 0.398926 
0.990312 0.399414 

0.990309 0.399414 
0.990234 0.399639 

0.989898 0.400391 
0.989694 0.400879 

0.989488 0.401367 
0.989502 0.401323 

0.989686 0.400879 
0.989502 0.401367 

0.989483 0.401367 
0.989288 0.401855 

0.989276 0.401855 
0.989061 0.402344 

0.988635 0.403320 
0.988417 0.403809 

0.988413 0.403809 
0.988195 0.404297 

0.989057 0.402344 
0.988854 0.402832 

0.988851 0.402832 
0.988770 0.403062 

0.987979 0.404785 
0.988037 0.404625 

0.988187 0.404297 
0.988037 0.404685 

0.987973 0.404785 
0.987756 0.405273 

0.025359 0.273926 
0.025635 0.273780 

0.026367 0.273926 
0.026367 0.273858 

0.025344 0.274414 
0.025635 0.274327 

0.026332 0.274414 
0.026367 0.274143 

0.987746 0.405273 
0.987519 0.405762 

0.987513 0.405762 
0.987310 0.406250 

0.987290 0.406250 
0.987076 0.406738 

0.987062 0.406738 
0.986828 0.407227 

0.000356 0.354004 
0.000436 0.353516 

0.000289 0.354492 
0.000356 0.354004 

0.985652 0.409668 
0.985840 0.409243 

0.985638 0.409668 
0.985391 0.410156 

0.985382 0.410156 
0.985153 0.410645 

0.984911 0.411133 
0.985107 0.410701 

0.985154 0.410645 
0.985107 0.410758 

0.984896 0.411133 
0.984644 0.411621 

0.984635 0.411621 
0.984403 0.412109 

0.984151 0.412598 
0.984375 0.412126 

0.984136 0.412598 
0.983878 0.413086 

0.983620 0.413574 
0.983643 0.413521 

0.983867 0.413086 
0.983643 0.413560 

0.983615 0.413574 
0.983371 0.414062 

0.982829 0.415039 
0.982569 0.415527 

0.982553 0.415527 
0.982291 0.416016 

0.983356 0.414062 
0.983093 0.414551 

0.983084 0.414551 
0.982910 0.414921 

0.982032 0.416504 
0.982178 0.416196 

0.982289 0.416016 
0.982178 0.416256 

0.982020 0.416504 
0.981747 0.416992 

0.981734 0.416992 
0.981477 0.417480 

0.981479 0.417480 
0.981445 0.417552 

0.981189 0.417969 
0.980909 0.418457 

0.980632 0.418945 
0.980713 0.418777 

0.980897 0.418457 
0.980713 0.418824 

0.979780 0.420410 
0.979980 0.420026 

0.979766 0.420410 
0.979476 0.420898 

0.979184 0.421387 
0.979248 0.421259 

0.979461 0.420898 
0.979248 0.421299 

0.979178 0.421387 
0.978895 0.421875 

0.978303 0.422852 
0.978516 0.422467 

0.980626 0.418945 
0.980350 0.419434 

0.980333 0.419434 
0.980058 0.419922 

0.986821 0.407227 
0.986607 0.407715 

0.986374 0.408203 
0.986572 0.407749 

0.986606 0.407715 
0.986572 0.407803 

0.986360 0.408203 
0.986118 0.408691 

0.986111 0.408691 
0.985888 0.409180 

0.022154 0.282227 
0.021973 0.282572 

0.023439 0.429688 
0.023727 0.430176 

0.023756 0.430176 
0.024038 0.430664 

0.975481 0.270508 
0.975586 0.270655 

0.978285 0.422852 
0.977974 0.423340 

0.977660 0.423828 
0.977783 0.423589 

0.977956 0.423340 
0.977783 0.423658 

0.985888 0.409180 
0.985840 0.409301 

0.024651 0.277832 
0.024741 0.277344 

0.024138 0.278320 
0.024170 0.278259 

0.024490 0.278320 
0.024676 0.277832 

0.017701 0.290039 
0.017578 0.290316 

0.016178 0.292969 
0.016113 0.293128 

0.970231 0.263672 
0.971191 0.264312 

0.972342 0.264648 
0.972341 0.263672 

0.969727 0.264858 
0.971191 0.264858 

0.972513 0.265625 
0.972170 0.264648 

0.968273 0.259766 
0.967073 0.257812 

0.970755 0.259766 
0.970450 0.257812 

0.969473 0.261719 
0.966797 0.260440 

0.971836 0.261719 
0.969727 0.260096 

0.029340 0.434570 
0.029297 0.434533 

0.030762 0.434570 
0.032227 0.434570 

0.029332 0.435547 
0.029297 0.435501 

0.030811 0.435547 
0.030762 0.435514 

0.969993 0.428711 
0.969727 0.428533 

0.972532 0.428711 
0.972656 0.428329 

0.969727 0.429671 
0.971191 0.429671 

0.972507 0.429688 
0.972656 0.429370 

0.967995 0.426758 
0.968262 0.426580 

0.968262 0.426742 
0.969727 0.426742 

0.968237 0.426758 
0.968237 0.427734 

0.969460 0.427734 
0.969727 0.427557 

0.024568 0.276367 
0.024788 0.276855 

0.024759 0.276855 
0.024768 0.277344 

0.024057 0.430664 
0.024170 0.430977 

0.024246 0.431152 
0.024170 0.430907 

0.024125 0.431152 
0.024170 0.431319 

0.024212 0.431152 
0.024393 0.431641 

0.974724 0.270020 
0.974477 0.269531 

0.975155 0.270020 
0.974894 0.269531 

0.974589 0.270020 
0.974854 0.270221 

0.975495 0.270508 
0.975054 0.270020 

0.977650 0.423828 
0.977410 0.424316 

0.977431 0.424316 
0.977189 0.424805 

0.968876 0.429688 
0.969727 0.429465 

0.023823 0.275879 
0.024115 0.275391 

0.024831 0.275391 
0.024170 0.275704 

0.023917 0.275879 
0.024170 0.276304 

0.024312 0.275879 
0.024477 0.276367 

0.024376 0.431641 
0.024677 0.432129 

0.024708 0.432129 
0.024902 0.432404 

0.974680 0.268555 
0.974579 0.269043 

0.975095 0.268555 
0.974989 0.269043 

0.974608 0.269043 
0.974584 0.269531 

0.975011 0.269043 
0.974986 0.269531 

0.032325 0.435547 
0.032227 0.435481 

0.029376 0.437500 
0.029297 0.437419 

0.032396 0.437500 
0.032227 0.437462 

0.967727 0.261719 
0.969727 0.262949 

0.971232 0.261719 
0.972656 0.263445 

0.967806 0.263672 
0.969727 0.264952 

0.035272 0.441406 
0.035156 0.441276 

0.041166 0.441406 
0.041016 0.441306 

0.035277 0.445312 
0.035156 0.445187 

0.041275 0.445312 
0.041016 0.445255 

0.963546 0.253906 
0.961364 0.250000 

0.971014 0.253906 
0.966797 0.251095 

0.964466 0.257812 
0.960938 0.254452 

0.969668 0.257812 
0.966961 0.253906 

0.939687 0.234375 
0.949219 0.240302 

0.952608 0.234375 
0.960938 0.241158 

0.939105 0.242188 
0.949219 0.247774 

0.959786 0.250000 
0.954857 0.242188 

0.024902 0.275515 
0.025635 0.275657 

0.025887 0.275879 
0.026367 0.275698 

0.026296 0.275879 
0.025635 0.275946 

0.025144 0.432617 
0.024902 0.432330 

0.974121 0.267779 
0.974854 0.267923 

0.975467 0.268066 
0.975056 0.267578 

0.974806 0.268555 
0.974586 0.268066 

0.975146 0.268066 
0.975051 0.268555 

0.976039 0.425293 
0.976318 0.425199 

0.976739 0.425293 
0.977051 0.425057 

0.976209 0.425293 
0.975586 0.425761 

0.976875 0.425293 
0.976318 0.425573 

0.977233 0.424805 
0.977051 0.425051 

0.025873 0.267578 
0.026367 0.267248 

0.029088 0.267578 
0.029297 0.266798 

0.025916 0.269531 
0.026367 0.269170 

0.029031 0.269531 
0.029297 0.268918 

0.025031 0.432617 
0.025539 0.433105 

0.026099 0.433105 
0.025635 0.432794 

0.025183 0.433105 
0.025635 0.433464 

0.025857 0.433105 
0.026289 0.433594 

0.972765 0.267578 
0.973389 0.267948 

0.973389 0.267686 
0.974121 0.267884 

0.029297 0.435504 
0.027832 0.434927 

0.972660 0.264648 
0.972658 0.263672 

0.026795 0.271484 
0.026367 0.272165 

0.028650 0.271484 
0.027832 0.271840 

0.028275 0.272461 
0.027832 0.273118 

0.973043 0.427734 
0.972656 0.428097 

0.972862 0.428711 
0.972656 0.429392 

0.974954 0.428711 
0.974121 0.428879 

0.967292 0.431641 
0.969727 0.429946 

0.972185 0.429688 
0.971015 0.431641 

0.967561 0.433594 
0.969727 0.431689 

0.972613 0.431641 
0.970587 0.433594 

0.963917 0.437500 
0.960938 0.440418 

0.969285 0.437500 
0.966797 0.440995 

0.962973 0.441406 
0.961128 0.445312 

0.970408 0.441406 
0.966797 0.443814 

0.026787 0.435547 
0.027832 0.436079 

0.028508 0.435547 
0.029297 0.436251 

0.026919 0.436523 
0.027832 0.437132 

0.028815 0.436523 
0.029210 0.437500 

0.029596 0.437500 
0.030570 0.439453 

0.034371 0.439453 
0.032227 0.438022 

0.030996 0.441406 
0.029297 0.439599 

0.034331 0.441406 
0.032227 0.439947 

0.971234 0.426270 
0.971191 0.426223 

0.972600 0.426270 
0.972656 0.426234 

0.971275 0.426758 
0.971191 0.426734 

0.972614 0.426758 
0.972656 0.426710 

0.026449 0.270508 
0.027832 0.269546 

0.028172 0.270508 
0.029060 0.269531 

0.026735 0.271484 
0.027567 0.270508 

0.027945 0.271484 
0.029287 0.270508 

0.030380 0.265625 
0.029297 0.267077 

0.034102 0.265625 
0.032227 0.266463 

0.030109 0.267578 
0.029297 0.269512 

0.033912 0.267578 
0.032227 0.268511 

0.036386 0.257812 
0.035156 0.259236 

0.043438 0.257812 
0.041016 0.258535 

0.036218 0.261719 
0.035156 0.263368 

0.042636 0.261719 
0.041016 0.262799 

