0.349179 0.652799 
0.268393 0.686888 
0.208199 0.739816 
0.167996 0.812630 
0.145713 0.903337 
0.139685 1.004699 
0.149397 1.104988 
0.175537 1.192806 
0.219614 1.261683 
0.283006 1.310370 
0.365158 1.340318 
0.461260 1.353341 
0.561474 1.350424 
0.654032 1.331394 
0.730271 1.295125 
0.786843 1.240214 
0.824155 1.166381 
0.843877 1.076585 
0.847305 0.978593 
0.834718 0.883570 
0.805394 0.801569 
0.758084 0.737979 
0.692084 0.693742 
0.609046 0.667630 
0.514838 0.658218 
0.419414 0.664854 
0.333374 0.687863 
0.263815 0.728245 
0.213186 0.786852 
0.180972 0.862900 
0.165802 0.952138 
0.166750 1.046129 
0.183763 1.134481 
0.217531 1.208887 
0.268867 1.265381 
0.337543 1.303548 
0.420639 1.324494 
0.511394 1.329315 
0.600280 1.318422 
0.678386 1.291487 
0.740353 1.247868 
0.784616 1.187481 
0.811783 1.112138 
0.822986 1.026816 
0.818961 0.939544 
0.799798 0.859091 
0.765157 0.791940 
0.714847 0.741017 
0.649790 0.706552 
0.573131 0.687606 
0.490762 0.683194 
0.410293 0.692770 
0.338701 0.716237 
0.280381 0.753649 
0.236895 0.804647 
0.207966 0.867716 
0.192623 0.939506 
0.189930 1.014801 
0.199256 1.087532 
0.220246 1.152437 
0.252597 1.206241 
0.295714 1.247745 
0.348312 1.277165 
0.408089 1.295364 
0.471694 1.303329 
0.535172 1.301925 
0.594756 1.291861 
0.647612 1.273753 
0.692167 1.248243 
0.727986 1.216127 
0.755399 1.178460 
0.775139 1.136611 
0.788085 1.092220 
0.795117 1.047077 
0.797063 1.002911 
0.794693 0.961196 
0.788729 0.923013 
0.779867 0.889005 
0.768781 0.859416 
0.756134 0.834188 
0.742574 0.813053 
0.728715 0.795631 
0.715138 0.781495 
0.702361 0.770213 
0.690842 0.761387 
0.680959 0.754662 
0.673024 0.749743 
0.667261 0.746394 
0.663834 0.744451 
0.662831 0.743812 
0.664275 0.744446 
0.668130 0.746391 
0.674289 0.749749 
0.682579 0.754691 
0.692759 0.761451 
0.704511 0.770322 
0.717450 0.781649 
0.731121 0.795824 
0.745008 0.813259 
0.758548 0.834361 
0.771146 0.859493 
0.782182 0.888899 
0.791030 0.922625 
0.797051 0.960421 
0.799599 1.001672 
0.798000 1.045336 
0.791541 1.090013 
0.779454 1.134056 
0.760917 1.175764 
0.735101 1.213567 
0.701275 1.246156 
0.659036 1.272522 
0.608615 1.291918 
0.551238 1.303756 
0.489305 1.307500 
0.426203 1.302548 
0.365694 1.288150 
0.311166 1.263409 
0.265094 1.227413 
0.228958 1.179612 
0.203458 1.120430 
0.188893 1.051980 
0.185487 0.978376 
0.193653 0.905123 
0.214115 0.837711 
0.247837 0.780280 
0.295637 0.735136 
0.357376 0.703115 
0.430884 0.684262 
0.511278 0.678466 
0.591645 0.685874 
0.665073 0.707099 
0.726607 0.743137 
0.773825 0.794856 
0.806188 0.861932 
0.824015 0.941466 
0.827679 1.027293 
0.817118 1.111205 
0.791655 1.185706 
0.750194 1.246101 
0.691969 1.290637 
0.617932 1.319394 
0.532314 1.333053 
0.442844 1.332084 
0.358562 1.316315 
0.286589 1.284870 
0.230542 1.236557 
0.191149 1.170925 
0.167727 1.089975 
0.159391 0.999573 
0.165756 0.908783 
0.187226 0.826689 
0.224915 0.759284 
0.280019 0.708820 
0.352451 0.675096 
0.438963 0.657033 
0.532179 0.653722 
0.622319 0.664961 
0.700941 0.691412 
0.763423 0.734372 
0.808701 0.794948 
0.837615 0.872455 
0.851437 0.962556 
0.851013 1.056863 
0.836368 1.145487 
0.806649 1.220862 
0.760450 1.279505 
0.696756 1.321155 
0.616622 1.347022 
0.524951 1.358466 
0.430498 1.356289 
0.342959 1.340441 
0.269281 1.310000 
0.212320 1.263517 
0.171945 1.199930 
0.146761 1.120183 
0.135329 1.028939 
0.136786 0.934651 
0.151099 0.846802 
0.179090 0.772296 
0.222167 0.714051 
0.281597 0.671973 
0.357122 0.644636 
0.445275 0.630484 
0.538768 0.628456 
0.628453 0.638245 
0.706795 0.660358 
0.769951 0.695986 
0.817358 0.746557 
0.850216 0.812790 
0.870171 0.893241 
0.878587 0.983041 
0.876219 1.074312 
0.863102 1.158790 
0.838560 1.230730 
0.801379 1.287853 
0.750249 1.330431 
0.684627 1.359908 
0.605998 1.377895 
0.518870 1.385666 
0.430337 1.383946 
0.347838 1.372840 
0.276670 1.351850 
0.219089 1.319987 
0.174995 1.276042 
0.143109 1.219142 
0.121871 1.149633 
0.109931 1.070054 
0.106354 0.985460 
0.110686 0.902345 
0.122965 0.826593 
0.143686 0.761877 
0.173704 0.709433 
0.214032 0.668805 
0.265460 0.638742 
0.327953 0.617837 
0.399946 0.604861 
0.477947 0.598903 
0.556971 0.599410 
0.631852 0.606189 
0.698657 0.619389 
0.755341 0.639463 
0.801527 0.667096 
0.837887 0.703072 
0.865541 0.748044 
0.885672 0.802175 
0.899319 0.864704 
0.907298 0.933594 
0.910178 1.005578 
0.908287 1.076738 
0.901723 1.143440 
0.890372 1.203093 
0.873932 1.254411 
0.851950 1.297202 
0.823878 1.331978 
0.789175 1.359583 
0.747452 1.380937 
0.698687 1.396898 
0.643457 1.408192 
0.583118 1.415390 
0.519793 1.418911 
0.456106 1.419030 
0.394692 1.415885 
0.337726 1.409489 
0.286631 1.399742 
0.242055 1.386438 
0.204025 1.369284 
0.172167 1.347918 
0.145902 1.321949 
0.124583 1.291003 
0.107584 1.254808 
0.094348 1.213293 
0.084400 1.166711 
0.077357 1.115741 
0.072924 1.061533 
0.070886 1.005636 
0.071108 0.949823 
0.073525 0.895826 
0.078140 0.845101 
0.085022 0.798673 
0.094299 0.757106 
0.106162 0.720566 
0.120852 0.688924 
0.138662 0.661866 
0.159914 0.638985 
0.184946 0.619844 
0.214076 0.604020 
0.247548 0.591126 
0.285471 0.580823 
0.327735 0.572825 
0.373935 0.566900 
0.423327 0.562867 
0.474833 0.560592 
0.527126 0.559991 
0.578787 0.561024 
0.628481 0.563697 
0.675113 0.568062 
0.717916 0.574217 
0.756465 0.582309 
0.790627 0.592532 
0.820496 0.605135 
0.846314 0.620416 
0.868402 0.638721 
0.887118 0.660434 
0.902815 0.685961 
0.915827 0.715695 
0.926454 0.749961 
0.934956 0.788947 
0.941551 0.832605 
0.946417 0.880556 
0.949690 0.932019 
0.951464 0.985813 
0.951796 1.040447 
0.950701 1.094309 
0.948151 1.145886 
0.944078 1.193963 
0.938362 1.237718 
0.930838 1.276733 
0.921283 1.310933 
0.909417 1.340493 
0.894895 1.365741 
0.877312 1.387085 
0.856203 1.404956 
0.831057 1.419773 
0.801354 1.431922 
0.766619 1.441748 
0.726513 1.449546 
0.680961 1.455565 
0.630288 1.460009 
0.575342 1.463037 
0.517522 1.464768 
0.458659 1.465282 
0.400762 1.464618 
0.345688 1.462780 
0.294880 1.459734 
0.249234 1.455406 
0.209116 1.449680 
0.174472 1.442399 
0.144967 1.433358 
0.120112 1.422301 
0.099358 1.408921 
0.082156 1.392857 
0.067993 1.373696 
0.056409 1.350988 
0.047003 1.324261 
0.039430 1.293069 
0.033401 1.257049 
0.028675 1.216017 
0.025050 1.170076 
0.022364 1.119726 
0.020486 1.065928 
0.019311 1.010077 
0.018757 0.953861 
0.018763 0.899015 
0.019282 0.847075 
0.020286 0.799182 
0.021754 0.756016 
0.023679 0.717828 
0.026062 0.684533 
0.028910 0.655828 
0.032237 0.631284 
0.036062 0.610425 
0.040407 0.592777 
0.045298 0.577891 
0.050761 0.565363 
0.056821 0.554835 
0.063503 0.545995 
0.070830 0.538578 
0.078819 0.532357 
0.087483 0.527138 
0.096825 0.522760 
0.106841 0.519086 
0.117516 0.516002 
0.128822 0.513410 
0.140719 0.511231 
0.153152 0.509396 
0.166052 0.507851 
0.179336 0.506546 
0.192908 0.505443 
0.206659 0.504510 
0.220471 0.503718 
0.234217 0.503046 
0.247765 0.502474 
0.260981 0.501988 
0.273734 0.501575 
0.285892 0.501225 
0.297334 0.500930 
0.307941 0.500682 
0.317609 0.500479 
0.326241 0.500314 
0.333751 0.500186 
0.340064 0.500092 
0.345119 0.500031 
0.348860 0.500003 
0.351248 0.500006 
0.352245 0.500040 
0.351833 0.500107 
0.349998 0.500207 
0.346739 0.500341 
0.342065 0.500511 
0.335997 0.500720 
0.328573 0.500971 
0.319841 0.501269 
0.309868 0.501619 
0.298739 0.502030 
0.286555 0.502510 
0.273435 0.503073 
0.259515 0.503735 
0.244946 0.504514 
0.229892 0.505438 
0.214523 0.506538 
0.199015 0.507854 
0.183543 0.509437 
0.168273 0.511350 
0.153362 0.513672 
0.138952 0.516504 
0.125163 0.519971 
0.112099 0.524230 
0.099839 0.529482 
0.088441 0.535978 
0.077943 0.544034 
0.068366 0.554050 
0.059714 0.566527 
0.051980 0.582092 
0.045149 0.601517 
0.039202 0.625733 
0.034120 0.655826 
0.029890 0.692977 
0.026514 0.738320 
0.024009 0.792655 
0.022422 0.856002 
0.021839 0.927092 
0.022400 1.003082 
0.024318 1.079865 
0.027904 1.153049 
0.033604 1.219107 
0.042038 1.276047 
0.054066 1.323373 
0.070853 1.361623 
0.093951 1.391853 
0.125355 1.415255 
0.167470 1.432937 
0.222826 1.445811 
0.293295 1.454552 
0.378628 1.459565 
0.474798 1.460972 
0.573815 1.458576 
0.666382 1.451804 
0.745711 1.439631 
0.809233 1.420473 
0.857650 1.392068 
0.893155 1.351437 
0.918148 1.295129 
0.934621 1.220202 
0.943934 1.126413 
0.946758 1.019054 
0.943046 0.909387 
0.931982 0.809993 
0.911896 0.728722 
0.880168 0.667167 
0.833267 0.623138 
0.767307 0.593400 
0.679834 0.575154 
0.573217 0.566565 
0.457469 0.566896 
0.347551 0.576533 
0.255421 0.597014 
0.185339 0.631059 
0.135764 0.682403 
0.103129 0.754894 
0.084170 0.850027 
0.076808 0.962926 
0.080359 1.080496 
0.095551 1.186836 
0.124488 1.271909 
0.170494 1.333908 
0.237398 1.375659 
0.327421 1.400876 
0.437270 1.412328 
0.555226 1.411276 
0.664940 1.397396 
0.754463 1.368858 
0.820379 1.322566 
0.864871 1.254988 
0.891585 1.164389 
0.903376 1.054712 
0.901563 0.938092 
0.885807 0.830619 
0.854251 0.743604 
0.803892 0.680063 
0.731703 0.637803 
0.637238 0.613395 
0.526399 0.604283 
0.412576 0.609476 
0.310942 0.629614 
0.230659 0.666751 
0.173283 0.723758 
0.136317 0.802778 
0.116667 0.902201 
0.112316 1.013499 
0.122816 1.122328 
0.149240 1.215474 
0.193836 1.286666 
0.259100 1.335958 
0.345704 1.366041 
0.449326 1.379512 
0.558906 1.377715 
0.660286 1.360482 
0.743177 1.326312 
0.804208 1.272941 
0.844653 1.198705 
0.867110 1.105083 
0.873544 0.999416 
0.864578 0.894400 
0.839451 0.802577 
0.796370 0.730871 
0.733408 0.680288 
0.650368 0.648895 
0.551480 0.634462 
0.446797 0.635737 
