0.158319 1.105929 
0.178505 1.173763 
0.209471 1.230624 
0.251832 1.275348 
0.305727 1.308117 
0.370198 1.329684 
0.442602 1.340811 
0.518523 1.341973 
0.592563 1.333254 
0.659769 1.314373 
0.716799 1.284824 
0.762179 1.244131 
0.795807 1.192261 
0.818248 1.130183 
0.830171 1.060398 
0.832029 0.987019 
0.823939 0.915105 
0.805700 0.849394 
0.776920 0.793220 
0.737267 0.748203 
0.686852 0.714632 
0.626731 0.692101 
0.559353 0.680039 
0.488611 0.678033 
0.419228 0.685946 
0.355644 0.703913 
0.301058 0.732206 
0.257109 0.771002 
0.224201 0.820029 
0.202051 0.878123 
0.190177 0.942878 
0.188200 1.010635 
0.195959 1.077051 
0.213505 1.138049 
0.240979 1.190651 
0.278396 1.233253 
0.325337 1.265379 
0.380590 1.287210 
0.441882 1.299156 
0.505912 1.301587 
0.568818 1.294714 
0.626965 1.278598 
0.677616 1.253248 
0.719203 1.218797 
0.751163 1.175739 
0.773569 1.125195 
0.786771 1.069101 
0.791153 1.010183 
0.787016 0.951638 
0.774564 0.896570 
0.753965 0.847467 
0.725462 0.805915 
0.689523 0.772641 
0.647002 0.747745 
0.599265 0.730974 
0.548205 0.721937 
0.496103 0.720235 
0.445335 0.725510 
0.398027 0.737435 
0.355786 0.755676 
0.319598 0.779825 
0.289887 0.809332 
0.266655 0.843447 
0.249645 0.881187 
0.238470 0.921351 
0.232692 0.962591 
0.231870 1.003532 
0.235571 1.042903 
0.243368 1.079659 
0.254827 1.113054 
0.269493 1.142641 
0.286886 1.168250 
0.306492 1.189924 
0.327769 1.207857 
0.350162 1.222339 
0.373116 1.233713 
0.396102 1.242341 
0.418634 1.248594 
0.440288 1.252830 
0.460714 1.255395 
0.479639 1.256615 
0.496866 1.256794 
0.512262 1.256214 
0.525757 1.255131 
0.537318 1.253774 
0.546947 1.252343 
0.554660 1.251008 
0.560489 1.249907 
0.564459 1.249145 
0.566593 1.248796 
0.566905 1.248896 
0.565396 1.249451 
0.562054 1.250429 
0.556860 1.251768 
0.549784 1.253371 
0.540799 1.255110 
0.529879 1.256824 
0.517018 1.258327 
0.502235 1.259402 
0.485589 1.259807 
0.467187 1.259278 
0.447202 1.257527 
0.425877 1.254247 
0.403532 1.249113 
0.380555 1.241782 
0.357404 1.231903 
0.334579 1.219122 
0.312610 1.203095 
0.292035 1.183509 
0.273380 1.160122 
0.257142 1.132802 
0.243788 1.101590 
0.233752 1.066755 
0.227439 1.028848 
0.225246 0.988714 
0.227565 0.947459 
0.234803 0.906366 
0.247378 0.866772 
0.265704 0.829933 
0.290143 0.796931 
0.320921 0.768623 
0.357997 0.745642 
0.400910 0.728442 
0.448650 0.717356 
0.499614 0.712664 
0.551723 0.714653 
0.602683 0.723652 
0.650319 0.740044 
0.692846 0.764224 
0.728995 0.796483 
0.757986 0.836813 
0.779411 0.884658 
0.793080 0.938671 
0.798881 0.996632 
0.796666 1.055652 
0.786187 1.112637 
0.767086 1.164836 
0.738969 1.210210 
0.701582 1.247528 
0.655108 1.276220 
0.600528 1.296135 
0.539887 1.307311 
0.476273 1.309781 
0.413344 1.303460 
0.354604 1.288086 
0.302765 1.263259 
0.259498 1.228586 
0.225550 1.183967 
0.201050 1.130014 
0.185836 1.068455 
0.179707 1.002290 
0.182587 0.935437 
0.194618 0.871921 
0.216156 0.815035 
0.247669 0.766879 
0.289480 0.728409 
0.341371 0.699779 
0.402086 0.680732 
0.469007 0.670914 
0.538292 0.670086 
0.605612 0.678237 
0.667144 0.695621 
0.720263 0.722703 
0.763666 0.759974 
0.797059 0.807613 
0.820724 0.865009 
0.835135 0.930281 
0.840711 1.000129 
0.837660 1.070283 
0.825912 1.136469 
0.805120 1.195363 
0.774756 1.245021 
0.734331 1.284753 
0.683770 1.314691 
0.623901 1.335352 
0.556877 1.347316 
0.486212 1.351031 
0.416193 1.346698 
0.350874 1.334233 
0.293223 1.313277 
0.244826 1.283296 
0.206101 1.243771 
0.176740 1.194536 
0.156117 1.136218 
0.143578 1.070653 
0.138605 1.000972 
0.140913 0.931155 
0.150482 0.865133 
0.167555 0.805941 
0.192586 0.755321 
0.226116 0.713846 
0.268557 0.681300 
0.319863 0.657071 
0.379152 0.640445 
0.444418 0.630783 
0.512587 0.627619 
0.580028 0.630705 
0.643346 0.640022 
0.700037 0.655775 
0.748738 0.678347 
0.789074 0.708215 
0.821329 0.745809 
0.846120 0.791288 
0.864156 0.844262 
0.876093 0.903533 
0.882459 0.966987 
0.883618 1.031804 
0.879753 1.094952 
0.870876 1.153791 
0.856833 1.206484 
0.837337 1.252090 
0.812018 1.290421 
0.780502 1.321783 
0.742534 1.346736 
0.698136 1.365925 
0.647790 1.379964 
0.592580 1.389382 
0.534210 1.394599 
0.474835 1.395911 
0.416732 1.393495 
0.361918 1.387412 
0.311876 1.377617 
0.267464 1.363971 
0.228974 1.346261 
0.196290 1.324231 
0.169043 1.297618 
0.146742 1.266217 
0.128872 1.229953 
0.114942 1.188969 
0.104520 1.143716 
0.097243 1.095001 
0.092824 1.043980 
0.091044 0.992060 
0.091757 0.940734 
0.094878 0.891388 
0.100381 0.845141 
0.108294 0.802765 
0.118692 0.764675 
0.131691 0.730989 
0.147433 0.701601 
0.166080 0.676262 
0.187796 0.654648 
0.212721 0.636407 
0.240947 0.621194 
0.272484 0.608683 
0.307223 0.598588 
0.344906 0.590656 
0.385101 0.584678 
0.427207 0.580480 
0.470478 0.577923 
0.514078 0.576904 
0.557156 0.577349 
0.598922 0.579214 
0.638708 0.582480 
0.676008 0.587156 
0.710491 0.593273 
0.741984 0.600883 
0.770451 0.610061 
0.795955 0.620897 
0.818632 0.633501 
0.838661 0.647991 
0.856242 0.664497 
0.871580 0.683147 
0.884876 0.704065 
0.896320 0.727353 
0.906083 0.753083 
0.914321 0.781275 
0.921170 0.811882 
0.926747 0.844772 
0.931152 0.879712 
0.934466 0.916366 
0.936754 0.954296 
0.938068 0.992984 
0.938439 1.031861 
0.937889 1.070348 
0.936420 1.107893 
0.934024 1.144009 
0.930676 1.178302 
0.926334 1.210478 
0.920945 1.240349 
0.914438 1.267820 
0.906724 1.292874 
0.897702 1.315558 
0.887249 1.335963 
0.875229 1.354210 
0.861490 1.370437 
0.845866 1.384791 
0.828183 1.397417 
0.808263 1.408459 
0.785937 1.418048 
0.761054 1.426310 
0.733505 1.433356 
0.703240 1.439287 
0.670298 1.444189 
0.634826 1.448138 
0.597103 1.451198 
0.557550 1.453419 
0.516714 1.454843 
0.475246 1.455495 
0.433851 1.455393 
0.393234 1.454540 
0.354038 1.452929 
0.316803 1.450539 
0.281936 1.447335 
0.249705 1.443270 
0.220247 1.438282 
0.193587 1.432292 
0.169664 1.425207 
0.148354 1.416916 
0.129492 1.407287 
0.112891 1.396174 
0.098356 1.383411 
0.085691 1.368813 
0.074709 1.352184 
0.065233 1.333319 
0.057101 1.312011 
0.050165 1.288069 
0.044293 1.261332 
0.039367 1.231694 
0.035281 1.199133 
0.031946 1.163742 
0.029283 1.125755 
0.027222 1.085566 
0.025706 1.043725 
0.024686 1.000919 
0.024123 0.957917 
0.023981 0.915507 
0.024237 0.874426 
0.024869 0.835299 
0.025863 0.798604 
0.027210 0.764657 
0.028905 0.733621 
0.030946 0.705528 
0.033335 0.680307 
0.036079 0.657819 
0.039184 0.637877 
0.042661 0.620271 
0.046520 0.604782 
0.050774 0.591193 
0.055435 0.579299 
0.060518 0.568906 
0.066034 0.559839 
0.071995 0.551936 
0.078411 0.545055 
0.085289 0.539068 
0.092635 0.533860 
0.100449 0.529333 
0.108727 0.525399 
0.117463 0.521979 
0.126641 0.519007 
0.136242 0.516424 
0.146240 0.514179 
0.156601 0.512226 
0.167285 0.510526 
0.178246 0.509047 
0.189429 0.507758 
0.200775 0.506634 
0.212218 0.505654 
0.223688 0.504798 
0.235111 0.504050 
0.246410 0.503396 
0.257507 0.502825 
0.268324 0.502327 
0.278782 0.501892 
0.288806 0.501515 
0.298322 0.501189 
0.307263 0.500909 
0.315562 0.500672 
0.323159 0.500473 
0.330001 0.500312 
0.336037 0.500185 
0.341222 0.500092 
0.345519 0.500031 
0.348894 0.500003 
0.351319 0.500006 
0.352769 0.500040 
0.353228 0.500107 
0.352682 0.500206 
0.351125 0.500338 
0.348553 0.500505 
0.344971 0.500709 
0.340388 0.500951 
0.334823 0.501233 
0.328298 0.501560 
0.320846 0.501936 
0.312508 0.502365 
0.303333 0.502855 
0.293380 0.503413 
0.282718 0.504048 
0.271422 0.504774 
0.259578 0.505605 
0.247279 0.506558 
0.234624 0.507656 
0.221717 0.508924 
0.208662 0.510395 
0.195567 0.512107 
0.182536 0.514107 
0.169669 0.516450 
0.157060 0.519204 
0.144797 0.522451 
0.132956 0.526290 
0.121606 0.530838 
0.110801 0.536241 
0.100589 0.542669 
0.091005 0.550333 
0.082074 0.559483 
0.073814 0.570418 
0.066235 0.583495 
0.059341 0.599137 
0.053133 0.617830 
0.047611 0.640131 
0.042775 0.666643 
0.038630 0.697988 
0.035186 0.734737 
0.032464 0.777300 
0.030499 0.825773 
0.029344 0.879758 
0.029081 0.938218 
0.029821 0.999455 
0.031719 1.061274 
0.034982 1.121344 
0.039885 1.177610 
0.046786 1.228592 
0.056146 1.273494 
0.068553 1.312121 
0.084744 1.344709 
0.105628 1.371741 
0.132281 1.393802 
0.165915 1.411477 
0.207758 1.425287 
0.258809 1.435657 
0.319412 1.442895 
0.388717 1.447177 
0.464255 1.448536 
0.542039 1.446844 
0.617423 1.441799 
0.686356 1.432895 
0.746283 1.419399 
0.796287 1.400323 
0.836659 1.374414 
0.868328 1.340191 
0.892416 1.296097 
0.909961 1.240854 
0.921782 1.174100 
0.928419 1.097217 
0.930105 1.013911 
0.926750 0.929795 
0.917932 0.850816 
0.902880 0.781423 
0.880475 0.723726 
0.849279 0.677845 
0.807670 0.642774 
0.754189 0.617137 
0.688201 0.599657 
0.610852 0.589381 
0.525852 0.585774 
0.439236 0.588744 
0.357658 0.598649 
0.286214 0.616280 
0.227360 0.642829 
0.181280 0.679770 
0.146901 0.728589 
0.122782 0.790202 
0.107643 0.864048 
0.100620 0.947140 
0.101346 1.033890 
0.109973 1.117436 
0.127139 1.191903 
0.153903 1.253958 
0.191598 1.302806 
0.241497 1.339228 
0.304189 1.364576 
0.378663 1.380126 
0.461460 1.386752 
0.546743 1.384813 
0.627793 1.374135 
0.699171 1.354064 
0.757985 1.323572 
0.803685 1.281489 
0.837088 1.226949 
0.859441 1.160125 
0.871844 1.083118 
0.874973 1.000428 
0.868986 0.918284 
0.853541 0.842819 
0.827888 0.778285 
0.791050 0.726486 
0.742177 0.687375 
0.681145 0.660008 
0.609349 0.643294 
0.530335 0.636421 
0.449589 0.639029 
0.373187 0.651245 
0.306005 0.673605 
0.250712 0.706901 
0.207960 0.751877 
0.177201 0.808719 
0.157489 0.876356 
0.148000 0.951828 
0.148280 1.030272 
