0.603318 0.749190 
0.603006 0.755467 
0.602307 0.761716 
0.600962 0.768121 
0.599490 0.774225 
0.597630 0.780222 
0.595656 0.785888 
0.592803 0.791832 
0.589859 0.797373 
0.586827 0.802525 
0.582940 0.807867 
0.579282 0.812564 
0.574764 0.817409 
0.570254 0.821790 
0.565734 0.825648 
0.560440 0.829628 
0.555449 0.832876 
0.550000 0.835976 
0.544071 0.838939 
0.538258 0.841346 
0.532599 0.843181 
0.526536 0.844827 
0.520102 0.846292 
0.513880 0.847179 
0.507616 0.847673 
0.501613 0.847578 
0.495340 0.847272 
0.488822 0.846764 
0.482639 0.845686 
0.476538 0.844223 
0.470809 0.842188 
0.464659 0.840133 
0.458946 0.837553 
0.453674 0.834447 
0.448325 0.831151 
0.443198 0.827541 
0.438299 0.823619 
0.433391 0.819540 
0.429029 0.815039 
0.425225 0.810083 
0.421205 0.805233 
0.417761 0.799966 
0.414927 0.794359 
0.411917 0.788871 
0.409522 0.783054 
0.407764 0.776963 
0.405849 0.771062 
0.404596 0.764904 
0.403726 0.758678 
0.403243 0.752411 
0.403154 0.746126 
0.403459 0.739849 
0.404169 0.733606 
0.405264 0.727420 
0.406995 0.721152 
0.408846 0.715131 
0.410822 0.709413 
0.413428 0.703698 
0.416621 0.697969 
0.419655 0.692778 
0.423537 0.687475 
0.427215 0.682733 
0.431692 0.677915 
0.435970 0.673718 
0.440740 0.669625 
0.446023 0.665697 
0.451026 0.662415 
0.456486 0.659296 
0.462379 0.656367 
0.467931 0.654144 
0.473876 0.652105 
0.479938 0.650445 
0.486331 0.648994 
0.492314 0.648311 
0.498569 0.647816 
0.504847 0.647717 
0.511118 0.648013 
0.517597 0.648517 
0.523779 0.649611 
0.529641 0.651275 
0.535633 0.653121 
0.541747 0.655145 
0.547469 0.657747 
0.552768 0.660891 
0.558128 0.664174 
0.563490 0.667593 
0.568395 0.671526 
0.573022 0.675750 
0.577156 0.680490 
0.581458 0.685047 
0.584984 0.690302 
0.588675 0.695334 
0.591524 0.701015 
0.594526 0.706450 
0.596926 0.712248 
0.598706 0.718416 
0.600345 0.724484 
0.601860 0.730425 
0.602741 0.736644 
0.603229 0.742907 
0.603318 0.749190 
