-0.780365 -0.644475 
-0.769394 -0.659829 
-0.758293 -0.674903 
-0.747075 -0.689696 
-0.735753 -0.704205 
-0.724338 -0.718429 
-0.712843 -0.732367 
-0.701278 -0.746018 
-0.689656 -0.759382 
-0.677987 -0.772458 
-0.666281 -0.785247 
-0.654549 -0.797749 
-0.642801 -0.809965 
-0.631046 -0.821896 
-0.619293 -0.833542 
-0.607552 -0.844906 
-0.595831 -0.855989 
-0.584138 -0.866792 
-0.572481 -0.877318 
-0.560868 -0.887569 
-0.549306 -0.897547 
-0.537802 -0.907255 
-0.526362 -0.916696 
-0.514995 -0.925873 
-0.503704 -0.934788 
-0.492497 -0.943444 
-0.481379 -0.951845 
-0.470355 -0.959995 
-0.459431 -0.967896 
-0.448610 -0.975552 
-0.437899 -0.982968 
-0.427301 -0.990145 
-0.416820 -0.997089 
-0.406460 -1.003804 
-0.396226 -1.010292 
-0.386120 -1.016559 
-0.376145 -1.022607 
-0.366306 -1.028442 
-0.356604 -1.034067 
-0.347043 -1.039487 
-0.337625 -1.044706 
-0.328353 -1.049727 
-0.319228 -1.054555 
-0.310253 -1.059195 
-0.301431 -1.063650 
-0.292762 -1.067925 
-0.284249 -1.072024 
-0.275893 -1.075951 
-0.267696 -1.079711 
-0.259659 -1.083307 
-0.251783 -1.086745 
-0.244070 -1.090027 
-0.236521 -1.093159 
-0.229137 -1.096144 
-0.221918 -1.098987 
-0.214866 -1.101691 
-0.207982 -1.104260 
-0.201266 -1.106699 
-0.194719 -1.109011 
-0.188341 -1.111201 
-0.182134 -1.113271 
-0.176098 -1.115226 
-0.170232 -1.117069 
-0.164539 -1.118804 
-0.159018 -1.120435 
-0.153669 -1.121964 
-0.148494 -1.123396 
-0.143491 -1.124732 
-0.138662 -1.125978 
-0.134007 -1.127135 
-0.129526 -1.128206 
-0.125220 -1.129196 
-0.121087 -1.130105 
-0.117130 -1.130938 
-0.113347 -1.131697 
-0.109739 -1.132383 
-0.106306 -1.133000 
-0.103049 -1.133551 
-0.099966 -1.134036 
-0.097059 -1.134458 
-0.094327 -1.134820 
-0.091771 -1.135123 
-0.089389 -1.135368 
-0.087184 -1.135558 
-0.085153 -1.135694 
-0.083298 -1.135778 
-0.081618 -1.135810 
-0.080114 -1.135792 
-0.078784 -1.135726 
-0.077630 -1.135611 
-0.076650 -1.135449 
-0.075846 -1.135241 
-0.075217 -1.134987 
-0.074762 -1.134689 
-0.074482 -1.134345 
-0.074376 -1.133957 
-0.074445 -1.133524 
-0.074687 -1.133048 
-0.075104 -1.132527 
-0.075695 -1.131961 
-0.076459 -1.131351 
-0.077397 -1.130696 
-0.078508 -1.129996 
-0.079793 -1.129249 
-0.081250 -1.128455 
-0.082880 -1.127614 
-0.084682 -1.126724 
-0.086657 -1.125784 
-0.088803 -1.124794 
-0.091121 -1.123751 
-0.093611 -1.122655 
-0.096272 -1.121504 
-0.099103 -1.120297 
-0.102106 -1.119031 
-0.105278 -1.117706 
-0.108621 -1.116318 
-0.112133 -1.114867 
-0.115815 -1.113349 
-0.119666 -1.111764 
-0.123685 -1.110108 
-0.127873 -1.108379 
-0.132228 -1.106575 
-0.136751 -1.104693 
-0.141441 -1.102731 
-0.146298 -1.100686 
-0.151321 -1.098554 
-0.156509 -1.096333 
-0.161863 -1.094021 
-0.167381 -1.091613 
-0.173063 -1.089107 
-0.178909 -1.086500 
-0.184918 -1.083788 
-0.191089 -1.080968 
-0.197422 -1.078036 
-0.203915 -1.074989 
-0.210568 -1.071823 
-0.217380 -1.068535 
-0.224351 -1.065121 
-0.231479 -1.061577 
-0.238763 -1.057900 
-0.246203 -1.054085 
-0.253797 -1.050128 
-0.261543 -1.046026 
-0.269441 -1.041775 
-0.277490 -1.037371 
-0.285687 -1.032809 
-0.294031 -1.028085 
-0.302520 -1.023196 
-0.311154 -1.018137 
-0.319929 -1.012904 
-0.328843 -1.007493 
-0.337896 -1.001900 
-0.347083 -0.996120 
-0.356403 -0.990150 
-0.365854 -0.983984 
-0.375431 -0.977620 
-0.385133 -0.971052 
-0.394957 -0.964277 
-0.404898 -0.957290 
-0.414954 -0.950088 
-0.425120 -0.942665 
-0.435393 -0.935019 
-0.445769 -0.927146 
-0.456242 -0.919040 
-0.466810 -0.910699 
-0.477465 -0.902119 
-0.488205 -0.893295 
-0.499022 -0.884225 
-0.509911 -0.874904 
-0.520867 -0.865330 
-0.531883 -0.855499 
-0.542952 -0.845407 
-0.554068 -0.835052 
-0.565223 -0.824431 
-0.576410 -0.813540 
-0.587620 -0.802378 
-0.598846 -0.790942 
-0.610079 -0.779229 
-0.621310 -0.767239 
-0.632530 -0.754967 
-0.643729 -0.742415 
-0.654897 -0.729578 
-0.666024 -0.716459 
-0.677099 -0.703054 
-0.688110 -0.689363 
-0.699046 -0.675387 
-0.709896 -0.661125 
-0.720647 -0.646578 
-0.731286 -0.631747 
-0.741800 -0.616632 
-0.752176 -0.601235 
-0.762399 -0.585558 
-0.772456 -0.569603 
-0.782333 -0.553372 
-0.792013 -0.536868 
-0.801482 -0.520095 
-0.810724 -0.503056 
-0.819724 -0.485755 
-0.828464 -0.468196 
-0.836928 -0.450383 
-0.845100 -0.432322 
-0.852962 -0.414018 
-0.860497 -0.395476 
-0.867687 -0.376702 
-0.874514 -0.357703 
-0.880961 -0.338483 
-0.887009 -0.319050 
-0.892640 -0.299410 
-0.897836 -0.279570 
-0.902579 -0.259537 
-0.906851 -0.239317 
-0.910634 -0.218918 
-0.913910 -0.198347 
-0.916663 -0.177612 
-0.918874 -0.156719 
-0.920528 -0.135676 
-0.921609 -0.114491 
-0.922101 -0.093171 
-0.921989 -0.071724 
-0.921260 -0.050158 
-0.919901 -0.028483 
-0.917899 -0.006706 
-0.915243 0.015163 
-0.911924 0.037115 
-0.907932 0.059138 
-0.903259 0.081222 
-0.897898 0.103355 
-0.891845 0.125525 
-0.885094 0.147717 
-0.877643 0.169917 
-0.869489 0.192110 
-0.860631 0.214279 
-0.851070 0.236405 
-0.840809 0.258469 
-0.829849 0.280452 
-0.818194 0.302332 
-0.805851 0.324086 
-0.792825 0.345690 
-0.779124 0.367120 
-0.764759 0.388349 
-0.749738 0.409351 
-0.734073 0.430097 
-0.717778 0.450560 
-0.700866 0.470709 
-0.683353 0.490515 
-0.665256 0.509948 
-0.646593 0.528977 
-0.627383 0.547571 
-0.607647 0.565699 
-0.587405 0.583330 
-0.566682 0.600433 
-0.545501 0.616978 
-0.523886 0.632936 
-0.501863 0.648277 
-0.479459 0.662972 
-0.456701 0.676994 
-0.433616 0.690317 
-0.410232 0.702915 
-0.386577 0.714765 
-0.362679 0.725843 
-0.338567 0.736130 
-0.314269 0.745605 
-0.289813 0.754251 
-0.265226 0.762053 
-0.240536 0.768997 
-0.215769 0.775072 
-0.190952 0.780268 
-0.166110 0.784580 
-0.141268 0.788001 
-0.116451 0.790531 
-0.091684 0.792169 
-0.066990 0.792918 
-0.042393 0.792785 
-0.017917 0.791776 
0.006417 0.789902 
0.030585 0.787177 
0.054564 0.783614 
0.078331 0.779232 
0.101864 0.774050 
0.125140 0.768090 
0.148137 0.761376 
0.170830 0.753932 
0.193199 0.745786 
0.215221 0.736967 
0.236874 0.727504 
0.258135 0.717430 
0.278985 0.706776 
0.299402 0.695577 
0.319368 0.683866 
0.338862 0.671680 
0.357867 0.659054 
0.376367 0.646024 
0.394346 0.632627 
0.411791 0.618901 
0.428689 0.604882 
0.445029 0.590607 
0.460802 0.576114 
0.476000 0.561439 
0.490619 0.546618 
0.504654 0.531688 
0.518104 0.516682 
0.530967 0.501637 
0.543247 0.486584 
0.554946 0.471558 
0.566069 0.456590 
0.576623 0.441710 
0.586617 0.426949 
0.596061 0.412335 
0.604965 0.397895 
0.613343 0.383656 
0.621208 0.369642 
0.628575 0.355877 
0.635460 0.342384 
0.641880 0.329184 
0.647853 0.316298 
0.653396 0.303744 
0.658529 0.291540 
0.663270 0.279704 
0.667638 0.268250 
0.671655 0.257193 
0.675337 0.246548 
0.678707 0.236325 
0.681781 0.226539 
0.684581 0.217198 
0.687123 0.208313 
0.689427 0.199894 
0.691510 0.191948 
0.693388 0.184483 
0.695078 0.177507 
0.696595 0.171024 
0.697954 0.165042 
0.699169 0.159564 
0.700251 0.154595 
0.701212 0.150140 
0.702063 0.146201 
0.702813 0.142781 
0.703470 0.139883 
0.704041 0.137508 
0.704532 0.135658 
0.704948 0.134335 
0.705291 0.133538 
0.705563 0.133267 
0.705766 0.133524 
0.705898 0.134306 
0.705959 0.135614 
0.705945 0.137445 
0.705851 0.139798 
0.705673 0.142671 
0.705404 0.146061 
0.705036 0.149965 
0.704560 0.154380 
0.703967 0.159302 
0.703245 0.164726 
0.702383 0.170647 
0.701368 0.177061 
0.700186 0.183960 
0.698823 0.191340 
0.697264 0.199191 
0.695492 0.207508 
0.693491 0.216281 
0.691245 0.225502 
0.688736 0.235160 
0.685946 0.245246 
0.682857 0.255748 
0.679452 0.266655 
0.675712 0.277952 
0.671619 0.289627 
0.667155 0.301666 
0.662302 0.314053 
0.657044 0.326771 
0.651363 0.339804 
0.645243 0.353132 
0.638668 0.366737 
0.631624 0.380600 
0.624096 0.394698 
0.616072 0.409009 
0.607539 0.423510 
0.598486 0.438177 
0.588905 0.452985 
0.578786 0.467908 
0.568122 0.482918 
0.556909 0.497989 
0.545141 0.513090 
0.532817 0.528194 
0.519935 0.543268 
0.506496 0.558284 
0.492501 0.573208 
0.477956 0.588010 
0.462864 0.602656 
0.447233 0.617116 
0.431070 0.631354 
0.414386 0.645339 
0.397192 0.659037 
0.379499 0.672416 
0.361322 0.685442 
0.342675 0.698083 
0.323574 0.710306 
0.304035 0.722081 
0.284075 0.733375 
0.263712 0.744158 
0.242966 0.754400 
0.221854 0.764072 
0.200396 0.773146 
0.178612 0.781595 
0.156520 0.789392 
0.134141 0.796515 
0.111493 0.802938 
0.088597 0.808641 
0.065472 0.813603 
0.042137 0.817806 
0.018611 0.821233 
-0.005087 0.823869 
-0.028937 0.825701 
-0.052922 0.826718 
-0.077021 0.826911 
-0.101215 0.826275 
-0.125485 0.824803 
-0.149812 0.822494 
-0.174174 0.819347 
-0.198552 0.815364 
-0.222924 0.810549 
-0.247269 0.804907 
-0.271565 0.798447 
-0.295790 0.791178 
-0.319919 0.783111 
-0.343930 0.774259 
-0.367800 0.764637 
-0.391502 0.754262 
-0.415014 0.743150 
-0.438310 0.731321 
-0.461365 0.718795 
-0.484155 0.705593 
-0.506655 0.691738 
-0.528841 0.677253 
-0.550689 0.662162 
-0.572176 0.646489 
-0.593277 0.630261 
-0.613971 0.613504 
-0.634237 0.596243 
-0.654053 0.578506 
-0.673399 0.560320 
-0.692255 0.541712 
-0.710605 0.522709 
-0.728429 0.503338 
-0.745713 0.483625 
-0.762439 0.463599 
-0.778595 0.443283 
-0.794166 0.422705 
-0.809140 0.401890 
-0.823505 0.380861 
-0.837251 0.359642 
-0.850368 0.338257 
-0.862847 0.316726 
-0.874682 0.295071 
-0.885864 0.273313 
-0.896389 0.251470 
-0.906251 0.229560 
-0.915447 0.207600 
-0.923973 0.185606 
-0.931829 0.163593 
-0.939014 0.141575 
-0.945527 0.119564 
-0.951370 0.097574 
-0.956546 0.075614 
-0.961059 0.053695 
-0.964913 0.031828 
-0.968114 0.010021 
-0.970670 -0.011718 
-0.972588 -0.033380 
-0.973877 -0.054958 
-0.974548 -0.076444 
-0.974612 -0.097832 
-0.974081 -0.119114 
-0.972967 -0.140284 
-0.971285 -0.161334 
-0.969048 -0.182257 
-0.966272 -0.203048 
-0.962972 -0.223699 
-0.959163 -0.244203 
-0.954862 -0.264553 
-0.950086 -0.284742 
-0.944850 -0.304763 
-0.939173 -0.324609 
-0.933070 -0.344272 
-0.926559 -0.363747 
-0.919658 -0.383025 
-0.912382 -0.402101 
-0.904749 -0.420967 
-0.896775 -0.439616 
-0.888478 -0.458044 
-0.879873 -0.476241 
-0.870977 -0.494205 
-0.861805 -0.511928 
-0.852375 -0.529405 
-0.842700 -0.546631 
-0.832797 -0.563602 
-0.822680 -0.580312 
-0.812364 -0.596758 
-0.801863 -0.612936 
-0.791192 -0.628843 
