-0.741362 0.558905 
-0.746959 0.554916 
-0.752497 0.550915 
-0.757976 0.546902 
-0.763395 0.542878 
-0.768755 0.538845 
-0.774054 0.534803 
-0.779293 0.530755 
-0.784470 0.526700 
-0.789587 0.522641 
-0.794642 0.518577 
-0.799635 0.514511 
-0.804567 0.510443 
-0.809437 0.506375 
-0.814244 0.502307 
-0.818989 0.498241 
-0.823671 0.494177 
-0.828291 0.490117 
-0.832847 0.486061 
-0.837341 0.482011 
-0.841772 0.477967 
-0.846140 0.473931 
-0.850444 0.469903 
-0.854685 0.465884 
-0.858863 0.461875 
-0.862978 0.457878 
-0.867029 0.453892 
-0.871017 0.449919 
-0.874942 0.445960 
-0.878803 0.442016 
-0.882602 0.438086 
-0.886336 0.434173 
-0.890008 0.430277 
-0.893617 0.426398 
-0.897163 0.422538 
-0.900646 0.418697 
-0.904066 0.414877 
-0.907423 0.411076 
-0.910718 0.407298 
-0.913951 0.403541 
-0.917121 0.399807 
-0.920229 0.396096 
-0.923275 0.392410 
-0.926259 0.388749 
-0.929182 0.385112 
-0.932043 0.381502 
-0.934843 0.377919 
-0.937582 0.374362 
-0.940260 0.370834 
-0.942878 0.367334 
-0.945435 0.363863 
-0.947932 0.360422 
-0.950369 0.357010 
-0.952747 0.353629 
-0.955065 0.350280 
-0.957324 0.346962 
-0.959524 0.343676 
-0.961666 0.340422 
-0.963749 0.337202 
-0.965774 0.334016 
-0.967742 0.330863 
-0.969652 0.327745 
-0.971504 0.324662 
-0.973301 0.321615 
-0.975040 0.318603 
-0.976723 0.315627 
-0.978351 0.312688 
-0.979922 0.309786 
-0.981439 0.306921 
-0.982901 0.304095 
-0.984308 0.301306 
-0.985660 0.298556 
-0.986959 0.295845 
-0.988204 0.293173 
-0.989396 0.290541 
-0.990535 0.287949 
-0.991622 0.285397 
-0.992656 0.282885 
-0.993638 0.280415 
-0.994569 0.277986 
-0.995448 0.275598 
-0.996277 0.273252 
-0.997055 0.270949 
-0.997784 0.268688 
-0.998462 0.266469 
-0.999091 0.264294 
-0.999671 0.262162 
-1.000202 0.260073 
-1.000685 0.258028 
-1.001119 0.256028 
-1.001506 0.254071 
-1.001846 0.252160 
-1.002138 0.250293 
-1.002384 0.248471 
-1.002584 0.246694 
-1.002738 0.244963 
-1.002846 0.243278 
-1.002908 0.241639 
-1.002926 0.240046 
-1.002899 0.238500 
-1.002827 0.237000 
-1.002712 0.235547 
-1.002553 0.234141 
-1.002350 0.232783 
-1.002104 0.231471 
-1.001816 0.230208 
-1.001484 0.228993 
-1.001111 0.227825 
-1.000696 0.226706 
-1.000239 0.225636 
-0.999740 0.224614 
-0.999200 0.223641 
-0.998620 0.222716 
-0.997999 0.221842 
-0.997337 0.221016 
-0.996635 0.220240 
-0.995894 0.219514 
-0.995112 0.218838 
-0.994291 0.218211 
-0.993431 0.217635 
-0.992532 0.217110 
-0.991594 0.216634 
-0.990617 0.216210 
-0.989602 0.215836 
-0.988548 0.215514 
-0.987456 0.215242 
-0.986326 0.215022 
-0.985158 0.214854 
-0.983952 0.214736 
-0.982709 0.214671 
-0.981428 0.214658 
-0.980109 0.214696 
-0.978754 0.214787 
-0.977361 0.214930 
-0.975930 0.215125 
-0.974463 0.215373 
-0.972959 0.215673 
-0.971417 0.216026 
-0.969839 0.216432 
-0.968223 0.216891 
-0.966570 0.217403 
-0.964881 0.217968 
-0.963154 0.218587 
-0.961391 0.219258 
-0.959590 0.219984 
-0.957752 0.220762 
-0.955877 0.221595 
-0.953964 0.222481 
-0.952014 0.223421 
-0.950027 0.224414 
-0.948002 0.225462 
-0.945940 0.226563 
-0.943839 0.227719 
-0.941701 0.228928 
-0.939524 0.230192 
-0.937309 0.231509 
-0.935055 0.232881 
-0.932763 0.234307 
-0.930431 0.235787 
-0.928061 0.237321 
-0.925651 0.238909 
-0.923201 0.240551 
-0.920712 0.242248 
-0.918182 0.243998 
-0.915612 0.245802 
-0.913000 0.247661 
-0.910348 0.249573 
-0.907654 0.251538 
-0.904919 0.253558 
-0.902141 0.255631 
-0.899321 0.257757 
-0.896458 0.259937 
-0.893551 0.262170 
-0.890601 0.264456 
-0.887607 0.266794 
-0.884568 0.269186 
-0.881485 0.271629 
-0.878356 0.274125 
-0.875181 0.276673 
-0.871960 0.279273 
-0.868692 0.281924 
-0.865376 0.284626 
-0.862013 0.287379 
-0.858602 0.290182 
-0.855142 0.293035 
-0.851632 0.295939 
-0.848073 0.298891 
-0.844464 0.301893 
-0.840803 0.304943 
-0.837091 0.308041 
-0.833327 0.311186 
-0.829511 0.314379 
-0.825641 0.317618 
-0.821718 0.320902 
-0.817741 0.324232 
-0.813708 0.327607 
-0.809621 0.331026 
-0.805477 0.334488 
-0.801277 0.337992 
-0.797020 0.341539 
-0.792705 0.345126 
-0.788331 0.348754 
-0.783899 0.352421 
-0.779408 0.356126 
-0.774857 0.359869 
-0.770245 0.363649 
-0.765572 0.367464 
-0.760838 0.371314 
-0.756041 0.375198 
-0.751183 0.379114 
-0.746260 0.383061 
-0.741275 0.387038 
-0.736225 0.391044 
-0.731111 0.395078 
-0.725932 0.399138 
-0.720688 0.403223 
-0.715377 0.407332 
-0.710001 0.411463 
-0.704558 0.415615 
-0.699049 0.419786 
-0.693472 0.423974 
-0.687828 0.428178 
-0.682116 0.432397 
-0.676337 0.436629 
-0.670489 0.440872 
-0.664574 0.445123 
-0.658590 0.449383 
-0.652538 0.453648 
-0.646417 0.457916 
-0.640228 0.462186 
-0.633971 0.466456 
-0.627646 0.470724 
-0.621253 0.474988 
-0.614792 0.479245 
-0.608263 0.483494 
-0.601668 0.487732 
-0.595005 0.491958 
-0.588276 0.496168 
-0.581481 0.500361 
-0.574620 0.504535 
-0.567695 0.508687 
-0.560706 0.512814 
-0.553653 0.516916 
-0.546537 0.520988 
-0.539360 0.525029 
-0.532122 0.529037 
-0.524824 0.533008 
-0.517467 0.536942 
-0.510053 0.540834 
-0.502582 0.544683 
-0.495057 0.548487 
-0.487477 0.552243 
-0.479845 0.555948 
-0.472163 0.559600 
-0.464431 0.563198 
-0.456652 0.566738 
-0.448827 0.570218 
-0.440958 0.573637 
-0.433047 0.576991 
-0.425096 0.580279 
-0.417108 0.583498 
-0.409083 0.586647 
-0.401025 0.589723 
-0.392936 0.592725 
-0.384817 0.595650 
-0.376672 0.598497 
-0.368503 0.601264 
-0.360313 0.603949 
-0.352104 0.606550 
-0.343879 0.609067 
-0.335640 0.611498 
-0.327391 0.613841 
-0.319134 0.616095 
-0.310873 0.618260 
-0.302610 0.620334 
-0.294348 0.622316 
-0.286091 0.624206 
-0.277842 0.626003 
-0.269603 0.627707 
-0.261378 0.629317 
-0.253171 0.630833 
-0.244984 0.632255 
-0.236822 0.633583 
-0.228686 0.634818 
-0.220581 0.635959 
-0.212511 0.637007 
-0.204478 0.637963 
-0.196485 0.638828 
-0.188537 0.639603 
-0.180637 0.640288 
-0.172788 0.640885 
-0.164994 0.641396 
-0.157258 0.641822 
-0.149583 0.642164 
-0.141973 0.642425 
-0.134431 0.642607 
-0.126960 0.642711 
-0.119565 0.642740 
-0.112247 0.642696 
-0.105011 0.642583 
-0.097859 0.642401 
-0.090795 0.642155 
-0.083821 0.641847 
-0.076941 0.641481 
-0.070158 0.641058 
-0.063475 0.640583 
-0.056894 0.640058 
-0.050418 0.639488 
-0.044050 0.638874 
-0.037793 0.638222 
-0.031649 0.637534 
-0.025620 0.636815 
-0.019710 0.636067 
-0.013920 0.635294 
-0.008252 0.634501 
-0.002709 0.633690 
0.002707 0.632866 
0.007994 0.632032 
0.013151 0.631192 
0.018176 0.630350 
0.023066 0.629510 
0.027820 0.628674 
0.032438 0.627848 
0.036916 0.627033 
0.041255 0.626235 
0.045452 0.625455 
0.049507 0.624699 
0.053418 0.623968 
0.057185 0.623267 
0.060807 0.622598 
0.064282 0.621965 
0.067610 0.621369 
0.070791 0.620815 
0.073823 0.620305 
0.076706 0.619841 
0.079441 0.619426 
0.082025 0.619062 
0.084459 0.618751 
0.086743 0.618496 
0.088877 0.618298 
0.090860 0.618159 
0.092692 0.618081 
0.094374 0.618065 
0.095904 0.618112 
0.097284 0.618224 
0.098513 0.618402 
0.099592 0.618646 
0.100521 0.618957 
0.101300 0.619336 
0.101929 0.619783 
0.102408 0.620299 
0.102739 0.620882 
0.102921 0.621534 
0.102955 0.622254 
0.102841 0.623042 
0.102581 0.623898 
0.102173 0.624819 
0.101620 0.625807 
0.100921 0.626859 
0.100077 0.627976 
0.099090 0.629155 
0.097959 0.630395 
0.096685 0.631695 
0.095270 0.633054 
0.093714 0.634469 
0.092018 0.635939 
0.090183 0.637463 
0.088209 0.639038 
0.086099 0.640661 
0.083852 0.642332 
0.081470 0.644048 
0.078954 0.645806 
0.076305 0.647604 
0.073524 0.649440 
0.070613 0.651310 
0.067573 0.653214 
0.064404 0.655148 
0.061109 0.657109 
0.057688 0.659094 
0.054143 0.661102 
0.050476 0.663129 
0.046687 0.665172 
0.042779 0.667229 
0.038753 0.669296 
0.034611 0.671372 
0.030353 0.673453 
0.025982 0.675536 
0.021500 0.677618 
0.016907 0.679697 
0.012207 0.681770 
0.007400 0.683834 
0.002489 0.685886 
-0.002526 0.687923 
-0.007641 0.689943 
-0.012855 0.691943 
-0.018166 0.693921 
-0.023573 0.695873 
-0.029073 0.697797 
-0.034665 0.699690 
-0.040345 0.701551 
-0.046114 0.703376 
-0.051967 0.705163 
-0.057904 0.706910 
-0.063922 0.708614 
-0.070020 0.710274 
-0.076195 0.711886 
-0.082445 0.713450 
-0.088768 0.714962 
-0.095162 0.716421 
-0.101626 0.717825 
-0.108156 0.719172 
-0.114751 0.720460 
-0.121408 0.721688 
-0.128127 0.722853 
-0.134904 0.723955 
-0.141737 0.724992 
-0.148625 0.725961 
-0.155565 0.726863 
-0.162556 0.727695 
-0.169595 0.728457 
-0.176680 0.729147 
-0.183809 0.729764 
-0.190981 0.730307 
-0.198192 0.730776 
-0.205442 0.731169 
-0.212728 0.731485 
-0.220048 0.731725 
-0.227400 0.731886 
-0.234783 0.731970 
-0.242194 0.731974 
-0.249631 0.731900 
-0.257093 0.731745 
-0.264577 0.731511 
-0.272082 0.731196 
-0.279606 0.730802 
-0.287147 0.730327 
-0.294703 0.729771 
-0.302273 0.729135 
-0.309854 0.728419 
-0.317445 0.727622 
-0.325044 0.726746 
-0.332649 0.725790 
-0.340258 0.724755 
-0.347871 0.723640 
-0.355484 0.722447 
-0.363098 0.721176 
-0.370709 0.719827 
-0.378316 0.718401 
-0.385917 0.716899 
-0.393512 0.715321 
-0.401098 0.713668 
-0.408675 0.711941 
-0.416239 0.710140 
-0.423790 0.708267 
-0.431327 0.706322 
-0.438848 0.704305 
-0.446351 0.702219 
-0.453835 0.700064 
-0.461299 0.697841 
-0.468741 0.695551 
-0.476160 0.693195 
-0.483555 0.690774 
-0.490923 0.688289 
-0.498265 0.685741 
-0.505579 0.683132 
-0.512863 0.680463 
-0.520117 0.677735 
-0.527338 0.674948 
-0.534527 0.672105 
-0.541681 0.669207 
-0.548800 0.666254 
-0.555883 0.663248 
-0.562928 0.660191 
-0.569934 0.657083 
-0.576901 0.653926 
-0.583828 0.650721 
-0.590713 0.647469 
-0.597555 0.644173 
-0.604354 0.640832 
-0.611109 0.637449 
-0.617818 0.634025 
-0.624482 0.630561 
-0.631098 0.627058 
-0.637667 0.623518 
-0.644187 0.619942 
-0.650658 0.616331 
-0.657079 0.612687 
-0.663449 0.609011 
-0.669768 0.605305 
-0.676035 0.601569 
-0.682249 0.597805 
-0.688410 0.594014 
-0.694517 0.590198 
-0.700569 0.586357 
-0.706566 0.582494 
-0.712507 0.578609 
-0.718392 0.574704 
-0.724221 0.570780 
-0.729992 0.566838 
-0.735706 0.562879 
