0.999592 0.112470 
1.003304 0.123730 
1.008132 0.122936 
1.010662 0.129125 
1.011153 0.141709 
1.016298 0.141374 
1.011408 0.169705 
1.013432 0.175848 
1.009904 0.198055 
1.019696 0.169869 
1.009126 0.213977 
1.003891 0.236224 
1.007267 0.229670 
0.982953 0.296286 
0.981976 0.299244 
0.978896 0.307958 
0.975754 0.313560 
0.973388 0.316034 
0.967053 0.327185 
0.951818 0.355678 
0.957695 0.338755 
0.943269 0.364196 
0.918444 0.406302 
0.899955 0.432978 
0.909816 0.409628 
0.892256 0.432951 
0.885092 0.437935 
0.863460 0.465379 
0.904625 0.385826 
0.892662 0.398774 
0.915144 0.344350 
0.912255 0.338580 
0.905927 0.341027 
0.899324 0.341283 
0.893008 0.340976 
0.890955 0.331347 
0.884578 0.330661 
0.880283 0.325365 
0.879876 0.311362 
0.859784 0.338018 
0.852543 0.337677 
0.859881 0.308754 
0.847864 0.318802 
0.851058 0.294957 
0.839859 0.304582 
0.832555 0.305689 
0.818826 0.320792 
0.823986 0.295497 
0.815843 0.298756 
0.815015 0.287149 
0.813213 0.277721 
0.806865 0.277165 
0.799527 0.281781 
0.782235 0.308429 
0.734698 0.387771 
0.732811 0.383688 
0.747178 0.350529 
0.748109 0.340859 
0.762523 0.304375 
0.765290 0.291899 
0.770894 0.274118 
0.771202 0.269498 
0.772195 0.263098 
0.776830 0.251156 
0.818227 0.102058 
0.823486 0.073083 
0.824138 0.072880 
0.829034 0.046803 
0.835529 0.023636 
0.835024 0.036308 
0.841193 0.008014 
0.840050 0.033012 
0.849124 -0.000523 
0.848889 0.019275 
0.854665 0.013135 
0.858463 0.016386 
0.863018 0.017012 
0.867928 0.017974 
0.872317 0.022373 
0.878269 0.023334 
0.884064 0.030950 
0.889346 0.030692 
0.896372 0.030342 
0.902722 0.030921 
0.908306 0.040389 
0.912890 0.050580 
0.919786 0.052382 
0.925945 0.054592 
0.932409 0.062810 
0.934900 0.084192 
0.943504 0.077991 
0.949252 0.087707 
0.955883 0.088849 
0.960936 0.098677 
0.966580 0.100597 
0.972152 0.105586 
0.977395 0.110952 
0.984004 0.110092 
0.988764 0.112854 
0.995738 0.106396 
0.999592 0.112470 
