0.766712 0.750872 
0.727508 0.718231 
0.680626 0.693692 
0.626896 0.676823 
0.567964 0.667218 
0.506293 0.664605 
0.444860 0.668886 
0.386630 0.680133 
0.334025 0.698544 
0.288626 0.724368 
0.251174 0.757781 
0.221789 0.798720 
0.200241 0.846670 
0.186181 0.900467 
0.179298 0.958203 
0.179399 1.017349 
0.186437 1.075105 
0.200488 1.128886 
0.221698 1.176716 
0.250188 1.217389 
0.285926 1.250388 
0.328554 1.275675 
0.377219 1.293463 
0.430444 1.304032 
0.486154 1.307613 
0.541880 1.304339 
0.595131 1.294237 
0.643783 1.277266 
0.686325 1.253381 
0.721901 1.222639 
0.750195 1.185318 
0.771236 1.142066 
0.785219 1.094008 
0.792375 1.042786 
0.792891 0.990446 
0.786886 0.939199 
0.774421 0.891106 
0.755543 0.847815 
0.730353 0.810428 
0.699093 0.779529 
0.662250 0.755302 
0.620637 0.737680 
0.575452 0.726477 
0.528238 0.721479 
0.480762 0.722492 
0.434812 0.729354 
0.391979 0.741922 
0.353495 0.760034 
0.320177 0.783461 
0.292451 0.811850 
0.270442 0.844670 
0.254077 0.881167 
0.243173 0.920362 
0.237504 0.961080 
0.236831 1.002038 
0.240923 1.041964 
0.249546 1.079716 
0.262455 1.114376 
0.279366 1.145295 
0.299943 1.172091 
0.323770 1.194609 
0.350349 1.212867 
0.379090 1.227002 
0.409333 1.237223 
0.440370 1.243778 
0.471487 1.246936 
0.502009 1.246970 
0.531336 1.244159 
0.558978 1.238787 
0.584573 1.231139 
0.607879 1.221510 
0.628775 1.210200 
0.647239 1.197516 
0.663326 1.183767 
0.677151 1.169261 
0.688868 1.154300 
0.698656 1.139171 
0.706709 1.124145 
0.713227 1.109467 
0.718405 1.095353 
0.722437 1.081991 
0.725504 1.069535 
0.727778 1.058113 
0.729416 1.047822 
0.730561 1.038737 
0.731339 1.030911 
0.731861 1.024384 
0.732218 1.019178 
0.732485 1.015312 
0.732715 1.012794 
0.732944 1.011631 
0.733188 1.011827 
0.733443 1.013384 
0.733688 1.016303 
0.733878 1.020581 
0.733954 1.026211 
0.733836 1.033179 
0.733425 1.041460 
0.732608 1.051016 
0.731253 1.061789 
0.729214 1.073703 
0.726331 1.086650 
0.722430 1.100500 
0.717329 1.115086 
0.710835 1.130216 
0.702752 1.145662 
0.692880 1.161176 
0.681027 1.176482 
0.667015 1.191293 
0.650690 1.205308 
0.631938 1.218224 
0.610706 1.229742 
0.587017 1.239566 
0.560994 1.247409 
0.532879 1.252993 
0.503037 1.256047 
0.471959 1.256304 
0.440247 1.253500 
0.408574 1.247372 
0.377654 1.237657 
0.348185 1.224107 
0.320821 1.206499 
0.296136 1.184672 
0.274615 1.158562 
0.256648 1.128258 
0.242553 1.094061 
0.232583 1.056527 
0.226959 1.016487 
0.225887 0.975010 
0.229574 0.933334 
0.238245 0.892741 
0.252131 0.854437 
0.271451 0.819451 
0.296365 0.788586 
0.326896 0.762414 
0.362837 0.741308 
0.403648 0.725493 
0.448383 0.715109 
0.495695 0.710259 
0.543926 0.711055 
0.591301 0.717643 
0.636142 0.730218 
0.677049 0.748999 
0.712996 0.774179 
0.743326 0.805836 
0.767692 0.843805 
0.785956 0.887525 
0.798096 0.935935 
0.804124 0.987448 
0.804023 1.040074 
0.797713 1.091676 
0.785035 1.140276 
0.765768 1.184288 
0.739689 1.222630 
0.706680 1.254692 
0.666878 1.280236 
0.620853 1.299255 
0.569748 1.311855 
0.515315 1.318155 
0.459763 1.318222 
0.405449 1.312029 
0.354513 1.299444 
0.308609 1.280244 
0.268796 1.254175 
0.235598 1.221061 
0.209138 1.180958 
0.189301 1.134346 
0.175869 1.082298 
0.168626 1.026535 
0.167422 0.969299 
0.172214 0.913034 
0.183087 0.859993 
0.200236 0.811924 
0.223927 0.769938 
0.254412 0.734565 
0.291795 0.705892 
0.335853 0.683741 
0.385861 0.667812 
0.440461 0.657796 
0.497696 0.653439 
0.555232 0.654591 
0.610730 0.661221 
0.662208 0.673428 
0.708268 0.691419 
0.748138 0.715461 
0.781566 0.745809 
0.808656 0.782586 
0.829712 0.825632 
0.845110 0.874339 
0.855214 0.927543 
0.860324 0.983532 
0.860643 1.040216 
0.856264 1.095438 
0.847167 1.147307 
0.833223 1.194425 
0.814227 1.235966 
0.789929 1.271603 
0.760107 1.301385 
0.724657 1.325584 
0.683706 1.344584 
0.637729 1.358787 
0.587643 1.368567 
0.534801 1.374233 
0.480890 1.376015 
0.427707 1.374057 
0.376911 1.368412 
0.329818 1.359052 
0.287301 1.345875 
0.249800 1.328720 
0.217403 1.307399 
0.189953 1.281728 
0.167148 1.251583 
0.148621 1.216958 
0.133997 1.178042 
0.122924 1.135280 
0.115094 1.089410 
0.110254 1.041452 
0.108208 0.992626 
0.108817 0.944227 
0.111999 0.897473 
0.117724 0.853376 
0.126009 0.812668 
0.136911 0.775791 
0.150524 0.742923 
0.166958 0.714038 
0.186334 0.688973 
0.208761 0.667480 
0.234314 0.649273 
0.263005 0.634057 
0.294758 0.621549 
0.329374 0.611489 
0.366516 0.603649 
0.405699 0.597832 
0.446301 0.593873 
0.487608 0.591640 
0.528859 0.591029 
0.569314 0.591966 
0.608313 0.594400 
0.645318 0.598307 
0.679935 0.603682 
0.711913 0.610540 
0.741136 0.618914 
0.767593 0.628850 
0.791353 0.640406 
0.812543 0.653648 
0.831322 0.668644 
0.847866 0.685463 
0.862355 0.704165 
0.874967 0.724794 
0.885867 0.747373 
0.895210 0.771889 
0.903135 0.798289 
0.909766 0.826469 
0.915211 0.856268 
0.919564 0.887464 
0.922905 0.919780 
0.925302 0.952888 
0.926808 0.986425 
0.927467 1.020009 
0.927311 1.053262 
0.926361 1.085826 
0.924630 1.117384 
0.922120 1.147668 
0.918825 1.176469 
0.914730 1.203638 
0.909812 1.229080 
0.904038 1.252751 
0.897369 1.274648 
0.889757 1.294800 
0.881148 1.313264 
0.871479 1.330112 
0.860683 1.345427 
0.848686 1.359299 
0.835409 1.371821 
0.820772 1.383084 
0.804698 1.393175 
0.787109 1.402180 
0.767939 1.410175 
0.747134 1.417235 
0.724660 1.423425 
0.700511 1.428804 
0.674716 1.433426 
0.647345 1.437338 
0.618515 1.440582 
0.588398 1.443191 
0.557213 1.445195 
0.525232 1.446618 
0.492761 1.447477 
0.460133 1.447783 
0.427692 1.447544 
0.395773 1.446759 
0.364687 1.445423 
0.334707 1.443525 
0.306060 1.441048 
0.278920 1.437967 
0.253410 1.434251 
0.229603 1.429864 
0.207529 1.424759 
0.187180 1.418884 
0.168520 1.412178 
0.151490 1.404572 
0.136014 1.395987 
0.122008 1.386336 
0.109380 1.375525 
0.098037 1.363452 
0.087884 1.350005 
0.078832 1.335072 
0.070792 1.318537 
0.063682 1.300286 
0.057425 1.280216 
0.051948 1.258238 
0.047186 1.234290 
0.043079 1.208344 
0.039571 1.180424 
0.036614 1.150611 
0.034162 1.119058 
0.032177 1.085991 
0.030624 1.051714 
0.029473 1.016595 
0.028696 0.981056 
0.028272 0.945541 
0.028183 0.910498 
0.028411 0.876346 
0.028946 0.843452 
0.029778 0.812120 
0.030900 0.782575 
0.032308 0.754966 
0.034000 0.729373 
0.035976 0.705816 
0.038238 0.684262 
0.040789 0.664643 
0.043634 0.646864 
0.046779 0.630812 
0.050231 0.616365 
0.053998 0.603397 
0.058087 0.591783 
0.062507 0.581401 
0.067265 0.572135 
0.072370 0.563876 
0.077828 0.556524 
0.083644 0.549985 
0.089823 0.544175 
0.096367 0.539015 
0.103276 0.534436 
0.110548 0.530375 
0.118177 0.526773 
0.126154 0.523581 
0.134469 0.520751 
0.143103 0.518244 
0.152037 0.516021 
0.161247 0.514052 
0.170704 0.512307 
0.180374 0.510759 
0.190221 0.509386 
0.200205 0.508169 
0.210279 0.507088 
0.220397 0.506129 
0.230507 0.505277 
0.240558 0.504521 
0.250495 0.503850 
0.260264 0.503254 
0.269809 0.502727 
0.279075 0.502260 
0.288010 0.501849 
0.296560 0.501487 
0.304675 0.501172 
0.312310 0.500899 
0.319417 0.500666 
0.325957 0.500471 
0.331891 0.500311 
0.337183 0.500185 
0.341802 0.500092 
0.345720 0.500031 
0.348911 0.500003 
0.351355 0.500006 
0.353031 0.500040 
0.353926 0.500106 
0.354028 0.500205 
0.353329 0.500337 
0.351823 0.500503 
0.349509 0.500703 
0.346389 0.500941 
0.342470 0.501217 
0.337763 0.501534 
0.332284 0.501894 
0.326052 0.502302 
0.319094 0.502761 
0.311441 0.503277 
0.303130 0.503856 
0.294205 0.504505 
0.284714 0.505233 
0.274713 0.506051 
0.264262 0.506972 
0.253425 0.508012 
0.242273 0.509188 
0.230877 0.510522 
0.219314 0.512040 
0.207658 0.513771 
0.195985 0.515752 
0.184371 0.518024 
0.172887 0.520636 
0.161600 0.523648 
0.150575 0.527127 
0.139869 0.531154 
0.129534 0.535824 
0.119614 0.541249 
0.110149 0.547561 
0.101170 0.554912 
0.092702 0.563482 
0.084766 0.573481 
0.077378 0.585151 
0.070548 0.598770 
0.064285 0.614652 
0.058595 0.633149 
0.053485 0.654640 
0.048962 0.679521 
0.045037 0.708177 
0.041723 0.740939 
0.039044 0.778030 
0.037031 0.819481 
0.035727 0.865050 
0.035193 0.914150 
0.035507 0.965826 
0.036773 1.018797 
0.039127 1.071599 
0.042739 1.122767 
0.047823 1.171031 
0.054648 1.215444 
0.063543 1.255433 
0.074912 1.290770 
0.089237 1.321495 
0.107092 1.347830 
0.129131 1.370096 
0.156077 1.388650 
0.188672 1.403841 
0.227578 1.415979 
0.273232 1.425318 
0.325625 1.432043 
0.384069 1.436261 
0.447037 1.437993 
0.512210 1.437166 
0.576819 1.433607 
0.638170 1.427033 
0.694150 1.417041 
0.743482 1.403099 
0.785692 1.384546 
0.820909 1.360602 
0.849613 1.330407 
0.872424 1.293114 
0.889960 1.248059 
0.902751 1.195029 
0.911195 1.134591 
0.915528 1.068372 
0.915818 0.999087 
0.911956 0.930140 
0.903656 0.864901 
0.890456 0.805993 
0.871726 0.754930 
0.846701 0.712190 
0.814542 0.677524 
0.774474 0.650310 
0.726010 0.629816 
0.669288 0.615382 
0.605425 0.606504 
0.536729 0.602886 
0.466527 0.604451 
0.398527 0.611347 
0.335986 0.623930 
0.281091 0.642743 
0.234841 0.668469 
0.197292 0.701837 
0.167956 0.743464 
0.146133 0.793584 
0.131150 0.851715 
0.122487 0.916330 
0.119842 0.984755 
0.123150 1.053486 
0.132578 1.118912 
0.148498 1.178093 
0.171440 1.229211 
0.202003 1.271565 
0.240710 1.305251 
0.287776 1.330786 
0.342802 1.348806 
0.404466 1.359864 
0.470384 1.364335 
0.537318 1.362368 
0.601782 1.353886 
0.660760 1.338613 
0.712223 1.316129 
0.755210 1.285964 
0.789590 1.247748 
0.815718 1.201432 
0.834123 1.147569 
0.845301 1.087576 
0.849598 1.023820 
0.847158 0.959390 
0.837922 0.897548 
0.821661 0.841081 
0.798037 0.791880 
