-nan -nan 
-nan -nan 
-nan -nan 
-nan -nan 
-nan -nan 
-nan -nan 
-nan -nan 
-nan -nan 
-nan -nan 
-nan -nan 
-nan -nan 
-nan -nan 
-nan -nan 
1.095944 0.007072 
1.096513 0.006952 
1.094285 0.019228 
1.091005 0.031328 
1.090087 0.027782 
1.087705 0.033456 
1.080691 0.054443 
1.080528 0.049195 
1.073508 0.064215 
1.069029 0.072032 
1.065759 0.070057 
1.062196 0.070851 
1.053782 0.087426 
1.050814 0.090505 
1.041867 0.111302 
1.050489 0.049282 
1.045847 0.061250 
1.048859 0.024290 
1.041015 0.041055 
1.036482 0.036991 
1.030853 0.036023 
1.024097 0.040327 
1.020534 0.030093 
1.011384 0.048066 
1.004420 0.053214 
0.996798 0.047339 
0.987091 0.058528 
0.977285 0.073639 
0.976233 0.049672 
0.968952 0.049143 
0.964513 0.036476 
0.955690 0.047348 
0.950655 0.037517 
0.941263 0.048443 
0.939260 0.028164 
0.931647 0.035528 
0.928683 0.021010 
0.924902 0.008891 
0.918328 0.011715 
0.913408 0.011148 
0.906215 0.016804 
0.888308 0.077273 
0.886149 0.064697 
0.887170 0.045666 
0.887207 0.024307 
0.886142 0.008341 
0.885708 -0.001734 
0.879970 -0.003286 
0.877098 -0.007917 
0.874548 -0.008884 
0.866466 -0.015443 
0.832657 -0.145452 
0.832703 -0.166242 
0.833355 -0.166445 
0.831781 -0.186712 
0.831540 -0.212946 
0.834792 -0.194368 
0.833121 -0.222668 
0.839568 -0.195088 
0.841683 -0.214492 
0.845426 -0.203272 
0.850200 -0.206542 
0.854750 -0.203334 
0.859304 -0.202727 
0.864340 -0.204631 
0.868980 -0.203100 
0.878107 -0.191875 
0.885937 -0.184135 
0.891219 -0.184412 
0.898245 -0.184762 
0.905030 -0.181428 
0.913454 -0.169100 
0.920010 -0.161932 
0.927405 -0.157116 
0.933689 -0.157848 
0.940899 -0.150836 
0.949135 -0.135577 
0.956060 -0.141961 
0.964775 -0.129240 
0.971406 -0.128098 
0.979051 -0.118353 
0.984946 -0.116544 
0.991262 -0.114610 
0.998228 -0.106237 
-nan -nan 
-nan -nan 
-nan -nan 
-nan -nan 
