0.697217 -0.567191 
0.700790 -0.565904 
0.704347 -0.564594 
0.707887 -0.563260 
0.711410 -0.561903 
0.714915 -0.560523 
0.718403 -0.559120 
0.721872 -0.557694 
0.725322 -0.556247 
0.728753 -0.554777 
0.732164 -0.553285 
0.735554 -0.551772 
0.738924 -0.550238 
0.742273 -0.548683 
0.745600 -0.547107 
0.748905 -0.545511 
0.752188 -0.543896 
0.755448 -0.542260 
0.758684 -0.540605 
0.761897 -0.538931 
0.765086 -0.537238 
0.768251 -0.535526 
0.771390 -0.533797 
0.774504 -0.532049 
0.777593 -0.530284 
0.780656 -0.528502 
0.783692 -0.526703 
0.786702 -0.524887 
0.789684 -0.523055 
0.792639 -0.521207 
0.795567 -0.519343 
0.798466 -0.517464 
0.801337 -0.515570 
0.804179 -0.513662 
0.806992 -0.511739 
0.809776 -0.509802 
0.812530 -0.507852 
0.815253 -0.505888 
0.817947 -0.503911 
0.820610 -0.501922 
0.823242 -0.499920 
0.825843 -0.497907 
0.828412 -0.495882 
0.830950 -0.493846 
0.833456 -0.491798 
0.835929 -0.489741 
0.838370 -0.487673 
0.840778 -0.485595 
0.843154 -0.483507 
0.845496 -0.481411 
0.847804 -0.479305 
0.850079 -0.477192 
0.852320 -0.475070 
0.854527 -0.472940 
0.856700 -0.470803 
0.858838 -0.468659 
0.860942 -0.466508 
0.863010 -0.464350 
0.865044 -0.462187 
0.867042 -0.460018 
0.869005 -0.457844 
0.870933 -0.455665 
0.872825 -0.453481 
0.874681 -0.451293 
0.876500 -0.449101 
0.878284 -0.446905 
0.880032 -0.444706 
0.881743 -0.442505 
0.883417 -0.440300 
0.885055 -0.438094 
0.886657 -0.435886 
0.888221 -0.433677 
0.889748 -0.431466 
0.891239 -0.429255 
0.892692 -0.427043 
0.894108 -0.424831 
0.895487 -0.422620 
0.896829 -0.420409 
0.898133 -0.418199 
0.899399 -0.415991 
0.900629 -0.413784 
0.901820 -0.411580 
0.902974 -0.409378 
0.904091 -0.407178 
0.905169 -0.404982 
0.906211 -0.402789 
0.907214 -0.400600 
0.908180 -0.398415 
0.909108 -0.396235 
0.909998 -0.394060 
0.910851 -0.391889 
0.911666 -0.389725 
0.912443 -0.387566 
0.913182 -0.385413 
0.913884 -0.383267 
0.914549 -0.381128 
0.915175 -0.378996 
0.915764 -0.376872 
0.916316 -0.374755 
0.916830 -0.372647 
0.917307 -0.370548 
0.917747 -0.368457 
0.918149 -0.366376 
0.918514 -0.364305 
0.918842 -0.362243 
0.919132 -0.360192 
0.919386 -0.358151 
0.919603 -0.356122 
0.919783 -0.354104 
0.919926 -0.352097 
0.920033 -0.350103 
0.920103 -0.348120 
0.920137 -0.346151 
0.920134 -0.344194 
0.920095 -0.342251 
0.920020 -0.340322 
0.919909 -0.338406 
0.919762 -0.336505 
0.919579 -0.334618 
0.919361 -0.332747 
0.919107 -0.330890 
0.918818 -0.329050 
0.918493 -0.327225 
0.918134 -0.325417 
0.917739 -0.323625 
0.917310 -0.321850 
0.916845 -0.320092 
0.916347 -0.318352 
0.915814 -0.316630 
0.915246 -0.314926 
0.914645 -0.313241 
0.914009 -0.311574 
0.913340 -0.309927 
0.912637 -0.308299 
0.911901 -0.306690 
0.911131 -0.305102 
0.910328 -0.303535 
0.909493 -0.301988 
0.908624 -0.300462 
0.907723 -0.298957 
0.906789 -0.297474 
0.905823 -0.296013 
0.904825 -0.294574 
0.903795 -0.293157 
0.902733 -0.291764 
0.901639 -0.290393 
0.900514 -0.289046 
0.899357 -0.287722 
0.898170 -0.286423 
0.896951 -0.285148 
0.895702 -0.283897 
0.894422 -0.282671 
0.893112 -0.281470 
0.891771 -0.280295 
0.890400 -0.279145 
0.889000 -0.278021 
0.887569 -0.276923 
0.886110 -0.275852 
0.884620 -0.274807 
0.883102 -0.273789 
0.881554 -0.272799 
0.879978 -0.271835 
0.878373 -0.270900 
0.876739 -0.269992 
0.875077 -0.269113 
0.873387 -0.268262 
0.871669 -0.267440 
0.869923 -0.266646 
0.868149 -0.265882 
0.866348 -0.265147 
0.864519 -0.264441 
0.862663 -0.263765 
0.860781 -0.263119 
0.858871 -0.262503 
0.856935 -0.261917 
0.854972 -0.261362 
0.852982 -0.260838 
0.850967 -0.260344 
0.848925 -0.259882 
0.846858 -0.259451 
0.844764 -0.259051 
0.842645 -0.258682 
0.840501 -0.258345 
0.838331 -0.258040 
0.836136 -0.257767 
0.833916 -0.257526 
0.831671 -0.257318 
0.829402 -0.257141 
0.827108 -0.256997 
0.824789 -0.256886 
0.822446 -0.256807 
0.820079 -0.256761 
0.817688 -0.256748 
0.815273 -0.256767 
0.812834 -0.256820 
0.810371 -0.256905 
0.807885 -0.257024 
0.805376 -0.257176 
0.802843 -0.257361 
0.800287 -0.257579 
0.797709 -0.257830 
0.795107 -0.258114 
0.792482 -0.258432 
0.789835 -0.258782 
0.787166 -0.259166 
0.784474 -0.259583 
0.781760 -0.260034 
0.779023 -0.260517 
0.776265 -0.261033 
0.773484 -0.261582 
0.770682 -0.262164 
0.767858 -0.262779 
0.765013 -0.263427 
0.762146 -0.264107 
0.759258 -0.264819 
0.756349 -0.265564 
0.753418 -0.266341 
0.750467 -0.267150 
0.747495 -0.267991 
0.744502 -0.268864 
0.741488 -0.269768 
0.738454 -0.270704 
0.735400 -0.271671 
0.732325 -0.272669 
0.729231 -0.273697 
0.726116 -0.274756 
0.722982 -0.275845 
0.719827 -0.276964 
0.716654 -0.278113 
0.713461 -0.279291 
0.710248 -0.280498 
0.707017 -0.281735 
0.703767 -0.282999 
0.700497 -0.284292 
0.697210 -0.285612 
0.693903 -0.286960 
0.690579 -0.288335 
0.687236 -0.289736 
0.683876 -0.291164 
0.680497 -0.292618 
0.677102 -0.294097 
0.673689 -0.295601 
0.670258 -0.297130 
0.666811 -0.298683 
0.663348 -0.300260 
0.659868 -0.301859 
0.656371 -0.303482 
0.652859 -0.305126 
0.649331 -0.306792 
0.645788 -0.308480 
0.642230 -0.310188 
0.638657 -0.311916 
0.635069 -0.313663 
0.631468 -0.315430 
0.627852 -0.317214 
0.624224 -0.319017 
0.620582 -0.320837 
0.616927 -0.322673 
0.613261 -0.324525 
0.609582 -0.326393 
0.605892 -0.328275 
0.602191 -0.330172 
0.598479 -0.332081 
0.594757 -0.334004 
0.591026 -0.335939 
0.587285 -0.337885 
0.583536 -0.339842 
0.579779 -0.341809 
0.576015 -0.343785 
0.572243 -0.345771 
0.568466 -0.347764 
0.564683 -0.349765 
0.560894 -0.351772 
0.557102 -0.353786 
0.553306 -0.355805 
0.549507 -0.357829 
0.545706 -0.359857 
0.541903 -0.361888 
0.538099 -0.363922 
0.534296 -0.365958 
0.530494 -0.367995 
0.526693 -0.370033 
0.522895 -0.372071 
0.519101 -0.374108 
0.515310 -0.376145 
0.511526 -0.378179 
0.507747 -0.380211 
0.503976 -0.382240 
0.500212 -0.384266 
0.496458 -0.386287 
0.492714 -0.388304 
0.488981 -0.390316 
0.485261 -0.392321 
0.481554 -0.394321 
0.477861 -0.396314 
0.474184 -0.398299 
0.470524 -0.400277 
0.466881 -0.402247 
0.463257 -0.404208 
0.459653 -0.406161 
0.456071 -0.408104 
0.452511 -0.410038 
0.448975 -0.411962 
0.445463 -0.413875 
0.441978 -0.415778 
0.438520 -0.417671 
0.435090 -0.419552 
0.431690 -0.421422 
0.428322 -0.423281 
0.424985 -0.425129 
0.421682 -0.426965 
0.418413 -0.428789 
0.415180 -0.430602 
0.411985 -0.432402 
0.408827 -0.434191 
0.405709 -0.435968 
0.402632 -0.437733 
0.399597 -0.439486 
0.396605 -0.441228 
0.393658 -0.442958 
0.390755 -0.444676 
0.387900 -0.446383 
0.385092 -0.448078 
0.382333 -0.449763 
0.379624 -0.451436 
0.376965 -0.453098 
0.374359 -0.454750 
0.371806 -0.456392 
0.369307 -0.458024 
0.366863 -0.459645 
0.364475 -0.461257 
0.362144 -0.462860 
0.359871 -0.464453 
0.357656 -0.466038 
0.355501 -0.467615 
0.353406 -0.469183 
0.351372 -0.470743 
0.349400 -0.472295 
0.347491 -0.473841 
0.345645 -0.475379 
0.343862 -0.476910 
0.342144 -0.478435 
0.340492 -0.479954 
0.338904 -0.481467 
0.337383 -0.482975 
0.335929 -0.484477 
0.334541 -0.485975 
0.333221 -0.487467 
0.331968 -0.488955 
0.330784 -0.490439 
0.329668 -0.491918 
0.328621 -0.493394 
0.327642 -0.494866 
0.326733 -0.496335 
0.325893 -0.497800 
0.325122 -0.499263 
0.324420 -0.500722 
0.323788 -0.502178 
0.323226 -0.503632 
0.322733 -0.505082 
0.322310 -0.506531 
0.321956 -0.507976 
0.321671 -0.509419 
0.321455 -0.510860 
0.321309 -0.512298 
0.321231 -0.513734 
0.321222 -0.515166 
0.321282 -0.516597 
0.321409 -0.518024 
0.321605 -0.519449 
0.321868 -0.520871 
0.322198 -0.522289 
0.322595 -0.523705 
0.323059 -0.525117 
0.323588 -0.526526 
0.324184 -0.527931 
0.324844 -0.529332 
0.325570 -0.530728 
0.326359 -0.532121 
0.327213 -0.533509 
0.328130 -0.534891 
0.329109 -0.536269 
0.330151 -0.537641 
0.331254 -0.539007 
0.332419 -0.540367 
0.333644 -0.541721 
0.334929 -0.543068 
0.336273 -0.544408 
0.337676 -0.545740 
0.339137 -0.547065 
0.340655 -0.548381 
0.342231 -0.549688 
0.343862 -0.550987 
0.345549 -0.552276 
0.347290 -0.553555 
0.349086 -0.554825 
0.350935 -0.556083 
0.352837 -0.557331 
0.354791 -0.558567 
0.356796 -0.559791 
0.358852 -0.561003 
0.360958 -0.562202 
0.363113 -0.563388 
0.365316 -0.564560 
0.367567 -0.565719 
0.369865 -0.566863 
0.372209 -0.567992 
0.374599 -0.569106 
0.377034 -0.570204 
0.379513 -0.571286 
0.382035 -0.572351 
0.384599 -0.573400 
0.387206 -0.574431 
0.389853 -0.575445 
0.392541 -0.576440 
0.395269 -0.577416 
0.398035 -0.578374 
0.400840 -0.579312 
0.403681 -0.580231 
0.406560 -0.581129 
0.409474 -0.582007 
0.412424 -0.582864 
0.415408 -0.583699 
0.418426 -0.584513 
0.421477 -0.585305 
0.424560 -0.586075 
0.427674 -0.586822 
0.430819 -0.587546 
0.433994 -0.588247 
0.437199 -0.588925 
0.440432 -0.589578 
0.443693 -0.590207 
0.446981 -0.590812 
0.450295 -0.591391 
0.453635 -0.591946 
0.457000 -0.592476 
0.460389 -0.592980 
0.463802 -0.593458 
0.467238 -0.593910 
0.470696 -0.594336 
0.474175 -0.594735 
0.477675 -0.595107 
0.481195 -0.595453 
0.484734 -0.595772 
0.488292 -0.596063 
0.491867 -0.596327 
0.495460 -0.596563 
0.499070 -0.596771 
0.502696 -0.596952 
0.506336 -0.597104 
0.509992 -0.597228 
0.513661 -0.597324 
0.517343 -0.597391 
0.521038 -0.597430 
0.524744 -0.597441 
0.528462 -0.597422 
0.532190 -0.597375 
0.535928 -0.597299 
0.539676 -0.597194 
0.543432 -0.597061 
0.547196 -0.596898 
0.550967 -0.596706 
0.554744 -0.596485 
0.558528 -0.596235 
0.562317 -0.595956 
0.566111 -0.595649 
0.569909 -0.595312 
0.573710 -0.594946 
0.577515 -0.594551 
0.581321 -0.594127 
0.585129 -0.593674 
0.588938 -0.593193 
0.592748 -0.592682 
0.596557 -0.592144 
0.600366 -0.591576 
0.604173 -0.590980 
0.607978 -0.590355 
0.611780 -0.589702 
0.615579 -0.589021 
0.619375 -0.588312 
0.623166 -0.587574 
0.626952 -0.586809 
0.630733 -0.586016 
0.634508 -0.585196 
0.638276 -0.584348 
0.642037 -0.583473 
0.645790 -0.582570 
0.649534 -0.581641 
0.653270 -0.580685 
0.656997 -0.579702 
0.660714 -0.578693 
0.664420 -0.577657 
0.668115 -0.576596 
0.671798 -0.575508 
0.675470 -0.574395 
0.679129 -0.573257 
0.682775 -0.572093 
0.686407 -0.570904 
0.690025 -0.569691 
0.693629 -0.568453 
