0.975571 0.006616 
0.977536 0.014938 
0.979391 0.023209 
0.981138 0.031430 
0.982777 0.039598 
0.984312 0.047713 
0.985742 0.055773 
0.987072 0.063778 
0.988301 0.071726 
0.989432 0.079617 
0.990467 0.087450 
0.991408 0.095224 
0.992257 0.102938 
0.993015 0.110591 
0.993684 0.118182 
0.994267 0.125710 
0.994765 0.133175 
0.995181 0.140576 
0.995515 0.147911 
0.995771 0.155181 
0.995950 0.162384 
0.996055 0.169521 
0.996086 0.176589 
0.996046 0.183588 
0.995938 0.190519 
0.995763 0.197379 
0.995522 0.204169 
0.995219 0.210887 
0.994854 0.217534 
0.994431 0.224108 
0.993950 0.230609 
0.993413 0.237036 
0.992823 0.243389 
0.992182 0.249667 
0.991491 0.255870 
0.990752 0.261997 
0.989966 0.268048 
0.989137 0.274022 
0.988265 0.279918 
0.987353 0.285737 
0.986401 0.291477 
0.985413 0.297139 
0.984389 0.302722 
0.983331 0.308225 
0.982241 0.313648 
0.981120 0.318991 
0.979971 0.324254 
0.978794 0.329435 
0.977592 0.334535 
0.976365 0.339553 
0.975116 0.344489 
0.973846 0.349343 
0.972557 0.354115 
0.971249 0.358803 
0.969924 0.363408 
0.968584 0.367930 
0.967230 0.372368 
0.965864 0.376723 
0.964486 0.380993 
0.963098 0.385179 
0.961702 0.389280 
0.960298 0.393297 
0.958888 0.397229 
0.957473 0.401075 
0.956054 0.404837 
0.954633 0.408514 
0.953210 0.412105 
0.951787 0.415610 
0.950364 0.419030 
0.948943 0.422364 
0.947525 0.425612 
0.946111 0.428774 
0.944701 0.431850 
0.943297 0.434840 
0.941900 0.437744 
0.940510 0.440561 
0.939129 0.443293 
0.937757 0.445938 
0.936396 0.448497 
0.935045 0.450969 
0.933706 0.453355 
0.932380 0.455655 
0.931067 0.457868 
0.929769 0.459995 
0.928484 0.462035 
0.927216 0.463989 
0.925963 0.465857 
0.924728 0.467638 
0.923509 0.469333 
0.922309 0.470941 
0.921127 0.472463 
0.919964 0.473899 
0.918821 0.475249 
0.917698 0.476512 
0.916596 0.477689 
0.915515 0.478780 
0.914455 0.479785 
0.913417 0.480704 
0.912402 0.481536 
0.911409 0.482283 
0.910440 0.482943 
0.909494 0.483518 
0.908571 0.484007 
0.907673 0.484409 
0.906799 0.484726 
0.905950 0.484957 
0.905126 0.485103 
0.904327 0.485162 
0.903553 0.485136 
0.902804 0.485024 
0.902081 0.484826 
0.901384 0.484543 
0.900713 0.484174 
0.900067 0.483720 
0.899448 0.483180 
0.898855 0.482554 
0.898287 0.481843 
0.897746 0.481046 
0.897231 0.480164 
0.896742 0.479196 
0.896279 0.478143 
0.895842 0.477004 
0.895431 0.475780 
0.895045 0.474470 
0.894685 0.473074 
0.894350 0.471593 
0.894041 0.470026 
0.893756 0.468374 
0.893496 0.466636 
0.893261 0.464812 
0.893049 0.462903 
0.892862 0.460907 
0.892698 0.458826 
0.892557 0.456659 
0.892439 0.454407 
0.892343 0.452068 
0.892269 0.449643 
0.892217 0.447132 
0.892185 0.444535 
0.892174 0.441852 
0.892183 0.439082 
0.892211 0.436227 
0.892258 0.433284 
0.892322 0.430256 
0.892404 0.427140 
0.892503 0.423938 
0.892618 0.420650 
0.892748 0.417274 
0.892892 0.413812 
0.893050 0.410262 
0.893220 0.406626 
0.893403 0.402902 
0.893596 0.399092 
0.893799 0.395193 
0.894011 0.391208 
0.894232 0.387135 
0.894459 0.382974 
0.894691 0.378726 
0.894929 0.374391 
0.895170 0.369967 
0.895413 0.365456 
0.895657 0.360856 
0.895901 0.356169 
0.896144 0.351394 
0.896383 0.346531 
0.896618 0.341580 
0.896847 0.336540 
0.897069 0.331413 
0.897283 0.326197 
0.897485 0.320893 
0.897676 0.315502 
0.897853 0.310022 
0.898015 0.304454 
0.898160 0.298798 
0.898286 0.293054 
0.898391 0.287222 
0.898474 0.281302 
0.898532 0.275294 
0.898564 0.269199 
0.898567 0.263016 
0.898540 0.256746 
0.898481 0.250389 
0.898387 0.243945 
0.898256 0.237414 
0.898086 0.230796 
0.897875 0.224092 
0.897621 0.217302 
0.897320 0.210426 
0.896972 0.203465 
0.896573 0.196418 
0.896120 0.189287 
0.895613 0.182071 
0.895047 0.174772 
0.894421 0.167388 
0.893733 0.159922 
0.892978 0.152374 
0.892155 0.144743 
0.891261 0.137031 
0.890294 0.129239 
0.889251 0.121366 
0.888128 0.113414 
0.886924 0.105384 
0.885636 0.097276 
0.884260 0.089091 
0.882795 0.080829 
0.881237 0.072493 
0.879584 0.064083 
0.877833 0.055599 
0.875981 0.047044 
0.874025 0.038418 
0.871963 0.029722 
0.869792 0.020959 
0.867509 0.012128 
0.865111 0.003232 
0.862597 -0.005729 
0.859963 -0.014751 
0.857207 -0.023834 
0.854326 -0.032977 
0.851317 -0.042176 
0.848179 -0.051431 
0.844909 -0.060739 
0.841504 -0.070098 
0.837962 -0.079506 
0.834282 -0.088961 
0.830460 -0.098460 
0.826495 -0.108001 
0.822385 -0.117582 
0.818128 -0.127199 
0.813721 -0.136849 
0.809165 -0.146531 
0.804455 -0.156240 
0.799593 -0.165974 
0.794575 -0.175730 
0.789400 -0.185503 
0.784068 -0.195291 
0.778577 -0.205089 
0.772927 -0.214895 
0.767116 -0.224704 
0.761145 -0.234511 
0.755011 -0.244314 
0.748717 -0.254108 
0.742260 -0.263888 
0.735641 -0.273649 
0.728861 -0.283388 
0.721919 -0.293100 
0.714817 -0.302779 
0.707554 -0.312421 
0.700132 -0.322021 
0.692551 -0.331573 
0.684814 -0.341073 
0.676921 -0.350515 
0.668875 -0.359894 
0.660676 -0.369204 
0.652328 -0.378441 
0.643832 -0.387597 
0.635192 -0.396669 
0.626409 -0.405650 
0.617487 -0.414534 
0.608429 -0.423317 
0.599239 -0.431993 
0.589919 -0.440556 
0.580474 -0.449000 
0.570909 -0.457320 
0.561226 -0.465512 
0.551431 -0.473569 
0.541528 -0.481486 
0.531522 -0.489259 
0.521418 -0.496881 
0.511222 -0.504350 
0.500939 -0.511659 
0.490575 -0.518805 
0.480135 -0.525783 
0.469625 -0.532590 
0.459051 -0.539220 
0.448420 -0.545671 
0.437739 -0.551939 
0.427012 -0.558022 
0.416248 -0.563915 
0.405453 -0.569618 
0.394633 -0.575127 
0.383796 -0.580440 
0.372949 -0.585556 
0.362098 -0.590474 
0.351251 -0.595192 
0.340414 -0.599710 
0.329595 -0.604028 
0.318801 -0.608145 
0.308039 -0.612062 
0.297316 -0.615780 
0.286639 -0.619300 
0.276015 -0.622622 
0.265451 -0.625750 
0.254955 -0.628685 
0.244532 -0.631429 
0.234191 -0.633986 
0.223936 -0.636358 
0.213776 -0.638550 
0.203717 -0.640564 
0.193764 -0.642405 
0.183925 -0.644078 
0.174205 -0.645586 
0.164611 -0.646936 
0.155148 -0.648131 
0.145823 -0.649179 
0.136640 -0.650083 
0.127606 -0.650851 
0.118725 -0.651488 
0.110002 -0.652001 
0.101444 -0.652395 
0.093053 -0.652679 
0.084836 -0.652857 
0.076797 -0.652937 
0.068939 -0.652927 
0.061267 -0.652832 
0.053784 -0.652659 
0.046496 -0.652417 
0.039404 -0.652112 
0.032512 -0.651750 
0.025824 -0.651339 
0.019343 -0.650885 
0.013071 -0.650397 
0.007011 -0.649879 
0.001166 -0.649339 
-0.004463 -0.648784 
-0.009873 -0.648219 
-0.015061 -0.647651 
-0.020027 -0.647086 
-0.024769 -0.646530 
-0.029285 -0.645988 
-0.033573 -0.645467 
-0.037633 -0.644970 
-0.041464 -0.644503 
-0.045063 -0.644071 
-0.048432 -0.643678 
-0.051568 -0.643329 
-0.054471 -0.643026 
-0.057141 -0.642775 
-0.059578 -0.642577 
-0.061780 -0.642437 
-0.063748 -0.642356 
-0.065482 -0.642338 
-0.066981 -0.642384 
-0.068246 -0.642496 
-0.069276 -0.642676 
-0.070073 -0.642924 
-0.070635 -0.643241 
-0.070965 -0.643629 
-0.071061 -0.644087 
-0.070924 -0.644615 
-0.070556 -0.645212 
-0.069956 -0.645878 
-0.069125 -0.646612 
-0.068064 -0.647413 
-0.066774 -0.648278 
-0.065256 -0.649206 
-0.063510 -0.650195 
-0.061538 -0.651243 
-0.059341 -0.652345 
-0.056919 -0.653500 
-0.054275 -0.654705 
-0.051409 -0.655955 
-0.048323 -0.657248 
-0.045018 -0.658579 
-0.041496 -0.659944 
-0.037758 -0.661339 
-0.033807 -0.662759 
-0.029644 -0.664200 
-0.025270 -0.665657 
-0.020689 -0.667124 
-0.015902 -0.668598 
-0.010912 -0.670072 
-0.005720 -0.671542 
-0.000329 -0.673002 
0.005258 -0.674446 
0.011039 -0.675868 
0.017011 -0.677265 
0.023172 -0.678628 
0.029517 -0.679954 
0.036045 -0.681235 
0.042752 -0.682468 
0.049636 -0.683644 
0.056692 -0.684760 
0.063917 -0.685810 
0.071308 -0.686787 
0.078861 -0.687686 
0.086573 -0.688503 
0.094440 -0.689230 
0.102457 -0.689864 
0.110622 -0.690399 
0.118930 -0.690830 
0.127376 -0.691151 
0.135957 -0.691359 
0.144669 -0.691448 
0.153508 -0.691413 
0.162468 -0.691252 
0.171545 -0.690959 
0.180736 -0.690530 
0.190035 -0.689961 
0.199439 -0.689250 
0.208941 -0.688392 
0.218538 -0.687384 
0.228226 -0.686223 
0.237998 -0.684907 
0.247851 -0.683432 
0.257780 -0.681797 
0.267779 -0.679999 
0.277844 -0.678036 
0.287971 -0.675907 
0.298154 -0.673610 
0.308388 -0.671143 
0.318668 -0.668506 
0.328990 -0.665698 
0.339348 -0.662718 
0.349738 -0.659566 
0.360155 -0.656242 
0.370594 -0.652745 
0.381050 -0.649076 
0.391517 -0.645235 
0.401992 -0.641224 
0.412470 -0.637042 
0.422945 -0.632691 
0.433413 -0.628172 
0.443869 -0.623487 
0.454309 -0.618637 
0.464728 -0.613624 
0.475122 -0.608450 
0.485485 -0.603117 
0.495814 -0.597627 
0.506104 -0.591982 
0.516351 -0.586186 
0.526550 -0.580240 
0.536698 -0.574148 
0.546791 -0.567912 
0.556823 -0.561535 
0.566793 -0.555021 
0.576695 -0.548373 
0.586527 -0.541594 
0.596284 -0.534687 
0.605963 -0.527656 
0.615560 -0.520504 
0.625073 -0.513235 
0.634497 -0.505852 
0.643831 -0.498360 
0.653070 -0.490761 
0.662213 -0.483061 
0.671255 -0.475261 
0.680196 -0.467366 
0.689031 -0.459381 
0.697759 -0.451308 
0.706377 -0.443152 
0.714882 -0.434915 
0.723274 -0.426603 
0.731549 -0.418219 
0.739706 -0.409767 
0.747743 -0.401249 
0.755659 -0.392671 
0.763451 -0.384035 
0.771118 -0.375346 
0.778659 -0.366606 
0.786072 -0.357820 
0.793356 -0.348991 
0.800510 -0.340123 
0.807533 -0.331218 
0.814425 -0.322280 
0.821183 -0.313313 
0.827808 -0.304320 
0.834299 -0.295303 
0.840655 -0.286266 
0.846875 -0.277213 
0.852960 -0.268145 
0.858909 -0.259067 
0.864722 -0.249980 
0.870398 -0.240888 
0.875938 -0.231793 
0.881342 -0.222698 
0.886608 -0.213605 
0.891739 -0.204518 
0.896734 -0.195438 
0.901592 -0.186368 
0.906316 -0.177310 
0.910904 -0.168267 
0.915358 -0.159240 
0.919678 -0.150233 
0.923865 -0.141246 
0.927920 -0.132282 
0.931842 -0.123342 
0.935634 -0.114430 
0.939295 -0.105546 
0.942828 -0.096692 
0.946232 -0.087870 
0.949510 -0.079082 
0.952661 -0.070329 
0.955688 -0.061613 
0.958591 -0.052936 
0.961373 -0.044298 
0.964033 -0.035701 
0.966573 -0.027147 
0.968996 -0.018637 
0.971302 -0.010173 
0.973493 -0.001754 
