0.620106 0.734723 
0.619888 0.741013 
0.619278 0.747280 
0.618285 0.753499 
0.616643 0.759859 
0.614878 0.765894 
0.612986 0.771601 
0.610481 0.777385 
0.607353 0.783205 
0.604403 0.788411 
0.600592 0.793838 
0.596998 0.798597 
0.592558 0.803539 
0.588376 0.807786 
0.583650 0.811950 
0.578678 0.815828 
0.573471 0.819373 
0.568057 0.822585 
0.562453 0.825467 
0.556955 0.827776 
0.550768 0.830127 
0.544458 0.832097 
0.538328 0.833496 
0.532400 0.834307 
0.526148 0.834921 
0.519876 0.835142 
0.513880 0.834778 
0.507360 0.834409 
0.501441 0.833267 
0.495324 0.831923 
0.489030 0.830376 
0.482868 0.828452 
0.480682 0.823646 
0.475104 0.820829 
0.466445 0.819799 
0.461541 0.816124 
0.456885 0.812119 
0.457890 0.804354 
0.457265 0.797533 
0.448534 0.795787 
0.440921 0.793237 
0.435552 0.789230 
0.432645 0.783664 
0.434888 0.774917 
0.432691 0.768978 
0.428205 0.764576 
0.424881 0.759533 
0.422233 0.754230 
0.421030 0.748174 
0.420480 0.741905 
0.420309 0.735605 
0.420530 0.729307 
0.421156 0.723039 
0.422427 0.716647 
0.423827 0.710486 
0.425592 0.704413 
0.427480 0.698637 
0.430252 0.692684 
0.433122 0.687039 
0.436070 0.681770 
0.439859 0.676364 
0.443479 0.671537 
0.447864 0.666607 
0.452073 0.662314 
0.456769 0.658104 
0.461977 0.654056 
0.466915 0.650664 
0.472321 0.647425 
0.478136 0.644364 
0.483647 0.642027 
0.489780 0.639677 
0.495790 0.637886 
0.502134 0.636301 
0.508085 0.635498 
0.514315 0.634883 
0.520570 0.634658 
0.526824 0.634835 
0.533288 0.635216 
0.539471 0.636195 
0.545344 0.637754 
0.552279 0.638660 
0.557242 0.641615 
0.563924 0.643273 
0.574406 0.641652 
0.580260 0.644395 
0.582164 0.650900 
0.589959 0.652143 
0.601458 0.649879 
0.599346 0.660492 
0.600889 0.667579 
0.608813 0.668809 
0.611877 0.674423 
0.608815 0.685595 
0.612149 0.690742 
0.617071 0.694280 
0.615037 0.703992 
0.616770 0.710040 
0.618369 0.715957 
0.619341 0.722171 
0.619920 0.728435 
0.620106 0.734723 
