0.601009 0.751139 
0.600691 0.757414 
0.599977 0.763655 
0.598877 0.769840 
0.597391 0.775942 
0.595525 0.781939 
0.593279 0.787815 
0.590676 0.793530 
0.587719 0.799070 
0.584419 0.804421 
0.580787 0.809545 
0.576845 0.814441 
0.572597 0.819069 
0.568073 0.823431 
0.563553 0.827290 
0.558246 0.831250 
0.552981 0.834685 
0.547793 0.837579 
0.541864 0.840524 
0.536050 0.842912 
0.530104 0.844931 
0.524315 0.846374 
0.517881 0.847820 
0.511658 0.848688 
0.505393 0.849163 
0.499112 0.849245 
0.493116 0.848743 
0.486597 0.848215 
0.480414 0.847118 
0.474312 0.845635 
0.468316 0.843772 
0.462443 0.841526 
0.456729 0.838926 
0.451190 0.835973 
0.446119 0.832505 
0.440719 0.829043 
0.435828 0.825104 
0.431200 0.820856 
0.426842 0.816335 
0.423049 0.811380 
0.419028 0.806510 
0.415595 0.801244 
0.412501 0.795784 
0.409762 0.790130 
0.407377 0.784315 
0.405363 0.778373 
0.403726 0.772305 
0.402478 0.766148 
0.401614 0.759924 
0.401142 0.753658 
0.401065 0.747375 
0.401382 0.741100 
0.402098 0.734859 
0.403199 0.728674 
0.404685 0.722571 
0.406807 0.716411 
0.408795 0.710695 
0.411400 0.704980 
0.414609 0.699274 
0.417656 0.694086 
0.421290 0.688961 
0.425231 0.684064 
0.429477 0.679435 
0.434001 0.675072 
0.438787 0.671001 
0.443827 0.667251 
0.449090 0.663814 
0.454553 0.660714 
0.460207 0.657975 
0.466014 0.655585 
0.471963 0.653565 
0.478028 0.651924 
0.484185 0.650677 
0.490407 0.649809 
0.496670 0.649334 
0.502951 0.649253 
0.509223 0.649566 
0.515464 0.650283 
0.521647 0.651380 
0.527748 0.652864 
0.533743 0.654728 
0.539854 0.656768 
0.545330 0.659576 
0.550868 0.662531 
0.556216 0.665829 
0.561341 0.669463 
0.566233 0.673404 
0.571101 0.677437 
0.575219 0.682175 
0.579523 0.686748 
0.583035 0.692001 
0.586714 0.697049 
0.589563 0.702730 
0.592304 0.708384 
0.594938 0.713976 
0.596706 0.720143 
0.598343 0.726210 
0.599592 0.732368 
0.600457 0.738591 
0.600930 0.744857 
0.601009 0.751139 
