-0.077950 0.957836 
-0.084808 0.959174 
-0.091630 0.960435 
-0.098414 0.961620 
-0.105161 0.962730 
-0.111869 0.963766 
-0.118537 0.964729 
-0.125165 0.965621 
-0.131752 0.966442 
-0.138296 0.967194 
-0.144799 0.967877 
-0.151257 0.968493 
-0.157672 0.969043 
-0.164042 0.969528 
-0.170367 0.969949 
-0.176645 0.970307 
-0.182877 0.970604 
-0.189061 0.970840 
-0.195198 0.971018 
-0.201285 0.971137 
-0.207324 0.971199 
-0.213312 0.971206 
-0.219250 0.971159 
-0.225137 0.971059 
-0.230972 0.970906 
-0.236755 0.970703 
-0.242485 0.970450 
-0.248161 0.970149 
-0.253784 0.969800 
-0.259353 0.969406 
-0.264867 0.968967 
-0.270325 0.968484 
-0.275727 0.967959 
-0.281073 0.967393 
-0.286362 0.966786 
-0.291594 0.966141 
-0.296768 0.965458 
-0.301884 0.964739 
-0.306941 0.963984 
-0.311940 0.963195 
-0.316878 0.962373 
-0.321757 0.961519 
-0.326576 0.960633 
-0.331334 0.959719 
-0.336031 0.958775 
-0.340666 0.957804 
-0.345240 0.956806 
-0.349752 0.955783 
-0.354201 0.954735 
-0.358588 0.953664 
-0.362912 0.952571 
-0.367172 0.951456 
-0.371368 0.950321 
-0.375501 0.949167 
-0.379569 0.947994 
-0.383573 0.946804 
-0.387512 0.945598 
-0.391386 0.944376 
-0.395195 0.943140 
-0.398939 0.941890 
-0.402617 0.940627 
-0.406228 0.939353 
-0.409774 0.938068 
-0.413253 0.936773 
-0.416666 0.935468 
-0.420013 0.934155 
-0.423292 0.932835 
-0.426504 0.931508 
-0.429649 0.930176 
-0.432727 0.928838 
-0.435737 0.927496 
-0.438680 0.926151 
-0.441555 0.924802 
-0.444362 0.923452 
-0.447101 0.922101 
-0.449771 0.920749 
-0.452374 0.919397 
-0.454908 0.918046 
-0.457374 0.916697 
-0.459771 0.915350 
-0.462100 0.914005 
-0.464360 0.912664 
-0.466552 0.911328 
-0.468674 0.909996 
-0.470728 0.908669 
-0.472712 0.907349 
-0.474628 0.906034 
-0.476475 0.904727 
-0.478253 0.903428 
-0.479961 0.902137 
-0.481601 0.900854 
-0.483171 0.899581 
-0.484672 0.898318 
-0.486104 0.897064 
-0.487466 0.895822 
-0.488759 0.894590 
-0.489983 0.893371 
-0.491138 0.892163 
-0.492223 0.890968 
-0.493239 0.889785 
-0.494185 0.888616 
-0.495062 0.887461 
-0.495870 0.886320 
-0.496608 0.885193 
-0.497277 0.884081 
-0.497877 0.882984 
-0.498407 0.881903 
-0.498867 0.880838 
-0.499259 0.879788 
-0.499580 0.878755 
-0.499833 0.877739 
-0.500016 0.876740 
-0.500129 0.875758 
-0.500173 0.874793 
-0.500148 0.873846 
-0.500053 0.872917 
-0.499888 0.872006 
-0.499654 0.871113 
-0.499351 0.870239 
-0.498978 0.869383 
-0.498536 0.868547 
-0.498024 0.867729 
-0.497442 0.866930 
-0.496791 0.866150 
-0.496070 0.865390 
-0.495280 0.864649 
-0.494420 0.863927 
-0.493491 0.863225 
-0.492491 0.862543 
-0.491422 0.861880 
-0.490283 0.861236 
-0.489075 0.860612 
-0.487796 0.860008 
-0.486448 0.859423 
-0.485029 0.858858 
-0.483541 0.858312 
-0.481983 0.857785 
-0.480354 0.857277 
-0.478656 0.856789 
-0.476887 0.856320 
-0.475048 0.855869 
-0.473139 0.855437 
-0.471159 0.855024 
-0.469109 0.854629 
-0.466989 0.854252 
-0.464798 0.853893 
-0.462536 0.853551 
-0.460203 0.853227 
-0.457800 0.852920 
-0.455326 0.852630 
-0.452780 0.852356 
-0.450164 0.852098 
-0.447477 0.851855 
-0.444718 0.851628 
-0.441888 0.851416 
-0.438987 0.851218 
-0.436014 0.851035 
-0.432970 0.850864 
-0.429854 0.850707 
-0.426666 0.850562 
-0.423407 0.850429 
-0.420076 0.850307 
-0.416672 0.850196 
-0.413197 0.850096 
-0.409649 0.850004 
-0.406030 0.849922 
-0.402338 0.849847 
-0.398574 0.849780 
-0.394737 0.849720 
-0.390827 0.849665 
-0.386846 0.849615 
-0.382791 0.849570 
-0.378664 0.849527 
-0.374465 0.849488 
-0.370192 0.849449 
-0.365847 0.849412 
-0.361429 0.849374 
-0.356938 0.849334 
-0.352375 0.849292 
-0.347738 0.849246 
-0.343029 0.849196 
-0.338247 0.849140 
-0.333392 0.849078 
-0.328465 0.849007 
-0.323465 0.848926 
-0.318392 0.848836 
-0.313246 0.848733 
-0.308029 0.848617 
-0.302739 0.848487 
-0.297376 0.848341 
-0.291942 0.848177 
-0.286436 0.847995 
-0.280857 0.847793 
-0.275208 0.847569 
-0.269487 0.847322 
-0.263694 0.847050 
-0.257831 0.846752 
-0.251897 0.846426 
-0.245893 0.846070 
-0.239819 0.845684 
-0.233675 0.845264 
-0.227462 0.844810 
-0.221179 0.844320 
-0.214829 0.843792 
-0.208410 0.843224 
-0.201923 0.842614 
-0.195369 0.841961 
-0.188748 0.841262 
-0.182061 0.840517 
-0.175309 0.839722 
-0.168492 0.838877 
-0.161610 0.837979 
-0.154665 0.837027 
-0.147657 0.836017 
-0.140587 0.834950 
-0.133456 0.833822 
-0.126264 0.832631 
-0.119012 0.831377 
-0.111702 0.830056 
-0.104334 0.828668 
-0.096910 0.827209 
-0.089429 0.825678 
-0.081895 0.824074 
-0.074306 0.822394 
-0.066666 0.820636 
-0.058975 0.818799 
-0.051234 0.816881 
-0.043444 0.814880 
-0.035608 0.812794 
-0.027727 0.810622 
-0.019801 0.808362 
-0.011833 0.806012 
-0.003825 0.803570 
0.004223 0.801036 
0.012307 0.798406 
0.020427 0.795681 
0.028581 0.792859 
0.036766 0.789938 
0.044980 0.786917 
0.053222 0.783794 
0.061489 0.780569 
0.069779 0.777241 
0.078090 0.773808 
0.086419 0.770270 
0.094764 0.766626 
0.103122 0.762875 
0.111491 0.759016 
0.119868 0.755050 
0.128251 0.750974 
0.136636 0.746790 
0.145021 0.742497 
0.153403 0.738094 
0.161779 0.733583 
0.170145 0.728962 
0.178500 0.724232 
0.186838 0.719394 
0.195159 0.714448 
0.203457 0.709394 
0.211730 0.704234 
0.219974 0.698968 
0.228187 0.693598 
0.236364 0.688124 
0.244502 0.682548 
0.252598 0.676871 
0.260648 0.671095 
0.268648 0.665222 
0.276595 0.659254 
0.284486 0.653192 
0.292316 0.647039 
0.300083 0.640798 
0.307783 0.634470 
0.315412 0.628059 
0.322966 0.621568 
0.330443 0.614998 
0.337839 0.608355 
0.345151 0.601640 
0.352375 0.594857 
0.359508 0.588011 
0.366548 0.581104 
0.373490 0.574140 
0.380332 0.567124 
0.387071 0.560059 
0.393705 0.552950 
0.400231 0.545801 
0.406646 0.538617 
0.412948 0.531402 
0.419135 0.524160 
0.425205 0.516898 
0.431156 0.509619 
0.436985 0.502329 
0.442692 0.495032 
0.448275 0.487733 
0.453733 0.480439 
0.459065 0.473153 
0.464270 0.465882 
0.469346 0.458631 
0.474295 0.451404 
0.479114 0.444207 
0.483805 0.437046 
0.488367 0.429926 
0.492801 0.422852 
0.497106 0.415830 
0.501284 0.408865 
0.505336 0.401962 
0.509261 0.395126 
0.513062 0.388363 
0.516740 0.381678 
0.520295 0.375076 
0.523731 0.368561 
0.527048 0.362140 
0.530248 0.355816 
0.533334 0.349594 
0.536308 0.343480 
0.539172 0.337477 
0.541928 0.331591 
0.544579 0.325825 
0.547127 0.320184 
0.549576 0.314671 
0.551927 0.309292 
0.554185 0.304050 
0.556350 0.298948 
0.558428 0.293990 
0.560419 0.289180 
0.562328 0.284521 
0.564157 0.280016 
0.565909 0.275669 
0.567587 0.271482 
0.569194 0.267457 
0.570733 0.263599 
0.572206 0.259908 
0.573616 0.256388 
0.574966 0.253040 
0.576258 0.249868 
0.577496 0.246871 
0.578680 0.244053 
0.579814 0.241415 
0.580900 0.238959 
0.581940 0.236685 
0.582935 0.234595 
0.583887 0.232690 
0.584799 0.230971 
0.585672 0.229438 
0.586506 0.228093 
0.587304 0.226936 
0.588067 0.225966 
0.588795 0.225185 
0.589488 0.224593 
0.590149 0.224189 
0.590777 0.223973 
0.591373 0.223945 
0.591936 0.224105 
0.592467 0.224452 
0.592966 0.224985 
0.593432 0.225705 
0.593865 0.226609 
0.594265 0.227697 
0.594630 0.228967 
0.594961 0.230420 
0.595255 0.232053 
0.595512 0.233864 
0.595731 0.235853 
0.595910 0.238018 
0.596048 0.240357 
0.596144 0.242868 
0.596195 0.245550 
0.596200 0.248400 
0.596158 0.251416 
0.596066 0.254597 
0.595923 0.257939 
0.595726 0.261441 
0.595474 0.265101 
0.595164 0.268914 
0.594795 0.272880 
0.594363 0.276995 
0.593868 0.281257 
0.593307 0.285662 
0.592677 0.290209 
0.591977 0.294893 
0.591204 0.299713 
0.590356 0.304664 
0.589431 0.309745 
0.588427 0.314951 
0.587342 0.320279 
0.586173 0.325726 
0.584919 0.331289 
0.583578 0.336965 
0.582148 0.342749 
0.580627 0.348639 
0.579013 0.354631 
0.577305 0.360722 
0.575501 0.366907 
0.573600 0.373184 
0.571599 0.379548 
0.569498 0.385997 
0.567296 0.392525 
0.564991 0.399131 
0.562582 0.405810 
0.560068 0.412558 
0.557449 0.419371 
0.554723 0.426247 
0.551890 0.433180 
0.548949 0.440169 
0.545901 0.447208 
0.542743 0.454294 
0.539477 0.461423 
0.536103 0.468593 
0.532619 0.475798 
0.529027 0.483036 
0.525325 0.490303 
0.521516 0.497595 
0.517599 0.504908 
0.513574 0.512240 
0.509442 0.519587 
0.505204 0.526945 
0.500860 0.534310 
0.496412 0.541680 
0.491860 0.549051 
0.487205 0.556420 
0.482450 0.563783 
0.477593 0.571137 
0.472638 0.578480 
0.467585 0.585807 
0.462436 0.593117 
0.457192 0.600405 
0.451855 0.607669 
0.446426 0.614907 
0.440908 0.622115 
0.435301 0.629290 
0.429608 0.636430 
0.423831 0.643532 
0.417971 0.650594 
0.412030 0.657612 
0.406011 0.664586 
0.399915 0.671511 
0.393744 0.678386 
0.387501 0.685209 
0.381187 0.691977 
0.374804 0.698689 
0.368356 0.705341 
0.361843 0.711933 
0.355268 0.718462 
0.348634 0.724927 
0.341942 0.731325 
0.335194 0.737655 
0.328393 0.743915 
0.321541 0.750103 
0.314640 0.756219 
0.307692 0.762260 
0.300700 0.768225 
0.293665 0.774113 
0.286590 0.779922 
0.279477 0.785652 
0.272328 0.791300 
0.265145 0.796867 
0.257930 0.802350 
0.250685 0.807750 
0.243413 0.813064 
0.236115 0.818293 
0.228793 0.823434 
0.221449 0.828489 
0.214086 0.833455 
0.206705 0.838332 
0.199307 0.843120 
0.191896 0.847818 
0.184472 0.852425 
0.177038 0.856942 
0.169595 0.861367 
0.162145 0.865701 
0.154690 0.869942 
0.147232 0.874092 
0.139771 0.878149 
0.132310 0.882114 
0.124851 0.885987 
0.117394 0.889766 
0.109942 0.893454 
0.102496 0.897048 
0.095057 0.900551 
0.087626 0.903961 
0.080206 0.907279 
0.072798 0.910505 
0.065402 0.913639 
0.058021 0.916682 
0.050656 0.919635 
0.043307 0.922496 
0.035976 0.925268 
0.028664 0.927949 
0.021373 0.930542 
0.014104 0.933046 
0.006857 0.935462 
-0.000366 0.937790 
-0.007564 0.940032 
-0.014736 0.942187 
-0.021881 0.944258 
-0.028998 0.946243 
-0.036086 0.948144 
-0.043144 0.949963 
-0.050171 0.951698 
-0.057166 0.953353 
-0.064128 0.954927 
-0.071056 0.956421 
