0.856855 0.933243 
0.839222 0.846108 
0.806972 0.773323 
0.758823 0.717702 
0.694098 0.678995 
0.614183 0.655762 
0.523983 0.646680 
0.431858 0.651142 
0.347020 0.669386 
0.276131 0.702312 
0.221943 0.751016 
0.184343 0.815873 
0.162076 0.895145 
0.153974 0.983730 
0.159530 1.073430 
0.179003 1.155527 
0.213223 1.223842 
0.263079 1.275840 
0.328589 1.311603 
0.407575 1.332238 
0.494634 1.338754 
0.581700 1.331549 
0.660597 1.310333 
0.725743 1.274363 
0.774930 1.222993 
0.808276 1.156628 
0.826766 1.077944 
0.831264 0.992644 
0.822062 0.908598 
0.798865 0.833350 
0.761054 0.771802 
0.708284 0.725796 
0.641410 0.695153 
0.563573 0.678986 
0.480644 0.676558 
0.400121 0.687640 
0.328801 0.712482 
0.270923 0.751514 
0.227987 0.804759 
0.199776 0.870962 
0.185488 0.946720 
0.184462 1.026314 
0.196457 1.102866 
0.221599 1.170374 
0.260085 1.225166 
0.311652 1.265942 
0.374866 1.292898 
0.446481 1.306764 
0.521397 1.308198 
0.593655 1.297553 
0.658023 1.274912 
0.711174 1.240325 
0.751782 1.194199 
0.779890 1.137791 
0.796139 1.073652 
0.801247 1.005682 
0.795761 0.938565 
0.780043 0.876711 
0.754387 0.823322 
0.719225 0.780052 
0.675392 0.747282 
0.624370 0.724628 
0.568415 0.711398 
0.510428 0.706861 
0.453539 0.710369 
0.400561 0.721358 
0.353550 0.739293 
0.313646 0.763585 
0.281189 0.793506 
0.255958 0.828131 
0.237417 0.866305 
0.224899 0.906678 
0.217704 0.947809 
0.215155 0.988289 
0.216609 1.026895 
0.221450 1.062680 
0.229087 1.095027 
0.238937 1.123629 
0.250432 1.148442 
0.263014 1.169605 
0.276144 1.187382 
0.289317 1.202102 
0.302062 1.214116 
0.313963 1.223772 
0.324659 1.231391 
0.333847 1.237259 
0.341285 1.241616 
0.346794 1.244657 
0.350241 1.246522 
0.351551 1.247300 
0.350697 1.247027 
0.347695 1.245683 
0.342617 1.243199 
0.335577 1.239450 
0.326746 1.234262 
0.316350 1.227415 
0.304671 1.218644 
0.292049 1.207646 
0.278879 1.194094 
0.265603 1.177648 
0.252699 1.157977 
0.240678 1.134803 
0.230066 1.107937 
0.221400 1.077352 
0.215221 1.043232 
0.212082 1.006050 
0.212543 0.966578 
0.217190 0.925886 
0.226642 0.885257 
0.241544 0.846072 
0.262554 0.809672 
0.290267 0.777250 
0.325106 0.749781 
0.367118 0.728032 
0.415745 0.712596 
0.469623 0.703965 
0.526552 0.702615 
0.583718 0.709071 
0.638167 0.723955 
0.687286 0.747963 
0.729135 0.781743 
0.762490 0.825616 
0.786698 0.879148 
0.801437 0.940685 
0.806481 1.007137 
0.801518 1.074312 
0.786041 1.137794 
0.759367 1.193909 
0.720829 1.240252 
0.670227 1.275636 
0.608504 1.299694 
0.538394 1.312427 
0.464493 1.313834 
0.392396 1.303681 
0.327221 1.281412 
0.272502 1.246282 
0.229989 1.197766 
0.200135 1.136333 
0.182760 1.064340 
0.177605 0.986480 
0.184668 0.909044 
0.204368 0.838149 
0.237459 0.778158 
0.284652 0.731221 
0.345816 0.697816 
0.418915 0.677599 
0.499302 0.670088 
0.580295 0.675092 
0.655097 0.692903 
0.718758 0.724266 
0.768848 0.770030 
0.804883 0.830360 
0.827357 0.903607 
0.836942 0.985377 
0.834009 1.068871 
0.818398 1.146828 
0.789409 1.213778 
0.746095 1.266966 
0.687963 1.305839 
0.616114 1.330982 
0.534346 1.343242 
0.449195 1.343181 
0.368201 1.330822 
0.297449 1.305586 
0.240243 1.266494 
0.197410 1.212725 
0.168383 1.144634 
0.152175 1.064971 
0.147995 0.979423 
0.155559 0.895472 
0.175205 0.819933 
0.207800 0.757064 
0.254387 0.708367 
0.315418 0.673533 
0.389605 0.651525 
0.472906 0.641309 
0.558695 0.642257 
0.639642 0.654314 
0.710098 0.678027 
0.767218 0.714386 
0.810523 0.764386 
0.840831 0.828219 
0.859330 0.904164 
0.867029 0.987794 
0.864484 1.072479 
0.851692 1.151376 
0.828096 1.219539 
0.792731 1.274705 
0.744603 1.316720 
0.683379 1.346537 
0.610354 1.365394 
0.529234 1.374345 
0.445892 1.374041 
0.366780 1.364636 
0.296938 1.345780 
0.239003 1.316703 
0.193486 1.276429 
0.159639 1.224213 
0.136256 1.160231 
0.122165 1.086390 
0.116482 1.006716 
0.118711 0.926760 
0.128784 0.852034 
0.147035 0.786507 
0.174141 0.732051 
0.210953 0.688836 
0.258192 0.656054 
0.315967 0.632551 
0.383163 0.617208 
0.457013 0.609130 
0.533257 0.607726 
0.607100 0.612726 
0.674478 0.624181 
0.732876 0.642434 
0.781380 0.668056 
0.820230 0.701736 
0.850273 0.744074 
0.872548 0.795279 
0.888038 0.854769 
0.897554 0.920835 
0.901688 0.990593 
0.900806 1.060422 
0.895053 1.126763 
0.884362 1.186881 
0.868482 1.239227 
0.847014 1.283333 
0.819465 1.319494 
0.785352 1.348409 
0.744340 1.370916 
0.696448 1.387832 
0.642267 1.399869 
0.583120 1.407600 
0.521052 1.411454 
0.458575 1.411717 
0.398221 1.408541 
0.342096 1.401956 
0.291606 1.391877 
0.247421 1.378121 
0.209615 1.360422 
0.177867 1.338459 
0.151642 1.311895 
0.130335 1.280432 
0.113347 1.243890 
0.100142 1.202310 
0.090258 1.156050 
0.083320 1.105872 
0.079036 1.052948 
0.077191 0.998773 
0.077645 0.944992 
0.080323 0.893159 
0.085215 0.844554 
0.092368 0.800061 
0.101885 0.760155 
0.113916 0.724966 
0.128653 0.694369 
0.146324 0.668076 
0.167175 0.645719 
0.191453 0.626900 
0.219375 0.611232 
0.251089 0.598361 
0.286627 0.587970 
0.325850 0.579791 
0.368399 0.573600 
0.413668 0.569218 
0.460813 0.566507 
0.508809 0.565368 
0.556551 0.565742 
0.602967 0.567603 
0.647136 0.570962 
0.688350 0.575864 
0.726152 0.582388 
0.760314 0.590646 
0.790801 0.600788 
0.817719 0.612994 
0.841267 0.627477 
0.861697 0.644479 
0.879281 0.664263 
0.894291 0.687099 
0.906985 0.713246 
0.917598 0.742924 
0.926338 0.776270 
0.933385 0.813291 
0.938890 0.853811 
0.942976 0.897426 
0.945736 0.943485 
0.947239 0.991106 
0.947522 1.039242 
0.946600 1.086789 
0.944456 1.132704 
0.941047 1.176108 
0.936298 1.216355 
0.930103 1.253043 
0.922320 1.286000 
0.912770 1.315237 
0.901239 1.340900 
0.887469 1.363216 
0.871163 1.382461 
0.851990 1.398925 
0.829591 1.412895 
0.803604 1.424641 
0.773689 1.434410 
0.739582 1.442420 
0.701157 1.448860 
0.658505 1.453890 
0.612016 1.457644 
0.562419 1.460225 
0.510784 1.461712 
0.458431 1.462156 
0.406779 1.461585 
0.357163 1.460000 
0.310677 1.457376 
0.268080 1.453661 
0.229786 1.448774 
0.195903 1.442606 
0.166313 1.435014 
0.140746 1.425823 
0.118846 1.414821 
0.100225 1.401759 
0.084494 1.386350 
0.071284 1.368274 
0.060257 1.347184 
0.051113 1.322725 
0.043587 1.294557 
0.037452 1.262396 
0.032511 1.226073 
0.028601 1.185601 
0.025582 1.141247 
0.023339 1.093592 
0.021778 1.043536 
0.020823 0.992252 
0.020413 0.941064 
0.020502 0.891280 
0.021054 0.844038 
0.022046 0.800194 
0.023463 0.760277 
0.025297 0.724514 
0.027547 0.692885 
0.030219 0.665195 
0.033323 0.641146 
0.036872 0.620383 
0.040883 0.602538 
0.045375 0.587254 
0.050369 0.574195 
0.055886 0.563057 
0.061945 0.553571 
0.068564 0.545499 
0.075761 0.538634 
0.083547 0.532799 
0.091929 0.527839 
0.100907 0.523624 
0.110475 0.520041 
0.120618 0.516995 
0.131311 0.514403 
0.142519 0.512197 
0.154196 0.510318 
0.166285 0.508716 
0.178717 0.507348 
0.191414 0.506179 
0.204287 0.505179 
0.217240 0.504323 
0.230170 0.503588 
0.242967 0.502957 
0.255522 0.502415 
0.267724 0.501950 
0.279461 0.501551 
0.290629 0.501211 
0.301126 0.500921 
0.310858 0.500678 
0.319737 0.500476 
0.327684 0.500313 
0.334629 0.500186 
0.340510 0.500092 
0.345273 0.500031 
0.348873 0.500003 
0.351275 0.500006 
0.352447 0.500040 
0.352369 0.500107 
0.351029 0.500206 
0.348422 0.500340 
0.344552 0.500509 
0.339432 0.500715 
0.333087 0.500963 
0.325553 0.501255 
0.316876 0.501596 
0.307118 0.501992 
0.296354 0.502452 
0.284673 0.502984 
0.272178 0.503603 
0.258986 0.504322 
0.245224 0.505162 
0.231030 0.506148 
0.216549 0.507308 
0.201927 0.508681 
0.187312 0.510313 
0.172846 0.512262 
0.158663 0.514597 
0.144886 0.517407 
0.131625 0.520800 
0.118972 0.524911 
0.107004 0.529906 
0.095781 0.535994 
0.085343 0.543432 
0.075720 0.552538 
0.066926 0.563706 
0.058963 0.577422 
0.051826 0.594275 
0.045507 0.614974 
0.039994 0.640347 
0.035277 0.671314 
0.031354 0.708829 
0.028235 0.753727 
0.025947 0.806485 
0.024540 0.866884 
0.024103 0.933662 
0.024767 1.004378 
0.026727 1.075689 
0.030258 1.144056 
0.035741 1.206557 
0.043696 1.261392 
0.054823 1.307918 
0.070051 1.346367 
0.090590 1.377471 
0.117970 1.402158 
0.154030 1.421352 
0.200772 1.435858 
0.259942 1.446314 
0.332196 1.453159 
0.415936 1.456617 
0.506506 1.456675 
0.596866 1.453054 
0.679963 1.445164 
0.751119 1.432048 
0.808738 1.412305 
0.853473 1.384028 
0.887018 1.344815 
0.911239 1.292013 
0.927722 1.223450 
0.937596 1.138940 
0.941471 1.042162 
0.939411 0.941241 
0.930909 0.846192 
0.914836 0.764650 
0.889393 0.699696 
0.852112 0.650774 
0.800085 0.615681 
0.730768 0.592015 
0.643716 0.577882 
0.542946 0.572137 
0.437773 0.574454 
0.339675 0.585339 
0.257046 0.606140 
0.192833 0.639028 
0.145990 0.686808 
0.113937 0.752235 
0.094162 0.836385 
0.084925 0.936133 
0.085470 1.042620 
0.096053 1.143744 
0.117917 1.229800 
0.153196 1.296801 
0.204597 1.345362 
0.274475 1.378011 
0.362887 1.397297 
0.465054 1.404943 
0.570698 1.401589 
0.667766 1.386771 
0.747967 1.359010 
0.808774 1.316039 
0.851507 1.255430 
0.878722 1.176044 
0.892633 1.080382 
0.894472 0.976372 
0.884341 0.875705 
0.861265 0.788661 
0.823399 0.720253 
0.768538 0.670682 
0.695290 0.637873 
0.605129 0.619529 
0.504407 0.614116 
0.403812 0.621181 
0.314107 0.641354 
0.241722 0.676148 
0.188087 0.727502 
0.151741 0.796751 
0.130530 0.882806 
0.122834 0.980212 
0.128022 1.079192 
0.146505 1.169166 
0.179556 1.243087 
0.228867 1.298727 
0.295601 1.337003 
0.378731 1.359831 
0.473248 1.368789 
0.570056 1.364569 
0.658985 1.346879 
0.732868 1.314616 
0.789044 1.266302 
0.828023 1.201002 
0.851473 1.119858 
0.860859 1.027725 
