0.121195 -0.916490 
0.125063 -0.917930 
0.128926 -0.919333 
0.132784 -0.920697 
0.136636 -0.922023 
0.140482 -0.923312 
0.144321 -0.924562 
0.148153 -0.925774 
0.151977 -0.926948 
0.155793 -0.928083 
0.159600 -0.929181 
0.163398 -0.930240 
0.167186 -0.931261 
0.170965 -0.932244 
0.174733 -0.933189 
0.178490 -0.934097 
0.182236 -0.934966 
0.185970 -0.935797 
0.189693 -0.936591 
0.193402 -0.937347 
0.197099 -0.938065 
0.200782 -0.938746 
0.204451 -0.939389 
0.208107 -0.939996 
0.211747 -0.940565 
0.215373 -0.941098 
0.218983 -0.941593 
0.222577 -0.942052 
0.226155 -0.942475 
0.229717 -0.942861 
0.233261 -0.943212 
0.236788 -0.943526 
0.240297 -0.943805 
0.243788 -0.944048 
0.247261 -0.944256 
0.250715 -0.944429 
0.254149 -0.944567 
0.257564 -0.944671 
0.260959 -0.944740 
0.264333 -0.944775 
0.267687 -0.944776 
0.271019 -0.944744 
0.274331 -0.944678 
0.277620 -0.944580 
0.280887 -0.944448 
0.284132 -0.944284 
0.287354 -0.944088 
0.290553 -0.943860 
0.293729 -0.943600 
0.296880 -0.943309 
0.300008 -0.942986 
0.303111 -0.942634 
0.306189 -0.942250 
0.309242 -0.941837 
0.312270 -0.941393 
0.315272 -0.940921 
0.318249 -0.940419 
0.321198 -0.939888 
0.324122 -0.939329 
0.327018 -0.938742 
0.329887 -0.938127 
0.332728 -0.937485 
0.335542 -0.936816 
0.338328 -0.936119 
0.341085 -0.935397 
0.343814 -0.934648 
0.346513 -0.933874 
0.349184 -0.933075 
0.351825 -0.932251 
0.354436 -0.931402 
0.357018 -0.930529 
0.359569 -0.929632 
0.362089 -0.928712 
0.364579 -0.927769 
0.367038 -0.926804 
0.369465 -0.925816 
0.371861 -0.924806 
0.374225 -0.923774 
0.376558 -0.922722 
0.378857 -0.921649 
0.381125 -0.920555 
0.383360 -0.919442 
0.385562 -0.918309 
0.387730 -0.917157 
0.389866 -0.915986 
0.391968 -0.914797 
0.394036 -0.913590 
0.396069 -0.912366 
0.398069 -0.911124 
0.400034 -0.909866 
0.401965 -0.908591 
0.403861 -0.907300 
0.405722 -0.905994 
0.407547 -0.904672 
0.409337 -0.903336 
0.411092 -0.901986 
0.412810 -0.900621 
0.414493 -0.899244 
0.416140 -0.897852 
0.417750 -0.896449 
0.419323 -0.895032 
0.420860 -0.893604 
0.422360 -0.892165 
0.423823 -0.890714 
0.425249 -0.889252 
0.426637 -0.887781 
0.427988 -0.886299 
0.429300 -0.884807 
0.430576 -0.883307 
0.431813 -0.881798 
0.433011 -0.880280 
0.434172 -0.878754 
0.435294 -0.877221 
0.436377 -0.875681 
0.437422 -0.874133 
0.438427 -0.872580 
0.439394 -0.871020 
0.440321 -0.869454 
0.441209 -0.867883 
0.442057 -0.866308 
0.442866 -0.864727 
0.443635 -0.863143 
0.444364 -0.861555 
0.445053 -0.859963 
0.445701 -0.858368 
0.446310 -0.856770 
0.446878 -0.855170 
0.447405 -0.853568 
0.447892 -0.851965 
0.448338 -0.850360 
0.448742 -0.848754 
0.449106 -0.847147 
0.449429 -0.845540 
0.449710 -0.843934 
0.449950 -0.842327 
0.450149 -0.840722 
0.450305 -0.839117 
0.450420 -0.837514 
0.450494 -0.835912 
0.450525 -0.834312 
0.450514 -0.832715 
0.450461 -0.831120 
0.450365 -0.829528 
0.450228 -0.827939 
0.450047 -0.826354 
0.449825 -0.824773 
0.449559 -0.823195 
0.449251 -0.821622 
0.448899 -0.820054 
0.448505 -0.818490 
0.448068 -0.816931 
0.447587 -0.815378 
0.447064 -0.813830 
0.446497 -0.812289 
0.445886 -0.810753 
0.445232 -0.809224 
0.444535 -0.807701 
0.443793 -0.806185 
0.443008 -0.804676 
0.442179 -0.803174 
0.441307 -0.801679 
0.440390 -0.800192 
0.439429 -0.798713 
0.438424 -0.797241 
0.437375 -0.795778 
0.436281 -0.794323 
0.435144 -0.792876 
0.433961 -0.791438 
0.432735 -0.790008 
0.431464 -0.788588 
0.430148 -0.787176 
0.428788 -0.785773 
0.427383 -0.784380 
0.425934 -0.782995 
0.424439 -0.781620 
0.422900 -0.780255 
0.421317 -0.778898 
0.419688 -0.777552 
0.418015 -0.776215 
0.416296 -0.774887 
0.414533 -0.773569 
0.412725 -0.772261 
0.410872 -0.770963 
0.408974 -0.769674 
0.407031 -0.768395 
0.405043 -0.767126 
0.403010 -0.765866 
0.400933 -0.764616 
0.398810 -0.763375 
0.396643 -0.762144 
0.394430 -0.760923 
0.392173 -0.759710 
0.389871 -0.758507 
0.387525 -0.757313 
0.385133 -0.756129 
0.382697 -0.754953 
0.380217 -0.753786 
0.377692 -0.752627 
0.375122 -0.751477 
0.372508 -0.750336 
0.369850 -0.749202 
0.367148 -0.748077 
0.364402 -0.746959 
0.361611 -0.745849 
0.358777 -0.744746 
0.355899 -0.743650 
0.352978 -0.742561 
0.350013 -0.741479 
0.347004 -0.740403 
0.343953 -0.739333 
0.340859 -0.738269 
0.337722 -0.737211 
0.334542 -0.736157 
0.331320 -0.735108 
0.328055 -0.734064 
0.324749 -0.733024 
0.321401 -0.731988 
0.318011 -0.730956 
0.314581 -0.729926 
0.311109 -0.728899 
0.307597 -0.727875 
0.304044 -0.726852 
0.300451 -0.725831 
0.296818 -0.724812 
0.293146 -0.723792 
0.289434 -0.722773 
0.285684 -0.721754 
0.281896 -0.720735 
0.278069 -0.719714 
0.274205 -0.718692 
0.270304 -0.717667 
0.266366 -0.716641 
0.262392 -0.715611 
0.258382 -0.714578 
0.254336 -0.713541 
0.250256 -0.712499 
0.246141 -0.711453 
0.241993 -0.710402 
0.237811 -0.709344 
0.233597 -0.708280 
0.229350 -0.707210 
0.225073 -0.706132 
0.220764 -0.705046 
0.216425 -0.703952 
0.212056 -0.702850 
0.207659 -0.701738 
0.203233 -0.700616 
0.198780 -0.699484 
0.194300 -0.698342 
0.189795 -0.697189 
0.185264 -0.696024 
0.180709 -0.694847 
0.176131 -0.693657 
0.171530 -0.692455 
0.166907 -0.691240 
0.162263 -0.690011 
0.157599 -0.688769 
0.152917 -0.687512 
0.148216 -0.686240 
0.143498 -0.684954 
0.138764 -0.683652 
0.134016 -0.682335 
0.129253 -0.681002 
0.124477 -0.679653 
0.119690 -0.678288 
0.114892 -0.676907 
0.110084 -0.675509 
0.105268 -0.674095 
0.100444 -0.672664 
0.095615 -0.671216 
0.090781 -0.669752 
0.085943 -0.668270 
0.081103 -0.666772 
0.076262 -0.665258 
0.071421 -0.663726 
0.066581 -0.662179 
0.061744 -0.660615 
0.056912 -0.659035 
0.052085 -0.657440 
0.047264 -0.655829 
0.042452 -0.654203 
0.037650 -0.652563 
0.032858 -0.650908 
0.028079 -0.649239 
0.023313 -0.647557 
0.018563 -0.645863 
0.013829 -0.644156 
0.009114 -0.642438 
0.004417 -0.640709 
-0.000258 -0.638970 
-0.004912 -0.637222 
-0.009541 -0.635466 
-0.014146 -0.633702 
-0.018724 -0.631932 
-0.023274 -0.630156 
-0.027795 -0.628375 
-0.032286 -0.626591 
-0.036744 -0.624804 
-0.041169 -0.623016 
-0.045559 -0.621228 
-0.049913 -0.619440 
-0.054230 -0.617655 
-0.058509 -0.615874 
-0.062747 -0.614098 
-0.066944 -0.612327 
-0.071099 -0.610565 
-0.075210 -0.608811 
-0.079276 -0.607068 
-0.083296 -0.605337 
-0.087270 -0.603619 
-0.091195 -0.601916 
-0.095071 -0.600230 
-0.098896 -0.598562 
-0.102671 -0.596913 
-0.106393 -0.595285 
-0.110062 -0.593680 
-0.113677 -0.592100 
-0.117237 -0.590545 
-0.120741 -0.589018 
-0.124189 -0.587520 
-0.127579 -0.586052 
-0.130912 -0.584617 
-0.134186 -0.583216 
-0.137400 -0.581850 
-0.140554 -0.580521 
-0.143648 -0.579231 
-0.146681 -0.577980 
-0.149652 -0.576771 
-0.152560 -0.575605 
-0.155407 -0.574483 
-0.158190 -0.573408 
-0.160911 -0.572379 
-0.163567 -0.571399 
-0.166160 -0.570468 
-0.168688 -0.569589 
-0.171152 -0.568762 
-0.173552 -0.567988 
-0.175886 -0.567269 
-0.178156 -0.566606 
-0.180360 -0.566000 
-0.182499 -0.565451 
-0.184573 -0.564961 
-0.186581 -0.564530 
-0.188524 -0.564160 
-0.190402 -0.563851 
-0.192214 -0.563604 
-0.193960 -0.563419 
-0.195642 -0.563298 
-0.197258 -0.563241 
-0.198809 -0.563247 
-0.200294 -0.563319 
-0.201715 -0.563455 
-0.203071 -0.563657 
-0.204362 -0.563924 
-0.205588 -0.564258 
-0.206750 -0.564657 
-0.207847 -0.565123 
-0.208881 -0.565655 
-0.209850 -0.566253 
-0.210756 -0.566917 
-0.211598 -0.567647 
-0.212376 -0.568444 
-0.213092 -0.569305 
-0.213744 -0.570232 
-0.214334 -0.571224 
-0.214861 -0.572281 
-0.215326 -0.573402 
-0.215729 -0.574587 
-0.216070 -0.575835 
-0.216349 -0.577146 
-0.216567 -0.578519 
-0.216724 -0.579953 
-0.216821 -0.581449 
-0.216856 -0.583004 
-0.216832 -0.584619 
-0.216747 -0.586292 
-0.216603 -0.588023 
-0.216399 -0.589811 
-0.216136 -0.591656 
-0.215814 -0.593555 
-0.215434 -0.595509 
-0.214995 -0.597515 
-0.214499 -0.599574 
-0.213944 -0.601685 
-0.213332 -0.603846 
-0.212664 -0.606055 
-0.211938 -0.608313 
-0.211156 -0.610618 
-0.210318 -0.612969 
-0.209424 -0.615365 
-0.208475 -0.617805 
-0.207471 -0.620287 
-0.206412 -0.622811 
-0.205298 -0.625375 
-0.204131 -0.627978 
-0.202910 -0.630619 
-0.201636 -0.633296 
-0.200309 -0.636010 
-0.198930 -0.638757 
-0.197499 -0.641538 
-0.196016 -0.644351 
-0.194482 -0.647195 
-0.192897 -0.650068 
-0.191262 -0.652970 
-0.189577 -0.655898 
-0.187843 -0.658853 
-0.186059 -0.661833 
-0.184227 -0.664836 
-0.182347 -0.667862 
-0.180419 -0.670909 
-0.178444 -0.673977 
-0.176423 -0.677063 
-0.174355 -0.680167 
-0.172242 -0.683287 
-0.170083 -0.686424 
-0.167880 -0.689574 
-0.165633 -0.692738 
-0.163342 -0.695913 
-0.161008 -0.699100 
-0.158631 -0.702297 
-0.156213 -0.705502 
-0.153753 -0.708715 
-0.151252 -0.711935 
-0.148710 -0.715161 
-0.146129 -0.718391 
-0.143509 -0.721624 
-0.140850 -0.724860 
-0.138152 -0.728097 
-0.135418 -0.731335 
-0.132646 -0.734572 
-0.129838 -0.737808 
-0.126994 -0.741042 
-0.124115 -0.744272 
-0.121202 -0.747497 
-0.118254 -0.750717 
-0.115273 -0.753932 
-0.112259 -0.757139 
-0.109213 -0.760338 
-0.106135 -0.763528 
-0.103027 -0.766708 
-0.099888 -0.769878 
-0.096719 -0.773037 
-0.093521 -0.776183 
-0.090295 -0.779316 
-0.087040 -0.782435 
-0.083759 -0.785540 
-0.080450 -0.788630 
-0.077116 -0.791703 
-0.073756 -0.794759 
-0.070371 -0.797798 
-0.066962 -0.800818 
-0.063529 -0.803820 
-0.060074 -0.806801 
-0.056596 -0.809763 
-0.053096 -0.812703 
-0.049575 -0.815622 
-0.046034 -0.818518 
-0.042472 -0.821391 
-0.038892 -0.824241 
-0.035292 -0.827066 
-0.031675 -0.829867 
-0.028040 -0.832643 
-0.024388 -0.835392 
-0.020720 -0.838116 
-0.017036 -0.840812 
-0.013337 -0.843481 
-0.009623 -0.846121 
-0.005896 -0.848734 
-0.002155 -0.851317 
0.001598 -0.853871 
0.005364 -0.856395 
0.009141 -0.858889 
0.012929 -0.861352 
0.016728 -0.863784 
0.020536 -0.866185 
0.024353 -0.868553 
0.028180 -0.870889 
0.032014 -0.873193 
0.035856 -0.875463 
0.039705 -0.877700 
0.043560 -0.879904 
0.047422 -0.882073 
0.051288 -0.884208 
0.055160 -0.886308 
0.059035 -0.888373 
0.062915 -0.890404 
0.066797 -0.892398 
0.070682 -0.894358 
0.074570 -0.896281 
0.078459 -0.898168 
0.082349 -0.900019 
0.086239 -0.901833 
0.090130 -0.903610 
0.094020 -0.905351 
0.097909 -0.907054 
0.101796 -0.908721 
0.105682 -0.910350 
0.109565 -0.911941 
0.113445 -0.913495 
0.117322 -0.915011 
