0.811152 1.075915 
0.812240 1.052538 
0.812171 1.029074 
0.810951 1.005710 
0.808586 0.982631 
0.805078 0.960013 
0.800429 0.938024 
0.794640 0.916814 
0.787713 0.896512 
0.779651 0.877231 
0.770462 0.859061 
0.760156 0.842069 
0.748751 0.826308 
0.736273 0.811810 
0.722753 0.798596 
0.708237 0.786670 
0.692779 0.776031 
0.676448 0.766667 
0.659321 0.758564 
0.641494 0.751701 
0.623071 0.746057 
0.604168 0.741608 
0.584912 0.738332 
0.565436 0.736204 
0.545878 0.735202 
0.526379 0.735303 
0.507075 0.736484 
0.488101 0.738723 
0.469582 0.741997 
0.451634 0.746282 
0.434360 0.751552 
0.417851 0.757778 
0.402184 0.764930 
0.387420 0.772973 
0.373608 0.781869 
0.360784 0.791574 
0.348972 0.802040 
0.338185 0.813213 
0.328428 0.825035 
0.319696 0.837440 
0.311981 0.850358 
0.305265 0.863716 
0.299530 0.877436 
0.294752 0.891434 
0.290905 0.905629 
0.287961 0.919936 
0.285890 0.934269 
0.284659 0.948547 
0.284236 0.962690 
0.284587 0.976622 
0.285677 0.990272 
0.287470 1.003577 
0.289928 1.016477 
0.293013 1.028923 
0.296685 1.040871 
0.300906 1.052285 
0.305632 1.063137 
0.310823 1.073407 
0.316437 1.083079 
0.322428 1.092147 
0.328755 1.100608 
0.335373 1.108465 
0.342239 1.115726 
0.349309 1.122404 
0.356542 1.128513 
0.363894 1.134073 
0.371327 1.139105 
0.378800 1.143632 
0.386277 1.147679 
0.393722 1.151272 
0.401102 1.154439 
0.408387 1.157207 
0.415547 1.159606 
0.422557 1.161664 
0.429393 1.163410 
0.436033 1.164872 
0.442460 1.166080 
0.448657 1.167060 
0.454609 1.167841 
0.460305 1.168449 
0.465734 1.168909 
0.470889 1.169247 
0.475761 1.169486 
0.480345 1.169649 
0.484638 1.169759 
0.488635 1.169834 
0.492333 1.169895 
0.495731 1.169960 
0.498825 1.170043 
0.501615 1.170162 
0.504098 1.170327 
0.506273 1.170553 
0.508137 1.170848 
0.509688 1.171222 
0.510922 1.171680 
0.511837 1.172229 
0.512428 1.172871 
0.512690 1.173609 
0.512619 1.174441 
0.512208 1.175365 
0.511452 1.176377 
0.510343 1.177471 
0.508875 1.178639 
0.507042 1.179870 
0.504835 1.181152 
0.502248 1.182472 
0.499274 1.183812 
0.495907 1.185156 
0.492142 1.186482 
0.487976 1.187770 
0.483404 1.188995 
0.478427 1.190132 
0.473044 1.191154 
0.467260 1.192033 
0.461081 1.192738 
0.454513 1.193239 
0.447570 1.193502 
0.440268 1.193495 
0.432623 1.193184 
0.424660 1.192533 
0.416403 1.191507 
0.407885 1.190070 
0.399138 1.188186 
0.390201 1.185819 
0.381115 1.182934 
0.371925 1.179494 
0.362677 1.175466 
0.353422 1.170817 
0.344212 1.165514 
0.335100 1.159529 
0.326141 1.152834 
0.317390 1.145406 
0.308902 1.137224 
0.300730 1.128272 
0.292929 1.118542 
0.285550 1.108028 
0.278643 1.096734 
0.272259 1.084672 
0.266441 1.071861 
0.261236 1.058332 
0.256685 1.044124 
0.252829 1.029287 
0.249705 1.013882 
0.247351 0.997982 
0.245800 0.981667 
0.245088 0.965026 
0.245246 0.948156 
0.246305 0.931160 
0.248297 0.914143 
0.251251 0.897214 
0.255196 0.880480 
0.260161 0.864044 
0.266171 0.848008 
0.273251 0.832464 
0.281422 0.817501 
0.290704 0.803196 
0.301110 0.789619 
0.312645 0.776830 
0.325311 0.764881 
0.339097 0.753816 
0.353981 0.743670 
0.369929 0.734471 
0.386893 0.726240 
0.404807 0.718995 
0.423592 0.712747 
0.443149 0.707506 
0.463365 0.703279 
0.484114 0.700069 
0.505255 0.697881 
0.526642 0.696718 
0.548120 0.696586 
0.569535 0.697489 
0.590736 0.699432 
0.611578 0.702425 
0.631927 0.706476 
0.651662 0.711595 
0.670675 0.717793 
0.688875 0.725081 
0.706188 0.733472 
0.722556 0.742973 
0.737934 0.753592 
0.752293 0.765332 
0.765617 0.778191 
0.777898 0.792158 
0.789138 0.807216 
0.799348 0.823334 
0.808542 0.840472 
0.816740 0.858575 
0.823965 0.877572 
0.830240 0.897379 
0.835591 0.917898 
0.840043 0.939015 
0.843622 0.960606 
0.846350 0.982536 
0.848249 1.004665 
0.849341 1.026851 
0.849643 1.048950 
0.849171 1.070826 
0.847940 1.092349 
0.845960 1.113400 
0.843240 1.133874 
0.839789 1.153682 
0.835611 1.172746 
0.830710 1.191008 
0.825089 1.208423 
0.818748 1.224960 
0.811689 1.240600 
0.803912 1.255338 
0.795418 1.269175 
0.786209 1.282123 
0.776288 1.294200 
0.765659 1.305427 
0.754331 1.315833 
0.742315 1.325447 
0.729623 1.334299 
0.716275 1.342424 
0.702294 1.349854 
0.687708 1.356621 
0.672549 1.362759 
0.656858 1.368298 
0.640678 1.373270 
0.624059 1.377704 
0.607055 1.381627 
0.589726 1.385066 
0.572132 1.388045 
0.554341 1.390588 
0.536418 1.392716 
0.518431 1.394448 
0.500449 1.395805 
0.482536 1.396801 
0.464756 1.397454 
0.447169 1.397777 
0.429831 1.397784 
0.412793 1.397485 
0.396100 1.396891 
0.379793 1.396012 
0.363905 1.394856 
0.348465 1.393430 
0.333496 1.391740 
0.319015 1.389792 
0.305035 1.387590 
0.291564 1.385138 
0.278605 1.382438 
0.266158 1.379494 
0.254221 1.376306 
0.242786 1.372875 
0.231846 1.369202 
0.221391 1.365287 
0.211408 1.361128 
0.201885 1.356724 
0.192807 1.352073 
0.184160 1.347173 
0.175929 1.342022 
0.168098 1.336616 
0.160652 1.330951 
0.153576 1.325024 
0.146855 1.318831 
0.140474 1.312367 
0.134418 1.305628 
0.128674 1.298609 
0.123228 1.291305 
0.118068 1.283711 
0.113180 1.275823 
0.108553 1.267636 
0.104176 1.259144 
0.100038 1.250344 
0.096128 1.241231 
0.092438 1.231803 
0.088957 1.222056 
0.085677 1.211988 
0.082590 1.201596 
0.079689 1.190882 
0.076966 1.179845 
0.074414 1.168487 
0.072027 1.156811 
0.069800 1.144822 
0.067726 1.132527 
0.065801 1.119932 
0.064019 1.107049 
0.062377 1.093888 
0.060871 1.080465 
0.059495 1.066794 
0.058248 1.052894 
0.057126 1.038786 
0.056125 1.024490 
0.055243 1.010032 
0.054478 0.995437 
0.053828 0.980733 
0.053290 0.965949 
0.052863 0.951114 
0.052545 0.936260 
0.052335 0.921418 
0.052232 0.906619 
0.052234 0.891896 
0.052342 0.877279 
0.052554 0.862800 
0.052870 0.848487 
0.053289 0.834369 
0.053813 0.820473 
0.054440 0.806823 
0.055170 0.793443 
0.056006 0.780352 
0.056945 0.767571 
0.057990 0.755115 
0.059141 0.742998 
0.060399 0.731232 
0.061765 0.719826 
0.063240 0.708789 
0.064824 0.698126 
0.066520 0.687839 
0.068328 0.677931 
0.070250 0.668401 
0.072288 0.659248 
0.074442 0.650468 
0.076714 0.642056 
0.079107 0.634009 
0.081620 0.626317 
0.084256 0.618976 
0.087016 0.611975 
0.089902 0.605306 
0.092914 0.598961 
0.096055 0.592929 
0.099325 0.587199 
0.102724 0.581763 
0.106254 0.576609 
0.109916 0.571726 
0.113710 0.567105 
0.117635 0.562734 
0.121691 0.558604 
0.125878 0.554703 
0.130196 0.551022 
0.134642 0.547550 
0.139215 0.544278 
0.143914 0.541196 
0.148734 0.538295 
0.153674 0.535565 
0.158729 0.532999 
0.163896 0.530587 
0.169170 0.528321 
0.174546 0.526195 
0.180017 0.524199 
0.185577 0.522327 
0.191220 0.520572 
0.196937 0.518927 
0.202720 0.517387 
0.208561 0.515944 
0.214450 0.514595 
0.220377 0.513332 
0.226332 0.512152 
0.232304 0.511050 
0.238282 0.510020 
0.244254 0.509060 
0.250207 0.508165 
0.256130 0.507331 
0.262010 0.506555 
0.267834 0.505834 
0.273590 0.505166 
0.279264 0.504547 
0.284844 0.503975 
0.290316 0.503448 
0.295667 0.502964 
0.300886 0.502522 
0.305960 0.502119 
0.310876 0.501754 
0.315622 0.501426 
0.320188 0.501134 
0.324562 0.500877 
0.328732 0.500654 
0.332690 0.500465 
0.336424 0.500308 
0.339926 0.500184 
0.343187 0.500092 
0.346198 0.500031 
0.348951 0.500003 
0.351440 0.500006 
0.353656 0.500040 
0.355595 0.500106 
0.357250 0.500204 
0.358616 0.500334 
0.359688 0.500497 
0.360463 0.500692 
0.360937 0.500920 
0.361106 0.501182 
0.360969 0.501478 
0.360523 0.501808 
0.359767 0.502175 
0.358702 0.502577 
0.357326 0.503017 
0.355641 0.503495 
0.353647 0.504012 
0.351348 0.504571 
0.348745 0.505171 
0.345842 0.505816 
0.342643 0.506506 
0.339155 0.507245 
0.335382 0.508033 
0.331331 0.508875 
0.327010 0.509772 
0.322427 0.510729 
0.317592 0.511748 
0.312516 0.512835 
0.307209 0.513993 
0.301683 0.515228 
0.295951 0.516545 
0.290028 0.517951 
0.283927 0.519452 
0.277664 0.521057 
0.271255 0.522773 
0.264716 0.524610 
0.258065 0.526578 
0.251319 0.528687 
0.244495 0.530951 
0.237613 0.533382 
0.230691 0.535995 
0.223746 0.538805 
0.216797 0.541829 
0.209862 0.545087 
0.202960 0.548597 
0.196108 0.552382 
0.189322 0.556466 
0.182621 0.560873 
0.176019 0.565630 
0.169533 0.570767 
0.163177 0.576314 
0.156965 0.582306 
0.150912 0.588776 
0.145029 0.595762 
0.139330 0.603303 
0.133825 0.611440 
0.128525 0.620215 
0.123442 0.629672 
0.118585 0.639855 
0.113964 0.650809 
0.109588 0.662579 
0.105467 0.675205 
0.101609 0.688730 
0.098024 0.703188 
0.094722 0.718611 
0.091712 0.735021 
0.089005 0.752433 
0.086611 0.770849 
0.084543 0.790257 
0.082814 0.810631 
0.081438 0.831926 
0.080430 0.854078 
0.079807 0.877003 
0.079588 0.900598 
0.079793 0.924742 
0.080447 0.949294 
0.081573 0.974103 
0.083199 0.999006 
0.085355 1.023837 
0.088075 1.048430 
0.091392 1.072624 
0.095346 1.096267 
0.099977 1.119224 
0.105329 1.141373 
0.111448 1.162613 
0.118381 1.182863 
0.126180 1.202058 
0.134894 1.220153 
0.144576 1.237120 
0.155276 1.252943 
0.167044 1.267619 
0.179927 1.281155 
0.193964 1.293564 
0.209190 1.304864 
0.225627 1.315078 
0.243288 1.324228 
0.262167 1.332338 
0.282239 1.339431 
0.303461 1.345525 
0.325763 1.350639 
0.349050 1.354787 
0.373201 1.357979 
0.398069 1.360219 
0.423484 1.361510 
0.449258 1.361848 
0.475187 1.361226 
0.501061 1.359632 
0.526670 1.357050 
0.551810 1.353460 
0.576290 1.348841 
0.599941 1.343166 
0.622612 1.336409 
0.644180 1.328544 
0.664548 1.319545 
0.683642 1.309385 
0.701411 1.298045 
0.717825 1.285509 
0.732870 1.271768 
0.746546 1.256824 
0.758864 1.240690 
0.769841 1.223393 
0.779500 1.204979 
0.787866 1.185508 
0.794965 1.165063 
0.800821 1.143748 
0.805458 1.121687 
0.808896 1.099023 
