-0.813042 -0.441326 
-0.812052 -0.446630 
-0.811026 -0.451906 
-0.809964 -0.457153 
-0.808867 -0.462370 
-0.807735 -0.467557 
-0.806569 -0.472713 
-0.805370 -0.477838 
-0.804137 -0.482931 
-0.802873 -0.487992 
-0.801577 -0.493020 
-0.800250 -0.498014 
-0.798893 -0.502974 
-0.797507 -0.507900 
-0.796091 -0.512790 
-0.794648 -0.517645 
-0.793176 -0.522464 
-0.791678 -0.527246 
-0.790153 -0.531991 
-0.788603 -0.536699 
-0.787028 -0.541369 
-0.785428 -0.546000 
-0.783805 -0.550592 
-0.782158 -0.555146 
-0.780490 -0.559659 
-0.778799 -0.564132 
-0.777088 -0.568565 
-0.775356 -0.572956 
-0.773604 -0.577307 
-0.771833 -0.581615 
-0.770044 -0.585882 
-0.768237 -0.590106 
-0.766413 -0.594287 
-0.764572 -0.598425 
-0.762715 -0.602519 
-0.760843 -0.606570 
-0.758957 -0.610576 
-0.757056 -0.614538 
-0.755142 -0.618455 
-0.753216 -0.622327 
-0.751277 -0.626154 
-0.749326 -0.629935 
-0.747365 -0.633670 
-0.745393 -0.637359 
-0.743412 -0.641001 
-0.741422 -0.644597 
-0.739423 -0.648145 
-0.737416 -0.651647 
-0.735402 -0.655101 
-0.733381 -0.658507 
-0.731354 -0.661866 
-0.729321 -0.665177 
-0.727284 -0.668439 
-0.725242 -0.671653 
-0.723196 -0.674818 
-0.721147 -0.677935 
-0.719095 -0.681002 
-0.717041 -0.684021 
-0.714986 -0.686990 
-0.712929 -0.689910 
-0.710872 -0.692780 
-0.708814 -0.695601 
-0.706758 -0.698372 
-0.704702 -0.701093 
-0.702648 -0.703764 
-0.700596 -0.706385 
-0.698546 -0.708956 
-0.696500 -0.711476 
-0.694457 -0.713946 
-0.692419 -0.716366 
-0.690385 -0.718735 
-0.688356 -0.721054 
-0.686332 -0.723321 
-0.684315 -0.725538 
-0.682304 -0.727705 
-0.680301 -0.729820 
-0.678304 -0.731885 
-0.676316 -0.733899 
-0.674336 -0.735862 
-0.672365 -0.737774 
-0.670403 -0.739635 
-0.668451 -0.741445 
-0.666510 -0.743204 
-0.664579 -0.744912 
-0.662659 -0.746569 
-0.660750 -0.748175 
-0.658853 -0.749730 
-0.656969 -0.751234 
-0.655098 -0.752687 
-0.653239 -0.754089 
-0.651395 -0.755441 
-0.649564 -0.756741 
-0.647747 -0.757991 
-0.645946 -0.759189 
-0.644159 -0.760337 
-0.642389 -0.761434 
-0.640634 -0.762481 
-0.638895 -0.763476 
-0.637173 -0.764422 
-0.635468 -0.765316 
-0.633781 -0.766160 
-0.632111 -0.766954 
-0.630460 -0.767697 
-0.628827 -0.768389 
-0.627212 -0.769032 
-0.625617 -0.769624 
-0.624042 -0.770166 
-0.622487 -0.770658 
-0.620951 -0.771099 
-0.619437 -0.771491 
-0.617943 -0.771833 
-0.616470 -0.772125 
-0.615019 -0.772367 
-0.613589 -0.772559 
-0.612182 -0.772701 
-0.610797 -0.772794 
-0.609435 -0.772838 
-0.608096 -0.772832 
-0.606781 -0.772776 
-0.605489 -0.772671 
-0.604220 -0.772517 
-0.602976 -0.772314 
-0.601757 -0.772061 
-0.600562 -0.771760 
-0.599392 -0.771409 
-0.598248 -0.771009 
-0.597129 -0.770561 
-0.596036 -0.770063 
-0.594969 -0.769517 
-0.593928 -0.768922 
-0.592913 -0.768278 
-0.591926 -0.767586 
-0.590965 -0.766844 
-0.590032 -0.766055 
-0.589126 -0.765217 
-0.588247 -0.764330 
-0.587397 -0.763395 
-0.586574 -0.762411 
-0.585780 -0.761380 
-0.585014 -0.760299 
-0.584277 -0.759171 
-0.583569 -0.757994 
-0.582890 -0.756769 
-0.582239 -0.755496 
-0.581619 -0.754174 
-0.581027 -0.752804 
-0.580465 -0.751386 
-0.579934 -0.749920 
-0.579432 -0.748406 
-0.578960 -0.746843 
-0.578518 -0.745233 
-0.578106 -0.743574 
-0.577725 -0.741866 
-0.577374 -0.740111 
-0.577054 -0.738307 
-0.576765 -0.736456 
-0.576506 -0.734555 
-0.576278 -0.732607 
-0.576081 -0.730610 
-0.575915 -0.728565 
-0.575779 -0.726471 
-0.575675 -0.724329 
-0.575602 -0.722139 
-0.575559 -0.719899 
-0.575548 -0.717612 
-0.575568 -0.715275 
-0.575618 -0.712890 
-0.575700 -0.710456 
-0.575812 -0.707974 
-0.575955 -0.705442 
-0.576129 -0.702862 
-0.576334 -0.700232 
-0.576569 -0.697554 
-0.576834 -0.694826 
-0.577130 -0.692049 
-0.577456 -0.689222 
-0.577813 -0.686347 
-0.578199 -0.683421 
-0.578614 -0.680447 
-0.579060 -0.677422 
-0.579534 -0.674348 
-0.580038 -0.671224 
-0.580570 -0.668050 
-0.581131 -0.664826 
-0.581721 -0.661552 
-0.582338 -0.658227 
-0.582983 -0.654853 
-0.583656 -0.651428 
-0.584355 -0.647952 
-0.585082 -0.644426 
-0.585834 -0.640850 
-0.586613 -0.637223 
-0.587417 -0.633545 
-0.588246 -0.629816 
-0.589100 -0.626036 
-0.589977 -0.622205 
-0.590879 -0.618324 
-0.591804 -0.614391 
-0.592751 -0.610407 
-0.593721 -0.606371 
-0.594711 -0.602285 
-0.595723 -0.598147 
-0.596755 -0.593957 
-0.597807 -0.589717 
-0.598878 -0.585425 
-0.599967 -0.581081 
-0.601073 -0.576687 
-0.602197 -0.572240 
-0.603337 -0.567743 
-0.604492 -0.563194 
-0.605661 -0.558594 
-0.606844 -0.553942 
-0.608040 -0.549240 
-0.609249 -0.544486 
-0.610468 -0.539681 
-0.611698 -0.534826 
-0.612937 -0.529919 
-0.614184 -0.524963 
-0.615439 -0.519955 
-0.616700 -0.514897 
-0.617966 -0.509790 
-0.619237 -0.504632 
-0.620511 -0.499425 
-0.621788 -0.494168 
-0.623066 -0.488862 
-0.624343 -0.483507 
-0.625620 -0.478104 
-0.626894 -0.472653 
-0.628165 -0.467153 
-0.629432 -0.461607 
-0.630692 -0.456013 
-0.631946 -0.450373 
-0.633191 -0.444687 
-0.634427 -0.438955 
-0.635652 -0.433179 
-0.636866 -0.427357 
-0.638066 -0.421492 
-0.639251 -0.415584 
-0.640421 -0.409633 
-0.641573 -0.403640 
-0.642708 -0.397606 
-0.643822 -0.391532 
-0.644916 -0.385418 
-0.645987 -0.379265 
-0.647034 -0.373075 
-0.648057 -0.366847 
-0.649054 -0.360583 
-0.650023 -0.354284 
-0.650963 -0.347951 
-0.651873 -0.341586 
-0.652753 -0.335188 
-0.653599 -0.328759 
-0.654412 -0.322301 
-0.655191 -0.315815 
-0.655933 -0.309301 
-0.656638 -0.302761 
-0.657304 -0.296197 
-0.657932 -0.289610 
-0.658519 -0.283002 
-0.659064 -0.276373 
-0.659567 -0.269725 
-0.660027 -0.263060 
-0.660443 -0.256380 
-0.660813 -0.249685 
-0.661138 -0.242978 
-0.661416 -0.236261 
-0.661646 -0.229535 
-0.661829 -0.222802 
-0.661963 -0.216063 
-0.662048 -0.209321 
-0.662083 -0.202577 
-0.662068 -0.195834 
-0.662003 -0.189093 
-0.661888 -0.182357 
-0.661722 -0.175627 
-0.661505 -0.168905 
-0.661237 -0.162193 
-0.660918 -0.155495 
-0.660549 -0.148810 
-0.660129 -0.142143 
-0.659658 -0.135495 
-0.659138 -0.128867 
-0.658569 -0.122263 
-0.657950 -0.115685 
-0.657284 -0.109135 
-0.656569 -0.102614 
-0.655808 -0.096126 
-0.655002 -0.089673 
-0.654150 -0.083256 
-0.653255 -0.076878 
-0.652316 -0.070542 
-0.651337 -0.064249 
-0.650317 -0.058003 
-0.649259 -0.051804 
-0.648164 -0.045656 
-0.647033 -0.039560 
-0.645868 -0.033519 
-0.644671 -0.027535 
-0.643443 -0.021610 
-0.642187 -0.015747 
-0.640905 -0.009946 
-0.639598 -0.004211 
-0.638269 0.001456 
-0.636919 0.007054 
-0.635552 0.012580 
-0.634169 0.018034 
-0.632772 0.023411 
-0.631365 0.028712 
-0.629949 0.033934 
-0.628527 0.039075 
-0.627102 0.044134 
-0.625675 0.049109 
-0.624250 0.053998 
-0.622829 0.058800 
-0.621415 0.063513 
-0.620010 0.068137 
-0.618618 0.072669 
-0.617239 0.077108 
-0.615878 0.081453 
-0.614537 0.085703 
-0.613218 0.089857 
-0.611924 0.093914 
-0.610658 0.097872 
-0.609422 0.101731 
-0.608218 0.105490 
-0.607050 0.109148 
-0.605918 0.112704 
-0.604827 0.116158 
-0.603778 0.119508 
-0.602773 0.122755 
-0.601814 0.125897 
-0.600905 0.128935 
-0.600046 0.131867 
-0.599239 0.134694 
-0.598488 0.137415 
-0.597793 0.140030 
-0.597156 0.142538 
-0.596579 0.144939 
-0.596064 0.147234 
-0.595611 0.149422 
-0.595223 0.151502 
-0.594901 0.153476 
-0.594645 0.155342 
-0.594458 0.157102 
-0.594339 0.158754 
-0.594291 0.160300 
-0.594313 0.161738 
-0.594407 0.163070 
-0.594573 0.164296 
-0.594811 0.165415 
-0.595122 0.166428 
-0.595507 0.167335 
-0.595966 0.168136 
-0.596498 0.168833 
-0.597104 0.169424 
-0.597783 0.169910 
-0.598536 0.170293 
-0.599362 0.170571 
-0.600262 0.170746 
-0.601233 0.170817 
-0.602276 0.170786 
-0.603391 0.170652 
-0.604576 0.170416 
-0.605831 0.170079 
-0.607155 0.169641 
-0.608547 0.169103 
-0.610006 0.168464 
-0.611530 0.167726 
-0.613120 0.166889 
-0.614773 0.165953 
-0.616488 0.164920 
-0.618264 0.163789 
-0.620100 0.162562 
-0.621994 0.161239 
-0.623944 0.159820 
-0.625949 0.158307 
-0.628008 0.156700 
-0.630118 0.154999 
-0.632279 0.153205 
-0.634488 0.151320 
-0.636743 0.149343 
-0.639044 0.147276 
-0.641387 0.145119 
-0.643772 0.142873 
-0.646196 0.140539 
-0.648657 0.138118 
-0.651155 0.135610 
-0.653686 0.133017 
-0.656248 0.130339 
-0.658841 0.127578 
-0.661461 0.124733 
-0.664108 0.121807 
-0.666779 0.118800 
-0.669472 0.115713 
-0.672185 0.112546 
-0.674916 0.109302 
-0.677664 0.105981 
-0.680426 0.102584 
-0.683201 0.099112 
-0.685986 0.095566 
-0.688780 0.091947 
-0.691581 0.088257 
-0.694387 0.084496 
-0.697196 0.080666 
-0.700007 0.076768 
-0.702817 0.072802 
-0.705625 0.068771 
-0.708430 0.064674 
-0.711228 0.060514 
-0.714020 0.056292 
-0.716802 0.052008 
-0.719574 0.047664 
-0.722333 0.043261 
-0.725079 0.038801 
-0.727809 0.034284 
-0.730522 0.029711 
-0.733217 0.025085 
-0.735892 0.020406 
-0.738546 0.015675 
-0.741176 0.010893 
-0.743783 0.006063 
-0.746364 0.001185 
-0.748919 -0.003741 
-0.751446 -0.008711 
-0.753943 -0.013726 
-0.756410 -0.018784 
-0.758845 -0.023884 
-0.761248 -0.029025 
-0.763616 -0.034205 
-0.765950 -0.039423 
-0.768248 -0.044679 
-0.770509 -0.049970 
-0.772732 -0.055296 
-0.774916 -0.060655 
-0.777060 -0.066047 
-0.779164 -0.071470 
-0.781227 -0.076922 
-0.783247 -0.082404 
-0.785224 -0.087913 
-0.787158 -0.093449 
-0.789047 -0.099010 
-0.790892 -0.104595 
-0.792691 -0.110204 
-0.794443 -0.115834 
-0.796149 -0.121486 
-0.797808 -0.127157 
-0.799419 -0.132847 
-0.800982 -0.138555 
-0.802496 -0.144279 
-0.803961 -0.150019 
-0.805377 -0.155773 
-0.806743 -0.161541 
-0.808059 -0.167321 
-0.809325 -0.173113 
-0.810540 -0.178915 
-0.811705 -0.184726 
-0.812819 -0.190546 
-0.813882 -0.196373 
-0.814893 -0.202206 
-0.815854 -0.208045 
-0.816763 -0.213889 
-0.817620 -0.219736 
-0.818427 -0.225585 
-0.819182 -0.231436 
-0.819885 -0.237288 
-0.820538 -0.243140 
-0.821139 -0.248991 
-0.821689 -0.254840 
-0.822188 -0.260686 
-0.822636 -0.266528 
-0.823034 -0.272365 
-0.823381 -0.278197 
-0.823678 -0.284023 
-0.823925 -0.289841 
-0.824123 -0.295651 
-0.824270 -0.301453 
-0.824369 -0.307244 
-0.824419 -0.313025 
-0.824420 -0.318795 
-0.824374 -0.324553 
-0.824279 -0.330298 
-0.824137 -0.336029 
-0.823948 -0.341745 
-0.823713 -0.347447 
-0.823431 -0.353132 
-0.823103 -0.358800 
-0.822731 -0.364451 
-0.822313 -0.370084 
-0.821851 -0.375698 
-0.821346 -0.381292 
-0.820797 -0.386865 
-0.820205 -0.392418 
-0.819571 -0.397948 
-0.818895 -0.403456 
-0.818178 -0.408941 
-0.817420 -0.414402 
-0.816622 -0.419839 
-0.815785 -0.425250 
-0.814909 -0.430635 
-0.813994 -0.435994 
