0.838429 1.155562 
0.853744 1.070981 
0.856103 0.980179 
0.845684 0.891855 
0.821925 0.813901 
0.783790 0.750923 
0.730327 0.704133 
0.661661 0.672763 
0.580321 0.655517 
0.492100 0.651440 
0.405157 0.660263 
0.327301 0.682408 
0.263506 0.718748 
0.215460 0.770094 
0.182754 0.836275 
0.164268 0.914937 
0.159090 1.000700 
0.166904 1.085878 
0.188030 1.162881 
0.223199 1.226608 
0.273059 1.275059 
0.337333 1.308366 
0.413705 1.327473 
0.497071 1.333227 
0.580162 1.325961 
0.655705 1.305440 
0.718646 1.271074 
0.766830 1.222388 
0.800178 1.159814 
0.819477 1.085691 
0.825506 1.004891 
0.818609 0.924259 
0.798642 0.850658 
0.765168 0.788968 
0.717904 0.741411 
0.657436 0.708228 
0.586083 0.688766 
0.508419 0.682307 
0.430742 0.688471 
0.359407 0.707283 
0.299057 0.738998 
0.251960 0.783707 
0.218526 0.840735 
0.198241 0.907937 
0.190419 0.981282 
0.194601 1.055244 
0.210642 1.124121 
0.238579 1.183519 
0.278335 1.231045 
0.329273 1.266035 
0.389682 1.288814 
0.456429 1.300034 
0.525140 1.300276 
0.591022 1.289913 
0.649984 1.269163 
0.699395 1.238257 
0.738131 1.197701 
0.766152 1.148578 
0.783964 1.092809 
0.792230 1.033190 
0.791560 0.973100 
0.782456 0.915911 
0.765355 0.864363 
0.740726 0.820208 
0.709188 0.784205 
0.671627 0.756375 
0.629279 0.736292 
0.583728 0.723335 
0.536810 0.716835 
0.490402 0.716144 
0.446205 0.720651 
0.405542 0.729770 
0.369271 0.742917 
0.337798 0.759488 
0.311157 0.778847 
0.289122 0.800323 
0.271305 0.823225 
0.257240 0.846853 
0.246428 0.870540 
0.238377 0.893667 
0.232615 0.915697 
0.228704 0.936186 
0.226243 0.954784 
0.224869 0.971242 
0.224261 0.985390 
0.224143 0.997125 
0.224283 1.006389 
0.224497 1.013166 
0.224650 1.017443 
0.224656 1.019228 
0.224479 1.018523 
0.224134 1.015326 
0.223687 1.009640 
0.223253 1.001468 
0.222991 0.990824 
0.223111 0.977753 
0.223863 0.962336 
0.225540 0.944709 
0.228473 0.925087 
0.233031 0.903769 
0.239619 0.881142 
0.248673 0.857692 
0.260654 0.833985 
0.276037 0.810645 
0.295293 0.788331 
0.318842 0.767711 
0.347006 0.749432 
0.379920 0.734110 
0.417436 0.722323 
0.459022 0.714617 
0.503709 0.711525 
0.550100 0.713591 
0.596501 0.721386 
0.641106 0.735522 
0.682220 0.756628 
0.718425 0.785282 
0.748647 0.821857 
0.772131 0.866284 
0.788362 0.917782 
0.796947 0.974628 
0.797507 1.034189 
0.789588 1.093254 
0.772624 1.148624 
0.745976 1.197657 
0.709105 1.238537 
0.661912 1.270244 
0.605213 1.292319 
0.541188 1.304580 
0.473432 1.306886 
0.406413 1.298952 
0.344462 1.280284 
0.290881 1.250235 
0.247625 1.208272 
0.215513 1.154496 
0.194681 1.090325 
0.185027 1.019017 
0.186535 0.945482 
0.199462 0.875204 
0.224369 0.812817 
0.261948 0.761271 
0.312543 0.721857 
0.375396 0.694765 
0.447819 0.679718 
0.524968 0.676440 
0.600742 0.684947 
0.669485 0.705656 
0.727334 0.739287 
0.772493 0.786474 
0.804650 0.847015 
0.824205 0.918914 
0.831654 0.997764 
0.827215 1.077288 
0.810656 1.151090 
0.781311 1.214439 
0.738373 1.264933 
0.681538 1.302032 
0.611990 1.326176 
0.533314 1.338050 
0.451463 1.338117 
0.373274 1.326377 
0.304380 1.302320 
0.248013 1.265091 
0.205177 1.213971 
0.175534 1.149248 
0.158268 1.073275 
0.152664 0.991021 
0.158419 0.909246 
0.175766 0.834441 
0.205428 0.771017 
0.248336 0.720870 
0.305011 0.684064 
0.374587 0.659799 
0.453845 0.647135 
0.537081 0.645413 
0.617456 0.654462 
0.689148 0.674652 
0.748723 0.706803 
0.795103 0.751857 
0.828696 0.810242 
0.850508 0.880920 
0.861527 0.960514 
0.862408 1.043341 
0.853317 1.122828 
0.833905 1.193547 
0.803390 1.252410 
0.760821 1.298554 
0.705613 1.332498 
0.638357 1.355312 
0.561668 1.368057 
0.480397 1.371496 
0.400636 1.365962 
0.327899 1.351319 
0.265733 1.326993 
0.215494 1.292125 
0.176976 1.245879 
0.149216 1.187994 
0.131081 1.119516 
0.121608 1.043402 
0.120155 0.964419 
0.126471 0.888039 
0.140699 0.818893 
0.163342 0.759779 
0.195150 0.711639 
0.236898 0.674135 
0.289007 0.646315 
0.351003 0.627085 
0.420990 0.615479 
0.495489 0.610786 
0.569986 0.612594 
0.640073 0.620801 
0.702492 0.635602 
0.755564 0.657449 
0.798970 0.686964 
0.833244 0.724785 
0.859305 0.771322 
0.878136 0.826404 
0.890609 0.888908 
0.897406 0.956547 
0.898994 1.026059 
0.895619 1.093839 
0.887317 1.156743 
0.873927 1.212649 
0.855124 1.260575 
0.830466 1.300454 
0.799468 1.332783 
0.761727 1.358324 
0.717098 1.377889 
0.665903 1.392229 
0.609126 1.401972 
0.548491 1.407609 
0.486315 1.409487 
0.425141 1.407818 
0.367279 1.402687 
0.314445 1.394061 
0.267626 1.381804 
0.227149 1.365687 
0.192858 1.345421 
0.164313 1.320682 
0.140940 1.291164 
0.122142 1.256650 
0.107361 1.217102 
0.096107 1.172763 
0.087971 1.124244 
0.082628 1.072562 
0.079832 1.019093 
0.079410 0.965423 
0.081259 0.913133 
0.085342 0.863596 
0.091677 0.817829 
0.100339 0.776448 
0.111452 0.739703 
0.125182 0.707557 
0.141729 0.679782 
0.161318 0.656044 
0.184176 0.635960 
0.210513 0.619143 
0.240483 0.605233 
0.274145 0.593901 
0.311415 0.584865 
0.352017 0.577885 
0.395454 0.572767 
0.441003 0.569354 
0.487751 0.567533 
0.534675 0.567223 
0.580744 0.568381 
0.625024 0.570996 
0.666759 0.575089 
0.705411 0.580713 
0.740669 0.587954 
0.772413 0.596925 
0.800680 0.607773 
0.825613 0.620672 
0.847425 0.635824 
0.866361 0.653450 
0.882676 0.673786 
0.896621 0.697069 
0.908430 0.723513 
0.918314 0.753288 
0.926461 0.786475 
0.933030 0.823033 
0.938157 0.862748 
0.941949 0.905209 
0.944491 0.949789 
0.945842 0.995675 
0.946038 1.041927 
0.945090 1.087564 
0.942983 1.131667 
0.939679 1.173460 
0.935112 1.212361 
0.929189 1.248003 
0.921786 1.280211 
0.912747 1.308974 
0.901884 1.334402 
0.888974 1.356682 
0.873760 1.376050 
0.855953 1.392759 
0.835240 1.407066 
0.811296 1.419216 
0.783812 1.429434 
0.752524 1.437926 
0.717266 1.444870 
0.678032 1.450421 
0.635042 1.454709 
0.588793 1.457840 
0.540084 1.459896 
0.489979 1.460937 
0.439709 1.461000 
0.390529 1.460100 
0.343573 1.458229 
0.299736 1.455355 
0.259617 1.451423 
0.223525 1.446353 
0.191516 1.440036 
0.163464 1.432336 
0.139117 1.423086 
0.118158 1.412085 
0.100238 1.399103 
0.085012 1.383872 
0.072149 1.366098 
0.061345 1.345465 
0.052329 1.321645 
0.044859 1.294331 
0.038725 1.263261 
0.033747 1.228277 
0.029771 1.189376 
0.026666 1.146777 
0.024324 1.100972 
0.022653 1.052742 
0.021581 1.003118 
0.021049 0.953296 
0.021009 0.904489 
0.021426 0.857796 
0.022276 0.814085 
0.023542 0.773939 
0.025214 0.737661 
0.027289 0.705313 
0.029771 0.676776 
0.032667 0.651811 
0.035987 0.630113 
0.039748 0.611348 
0.043965 0.595180 
0.048656 0.581291 
0.053841 0.569383 
0.059540 0.559190 
0.065769 0.550476 
0.072545 0.543031 
0.079881 0.536675 
0.087786 0.531250 
0.096264 0.526621 
0.105312 0.522670 
0.114921 0.519298 
0.125073 0.516419 
0.135740 0.513961 
0.146887 0.511860 
0.158466 0.510062 
0.170420 0.508524 
0.182682 0.507206 
0.195174 0.506075 
0.207812 0.505104 
0.220502 0.504269 
0.233147 0.503550 
0.245643 0.502931 
0.257886 0.502398 
0.269772 0.501939 
0.281196 0.501544 
0.292061 0.501207 
0.302270 0.500919 
0.311736 0.500677 
0.320377 0.500476 
0.328117 0.500313 
0.334892 0.500186 
0.340643 0.500092 
0.345319 0.500031 
0.348877 0.500003 
0.351283 0.500006 
0.352507 0.500040 
0.352530 0.500107 
0.351339 0.500206 
0.348928 0.500339 
0.345300 0.500508 
0.340467 0.500714 
0.334449 0.500960 
0.327278 0.501251 
0.318998 0.501589 
0.309662 0.501981 
0.299338 0.502435 
0.288108 0.502959 
0.276066 0.503565 
0.263317 0.504268 
0.249980 0.505085 
0.236182 0.506038 
0.222057 0.507156 
0.207746 0.508472 
0.193385 0.510029 
0.179114 0.511877 
0.165061 0.514080 
0.151350 0.516717 
0.138088 0.519884 
0.125371 0.523700 
0.113280 0.528313 
0.101879 0.533904 
0.091216 0.540696 
0.081326 0.548967 
0.072229 0.559056 
0.063935 0.571383 
0.056444 0.586454 
0.049750 0.604882 
0.043845 0.627387 
0.038721 0.654791 
0.034372 0.687977 
0.030803 0.727801 
0.028029 0.774923 
0.026088 0.829548 
0.025043 0.891109 
0.024992 0.958007 
0.026082 1.027610 
0.028526 1.096658 
0.032615 1.161962 
0.038751 1.221076 
0.047474 1.272626 
0.059502 1.316244 
0.075775 1.352275 
0.097501 1.381454 
0.126181 1.404649 
0.163572 1.422703 
0.211515 1.436339 
0.271486 1.446123 
0.343792 1.452433 
0.426529 1.455448 
0.515019 1.455122 
0.602623 1.451161 
0.682930 1.442982 
0.751777 1.429657 
0.807769 1.409851 
0.851515 1.381774 
0.884562 1.343200 
0.908627 1.291700 
0.925185 1.225302 
0.935299 1.143807 
0.939566 1.050433 
0.938083 0.952414 
0.930426 0.858965 
0.915616 0.777544 
0.892072 0.711611 
0.857611 0.661119 
0.809622 0.624233 
0.745663 0.598732 
0.664830 0.582748 
0.569775 0.575059 
0.467956 0.575169 
0.369809 0.583336 
0.284273 0.600570 
0.215666 0.628629 
0.164087 0.669906 
0.127510 0.727006 
0.103530 0.801642 
0.090239 0.892669 
0.086554 0.994123 
0.092301 1.095724 
0.108200 1.186999 
0.135811 1.261631 
0.177373 1.318243 
0.235295 1.358417 
0.310960 1.384573 
0.402695 1.398751 
0.503955 1.402132 
0.604201 1.394916 
0.693225 1.376344 
0.765203 1.344817 
0.819094 1.298185 
0.856549 1.234487 
0.879857 1.153456 
0.890826 1.058574 
0.890351 0.958076 
0.878330 0.862681 
0.853737 0.781039 
0.814849 0.717029 
0.759752 0.670549 
0.687465 0.639710 
0.599728 0.622501 
0.502611 0.617594 
0.405833 0.624613 
0.319092 0.644122 
0.248344 0.677453 
0.195144 0.726297 
0.158369 0.791836 
0.136132 0.873235 
0.126908 0.965967 
0.130007 1.061599 
0.145651 1.150426 
0.174844 1.225283 
0.219035 1.283228 
0.279398 1.324515 
0.355550 1.350715 
0.443968 1.363373 
0.537360 1.363358 
0.626460 1.350691 
0.703534 1.324620 
0.764635 1.283918 
0.809210 1.227506 
