-0.056643 -0.987169 
-0.046866 -0.989931 
-0.037151 -0.992543 
-0.027500 -0.995006 
-0.017915 -0.997324 
-0.008397 -0.999498 
0.001053 -1.001531 
0.010432 -1.003426 
0.019741 -1.005185 
0.028977 -1.006812 
0.038140 -1.008308 
0.047228 -1.009676 
0.056241 -1.010920 
0.065176 -1.012042 
0.074034 -1.013045 
0.082813 -1.013931 
0.091512 -1.014705 
0.100130 -1.015367 
0.108666 -1.015922 
0.117120 -1.016372 
0.125489 -1.016721 
0.133775 -1.016970 
0.141975 -1.017124 
0.150089 -1.017185 
0.158116 -1.017155 
0.166056 -1.017038 
0.173907 -1.016836 
0.181668 -1.016553 
0.189340 -1.016192 
0.196921 -1.015754 
0.204411 -1.015243 
0.211809 -1.014662 
0.219114 -1.014013 
0.226326 -1.013300 
0.233444 -1.012524 
0.240468 -1.011689 
0.247396 -1.010798 
0.254229 -1.009852 
0.260966 -1.008854 
0.267606 -1.007807 
0.274149 -1.006714 
0.280595 -1.005576 
0.286942 -1.004397 
0.293191 -1.003179 
0.299340 -1.001924 
0.305391 -1.000634 
0.311341 -0.999312 
0.317191 -0.997960 
0.322941 -0.996579 
0.328590 -0.995174 
0.334138 -0.993744 
0.339584 -0.992293 
0.344929 -0.990823 
0.350171 -0.989335 
0.355311 -0.987831 
0.360349 -0.986314 
0.365284 -0.984786 
0.370116 -0.983247 
0.374844 -0.981700 
0.379470 -0.980147 
0.383992 -0.978589 
0.388410 -0.977028 
0.392724 -0.975465 
0.396935 -0.973903 
0.401041 -0.972343 
0.405044 -0.970786 
0.408942 -0.969233 
0.412736 -0.967687 
0.416426 -0.966148 
0.420011 -0.964618 
0.423492 -0.963099 
0.426868 -0.961590 
0.430140 -0.960095 
0.433308 -0.958613 
0.436371 -0.957147 
0.439329 -0.955696 
0.442183 -0.954263 
0.444933 -0.952848 
0.447578 -0.951453 
0.450119 -0.950077 
0.452556 -0.948724 
0.454889 -0.947392 
0.457117 -0.946083 
0.459241 -0.944798 
0.461261 -0.943538 
0.463177 -0.942303 
0.464989 -0.941095 
0.466697 -0.939913 
0.468302 -0.938759 
0.469803 -0.937633 
0.471200 -0.936536 
0.472493 -0.935469 
0.473683 -0.934431 
0.474770 -0.933424 
0.475753 -0.932448 
0.476633 -0.931503 
0.477410 -0.930590 
0.478084 -0.929709 
0.478655 -0.928860 
0.479123 -0.928045 
0.479488 -0.927262 
0.479750 -0.926513 
0.479910 -0.925798 
0.479967 -0.925116 
0.479921 -0.924468 
0.479773 -0.923854 
0.479523 -0.923275 
0.479170 -0.922730 
0.478715 -0.922219 
0.478158 -0.921743 
0.477498 -0.921300 
0.476737 -0.920893 
0.475873 -0.920519 
0.474907 -0.920179 
0.473839 -0.919874 
0.472669 -0.919602 
0.471397 -0.919363 
0.470023 -0.919158 
0.468547 -0.918986 
0.466969 -0.918846 
0.465289 -0.918739 
0.463507 -0.918664 
0.461624 -0.918621 
0.459638 -0.918609 
0.457550 -0.918627 
0.455360 -0.918676 
0.453068 -0.918754 
0.450674 -0.918861 
0.448178 -0.918997 
0.445580 -0.919161 
0.442879 -0.919351 
0.440077 -0.919568 
0.437172 -0.919811 
0.434164 -0.920079 
0.431055 -0.920370 
0.427843 -0.920685 
0.424528 -0.921022 
0.421111 -0.921380 
0.417591 -0.921758 
0.413968 -0.922156 
0.410243 -0.922572 
0.406414 -0.923005 
0.402483 -0.923453 
0.398449 -0.923917 
0.394312 -0.924394 
0.390071 -0.924882 
0.385728 -0.925382 
0.381281 -0.925891 
0.376731 -0.926408 
0.372077 -0.926931 
0.367320 -0.927460 
0.362460 -0.927991 
0.357495 -0.928525 
0.352428 -0.929058 
0.347256 -0.929589 
0.341981 -0.930117 
0.336602 -0.930640 
0.331120 -0.931156 
0.325534 -0.931662 
0.319844 -0.932157 
0.314050 -0.932638 
0.308152 -0.933105 
0.302151 -0.933553 
0.296046 -0.933982 
0.289838 -0.934389 
0.283526 -0.934772 
0.277110 -0.935127 
0.270591 -0.935454 
0.263969 -0.935748 
0.257244 -0.936009 
0.250415 -0.936232 
0.243484 -0.936416 
0.236450 -0.936557 
0.229313 -0.936654 
0.222075 -0.936702 
0.214734 -0.936699 
0.207291 -0.936643 
0.199747 -0.936529 
0.192102 -0.936356 
0.184356 -0.936119 
0.176510 -0.935817 
0.168563 -0.935445 
0.160517 -0.935000 
0.152371 -0.934480 
0.144127 -0.933880 
0.135785 -0.933197 
0.127345 -0.932428 
0.118808 -0.931570 
0.110174 -0.930619 
0.101445 -0.929571 
0.092621 -0.928423 
0.083702 -0.927171 
0.074690 -0.925813 
0.065586 -0.924343 
0.056390 -0.922758 
0.047104 -0.921056 
0.037727 -0.919232 
0.028263 -0.917282 
0.018711 -0.915204 
0.009073 -0.912992 
-0.000649 -0.910645 
-0.010455 -0.908157 
-0.020342 -0.905526 
-0.030310 -0.902748 
-0.040356 -0.899820 
-0.050479 -0.896737 
-0.060677 -0.893497 
-0.070948 -0.890096 
-0.081289 -0.886531 
-0.091699 -0.882798 
-0.102175 -0.878895 
-0.112715 -0.874818 
-0.123316 -0.870564 
-0.133976 -0.866130 
-0.144691 -0.861513 
-0.155458 -0.856710 
-0.166275 -0.851719 
-0.177137 -0.846537 
-0.188042 -0.841162 
-0.198986 -0.835591 
-0.209964 -0.829821 
-0.220973 -0.823851 
-0.232009 -0.817679 
-0.243067 -0.811303 
-0.254142 -0.804721 
-0.265230 -0.797932 
-0.276325 -0.790934 
-0.287423 -0.783726 
-0.298519 -0.776307 
-0.309605 -0.768677 
-0.320678 -0.760834 
-0.331730 -0.752778 
-0.342756 -0.744509 
-0.353750 -0.736028 
-0.364704 -0.727333 
-0.375612 -0.718426 
-0.386467 -0.709307 
-0.397263 -0.699978 
-0.407991 -0.690439 
-0.418645 -0.680692 
-0.429217 -0.670738 
-0.439700 -0.660580 
-0.450085 -0.650220 
-0.460365 -0.639660 
-0.470532 -0.628903 
-0.480578 -0.617953 
-0.490494 -0.606812 
-0.500273 -0.595485 
-0.509907 -0.583975 
-0.519386 -0.572286 
-0.528704 -0.560424 
-0.537852 -0.548392 
-0.546822 -0.536197 
-0.555606 -0.523843 
-0.564195 -0.511336 
-0.572583 -0.498683 
-0.580761 -0.485888 
-0.588723 -0.472960 
-0.596460 -0.459903 
-0.603965 -0.446726 
-0.611233 -0.433435 
-0.618256 -0.420038 
-0.625027 -0.406543 
-0.631541 -0.392956 
-0.637793 -0.379286 
-0.643776 -0.365541 
-0.649486 -0.351728 
-0.654918 -0.337857 
-0.660068 -0.323935 
-0.664932 -0.309972 
-0.669507 -0.295975 
-0.673790 -0.281953 
-0.677779 -0.267915 
-0.681472 -0.253869 
-0.684868 -0.239824 
-0.687965 -0.225789 
-0.690763 -0.211773 
-0.693263 -0.197784 
-0.695465 -0.183831 
-0.697371 -0.169923 
-0.698983 -0.156067 
-0.700302 -0.142273 
-0.701332 -0.128550 
-0.702077 -0.114905 
-0.702541 -0.101346 
-0.702727 -0.087883 
-0.702642 -0.074523 
-0.702290 -0.061274 
-0.701679 -0.048144 
-0.700815 -0.035140 
-0.699704 -0.022271 
-0.698355 -0.009544 
-0.696775 0.003034 
-0.694974 0.015455 
-0.692959 0.027713 
-0.690740 0.039802 
-0.688327 0.051713 
-0.685729 0.063442 
-0.682958 0.074981 
-0.680022 0.086326 
-0.676934 0.097469 
-0.673703 0.108407 
-0.670342 0.119133 
-0.666861 0.129643 
-0.663273 0.139933 
-0.659588 0.149997 
-0.655818 0.159832 
-0.651975 0.169434 
-0.648071 0.178800 
-0.644117 0.187926 
-0.640125 0.196811 
-0.636107 0.205450 
-0.632075 0.213842 
-0.628039 0.221985 
-0.624012 0.229877 
-0.620004 0.237517 
-0.616026 0.244905 
-0.612089 0.252038 
-0.608203 0.258916 
-0.604380 0.265539 
-0.600628 0.271907 
-0.596958 0.278020 
-0.593379 0.283878 
-0.589900 0.289482 
-0.586530 0.294832 
-0.583278 0.299929 
-0.580151 0.304774 
-0.577157 0.309368 
-0.574304 0.313712 
-0.571599 0.317807 
-0.569047 0.321654 
-0.566656 0.325255 
-0.564430 0.328611 
-0.562376 0.331723 
-0.560498 0.334593 
-0.558801 0.337221 
-0.557289 0.339610 
-0.555964 0.341759 
-0.554832 0.343671 
-0.553893 0.345346 
-0.553151 0.346785 
-0.552608 0.347990 
-0.552265 0.348960 
-0.552123 0.349697 
-0.552183 0.350201 
-0.552444 0.350473 
-0.552907 0.350513 
-0.553572 0.350321 
-0.554436 0.349898 
-0.555499 0.349243 
-0.556759 0.348357 
-0.558214 0.347239 
-0.559860 0.345889 
-0.561695 0.344308 
-0.563716 0.342493 
-0.565918 0.340446 
-0.568298 0.338165 
-0.570851 0.335651 
-0.573572 0.332902 
-0.576456 0.329918 
-0.579498 0.326698 
-0.582692 0.323243 
-0.586030 0.319552 
-0.589508 0.315623 
-0.593118 0.311457 
-0.596854 0.307054 
-0.600707 0.302413 
-0.604670 0.297534 
-0.608736 0.292417 
-0.612896 0.287063 
-0.617143 0.281471 
-0.621467 0.275642 
-0.625860 0.269576 
-0.630313 0.263274 
-0.634817 0.256738 
-0.639363 0.249967 
-0.643941 0.242964 
-0.648543 0.235730 
-0.653159 0.228266 
-0.657778 0.220575 
-0.662392 0.212658 
-0.666991 0.204518 
-0.671565 0.196157 
-0.676104 0.187578 
-0.680599 0.178784 
-0.685039 0.169777 
-0.689416 0.160562 
-0.693719 0.151142 
-0.697939 0.141520 
-0.702067 0.131700 
-0.706094 0.121686 
-0.710009 0.111482 
-0.713805 0.101094 
-0.717472 0.090525 
-0.721001 0.079779 
-0.724384 0.068863 
-0.727613 0.057780 
-0.730680 0.046535 
-0.733577 0.035135 
-0.736295 0.023584 
-0.738829 0.011887 
-0.741170 0.000049 
-0.743313 -0.011922 
-0.745250 -0.024023 
-0.746976 -0.036248 
-0.748484 -0.048590 
-0.749770 -0.061044 
-0.750828 -0.073604 
-0.751653 -0.086265 
-0.752241 -0.099020 
-0.752588 -0.111863 
-0.752690 -0.124789 
-0.752544 -0.137792 
-0.752147 -0.150865 
-0.751496 -0.164002 
-0.750589 -0.177198 
-0.749424 -0.190446 
-0.748000 -0.203741 
-0.746316 -0.217075 
-0.744371 -0.230443 
-0.742165 -0.243839 
-0.739697 -0.257256 
-0.736968 -0.270688 
-0.733979 -0.284130 
-0.730731 -0.297575 
-0.727225 -0.311016 
-0.723462 -0.324448 
-0.719446 -0.337864 
-0.715178 -0.351259 
-0.710660 -0.364626 
-0.705897 -0.377959 
-0.700890 -0.391253 
-0.695643 -0.404501 
-0.690160 -0.417697 
-0.684446 -0.430835 
-0.678503 -0.443910 
-0.672336 -0.456916 
-0.665950 -0.469848 
-0.659350 -0.482699 
-0.652540 -0.495465 
-0.645526 -0.508140 
-0.638312 -0.520719 
-0.630904 -0.533197 
-0.623308 -0.545569 
-0.615529 -0.557830 
-0.607572 -0.569975 
-0.599444 -0.582001 
-0.591150 -0.593901 
-0.582696 -0.605673 
-0.574088 -0.617312 
-0.565332 -0.628814 
-0.556433 -0.640176 
-0.547399 -0.651393 
-0.538235 -0.662463 
-0.528946 -0.673381 
-0.519539 -0.684146 
-0.510021 -0.694753 
-0.500396 -0.705201 
-0.490670 -0.715486 
-0.480850 -0.725606 
-0.470942 -0.735559 
-0.460951 -0.745342 
-0.450882 -0.754954 
-0.440742 -0.764392 
-0.430535 -0.773655 
-0.420267 -0.782742 
-0.409945 -0.791651 
-0.399571 -0.800380 
-0.389153 -0.808929 
-0.378695 -0.817297 
-0.368201 -0.825483 
-0.357677 -0.833486 
-0.347128 -0.841306 
-0.336557 -0.848941 
-0.325970 -0.856393 
-0.315370 -0.863660 
-0.304763 -0.870743 
-0.294151 -0.877642 
-0.283539 -0.884356 
-0.272931 -0.890887 
-0.262331 -0.897234 
-0.251741 -0.903399 
-0.241167 -0.909380 
-0.230610 -0.915181 
-0.220075 -0.920801 
-0.209564 -0.926240 
-0.199081 -0.931501 
-0.188628 -0.936584 
-0.178208 -0.941491 
-0.167824 -0.946223 
-0.157479 -0.950781 
-0.147174 -0.955166 
-0.136913 -0.959381 
-0.126698 -0.963427 
-0.116530 -0.967305 
-0.106412 -0.971018 
-0.096347 -0.974567 
-0.086335 -0.977955 
-0.076380 -0.981183 
-0.066482 -0.984254 
