0.621115 0.733835 
0.620901 0.740125 
0.620298 0.746394 
0.619312 0.752613 
0.617936 0.758759 
0.615916 0.765018 
0.614028 0.770725 
0.611529 0.776510 
0.608408 0.782338 
0.605459 0.787544 
0.601921 0.792764 
0.598067 0.797739 
0.593628 0.802690 
0.589452 0.806938 
0.584726 0.811111 
0.579761 0.814989 
0.574555 0.818543 
0.569148 0.821765 
0.563543 0.824648 
0.558046 0.826965 
0.551865 0.829325 
0.545556 0.831305 
0.539700 0.832512 
0.533498 0.833524 
0.527247 0.834146 
0.520974 0.834377 
0.514979 0.834023 
0.508734 0.833470 
0.502541 0.832521 
0.496424 0.831187 
0.490130 0.829650 
0.485061 0.827010 
0.482873 0.822211 
0.477562 0.819222 
0.467536 0.819101 
0.462632 0.815426 
0.459055 0.810731 
0.460054 0.802966 
0.459689 0.795970 
0.450682 0.794426 
0.443070 0.791886 
0.436625 0.788569 
0.433715 0.783003 
0.437016 0.773593 
0.434814 0.767654 
0.430573 0.763091 
0.426987 0.758216 
0.424333 0.752912 
0.422333 0.747365 
0.421517 0.741258 
0.421345 0.734959 
0.421561 0.728660 
0.422693 0.722056 
0.423444 0.715987 
0.424838 0.709825 
0.426603 0.703752 
0.428485 0.697975 
0.431249 0.692010 
0.434113 0.686363 
0.437061 0.681095 
0.440842 0.675678 
0.444455 0.670849 
0.448839 0.665909 
0.453041 0.661614 
0.457736 0.657395 
0.462935 0.653336 
0.467873 0.649943 
0.473270 0.646694 
0.479084 0.643623 
0.484832 0.641098 
0.490720 0.638925 
0.496728 0.637125 
0.503070 0.635531 
0.509020 0.634718 
0.515250 0.634104 
0.521503 0.633870 
0.527755 0.634038 
0.534219 0.634409 
0.540400 0.635380 
0.546274 0.636939 
0.554133 0.637005 
0.558175 0.640784 
0.565795 0.641586 
0.576268 0.639956 
0.582127 0.642675 
0.584038 0.649182 
0.591832 0.650415 
0.604255 0.647222 
0.601238 0.658743 
0.602787 0.665825 
0.610946 0.666815 
0.613795 0.672645 
0.610982 0.683606 
0.614097 0.688967 
0.619018 0.692498 
0.616267 0.702889 
0.618001 0.708932 
0.619361 0.715068 
0.620340 0.721282 
0.620926 0.727547 
0.621115 0.733835 
