0.462693 1.333359 
0.512554 1.332773 
0.561502 1.327671 
0.608025 1.317997 
0.650880 1.303650 
0.689184 1.284512 
0.722421 1.260491 
0.750386 1.231569 
0.773084 1.197877 
0.790649 1.159757 
0.803257 1.117829 
0.811081 1.073017 
0.814253 1.026528 
0.812849 0.979755 
0.806894 0.934138 
0.796365 0.890996 
0.781218 0.851404 
0.761420 0.816128 
0.736981 0.785622 
0.708012 0.760084 
0.674776 0.739534 
0.637740 0.723881 
0.597611 0.712993 
0.555334 0.706735 
0.512050 0.704996 
0.469002 0.707700 
0.427416 0.714803 
0.388381 0.726279 
0.352764 0.742104 
0.321176 0.762217 
0.293981 0.786498 
0.271342 0.814719 
0.253279 0.846514 
0.239725 0.881345 
0.230570 0.918497 
0.225695 0.957095 
0.224989 0.996153 
0.228353 1.034649 
0.235702 1.071613 
0.246947 1.106203 
0.261985 1.137751 
0.280674 1.165790 
0.302812 1.190034 
0.328117 1.210349 
0.356207 1.226720 
0.386592 1.239202 
0.418677 1.247899 
0.451782 1.252934 
0.485178 1.254441 
0.518129 1.252555 
0.549945 1.247412 
0.580019 1.239157 
0.607862 1.227949 
0.633112 1.213969 
0.655533 1.197429 
0.674999 1.178578 
0.691478 1.157710 
0.705005 1.135160 
0.715667 1.111302 
0.723583 1.086541 
0.728892 1.061299 
0.731747 1.035995 
0.732309 1.011031 
0.730745 0.986776 
0.727225 0.963545 
0.721925 0.941597 
0.715024 0.921129 
0.706708 0.902275 
0.697165 0.885111 
0.686589 0.869662 
0.675174 0.855913 
0.663115 0.843812 
0.650604 0.833281 
0.637826 0.824227 
0.624958 0.816540 
0.612165 0.810102 
0.599599 0.804792 
0.587396 0.800489 
0.575674 0.797069 
0.564534 0.794416 
0.554063 0.792414 
0.544329 0.790955 
0.535386 0.789938 
0.527275 0.789267 
0.520026 0.788855 
0.513662 0.788626 
0.508197 0.788509 
0.503639 0.788444 
0.499995 0.788382 
0.497269 0.788283 
0.495462 0.788117 
0.494579 0.787864 
0.494622 0.787516 
0.495595 0.787074 
0.497504 0.786550 
0.500354 0.785968 
0.504149 0.785360 
0.508893 0.784770 
0.514586 0.784252 
0.521224 0.783869 
0.528798 0.783696 
0.537288 0.783813 
0.546666 0.784313 
0.556890 0.785294 
0.567904 0.786862 
0.579633 0.789131 
0.591990 0.792220 
0.604863 0.796251 
0.618126 0.801351 
0.631634 0.807648 
0.645225 0.815269 
0.658723 0.824336 
0.671944 0.834965 
0.684694 0.847258 
0.696773 0.861299 
0.707985 0.877146 
0.718132 0.894821 
0.727021 0.914302 
0.734466 0.935516 
0.740285 0.958326 
0.744303 0.982531 
0.746350 1.007862 
0.746260 1.033987 
0.743870 1.060522 
0.739021 1.087045 
0.731557 1.113117 
0.721330 1.138298 
0.708208 1.162171 
0.692083 1.184355 
0.672892 1.204511 
0.650630 1.222352 
0.625379 1.237638 
0.597329 1.250170 
0.566800 1.259785 
0.534246 1.266345 
0.500251 1.269722 
0.465504 1.269798 
0.430759 1.266450 
0.396775 1.259553 
0.364277 1.248976 
0.333901 1.234595 
0.306174 1.216309 
0.281506 1.194063 
0.260193 1.167889 
0.242433 1.137942 
0.228356 1.104541 
0.218040 1.068203 
0.211541 1.029643 
0.208906 0.989749 
0.210194 0.949525 
0.215484 0.909998 
0.224875 0.872138 
0.238483 0.836780 
0.256423 0.804580 
0.278782 0.776005 
0.305573 0.751352 
0.336683 0.730778 
0.371821 0.714342 
0.410466 0.702040 
0.451846 0.693844 
0.494967 0.689723 
0.538675 0.689669 
0.581771 0.693705 
0.623128 0.701895 
0.661787 0.714336 
0.697020 0.731149 
0.728336 0.752449 
0.755458 0.778307 
0.778283 0.808693 
0.796819 0.843418 
0.811148 0.882072 
0.821378 0.923981 
0.827616 0.968210 
0.829946 1.013616 
0.828410 1.058950 
0.823006 1.102989 
0.813681 1.144659 
0.800340 1.183117 
0.782864 1.217786 
0.761132 1.248337 
0.735061 1.274642 
0.704656 1.296726 
0.670070 1.314706 
0.631656 1.328745 
0.590013 1.339019 
0.545986 1.345694 
0.500629 1.348902 
0.455109 1.348735 
0.410590 1.345239 
0.368113 1.338412 
0.328510 1.328205 
0.292367 1.314532 
0.260027 1.297286 
0.231623 1.276355 
0.207135 1.251657 
0.186438 1.223171 
0.169345 1.190985 
0.155647 1.155334 
0.145132 1.116638 
0.137607 1.075512 
0.132905 1.032754 
0.130892 0.989287 
0.131474 0.946083 
0.134594 0.904067 
0.140229 0.864042 
0.148396 0.826632 
0.159136 0.792262 
0.172517 0.761170 
0.188615 0.733437 
0.207511 0.709019 
0.229265 0.687791 
0.253905 0.669578 
0.281399 0.654180 
0.311637 0.641390 
0.344405 0.631010 
0.379378 0.622857 
0.416110 0.616768 
0.454059 0.612603 
0.492605 0.610245 
0.531101 0.609602 
0.568915 0.610603 
0.605480 0.613201 
0.640322 0.617366 
0.673081 0.623090 
0.703517 0.630380 
0.731496 0.639254 
0.756979 0.649744 
0.779996 0.661887 
0.800633 0.675724 
0.819010 0.691295 
0.835267 0.708631 
0.849553 0.727753 
0.862018 0.748657 
0.872807 0.771318 
0.882058 0.795671 
0.889897 0.821616 
0.896437 0.849005 
0.901782 0.877646 
0.906022 0.907305 
0.909234 0.937708 
0.911486 0.968556 
0.912836 0.999532 
0.913329 1.030324 
0.913003 1.060630 
0.911889 1.090178 
0.910007 1.118732 
0.907370 1.146099 
0.903987 1.172134 
0.899859 1.196733 
0.894979 1.219838 
0.889339 1.241422 
0.882923 1.261491 
0.875712 1.280074 
0.867684 1.297218 
0.858812 1.312983 
0.849068 1.327437 
0.838421 1.340652 
0.826840 1.352705 
0.814295 1.363668 
0.800756 1.373615 
0.786196 1.382614 
0.770594 1.390732 
0.753933 1.398030 
0.736207 1.404565 
0.717419 1.410389 
0.697585 1.415549 
0.676737 1.420089 
0.654923 1.424047 
0.632208 1.427459 
0.608679 1.430353 
0.584439 1.432759 
0.559611 1.434697 
0.534333 1.436188 
0.508755 1.437248 
0.483036 1.437890 
0.457341 1.438124 
0.431833 1.437955 
0.406668 1.437389 
0.381994 1.436425 
0.357944 1.435060 
0.334636 1.433290 
0.312167 1.431106 
0.290617 1.428496 
0.270046 1.425446 
0.250496 1.421937 
0.231993 1.417949 
0.214546 1.413456 
0.198152 1.408431 
0.182799 1.402842 
0.168464 1.396653 
0.155117 1.389826 
0.142724 1.382316 
0.131247 1.374078 
0.120644 1.365062 
0.110873 1.355213 
0.101892 1.344477 
0.093658 1.332794 
0.086129 1.320105 
0.079263 1.306351 
0.073022 1.291473 
0.067368 1.275418 
0.062265 1.258138 
0.057679 1.239595 
0.053578 1.219764 
0.049933 1.198638 
0.046715 1.176229 
0.043899 1.152577 
0.041461 1.127750 
0.039380 1.101846 
0.037635 1.074998 
0.036209 1.047368 
0.035084 1.019150 
0.034248 0.990559 
0.033687 0.961825 
0.033389 0.933189 
0.033346 0.904885 
0.033549 0.877137 
0.033992 0.850148 
0.034668 0.824094 
0.035575 0.799122 
0.036710 0.775343 
0.038071 0.752838 
0.039657 0.731657 
0.041468 0.711819 
0.043508 0.693324 
0.045776 0.676149 
0.048277 0.660255 
0.051014 0.645595 
0.053990 0.632109 
0.057211 0.619733 
0.060682 0.608402 
0.064406 0.598046 
0.068389 0.588598 
0.072635 0.579991 
0.077150 0.572161 
0.081937 0.565046 
0.086999 0.558589 
0.092340 0.552733 
0.097960 0.547427 
0.103861 0.542624 
0.110040 0.538278 
0.116497 0.534349 
0.123225 0.530799 
0.130219 0.527592 
0.137471 0.524696 
0.144969 0.522082 
0.152702 0.519724 
0.160652 0.517596 
0.168803 0.515676 
0.177132 0.513945 
0.185619 0.512383 
0.194235 0.510974 
0.202955 0.509703 
0.211747 0.508557 
0.220580 0.507523 
0.229419 0.506591 
0.238230 0.505750 
0.246975 0.504992 
0.255618 0.504310 
0.264122 0.503696 
0.272447 0.503144 
0.280558 0.502649 
0.288416 0.502207 
0.295986 0.501813 
0.303232 0.501465 
0.310122 0.501158 
0.316622 0.500891 
0.322703 0.500662 
0.328337 0.500469 
0.333495 0.500310 
0.338155 0.500184 
0.342293 0.500092 
0.345889 0.500031 
0.348925 0.500003 
0.351385 0.500006 
0.353253 0.500040 
0.354518 0.500106 
0.355170 0.500205 
0.355200 0.500336 
0.354603 0.500500 
0.353375 0.500699 
0.351513 0.500933 
0.349020 0.501204 
0.345898 0.501513 
0.342153 0.501862 
0.337794 0.502253 
0.332832 0.502690 
0.327284 0.503175 
0.321167 0.503712 
0.314502 0.504306 
0.307316 0.504963 
0.299637 0.505688 
0.291498 0.506490 
0.282935 0.507376 
0.273989 0.508358 
0.264701 0.509447 
0.255120 0.510657 
0.245292 0.512004 
0.235268 0.513507 
0.225101 0.515188 
0.214843 0.517072 
0.204547 0.519187 
0.194266 0.521567 
0.184052 0.524250 
0.173953 0.527281 
0.164016 0.530710 
0.154287 0.534595 
0.144805 0.539004 
0.135609 0.544013 
0.126731 0.549710 
0.118201 0.556196 
0.110046 0.563585 
0.102287 0.572006 
0.094943 0.581607 
0.088030 0.592553 
0.081562 0.605027 
0.075550 0.619232 
0.070005 0.635386 
0.064936 0.653722 
0.060353 0.674477 
0.056269 0.697882 
0.052696 0.724148 
0.049652 0.753433 
0.047160 0.785824 
0.045246 0.821289 
0.043948 0.859652 
0.043309 0.900556 
0.043388 0.943458 
0.044255 0.987640 
0.045998 1.032260 
0.048725 1.076422 
0.052565 1.119262 
0.057673 1.160028 
0.064236 1.198130 
0.072472 1.233169 
0.082638 1.264926 
0.095029 1.293336 
0.109979 1.318455 
0.127862 1.340416 
0.149078 1.359397 
0.174036 1.375598 
0.203123 1.389212 
0.236650 1.400417 
0.274788 1.409364 
0.317475 1.416166 
0.364331 1.420898 
0.414592 1.423588 
0.467113 1.424217 
0.520451 1.422712 
0.573034 1.418948 
0.623375 1.412741 
0.670258 1.403849 
0.712836 1.391971 
0.750654 1.376752 
0.783581 1.357787 
0.811723 1.334645 
0.835331 1.306900 
0.854714 1.274187 
0.870192 1.236287 
0.882048 1.193224 
0.890508 1.145388 
0.895728 1.093618 
0.897783 1.039221 
0.896665 0.983870 
0.892282 0.929400 
0.884464 0.877536 
0.872963 0.829666 
0.857468 0.786720 
0.837621 0.749165 
0.813047 0.717098 
0.783405 0.690364 
0.748458 0.668672 
0.708177 0.651687 
0.662846 0.639095 
0.613173 0.630641 
0.560329 0.626152 
0.505900 0.625547 
0.451711 0.628843 
0.399574 0.636142 
0.351034 0.647631 
0.307209 0.663554 
0.268748 0.684196 
0.235890 0.709832 
0.208586 0.740679 
0.186613 0.776806 
0.169681 0.818039 
0.157507 0.863864 
0.149856 0.913352 
0.146575 0.965166 
0.147597 1.017661 
0.152946 1.069083 
0.162721 1.117803 
0.177086 1.162514 
0.196234 1.202330 
0.220355 1.236780 
0.249574 1.265723 
0.283885 1.289245 
0.323061 1.307547 
0.366572 1.320867 
0.413530 1.329418 
