-0.226730 -1.010875 
-0.211162 -1.017412 
-0.195695 -1.023588 
-0.180334 -1.029408 
-0.165084 -1.034877 
-0.149950 -1.040002 
-0.134935 -1.044787 
-0.120043 -1.049238 
-0.105278 -1.053363 
-0.090643 -1.057166 
-0.076141 -1.060656 
-0.061773 -1.063839 
-0.047544 -1.066721 
-0.033455 -1.069311 
-0.019509 -1.071616 
-0.005706 -1.073643 
0.007950 -1.075401 
0.021458 -1.076896 
0.034816 -1.078139 
0.048023 -1.079135 
0.061077 -1.079895 
0.073977 -1.080425 
0.086722 -1.080735 
0.099309 -1.080832 
0.111738 -1.080726 
0.124008 -1.080424 
0.136116 -1.079934 
0.148062 -1.079266 
0.159846 -1.078427 
0.171464 -1.077425 
0.182917 -1.076269 
0.194203 -1.074966 
0.205322 -1.073524 
0.216271 -1.071952 
0.227051 -1.070256 
0.237660 -1.068445 
0.248096 -1.066525 
0.258360 -1.064504 
0.268451 -1.062389 
0.278367 -1.060187 
0.288108 -1.057905 
0.297672 -1.055550 
0.307060 -1.053127 
0.316271 -1.050644 
0.325303 -1.048106 
0.334157 -1.045519 
0.342832 -1.042890 
0.351327 -1.040224 
0.359643 -1.037526 
0.367778 -1.034803 
0.375732 -1.032059 
0.383506 -1.029298 
0.391099 -1.026528 
0.398510 -1.023751 
0.405740 -1.020972 
0.412788 -1.018197 
0.419655 -1.015429 
0.426341 -1.012673 
0.432845 -1.009933 
0.439168 -1.007212 
0.445309 -1.004514 
0.451269 -1.001843 
0.457048 -0.999203 
0.462647 -0.996596 
0.468065 -0.994027 
0.473302 -0.991498 
0.478360 -0.989012 
0.483238 -0.986572 
0.487937 -0.984180 
0.492456 -0.981841 
0.496797 -0.979555 
0.500959 -0.977325 
0.504944 -0.975154 
0.508751 -0.973044 
0.512381 -0.970997 
0.515833 -0.969015 
0.519110 -0.967099 
0.522211 -0.965252 
0.525136 -0.963475 
0.527886 -0.961769 
0.530461 -0.960137 
0.532862 -0.958579 
0.535089 -0.957097 
0.537142 -0.955692 
0.539022 -0.954365 
0.540729 -0.953117 
0.542264 -0.951949 
0.543626 -0.950862 
0.544817 -0.949856 
0.545837 -0.948932 
0.546685 -0.948091 
0.547362 -0.947333 
0.547869 -0.946658 
0.548206 -0.946067 
0.548373 -0.945560 
0.548369 -0.945138 
0.548196 -0.944799 
0.547854 -0.944544 
0.547343 -0.944373 
0.546662 -0.944286 
0.545813 -0.944282 
0.544794 -0.944361 
0.543608 -0.944523 
0.542252 -0.944767 
0.540728 -0.945092 
0.539036 -0.945498 
0.537175 -0.945983 
0.535146 -0.946548 
0.532948 -0.947191 
0.530582 -0.947910 
0.528048 -0.948706 
0.525345 -0.949576 
0.522473 -0.950519 
0.519433 -0.951535 
0.516225 -0.952620 
0.512847 -0.953774 
0.509301 -0.954996 
0.505586 -0.956283 
0.501702 -0.957633 
0.497648 -0.959045 
0.493425 -0.960516 
0.489033 -0.962045 
0.484471 -0.963628 
0.479739 -0.965265 
0.474838 -0.966951 
0.469766 -0.968685 
0.464524 -0.970465 
0.459112 -0.972286 
0.453529 -0.974146 
0.447776 -0.976043 
0.441851 -0.977973 
0.435756 -0.979933 
0.429490 -0.981919 
0.423053 -0.983928 
0.416445 -0.985957 
0.409666 -0.988001 
0.402715 -0.990057 
0.395593 -0.992121 
0.388300 -0.994188 
0.380836 -0.996255 
0.373201 -0.998317 
0.365394 -1.000369 
0.357416 -1.002407 
0.349268 -1.004426 
0.340948 -1.006420 
0.332458 -1.008386 
0.323798 -1.010317 
0.314968 -1.012207 
0.305967 -1.014053 
0.296797 -1.015847 
0.287458 -1.017585 
0.277949 -1.019259 
0.268273 -1.020863 
0.258428 -1.022393 
0.248415 -1.023840 
0.238235 -1.025198 
0.227889 -1.026461 
0.217376 -1.027621 
0.206698 -1.028672 
0.195855 -1.029606 
0.184848 -1.030416 
0.173677 -1.031095 
0.162343 -1.031635 
0.150847 -1.032028 
0.139189 -1.032267 
0.127371 -1.032343 
0.115393 -1.032249 
0.103257 -1.031977 
0.090962 -1.031518 
0.078510 -1.030864 
0.065903 -1.030008 
0.053141 -1.028940 
0.040225 -1.027653 
0.027157 -1.026139 
0.013938 -1.024389 
0.000569 -1.022394 
-0.012947 -1.020148 
-0.026610 -1.017641 
-0.040417 -1.014866 
-0.054367 -1.011814 
-0.068457 -1.008479 
-0.082685 -1.004851 
-0.097048 -1.000924 
-0.111543 -0.996690 
-0.126168 -0.992142 
-0.140919 -0.987272 
-0.155792 -0.982074 
-0.170783 -0.976540 
-0.185889 -0.970665 
-0.201103 -0.964442 
-0.216421 -0.957864 
-0.231838 -0.950926 
-0.247347 -0.943623 
-0.262943 -0.935948 
-0.278617 -0.927897 
-0.294362 -0.919464 
-0.310172 -0.910646 
-0.326035 -0.901438 
-0.341945 -0.891836 
-0.357891 -0.881836 
-0.373863 -0.871435 
-0.389849 -0.860630 
-0.405839 -0.849419 
-0.421820 -0.837799 
-0.437780 -0.825769 
-0.453705 -0.813327 
-0.469581 -0.800474 
-0.485394 -0.787207 
-0.501128 -0.773528 
-0.516768 -0.759437 
-0.532297 -0.744936 
-0.547699 -0.730026 
-0.562955 -0.714709 
-0.578047 -0.698990 
-0.592958 -0.682871 
-0.607667 -0.666357 
-0.622156 -0.649453 
-0.636404 -0.632164 
-0.650390 -0.614497 
-0.664094 -0.596459 
-0.677495 -0.578058 
-0.690571 -0.559302 
-0.703300 -0.540200 
-0.715660 -0.520762 
-0.727629 -0.500998 
-0.739185 -0.480919 
-0.750306 -0.460536 
-0.760968 -0.439861 
-0.771151 -0.418907 
-0.780830 -0.397686 
-0.789986 -0.376212 
-0.798595 -0.354498 
-0.806636 -0.332557 
-0.814089 -0.310404 
-0.820933 -0.288053 
-0.827148 -0.265518 
-0.832714 -0.242813 
-0.837613 -0.219952 
-0.841829 -0.196951 
-0.845343 -0.173822 
-0.848141 -0.150581 
-0.850209 -0.127243 
-0.851533 -0.103821 
-0.852103 -0.080330 
-0.851907 -0.056785 
-0.850938 -0.033202 
-0.849189 -0.009595 
-0.846654 0.014020 
-0.843330 0.037626 
-0.839215 0.061206 
-0.834309 0.084743 
-0.828615 0.108219 
-0.822135 0.131613 
-0.814875 0.154908 
-0.806841 0.178081 
-0.798044 0.201111 
-0.788492 0.223976 
-0.778198 0.246650 
-0.767176 0.269112 
-0.755441 0.291335 
-0.743008 0.313293 
-0.729898 0.334960 
-0.716128 0.356310 
-0.701720 0.377315 
-0.686697 0.397948 
-0.671082 0.418181 
-0.654899 0.437987 
-0.638175 0.457339 
-0.620937 0.476210 
-0.603213 0.494575 
-0.585032 0.512408 
-0.566424 0.529684 
-0.547419 0.546381 
-0.528050 0.562476 
-0.508347 0.577950 
-0.488343 0.592782 
-0.468070 0.606955 
-0.447561 0.620454 
-0.426847 0.633264 
-0.405961 0.645374 
-0.384936 0.656773 
-0.363801 0.667454 
-0.342590 0.677410 
-0.321331 0.686638 
-0.300054 0.695137 
-0.278789 0.702906 
-0.257563 0.709948 
-0.236404 0.716268 
-0.215337 0.721874 
-0.194388 0.726773 
-0.173582 0.730978 
-0.152941 0.734501 
-0.132489 0.737357 
-0.112246 0.739562 
-0.092234 0.741135 
-0.072471 0.742097 
-0.052977 0.742469 
-0.033769 0.742273 
-0.014866 0.741534 
0.003718 0.740279 
0.021967 0.738532 
0.039867 0.736322 
0.057402 0.733677 
0.074562 0.730626 
0.091332 0.727198 
0.107704 0.723423 
0.123665 0.719331 
0.139207 0.714953 
0.154320 0.710319 
0.168997 0.705460 
0.183232 0.700405 
0.197017 0.695184 
0.210348 0.689827 
0.223220 0.684364 
0.235630 0.678822 
0.247576 0.673229 
0.259054 0.667614 
0.270064 0.662003 
0.280606 0.656421 
0.290679 0.650893 
0.300285 0.645444 
0.309424 0.640096 
0.318099 0.634873 
0.326312 0.629794 
0.334066 0.624880 
0.341363 0.620151 
0.348207 0.615624 
0.354601 0.611317 
0.360550 0.607244 
0.366057 0.603422 
0.371125 0.599863 
0.375759 0.596580 
0.379961 0.593585 
0.383736 0.590887 
0.387087 0.588497 
0.390017 0.586423 
0.392528 0.584670 
0.394624 0.583246 
0.396306 0.582155 
0.397576 0.581401 
0.398435 0.580986 
0.398885 0.580913 
0.398926 0.581181 
0.398558 0.581791 
0.397782 0.582741 
0.396596 0.584028 
0.394999 0.585648 
0.392991 0.587597 
0.390569 0.589870 
0.387732 0.592458 
0.384477 0.595355 
0.380802 0.598553 
0.376705 0.602040 
0.372181 0.605806 
0.367229 0.609839 
0.361845 0.614127 
0.356027 0.618655 
0.349771 0.623409 
0.343075 0.628373 
0.335935 0.633530 
0.328351 0.638862 
0.320319 0.644351 
0.311837 0.649977 
0.302905 0.655720 
0.293520 0.661559 
0.283684 0.667471 
0.273394 0.673435 
0.262654 0.679425 
0.251462 0.685419 
0.239822 0.691391 
0.227736 0.697316 
0.215206 0.703167 
0.202238 0.708920 
0.188834 0.714546 
0.175001 0.720018 
0.160745 0.725310 
0.146072 0.730393 
0.130990 0.735240 
0.115507 0.739824 
0.099632 0.744116 
0.083374 0.748090 
0.066743 0.751718 
0.049751 0.754973 
0.032409 0.757830 
0.014728 0.760261 
-0.003278 0.762243 
-0.021596 0.763752 
-0.040212 0.764762 
-0.059112 0.765253 
-0.078280 0.765202 
-0.097702 0.764591 
-0.117359 0.763399 
-0.137235 0.761609 
-0.157313 0.759205 
-0.177573 0.756172 
-0.197997 0.752498 
-0.218564 0.748171 
-0.239254 0.743182 
-0.260046 0.737521 
-0.280916 0.731184 
-0.301842 0.724165 
-0.322801 0.716462 
-0.343767 0.708074 
-0.364716 0.699002 
-0.385621 0.689248 
-0.406458 0.678817 
-0.427198 0.667715 
-0.447814 0.655950 
-0.468279 0.643532 
-0.488566 0.630471 
-0.508645 0.616780 
-0.528489 0.602473 
-0.548070 0.587566 
-0.567361 0.572076 
-0.586332 0.556021 
-0.604959 0.539419 
-0.623212 0.522291 
-0.641067 0.504659 
-0.658496 0.486543 
-0.675477 0.467966 
-0.691982 0.448952 
-0.707990 0.429524 
-0.723478 0.409705 
-0.738423 0.389519 
-0.752805 0.368991 
-0.766604 0.348143 
-0.779801 0.327000 
-0.792377 0.305584 
-0.804317 0.283919 
-0.815604 0.262026 
-0.826223 0.239928 
-0.836162 0.217644 
-0.845407 0.195196 
-0.853949 0.172602 
-0.861777 0.149881 
-0.868882 0.127051 
-0.875258 0.104129 
-0.880899 0.081130 
-0.885802 0.058071 
-0.889962 0.034966 
-0.893379 0.011828 
-0.896054 -0.011327 
-0.897989 -0.034489 
-0.899185 -0.057643 
-0.899650 -0.080777 
-0.899388 -0.103880 
-0.898407 -0.126940 
-0.896717 -0.149944 
-0.894328 -0.172880 
-0.891251 -0.195738 
-0.887499 -0.218503 
-0.883086 -0.241165 
-0.878026 -0.263711 
-0.872334 -0.286129 
-0.866028 -0.308405 
-0.859124 -0.330528 
-0.851639 -0.352484 
-0.843592 -0.374261 
-0.835001 -0.395847 
-0.825884 -0.417227 
-0.816261 -0.438390 
-0.806152 -0.459323 
-0.795575 -0.480014 
-0.784550 -0.500451 
-0.773098 -0.520623 
-0.761238 -0.540517 
-0.748989 -0.560123 
-0.736372 -0.579431 
-0.723406 -0.598431 
-0.710111 -0.617112 
-0.696506 -0.635466 
-0.682610 -0.653485 
-0.668443 -0.671161 
-0.654022 -0.688485 
-0.639366 -0.705452 
-0.624495 -0.722054 
-0.609424 -0.738287 
-0.594172 -0.754145 
-0.578755 -0.769624 
-0.563191 -0.784719 
-0.547496 -0.799427 
-0.531685 -0.813745 
-0.515774 -0.827670 
-0.499777 -0.841200 
-0.483709 -0.854335 
-0.467585 -0.867072 
-0.451416 -0.879410 
-0.435217 -0.891351 
-0.418999 -0.902893 
-0.402774 -0.914038 
-0.386554 -0.924785 
-0.370350 -0.935137 
-0.354171 -0.945095 
-0.338028 -0.954661 
-0.321929 -0.963838 
-0.305884 -0.972627 
-0.289900 -0.981031 
-0.273986 -0.989055 
-0.258149 -0.996701 
-0.242395 -1.003973 
