0.225873 0.749069 
0.194430 0.798959 
0.172927 0.858310 
0.160706 0.925139 
0.157317 0.996041 
0.162607 1.066642 
0.176722 1.132587 
0.200028 1.190539 
0.232961 1.238633 
0.275777 1.276298 
0.328191 1.303767 
0.388955 1.321585 
0.455555 1.330270 
0.524314 1.330129 
0.591020 1.321205 
0.651886 1.303310 
0.704271 1.276128 
0.746859 1.239409 
0.779369 1.193243 
0.802093 1.138427 
0.815493 1.076793 
0.819952 1.011311 
0.815650 0.945745 
0.802556 0.883919 
0.780492 0.828924 
0.749274 0.782691 
0.708929 0.746040 
0.659984 0.719025 
0.603774 0.701331 
0.542623 0.692579 
0.479714 0.692496 
0.418602 0.700979 
0.362511 0.718063 
0.313792 0.743831 
0.273755 0.778246 
0.242846 0.820939 
0.220981 0.870956 
0.207851 0.926563 
0.203141 0.985240 
0.206630 1.043946 
0.218210 1.099627 
0.237834 1.149747 
0.265412 1.192601 
0.300663 1.227323 
0.342944 1.253690 
0.391077 1.271848 
0.443280 1.282096 
0.497252 1.284739 
0.550445 1.280024 
0.600453 1.268143 
0.645354 1.249282 
0.683882 1.223693 
0.715405 1.191798 
0.739775 1.154286 
0.757142 1.112198 
0.767799 1.066935 
0.772084 1.020197 
0.770323 0.973804 
0.762825 0.929490 
0.749896 0.888692 
0.731875 0.852436 
0.709174 0.821318 
0.682310 0.795565 
0.651938 0.775128 
0.618852 0.759788 
0.583967 0.749225 
0.548268 0.743082 
0.512743 0.740984 
0.478305 0.742558 
0.445720 0.747431 
0.415574 0.755231 
0.388251 0.765575 
0.363949 0.778074 
0.342708 0.792327 
0.324445 0.807927 
0.308993 0.824466 
0.296128 0.841541 
0.285594 0.858767 
0.277121 0.875789 
0.270439 0.892285 
0.265285 0.907974 
0.261408 0.922621 
0.258575 0.936035 
0.256572 0.948069 
0.255207 0.958612 
0.254311 0.967586 
0.253739 0.974935 
0.253372 0.980627 
0.253120 0.984640 
0.252915 0.986963 
0.252722 0.987590 
0.252530 0.986516 
0.252357 0.983745 
0.252249 0.979281 
0.252279 0.973135 
0.252544 0.965329 
0.253170 0.955900 
0.254305 0.944904 
0.256122 0.932428 
0.258813 0.918589 
0.262593 0.903541 
0.267694 0.887484 
0.274363 0.870661 
0.282857 0.853359 
0.293445 0.835900 
0.306385 0.818643 
0.321930 0.801965 
0.340296 0.786258 
0.361646 0.771916 
0.386058 0.759331 
0.413494 0.748879 
0.443756 0.740927 
0.476472 0.735832 
0.511070 0.733941 
0.546801 0.735602 
0.582776 0.741165 
0.618033 0.750986 
0.651609 0.765415 
0.682614 0.784775 
0.710277 0.809315 
0.733967 0.839145 
0.753192 0.874140 
0.767567 0.913844 
0.776786 0.957398 
0.780579 1.003526 
0.778674 1.050620 
0.770778 1.096914 
0.756568 1.140694 
0.735719 1.180491 
0.707975 1.215181 
0.673271 1.243996 
0.631897 1.266471 
0.584674 1.282345 
0.533061 1.291464 
0.479116 1.293695 
0.425260 1.288862 
0.373912 1.276716 
0.327144 1.256947 
0.286470 1.229252 
0.252819 1.193489 
0.226650 1.149890 
0.208114 1.099315 
0.197218 1.043441 
0.193957 0.984724 
0.198402 0.926099 
0.210747 0.870473 
0.231298 0.820244 
0.260384 0.777049 
0.298188 0.741770 
0.344472 0.714725 
0.398271 0.695892 
0.457669 0.685125 
0.519850 0.682301 
0.581503 0.687422 
0.639451 0.700657 
0.691205 0.722323 
0.735202 0.752790 
0.770725 0.792277 
0.797652 0.840560 
0.816178 0.896613 
0.826585 0.958377 
0.829087 1.022822 
0.823739 1.086427 
0.810396 1.145892 
0.788732 1.198720 
0.758341 1.243440 
0.718928 1.279478 
0.670612 1.306864 
0.614283 1.325928 
0.551887 1.337063 
0.486391 1.340580 
0.421344 1.336614 
0.360139 1.325084 
0.305380 1.305707 
0.258613 1.278065 
0.220431 1.241762 
0.190774 1.196675 
0.169244 1.143286 
0.155347 1.083011 
0.148657 1.018320 
0.148903 0.952484 
0.156018 0.888946 
0.170150 0.830629 
0.191630 0.779489 
0.220888 0.736467 
0.258301 0.701715 
0.303953 0.674907 
0.357335 0.655511 
0.417067 0.642978 
0.480821 0.636856 
0.545569 0.636851 
0.608145 0.642857 
0.665865 0.654962 
0.716923 0.673424 
0.760439 0.698622 
0.796271 0.730951 
0.824742 0.770670 
0.846391 0.817683 
0.861803 0.871304 
0.871502 0.930075 
0.875894 0.991787 
0.875239 1.053762 
0.869641 1.113329 
0.859053 1.168296 
0.843287 1.217218 
0.822057 1.259414 
0.795025 1.294804 
0.761896 1.323698 
0.722543 1.346599 
0.677154 1.364067 
0.626399 1.376630 
0.571509 1.384737 
0.514249 1.388737 
0.456701 1.388871 
0.400952 1.385268 
0.348764 1.377952 
0.301381 1.366851 
0.259479 1.351811 
0.223250 1.332619 
0.192542 1.309035 
0.166997 1.280839 
0.146160 1.247895 
0.129563 1.210227 
0.116764 1.168107 
0.107375 1.122119 
0.101073 1.073193 
0.097604 1.022557 
0.096783 0.971618 
0.098485 0.921790 
0.102650 0.874323 
0.109270 0.830176 
0.118387 0.789970 
0.130086 0.754002 
0.144485 0.722312 
0.161723 0.694751 
0.181947 0.671058 
0.205289 0.650912 
0.231846 0.633980 
0.261647 0.619934 
0.294618 0.608477 
0.330555 0.599342 
0.369098 0.592298 
0.409723 0.587155 
0.451760 0.583754 
0.494437 0.581972 
0.536938 0.581716 
0.578480 0.582924 
0.618374 0.585557 
0.656068 0.589605 
0.691175 0.595078 
0.723463 0.602008 
0.752838 0.610445 
0.779318 0.620457 
0.803000 0.632126 
0.824036 0.645545 
0.842604 0.660814 
0.858900 0.678034 
0.873117 0.697303 
0.885442 0.718704 
0.896048 0.742296 
0.905093 0.768099 
0.912719 0.796088 
0.919049 0.826169 
0.924191 0.858176 
0.928235 0.891862 
0.931256 0.926899 
0.933316 0.962885 
0.934461 0.999368 
0.934724 1.035866 
0.934127 1.071900 
0.932678 1.107022 
0.930372 1.140841 
0.927195 1.173039 
0.923119 1.203376 
0.918102 1.231697 
0.912095 1.257918 
0.905032 1.282015 
0.896836 1.304020 
0.887418 1.323997 
0.876678 1.342039 
0.864503 1.358256 
0.850769 1.372764 
0.835348 1.385683 
0.818104 1.397132 
0.798906 1.407225 
0.777628 1.416068 
0.754167 1.423760 
0.728449 1.430389 
0.700448 1.436038 
0.670200 1.440775 
0.637822 1.444663 
0.603522 1.447755 
0.567604 1.450093 
0.530470 1.451712 
0.492598 1.452638 
0.454521 1.452886 
0.416787 1.452464 
0.379924 1.451370 
0.344404 1.449595 
0.310620 1.447115 
0.278866 1.443901 
0.249342 1.439910 
0.222152 1.435089 
0.197322 1.429374 
0.174816 1.422685 
0.154549 1.414933 
0.136402 1.406013 
0.120238 1.395805 
0.105908 1.384177 
0.093261 1.370983 
0.082148 1.356064 
0.072427 1.339255 
0.063964 1.320389 
0.056634 1.299300 
0.050324 1.275843 
0.044930 1.249901 
0.040361 1.221409 
0.036533 1.190372 
0.033374 1.156888 
0.030820 1.121166 
0.028814 1.083541 
0.027308 1.044465 
0.026263 1.004495 
0.025641 0.964258 
0.025416 0.924400 
0.025564 0.885541 
0.026066 0.848228 
0.026910 0.812898 
0.028085 0.779868 
0.029586 0.749334 
0.031409 0.721378 
0.033557 0.695992 
0.036031 0.673098 
0.038837 0.652570 
0.041983 0.634248 
0.045476 0.617960 
0.049327 0.603525 
0.053546 0.590764 
0.058144 0.579507 
0.063132 0.569594 
0.068522 0.560876 
0.074321 0.553218 
0.080539 0.546498 
0.087181 0.540604 
0.094250 0.535439 
0.101748 0.530914 
0.109672 0.526951 
0.118013 0.523482 
0.126760 0.520444 
0.135895 0.517785 
0.145398 0.515457 
0.155239 0.513418 
0.165385 0.511632 
0.175796 0.510066 
0.186426 0.508694 
0.197225 0.507489 
0.208138 0.506432 
0.219103 0.505504 
0.230058 0.504688 
0.240936 0.503971 
0.251669 0.503340 
0.262187 0.502786 
0.272422 0.502301 
0.282305 0.501875 
0.291771 0.501504 
0.300755 0.501182 
0.309197 0.500905 
0.317041 0.500669 
0.324234 0.500472 
0.330727 0.500311 
0.336477 0.500185 
0.341445 0.500092 
0.345596 0.500031 
0.348900 0.500003 
0.351333 0.500006 
0.352870 0.500040 
0.353496 0.500107 
0.353200 0.500205 
0.351972 0.500338 
0.349809 0.500504 
0.346712 0.500707 
0.342689 0.500947 
0.337752 0.501227 
0.331919 0.501550 
0.325216 0.501920 
0.317673 0.502340 
0.309332 0.502818 
0.300240 0.503359 
0.290450 0.503971 
0.280027 0.504666 
0.269041 0.505455 
0.257569 0.506353 
0.245695 0.507378 
0.233507 0.508552 
0.221098 0.509900 
0.208561 0.511455 
0.195991 0.513252 
0.183480 0.515338 
0.171118 0.517764 
0.158989 0.520596 
0.147170 0.523909 
0.135732 0.527795 
0.124735 0.532363 
0.114232 0.537744 
0.104268 0.544093 
0.094876 0.551597 
0.086082 0.560477 
0.077907 0.570995 
0.070361 0.583461 
0.063454 0.598235 
0.057188 0.615733 
0.051568 0.636425 
0.046594 0.660821 
0.042274 0.689453 
0.038616 0.722822 
0.035638 0.761328 
0.033370 0.805155 
0.031854 0.854143 
0.031153 0.907651 
0.031356 0.964496 
0.032582 1.023003 
0.034991 1.081208 
0.038792 1.137170 
0.044257 1.189268 
0.051730 1.236389 
0.061650 1.277970 
0.074564 1.313912 
0.091143 1.344439 
0.112197 1.369966 
0.138662 1.390985 
0.171567 1.407984 
0.211920 1.421405 
0.260510 1.431607 
0.317573 1.438855 
0.382391 1.443305 
0.452967 1.444992 
0.526076 1.443822 
0.597845 1.439555 
0.664682 1.431790 
0.724053 1.419945 
0.774747 1.403240 
0.816659 1.380690 
0.850368 1.351119 
0.876752 1.313256 
0.896720 1.265937 
0.911052 1.208495 
0.920333 1.141326 
0.924907 1.066461 
0.924866 0.987707 
0.920037 0.909975 
0.909979 0.837944 
0.893974 0.774870 
0.871036 0.722190 
0.839962 0.679888 
0.799458 0.647135 
0.748439 0.622828 
0.686542 0.605936 
0.614810 0.595673 
0.536239 0.591576 
0.455624 0.593532 
0.378420 0.601778 
0.309157 0.616893 
0.250448 0.639762 
0.203011 0.671506 
0.166319 0.713303 
0.139309 0.766042 
0.120878 0.829747 
0.110157 0.902880 
0.106631 0.981905 
0.110181 1.061673 
0.121075 1.136753 
0.139935 1.202968 
0.167661 1.258148 
0.205286 1.301898 
0.253676 1.334882 
0.313042 1.358142 
0.382287 1.372656 
0.458478 1.379105 
0.536953 1.377785 
0.612353 1.368594 
0.680116 1.351069 
0.737475 1.324465 
0.783504 1.287921 
0.818520 1.240739 
0.843389 1.182860 
0.859027 1.115454 
0.866112 1.041391 
0.864966 0.965123 
0.855531 0.891747 
0.837410 0.825647 
0.809967 0.769563 
0.772502 0.724517 
0.724564 0.690339 
0.666412 0.666305 
0.599552 0.651623 
0.527071 0.645707 
0.453378 0.648300 
0.383249 0.659490 
0.320623 0.679655 
0.267880 0.709345 
