0.631663 0.724431 
0.631262 0.730955 
0.630223 0.737685 
0.628257 0.744820 
0.625650 0.752109 
0.623414 0.758609 
0.621568 0.764336 
0.619105 0.770143 
0.616020 0.775997 
0.613110 0.781229 
0.609340 0.786698 
0.605778 0.791489 
0.601379 0.796477 
0.597224 0.800761 
0.592530 0.804973 
0.587586 0.808892 
0.582409 0.812492 
0.577016 0.815759 
0.571436 0.818689 
0.565679 0.821259 
0.560055 0.823264 
0.553764 0.825300 
0.547921 0.826558 
0.541729 0.827626 
0.534934 0.828696 
0.528939 0.828785 
0.522671 0.828676 
0.516429 0.828177 
0.512145 0.825958 
0.508207 0.823169 
0.504093 0.820227 
0.500640 0.816535 
0.498968 0.811406 
0.493621 0.808502 
0.482245 0.809471 
0.474041 0.808022 
0.474489 0.800701 
0.475681 0.792736 
0.474958 0.785912 
0.466224 0.784357 
0.458344 0.782127 
0.451333 0.779260 
0.446225 0.775102 
0.452095 0.763913 
0.449822 0.758005 
0.445801 0.753346 
0.441924 0.748702 
0.439200 0.743436 
0.436885 0.738078 
0.435756 0.732141 
0.435236 0.725997 
0.435673 0.719520 
0.432650 0.715576 
0.430817 0.711191 
0.432165 0.705008 
0.433889 0.698909 
0.435741 0.693106 
0.438475 0.687113 
0.441290 0.681429 
0.444201 0.676124 
0.447953 0.670672 
0.451524 0.665798 
0.455871 0.660815 
0.460049 0.656475 
0.464700 0.652208 
0.469879 0.648103 
0.474776 0.644653 
0.480150 0.641355 
0.486170 0.638044 
0.491648 0.635648 
0.497523 0.633423 
0.503511 0.631570 
0.509830 0.629923 
0.515531 0.629256 
0.521977 0.628384 
0.528221 0.628101 
0.534466 0.628221 
0.540923 0.628540 
0.547106 0.629464 
0.558755 0.625748 
0.567289 0.625078 
0.571570 0.628584 
0.579190 0.629281 
0.589383 0.627684 
0.596430 0.629226 
0.599139 0.635034 
0.610623 0.632529 
0.623896 0.628230 
0.620602 0.640283 
0.617852 0.651643 
0.625545 0.652960 
0.628955 0.658279 
0.624887 0.670683 
0.629731 0.674389 
0.636850 0.675750 
0.630409 0.689906 
0.625622 0.702027 
0.628017 0.707247 
0.630025 0.712552 
0.631188 0.718367 
0.631663 0.724431 
