-0.949669 -0.009650 
-0.951663 -0.014960 
-0.953599 -0.020251 
-0.955479 -0.025522 
-0.957302 -0.030774 
-0.959069 -0.036005 
-0.960780 -0.041214 
-0.962436 -0.046402 
-0.964037 -0.051567 
-0.965582 -0.056709 
-0.967074 -0.061828 
-0.968511 -0.066922 
-0.969894 -0.071991 
-0.971224 -0.077034 
-0.972501 -0.082052 
-0.973726 -0.087042 
-0.974899 -0.092006 
-0.976020 -0.096942 
-0.977090 -0.101849 
-0.978109 -0.106728 
-0.979078 -0.111578 
-0.979998 -0.116397 
-0.980868 -0.121186 
-0.981690 -0.125945 
-0.982463 -0.130672 
-0.983189 -0.135367 
-0.983868 -0.140030 
-0.984500 -0.144659 
-0.985087 -0.149256 
-0.985628 -0.153819 
-0.986124 -0.158348 
-0.986575 -0.162842 
-0.986983 -0.167301 
-0.987348 -0.171725 
-0.987670 -0.176112 
-0.987950 -0.180463 
-0.988189 -0.184778 
-0.988387 -0.189055 
-0.988545 -0.193294 
-0.988663 -0.197496 
-0.988742 -0.201659 
-0.988783 -0.205783 
-0.988787 -0.209868 
-0.988753 -0.213914 
-0.988682 -0.217920 
-0.988576 -0.221885 
-0.988434 -0.225809 
-0.988257 -0.229693 
-0.988047 -0.233535 
-0.987803 -0.237336 
-0.987526 -0.241094 
-0.987217 -0.244810 
-0.986877 -0.248484 
-0.986505 -0.252114 
-0.986104 -0.255701 
-0.985672 -0.259244 
-0.985211 -0.262743 
-0.984722 -0.266198 
-0.984205 -0.269609 
-0.983661 -0.272974 
-0.983090 -0.276294 
-0.982493 -0.279569 
-0.981871 -0.282799 
-0.981223 -0.285982 
-0.980552 -0.289119 
-0.979856 -0.292209 
-0.979138 -0.295253 
-0.978398 -0.298249 
-0.977635 -0.301199 
-0.976851 -0.304101 
-0.976046 -0.306955 
-0.975222 -0.309761 
-0.974377 -0.312519 
-0.973514 -0.315228 
-0.972632 -0.317889 
-0.971732 -0.320501 
-0.970816 -0.323064 
-0.969882 -0.325578 
-0.968932 -0.328042 
-0.967966 -0.330456 
-0.966985 -0.332821 
-0.965990 -0.335136 
-0.964981 -0.337400 
-0.963958 -0.339614 
-0.962922 -0.341778 
-0.961873 -0.343890 
-0.960812 -0.345952 
-0.959740 -0.347963 
-0.958657 -0.349922 
-0.957564 -0.351830 
-0.956460 -0.353687 
-0.955347 -0.355492 
-0.954225 -0.357245 
-0.953094 -0.358946 
-0.951955 -0.360595 
-0.950809 -0.362192 
-0.949655 -0.363736 
-0.948494 -0.365228 
-0.947327 -0.366667 
-0.946155 -0.368053 
-0.944976 -0.369387 
-0.943793 -0.370668 
-0.942605 -0.371895 
-0.941413 -0.373069 
-0.940217 -0.374190 
-0.939018 -0.375258 
-0.937816 -0.376271 
-0.936611 -0.377232 
-0.935404 -0.378138 
-0.934195 -0.378991 
-0.932984 -0.379789 
-0.931772 -0.380534 
-0.930560 -0.381224 
-0.929347 -0.381860 
-0.928134 -0.382442 
-0.926921 -0.382969 
-0.925709 -0.383442 
-0.924497 -0.383860 
-0.923287 -0.384224 
-0.922078 -0.384533 
-0.920871 -0.384786 
-0.919666 -0.384985 
-0.918463 -0.385129 
-0.917263 -0.385217 
-0.916066 -0.385251 
-0.914871 -0.385229 
-0.913680 -0.385151 
-0.912493 -0.385018 
-0.911309 -0.384830 
-0.910130 -0.384586 
-0.908954 -0.384286 
-0.907783 -0.383930 
-0.906617 -0.383518 
-0.905456 -0.383051 
-0.904299 -0.382527 
-0.903147 -0.381947 
-0.902001 -0.381311 
-0.900860 -0.380618 
-0.899725 -0.379869 
-0.898595 -0.379064 
-0.897472 -0.378202 
-0.896354 -0.377283 
-0.895242 -0.376308 
-0.894136 -0.375276 
-0.893036 -0.374187 
-0.891942 -0.373041 
-0.890854 -0.371838 
-0.889773 -0.370577 
-0.888698 -0.369260 
-0.887629 -0.367885 
-0.886567 -0.366453 
-0.885511 -0.364963 
-0.884461 -0.363416 
-0.883417 -0.361811 
-0.882379 -0.360148 
-0.881347 -0.358428 
-0.880321 -0.356650 
-0.879301 -0.354814 
-0.878287 -0.352919 
-0.877279 -0.350967 
-0.876276 -0.348957 
-0.875278 -0.346888 
-0.874286 -0.344761 
-0.873298 -0.342576 
-0.872315 -0.340332 
-0.871337 -0.338030 
-0.870363 -0.335669 
-0.869394 -0.333250 
-0.868428 -0.330772 
-0.867466 -0.328235 
-0.866507 -0.325639 
-0.865550 -0.322985 
-0.864597 -0.320272 
-0.863646 -0.317500 
-0.862697 -0.314669 
-0.861749 -0.311779 
-0.860802 -0.308830 
-0.859857 -0.305822 
-0.858911 -0.302756 
-0.857965 -0.299630 
-0.857019 -0.296445 
-0.856072 -0.293202 
-0.855123 -0.289899 
-0.854171 -0.286537 
-0.853218 -0.283117 
-0.852261 -0.279637 
-0.851300 -0.276099 
-0.850334 -0.272502 
-0.849364 -0.268847 
-0.848388 -0.265132 
-0.847406 -0.261359 
-0.846416 -0.257528 
-0.845419 -0.253638 
-0.844414 -0.249690 
-0.843400 -0.245684 
-0.842375 -0.241619 
-0.841340 -0.237497 
-0.840294 -0.233317 
-0.839235 -0.229080 
-0.838164 -0.224785 
-0.837078 -0.220434 
-0.835978 -0.216025 
-0.834862 -0.211559 
-0.833730 -0.207037 
-0.832581 -0.202459 
-0.831413 -0.197825 
-0.830226 -0.193136 
-0.829019 -0.188391 
-0.827790 -0.183591 
-0.826540 -0.178737 
-0.825267 -0.173828 
-0.823969 -0.168866 
-0.822647 -0.163850 
-0.821298 -0.158781 
-0.819923 -0.153660 
-0.818519 -0.148486 
-0.817086 -0.143262 
-0.815623 -0.137986 
-0.814128 -0.132660 
-0.812602 -0.127284 
-0.811042 -0.121858 
-0.809447 -0.116384 
-0.807817 -0.110862 
-0.806150 -0.105293 
-0.804446 -0.099678 
-0.802703 -0.094016 
-0.800920 -0.088310 
-0.799097 -0.082560 
-0.797231 -0.076766 
-0.795323 -0.070930 
-0.793370 -0.065052 
-0.791373 -0.059134 
-0.789330 -0.053176 
-0.787239 -0.047179 
-0.785101 -0.041145 
-0.782914 -0.035075 
-0.780677 -0.028969 
-0.778390 -0.022829 
-0.776050 -0.016656 
-0.773659 -0.010451 
-0.771214 -0.004216 
-0.768715 0.002048 
-0.766161 0.008341 
-0.763552 0.014659 
-0.760886 0.021002 
-0.758163 0.027369 
-0.755383 0.033758 
-0.752545 0.040167 
-0.749648 0.046595 
-0.746692 0.053041 
-0.743677 0.059501 
-0.740601 0.065976 
-0.737466 0.072462 
-0.734270 0.078959 
-0.731013 0.085464 
-0.727696 0.091976 
-0.724318 0.098493 
-0.720879 0.105012 
-0.717380 0.111531 
-0.713820 0.118050 
-0.710199 0.124565 
-0.706519 0.131074 
-0.702779 0.137577 
-0.698979 0.144069 
-0.695121 0.150550 
-0.691205 0.157016 
-0.687231 0.163467 
-0.683201 0.169899 
-0.679115 0.176310 
-0.674974 0.182699 
-0.670780 0.189062 
-0.666533 0.195398 
-0.662235 0.201704 
-0.657887 0.207978 
-0.653490 0.214218 
-0.649046 0.220422 
-0.644557 0.226586 
-0.640024 0.232709 
-0.635450 0.238789 
-0.630835 0.244824 
-0.626182 0.250810 
-0.621493 0.256747 
-0.616771 0.262631 
-0.612017 0.268462 
-0.607234 0.274236 
-0.602424 0.279951 
-0.597590 0.285607 
-0.592735 0.291200 
-0.587861 0.296729 
-0.582971 0.302192 
-0.578067 0.307587 
-0.573153 0.312912 
-0.568232 0.318167 
-0.563307 0.323349 
-0.558380 0.328457 
-0.553456 0.333489 
-0.548536 0.338444 
-0.543626 0.343322 
-0.538727 0.348119 
-0.533843 0.352837 
-0.528978 0.357473 
-0.524135 0.362027 
-0.519318 0.366498 
-0.514529 0.370885 
-0.509774 0.375188 
-0.505054 0.379405 
-0.500374 0.383538 
-0.495736 0.387584 
-0.491146 0.391545 
-0.486605 0.395420 
-0.482118 0.399208 
-0.477689 0.402910 
-0.473319 0.406527 
-0.469014 0.410057 
-0.464775 0.413502 
-0.460608 0.416861 
-0.456514 0.420136 
-0.452497 0.423327 
-0.448561 0.426433 
-0.444708 0.429457 
-0.440941 0.432398 
-0.437264 0.435258 
-0.433679 0.438036 
-0.430190 0.440735 
-0.426798 0.443354 
-0.423507 0.445896 
-0.420319 0.448360 
-0.417237 0.450747 
-0.414263 0.453059 
-0.411399 0.455297 
-0.408648 0.457462 
-0.406012 0.459554 
-0.403492 0.461576 
-0.401091 0.463527 
-0.398810 0.465409 
-0.396651 0.467222 
-0.394616 0.468969 
-0.392706 0.470649 
-0.390923 0.472264 
-0.389267 0.473815 
-0.387740 0.475303 
-0.386343 0.476728 
-0.385077 0.478091 
-0.383942 0.479393 
-0.382940 0.480635 
-0.382071 0.481817 
-0.381335 0.482940 
-0.380733 0.484005 
-0.380264 0.485012 
-0.379930 0.485961 
-0.379731 0.486854 
-0.379665 0.487690 
-0.379734 0.488469 
-0.379936 0.489193 
-0.380272 0.489861 
-0.380741 0.490473 
-0.381342 0.491029 
-0.382075 0.491530 
-0.382940 0.491975 
-0.383935 0.492364 
-0.385059 0.492698 
-0.386312 0.492975 
-0.387692 0.493196 
-0.389198 0.493361 
-0.390830 0.493469 
-0.392585 0.493521 
-0.394462 0.493514 
-0.396461 0.493450 
-0.398579 0.493327 
-0.400815 0.493146 
-0.403167 0.492905 
-0.405634 0.492605 
-0.408214 0.492244 
-0.410904 0.491822 
-0.413704 0.491339 
-0.416611 0.490794 
-0.419624 0.490187 
-0.422739 0.489516 
-0.425956 0.488782 
-0.429272 0.487983 
-0.432686 0.487119 
-0.436194 0.486190 
-0.439794 0.485195 
-0.443485 0.484133 
-0.447265 0.483004 
-0.451130 0.481808 
-0.455079 0.480543 
-0.459109 0.479210 
-0.463218 0.477807 
-0.467404 0.476336 
-0.471664 0.474794 
-0.475996 0.473182 
-0.480397 0.471500 
-0.484866 0.469747 
-0.489399 0.467922 
-0.493994 0.466027 
-0.498649 0.464059 
-0.503361 0.462020 
-0.508128 0.459909 
-0.512948 0.457727 
-0.517818 0.455472 
-0.522736 0.453145 
-0.527699 0.450747 
-0.532705 0.448277 
-0.537751 0.445735 
-0.542836 0.443121 
-0.547956 0.440436 
-0.553110 0.437681 
-0.558296 0.434854 
-0.563510 0.431957 
-0.568751 0.428990 
-0.574016 0.425954 
-0.579303 0.422848 
-0.584611 0.419674 
-0.589936 0.416431 
-0.595276 0.413121 
-0.600630 0.409744 
-0.605996 0.406301 
-0.611370 0.402792 
-0.616752 0.399218 
-0.622139 0.395580 
-0.627530 0.391879 
-0.632921 0.388115 
-0.638312 0.384290 
-0.643700 0.380403 
-0.649084 0.376457 
-0.654461 0.372452 
-0.659831 0.368388 
-0.665190 0.364268 
-0.670538 0.360091 
-0.675872 0.355859 
-0.681191 0.351574 
-0.686494 0.347235 
-0.691778 0.342844 
-0.697043 0.338403 
-0.702286 0.333911 
-0.707507 0.329371 
-0.712703 0.324784 
-0.717873 0.320150 
-0.723016 0.315472 
-0.728131 0.310749 
-0.733215 0.305983 
-0.738269 0.301176 
-0.743290 0.296328 
-0.748277 0.291441 
-0.753230 0.286516 
-0.758146 0.281554 
-0.763025 0.276556 
-0.767866 0.271524 
-0.772668 0.266459 
-0.777429 0.261362 
-0.782149 0.256234 
-0.786827 0.251076 
-0.791461 0.245890 
-0.796051 0.240676 
-0.800596 0.235436 
-0.805095 0.230172 
-0.809547 0.224884 
-0.813952 0.219573 
-0.818309 0.214241 
-0.822616 0.208889 
-0.826874 0.203518 
-0.831082 0.198129 
-0.835238 0.192724 
-0.839343 0.187302 
-0.843395 0.181867 
-0.847395 0.176418 
-0.851341 0.170956 
-0.855234 0.165484 
-0.859072 0.160001 
-0.862856 0.154509 
-0.866584 0.149010 
-0.870257 0.143503 
-0.873874 0.137991 
-0.877435 0.132473 
-0.880939 0.126952 
-0.884386 0.121428 
-0.887776 0.115902 
-0.891108 0.110375 
-0.894383 0.104848 
-0.897600 0.099322 
-0.900759 0.093798 
-0.903859 0.088276 
-0.906902 0.082759 
-0.909885 0.077246 
-0.912811 0.071738 
-0.915678 0.066237 
-0.918486 0.060744 
-0.921235 0.055258 
-0.923926 0.049781 
-0.926558 0.044314 
-0.929131 0.038857 
-0.931646 0.033412 
-0.934102 0.027979 
-0.936500 0.022559 
-0.938840 0.017152 
-0.941121 0.011760 
-0.943345 0.006383 
-0.945511 0.001022 
-0.947619 -0.004323 
