0.265553 -0.877627 
0.269477 -0.878326 
0.273393 -0.878990 
0.277302 -0.879618 
0.281203 -0.880211 
0.285096 -0.880768 
0.288979 -0.881290 
0.292853 -0.881777 
0.296717 -0.882228 
0.300571 -0.882645 
0.304414 -0.883026 
0.308245 -0.883372 
0.312065 -0.883684 
0.315872 -0.883960 
0.319667 -0.884203 
0.323449 -0.884410 
0.327217 -0.884584 
0.330971 -0.884723 
0.334711 -0.884829 
0.338436 -0.884900 
0.342145 -0.884938 
0.345839 -0.884943 
0.349517 -0.884915 
0.353178 -0.884853 
0.356823 -0.884759 
0.360449 -0.884632 
0.364058 -0.884472 
0.367649 -0.884281 
0.371222 -0.884057 
0.374775 -0.883802 
0.378309 -0.883515 
0.381823 -0.883197 
0.385317 -0.882849 
0.388791 -0.882469 
0.392243 -0.882059 
0.395674 -0.881619 
0.399084 -0.881149 
0.402472 -0.880650 
0.405837 -0.880121 
0.409179 -0.879563 
0.412498 -0.878977 
0.415794 -0.878362 
0.419066 -0.877719 
0.422314 -0.877048 
0.425537 -0.876349 
0.428735 -0.875624 
0.431908 -0.874871 
0.435056 -0.874092 
0.438177 -0.873287 
0.441273 -0.872456 
0.444342 -0.871599 
0.447384 -0.870717 
0.450399 -0.869810 
0.453387 -0.868879 
0.456347 -0.867924 
0.459278 -0.866944 
0.462182 -0.865941 
0.465057 -0.864916 
0.467902 -0.863867 
0.470719 -0.862796 
0.473506 -0.861703 
0.476263 -0.860588 
0.478991 -0.859452 
0.481688 -0.858295 
0.484354 -0.857117 
0.486989 -0.855919 
0.489594 -0.854702 
0.492167 -0.853465 
0.494708 -0.852208 
0.497218 -0.850934 
0.499695 -0.849641 
0.502140 -0.848330 
0.504553 -0.847001 
0.506932 -0.845655 
0.509279 -0.844293 
0.511592 -0.842914 
0.513872 -0.841520 
0.516119 -0.840109 
0.518331 -0.838684 
0.520509 -0.837244 
0.522653 -0.835789 
0.524762 -0.834320 
0.526837 -0.832838 
0.528877 -0.831343 
0.530881 -0.829834 
0.532851 -0.828314 
0.534784 -0.826781 
0.536683 -0.825237 
0.538545 -0.823681 
0.540372 -0.822115 
0.542162 -0.820539 
0.543916 -0.818952 
0.545633 -0.817356 
0.547314 -0.815750 
0.548958 -0.814136 
0.550565 -0.812513 
0.552135 -0.810883 
0.553668 -0.809244 
0.555163 -0.807599 
0.556621 -0.805947 
0.558041 -0.804288 
0.559423 -0.802624 
0.560767 -0.800953 
0.562074 -0.799278 
0.563342 -0.797598 
0.564571 -0.795913 
0.565763 -0.794224 
0.566916 -0.792532 
0.568030 -0.790836 
0.569105 -0.789138 
0.570142 -0.787437 
0.571139 -0.785734 
0.572097 -0.784030 
0.573016 -0.782324 
0.573896 -0.780617 
0.574737 -0.778910 
0.575538 -0.777202 
0.576299 -0.775495 
0.577021 -0.773789 
0.577703 -0.772083 
0.578345 -0.770379 
0.578947 -0.768676 
0.579509 -0.766976 
0.580031 -0.765278 
0.580512 -0.763584 
0.580954 -0.761892 
0.581355 -0.760204 
0.581716 -0.758520 
0.582036 -0.756840 
0.582315 -0.755165 
0.582554 -0.753495 
0.582752 -0.751830 
0.582910 -0.750171 
0.583026 -0.748518 
0.583102 -0.746871 
0.583137 -0.745231 
0.583130 -0.743598 
0.583083 -0.741973 
0.582994 -0.740355 
0.582865 -0.738746 
0.582694 -0.737144 
0.582481 -0.735552 
0.582227 -0.733968 
0.581932 -0.732394 
0.581595 -0.730830 
0.581217 -0.729275 
0.580797 -0.727730 
0.580336 -0.726196 
0.579833 -0.724673 
0.579288 -0.723161 
0.578701 -0.721660 
0.578073 -0.720171 
0.577402 -0.718694 
0.576690 -0.717229 
0.575936 -0.715776 
0.575140 -0.714336 
0.574302 -0.712909 
0.573422 -0.711495 
0.572499 -0.710094 
0.571535 -0.708707 
0.570529 -0.707334 
0.569480 -0.705975 
0.568389 -0.704630 
0.567256 -0.703300 
0.566081 -0.701984 
0.564863 -0.700683 
0.563603 -0.699398 
0.562301 -0.698127 
0.560957 -0.696872 
0.559570 -0.695632 
0.558140 -0.694408 
0.556669 -0.693200 
0.555155 -0.692008 
0.553598 -0.690832 
0.552000 -0.689672 
0.550358 -0.688528 
0.548675 -0.687401 
0.546949 -0.686291 
0.545180 -0.685197 
0.543369 -0.684120 
0.541516 -0.683060 
0.539621 -0.682017 
0.537683 -0.680990 
0.535702 -0.679981 
0.533679 -0.678988 
0.531614 -0.678013 
0.529507 -0.677055 
0.527357 -0.676113 
0.525166 -0.675189 
0.522932 -0.674282 
0.520655 -0.673392 
0.518337 -0.672518 
0.515977 -0.671662 
0.513574 -0.670823 
0.511130 -0.670000 
0.508643 -0.669195 
0.506115 -0.668405 
0.503545 -0.667633 
0.500933 -0.666877 
0.498280 -0.666137 
0.495585 -0.665414 
0.492849 -0.664706 
0.490071 -0.664015 
0.487252 -0.663339 
0.484392 -0.662679 
0.481491 -0.662034 
0.478548 -0.661404 
0.475565 -0.660790 
0.472542 -0.660190 
0.469477 -0.659605 
0.466373 -0.659034 
0.463228 -0.658477 
0.460043 -0.657933 
0.456818 -0.657404 
0.453553 -0.656887 
0.450249 -0.656383 
0.446905 -0.655892 
0.443523 -0.655414 
0.440101 -0.654947 
0.436640 -0.654491 
0.433141 -0.654047 
0.429604 -0.653614 
0.426029 -0.653191 
0.422416 -0.652778 
0.418766 -0.652375 
0.415078 -0.651981 
0.411353 -0.651596 
0.407592 -0.651220 
0.403795 -0.650851 
0.399962 -0.650490 
0.396093 -0.650136 
0.392189 -0.649788 
0.388250 -0.649447 
0.384276 -0.649111 
0.380269 -0.648781 
0.376228 -0.648455 
0.372154 -0.648133 
0.368047 -0.647815 
0.363907 -0.647500 
0.359736 -0.647187 
0.355534 -0.646877 
0.351301 -0.646568 
0.347037 -0.646260 
0.342744 -0.645952 
0.338422 -0.645645 
0.334072 -0.645337 
0.329693 -0.645028 
0.325287 -0.644717 
0.320854 -0.644403 
0.316396 -0.644087 
0.311912 -0.643768 
0.307403 -0.643445 
0.302871 -0.643118 
0.298316 -0.642785 
0.293738 -0.642448 
0.289138 -0.642104 
0.284518 -0.641754 
0.279878 -0.641397 
0.275219 -0.641033 
0.270541 -0.640661 
0.265846 -0.640280 
0.261135 -0.639891 
0.256409 -0.639493 
0.251668 -0.639085 
0.246913 -0.638667 
0.242146 -0.638239 
0.237367 -0.637800 
0.232578 -0.637350 
0.227780 -0.636889 
0.222973 -0.636416 
0.218159 -0.635931 
0.213340 -0.635434 
0.208515 -0.634924 
0.203687 -0.634402 
0.198856 -0.633867 
0.194024 -0.633319 
0.189191 -0.632759 
0.184360 -0.632185 
0.179532 -0.631598 
0.174707 -0.630998 
0.169887 -0.630385 
0.165074 -0.629758 
0.160268 -0.629119 
0.155471 -0.628467 
0.150685 -0.627803 
0.145910 -0.627126 
0.141149 -0.626437 
0.136402 -0.625736 
0.131671 -0.625023 
0.126957 -0.624299 
0.122262 -0.623565 
0.117587 -0.622820 
0.112933 -0.622065 
0.108303 -0.621301 
0.103697 -0.620528 
0.099116 -0.619747 
0.094563 -0.618959 
0.090039 -0.618164 
0.085545 -0.617363 
0.081082 -0.616557 
0.076652 -0.615746 
0.072256 -0.614932 
0.067896 -0.614115 
0.063572 -0.613296 
0.059288 -0.612476 
0.055042 -0.611657 
0.050838 -0.610838 
0.046676 -0.610022 
0.042558 -0.609210 
0.038485 -0.608401 
0.034458 -0.607599 
0.030478 -0.606803 
0.026546 -0.606015 
0.022665 -0.605236 
0.018834 -0.604468 
0.015056 -0.603711 
0.011330 -0.602967 
0.007659 -0.602238 
0.004043 -0.601523 
0.000483 -0.600826 
-0.003020 -0.600146 
-0.006465 -0.599486 
-0.009850 -0.598846 
-0.013176 -0.598229 
-0.016441 -0.597634 
-0.019644 -0.597064 
-0.022785 -0.596519 
-0.025863 -0.596002 
-0.028878 -0.595513 
-0.031827 -0.595053 
-0.034712 -0.594624 
-0.037531 -0.594227 
-0.040284 -0.593863 
-0.042970 -0.593534 
-0.045588 -0.593239 
-0.048139 -0.592981 
-0.050622 -0.592760 
-0.053037 -0.592578 
-0.055382 -0.592435 
-0.057658 -0.592333 
-0.059865 -0.592272 
-0.062002 -0.592253 
-0.064069 -0.592277 
-0.066066 -0.592345 
-0.067992 -0.592458 
-0.069848 -0.592616 
-0.071633 -0.592819 
-0.073348 -0.593069 
-0.074991 -0.593367 
-0.076564 -0.593711 
-0.078066 -0.594104 
-0.079497 -0.594545 
-0.080858 -0.595035 
-0.082147 -0.595574 
-0.083366 -0.596163 
-0.084514 -0.596801 
-0.085592 -0.597488 
-0.086600 -0.598226 
-0.087537 -0.599013 
-0.088404 -0.599851 
-0.089202 -0.600738 
-0.089930 -0.601676 
-0.090589 -0.602662 
-0.091178 -0.603699 
-0.091699 -0.604785 
-0.092150 -0.605920 
-0.092534 -0.607103 
-0.092850 -0.608335 
-0.093097 -0.609616 
-0.093278 -0.610943 
-0.093391 -0.612318 
-0.093438 -0.613740 
-0.093418 -0.615208 
-0.093332 -0.616721 
-0.093180 -0.618280 
-0.092963 -0.619882 
-0.092682 -0.621529 
-0.092335 -0.623218 
-0.091925 -0.624949 
-0.091451 -0.626722 
-0.090914 -0.628536 
-0.090314 -0.630390 
-0.089652 -0.632282 
-0.088927 -0.634213 
-0.088142 -0.636182 
-0.087295 -0.638186 
-0.086388 -0.640227 
-0.085421 -0.642302 
-0.084394 -0.644410 
-0.083308 -0.646552 
-0.082164 -0.648725 
-0.080962 -0.650929 
-0.079702 -0.653163 
-0.078385 -0.655426 
-0.077012 -0.657716 
-0.075583 -0.660033 
-0.074098 -0.662377 
-0.072559 -0.664744 
-0.070965 -0.667136 
-0.069318 -0.669550 
-0.067617 -0.671986 
-0.065864 -0.674442 
-0.064059 -0.676918 
-0.062202 -0.679413 
-0.060294 -0.681925 
-0.058336 -0.684453 
-0.056328 -0.686997 
-0.054272 -0.689556 
-0.052166 -0.692127 
-0.050013 -0.694711 
-0.047812 -0.697306 
-0.045565 -0.699911 
-0.043271 -0.702526 
-0.040932 -0.705149 
-0.038548 -0.707779 
-0.036120 -0.710415 
-0.033648 -0.713057 
-0.031133 -0.715703 
-0.028575 -0.718352 
-0.025976 -0.721004 
-0.023336 -0.723657 
-0.020655 -0.726310 
-0.017934 -0.728963 
-0.015174 -0.731615 
-0.012376 -0.734264 
-0.009539 -0.736910 
-0.006665 -0.739552 
-0.003755 -0.742189 
-0.000808 -0.744820 
0.002174 -0.747444 
0.005191 -0.750061 
0.008242 -0.752669 
0.011326 -0.755268 
0.014444 -0.757857 
0.017593 -0.760436 
0.020774 -0.763002 
0.023986 -0.765556 
0.027228 -0.768097 
0.030500 -0.770625 
0.033801 -0.773137 
0.037130 -0.775634 
0.040486 -0.778115 
0.043870 -0.780580 
0.047280 -0.783026 
0.050716 -0.785455 
0.054177 -0.787865 
0.057663 -0.790255 
0.061173 -0.792626 
0.064705 -0.794975 
0.068261 -0.797304 
0.071838 -0.799610 
0.075437 -0.801894 
0.079056 -0.804155 
0.082696 -0.806392 
0.086355 -0.808605 
0.090033 -0.810794 
0.093729 -0.812957 
0.097443 -0.815095 
0.101174 -0.817206 
0.104921 -0.819291 
0.108684 -0.821348 
0.112462 -0.823378 
0.116255 -0.825380 
0.120062 -0.827354 
0.123882 -0.829298 
0.127716 -0.831213 
0.131561 -0.833099 
0.135418 -0.834955 
0.139286 -0.836780 
0.143165 -0.838575 
0.147053 -0.840338 
0.150951 -0.842070 
0.154858 -0.843771 
0.158772 -0.845439 
0.162695 -0.847075 
0.166624 -0.848679 
0.170560 -0.850249 
0.174501 -0.851787 
0.178449 -0.853291 
0.182401 -0.854762 
0.186357 -0.856199 
0.190317 -0.857602 
0.194280 -0.858971 
0.198245 -0.860306 
0.202213 -0.861606 
0.206182 -0.862871 
0.210153 -0.864102 
0.214123 -0.865298 
0.218094 -0.866459 
0.222064 -0.867584 
0.226034 -0.868675 
0.230001 -0.869730 
0.233967 -0.870750 
0.237929 -0.871734 
0.241889 -0.872682 
0.245845 -0.873596 
0.249797 -0.874473 
0.253744 -0.875315 
0.257686 -0.876121 
0.261623 -0.876892 
