0.165085 0.870980 
0.154716 0.941791 
0.153531 1.015926 
0.161458 1.088429 
0.178753 1.154711 
0.205897 1.211587 
0.243394 1.257569 
0.291437 1.292469 
0.349450 1.316778 
0.415588 1.331153 
0.486516 1.336098 
0.557777 1.331824 
0.624775 1.318237 
0.683872 1.295006 
0.732940 1.261736 
0.771252 1.218232 
0.798965 1.164895 
0.816596 1.103164 
0.824648 1.035804 
0.823414 0.966748 
0.812919 0.900364 
0.792972 0.840456 
0.763291 0.789561 
0.723737 0.748862 
0.674635 0.718537 
0.617164 0.698252 
0.553644 0.687556 
0.487501 0.686116 
0.422743 0.693807 
0.363118 0.710698 
0.311381 0.736944 
0.269059 0.772605 
0.236642 0.817377 
0.214001 0.870279 
0.200768 0.929381 
0.196591 0.991782 
0.201262 1.053950 
0.214720 1.112377 
0.236988 1.164251 
0.268030 1.207799 
0.307553 1.242231 
0.354762 1.267452 
0.408151 1.283716 
0.465424 1.291370 
0.523681 1.290707 
0.579857 1.281920 
0.631257 1.265135 
0.675941 1.240490 
0.712819 1.208271 
0.741510 1.169060 
0.762086 1.123893 
0.774840 1.074337 
0.780121 1.022458 
0.778254 0.970600 
0.769517 0.921071 
0.754170 0.875802 
0.732513 0.836155 
0.704960 0.802888 
0.672114 0.776255 
0.634826 0.756170 
0.594222 0.742350 
0.551663 0.734427 
0.508642 0.732014 
0.466637 0.734728 
0.426951 0.742196 
0.390599 0.754035 
0.358254 0.769839 
0.330263 0.789155 
0.306704 0.811470 
0.287451 0.836213 
0.272255 0.862754 
0.260787 0.890429 
0.252683 0.918571 
0.247569 0.946537 
0.245066 0.973755 
0.244807 0.999737 
0.246433 1.024107 
0.249597 1.046596 
0.253963 1.067044 
0.259211 1.085382 
0.265038 1.101611 
0.271159 1.115792 
0.277310 1.128018 
0.283253 1.138406 
0.288774 1.147082 
0.293690 1.154166 
0.297844 1.159773 
0.301113 1.164002 
0.303399 1.166928 
0.304636 1.168609 
0.304789 1.169077 
0.303849 1.168336 
0.301838 1.166369 
0.298807 1.163133 
0.294835 1.158560 
0.290033 1.152562 
0.284539 1.145035 
0.278519 1.135859 
0.272169 1.124910 
0.265710 1.112067 
0.259386 1.097218 
0.253463 1.080281 
0.248225 1.061216 
0.243974 1.040043 
0.241021 1.016857 
0.239692 0.991857 
0.240322 0.965337 
0.243256 0.937705 
0.248849 0.909467 
0.257459 0.881208 
0.269449 0.853564 
0.285165 0.827187 
0.304919 0.802709 
0.328947 0.780721 
0.357355 0.761751 
0.390058 0.746264 
0.426704 0.734667 
0.466622 0.727326 
0.508816 0.724585 
0.552011 0.726785 
0.594773 0.734280 
0.635655 0.747440 
0.673341 0.766628 
0.706751 0.792150 
0.735074 0.824153 
0.757744 0.862496 
0.774388 0.906590 
0.784744 0.955277 
0.788596 1.006831 
0.785714 1.059093 
0.775812 1.109773 
0.758555 1.156771 
0.733599 1.198426 
0.700720 1.233601 
0.659996 1.261638 
0.612055 1.282219 
0.558284 1.295224 
0.500880 1.300589 
0.442639 1.298211 
0.386503 1.287883 
0.335064 1.269294 
0.290224 1.242088 
0.253128 1.206030 
0.224295 1.161263 
0.203844 1.108625 
0.191709 1.049909 
0.187814 0.987876 
0.192187 0.925885 
0.205012 0.867265 
0.226624 0.814710 
0.257403 0.769977 
0.297562 0.733930 
0.346816 0.706792 
0.404011 0.688436 
0.466871 0.678631 
0.532114 0.677214 
0.596007 0.684191 
0.655141 0.699774 
0.707020 0.724344 
0.750238 0.758313 
0.784297 0.801864 
0.809271 0.854576 
0.825485 0.915020 
0.833285 0.980568 
0.832880 1.047620 
0.824269 1.112306 
0.807214 1.171312 
0.781299 1.222408 
0.746075 1.264504 
0.701336 1.297382 
0.647497 1.321320 
0.586001 1.336781 
0.519507 1.344197 
0.451632 1.343837 
0.386238 1.335741 
0.326588 1.319703 
0.274835 1.295317 
0.231975 1.262101 
0.198139 1.219725 
0.172955 1.168348 
0.155874 1.109011 
0.146368 1.043898 
0.144057 0.976240 
0.148779 0.909751 
0.160604 0.847824 
0.179827 0.792898 
0.206895 0.746275 
0.242268 0.708298 
0.286197 0.678694 
0.338405 0.656901 
0.397764 0.642301 
0.462107 0.634360 
0.528391 0.632704 
0.593236 0.637162 
0.653625 0.647768 
0.707420 0.664754 
0.753505 0.688499 
0.791614 0.719438 
0.822040 0.757915 
0.845347 0.803966 
0.862171 0.857060 
0.873096 0.915882 
0.878584 0.978286 
0.878944 1.041539 
0.874322 1.102806 
0.864700 1.159674 
0.849911 1.210502 
0.829670 1.254467 
0.803626 1.291421 
0.771445 1.321659 
0.732934 1.345702 
0.688195 1.364145 
0.637795 1.377553 
0.582884 1.386415 
0.525184 1.391113 
0.466806 1.391916 
0.409926 1.388979 
0.356434 1.382345 
0.307697 1.371957 
0.264489 1.357669 
0.227063 1.339272 
0.195290 1.316517 
0.168815 1.289164 
0.147172 1.257042 
0.129868 1.220125 
0.116441 1.178620 
0.106481 1.133044 
0.099647 1.084266 
0.095666 1.033476 
0.094337 0.982083 
0.095524 0.931539 
0.099152 0.883161 
0.105206 0.837988 
0.113720 0.796715 
0.124771 0.759699 
0.138477 0.727019 
0.154978 0.698547 
0.174427 0.674030 
0.196970 0.653147 
0.222725 0.635556 
0.251750 0.620922 
0.284012 0.608933 
0.319350 0.599313 
0.357452 0.591822 
0.397838 0.586259 
0.439868 0.582458 
0.482784 0.580288 
0.525760 0.579651 
0.567980 0.580477 
0.608711 0.582727 
0.647349 0.586383 
0.683452 0.591455 
0.716743 0.597973 
0.747093 0.605988 
0.774493 0.615568 
0.799027 0.626799 
0.820837 0.639779 
0.840101 0.654615 
0.857015 0.671421 
0.871779 0.690305 
0.884585 0.711368 
0.895612 0.734687 
0.905026 0.760307 
0.912973 0.788221 
0.919583 0.818359 
0.924968 0.850574 
0.929222 0.884628 
0.932425 0.920197 
0.934639 0.956871 
0.935913 0.994176 
0.936282 1.031600 
0.935767 1.068624 
0.934375 1.104761 
0.932102 1.139579 
0.928928 1.172723 
0.924822 1.203930 
0.919741 1.233022 
0.913624 1.259906 
0.906401 1.284556 
0.897986 1.307003 
0.888279 1.327320 
0.877167 1.345608 
0.864523 1.361985 
0.850208 1.376578 
0.834078 1.389519 
0.815981 1.400933 
0.795768 1.410944 
0.773305 1.419664 
0.748477 1.427199 
0.721215 1.433642 
0.691504 1.439079 
0.659410 1.443582 
0.625094 1.447215 
0.588828 1.450031 
0.550996 1.452073 
0.512086 1.453374 
0.472664 1.453958 
0.433336 1.453836 
0.394706 1.453013 
0.357329 1.451481 
0.321677 1.449221 
0.288115 1.446205 
0.256895 1.442389 
0.228161 1.437722 
0.201960 1.432137 
0.178262 1.425552 
0.156979 1.417873 
0.137983 1.408988 
0.121123 1.398773 
0.106232 1.387085 
0.093142 1.373767 
0.081688 1.358649 
0.071712 1.341552 
0.063065 1.322291 
0.055611 1.300690 
0.049226 1.276586 
0.043796 1.249855 
0.039222 1.220427 
0.035415 1.188312 
0.032296 1.153627 
0.029798 1.116614 
0.027861 1.077654 
0.026434 1.037260 
0.025475 0.996055 
0.024948 0.954727 
0.024823 0.913977 
0.025077 0.874459 
0.025692 0.836732 
0.026654 0.801230 
0.027956 0.768247 
0.029591 0.737946 
0.031560 0.710371 
0.033862 0.685479 
0.036502 0.663157 
0.039488 0.643248 
0.042827 0.625571 
0.046529 0.609930 
0.050605 0.596133 
0.055067 0.583990 
0.059927 0.573322 
0.065197 0.563966 
0.070886 0.555770 
0.077005 0.548598 
0.083561 0.542326 
0.090559 0.536845 
0.098002 0.532057 
0.105888 0.527877 
0.114210 0.524228 
0.122959 0.521043 
0.132119 0.518262 
0.141669 0.515835 
0.151579 0.513716 
0.161819 0.511865 
0.172346 0.510247 
0.183115 0.508833 
0.194074 0.507595 
0.205165 0.506512 
0.216327 0.505563 
0.227492 0.504731 
0.238592 0.504002 
0.249555 0.503362 
0.260307 0.502802 
0.270777 0.502311 
0.280892 0.501882 
0.290582 0.501509 
0.299780 0.501185 
0.308422 0.500907 
0.316449 0.500670 
0.323804 0.500473 
0.330436 0.500312 
0.336301 0.500185 
0.341356 0.500092 
0.345565 0.500031 
0.348898 0.500003 
0.351327 0.500006 
0.352829 0.500040 
0.353389 0.500107 
0.352993 0.500206 
0.351633 0.500338 
0.349306 0.500505 
0.346015 0.500707 
0.341768 0.500948 
0.336578 0.501229 
0.330468 0.501554 
0.323463 0.501926 
0.315601 0.502350 
0.306923 0.502832 
0.297483 0.503380 
0.287339 0.504002 
0.276561 0.504709 
0.265225 0.505514 
0.253414 0.506433 
0.241217 0.507487 
0.228730 0.508697 
0.216051 0.510093 
0.203277 0.511709 
0.190507 0.513585 
0.177839 0.515770 
0.165363 0.518322 
0.153164 0.521314 
0.141321 0.524828 
0.129903 0.528968 
0.118969 0.533854 
0.108571 0.539634 
0.098747 0.546482 
0.089530 0.554608 
0.080942 0.564264 
0.072999 0.575746 
0.065710 0.589406 
0.059079 0.605652 
0.053109 0.624953 
0.047802 0.647833 
0.043159 0.674852 
0.039187 0.706570 
0.035900 0.743479 
0.033322 0.785899 
0.031489 0.833837 
0.030458 0.886837 
0.030308 0.943868 
0.031151 1.003317 
0.033136 1.063163 
0.036463 1.121288 
0.041394 1.175827 
0.048264 1.225428 
0.057503 1.269340 
0.069655 1.307351 
0.085395 1.339642 
0.105545 1.366628 
0.131075 1.388829 
0.163074 1.406777 
0.202650 1.420956 
0.250732 1.431768 
0.307731 1.439514 
0.373088 1.444378 
0.444874 1.446419 
0.519767 1.445553 
0.593628 1.441544 
0.662535 1.433983 
0.723688 1.422266 
0.775745 1.405571 
0.818591 1.382849 
0.852866 1.352836 
0.879527 1.314151 
0.899557 1.265518 
0.913792 1.206203 
0.922845 1.136670 
0.927069 1.059213 
0.926538 0.978083 
0.921038 0.898646 
0.910056 0.825827 
0.892776 0.762843 
0.868088 0.710912 
0.834643 0.669765 
0.791030 0.638377 
0.736142 0.615533 
0.669821 0.600161 
0.593655 0.591494 
0.511472 0.589135 
0.428871 0.593074 
0.351650 0.603689 
0.284087 0.621727 
0.228194 0.648266 
0.184098 0.684599 
0.150873 0.731980 
0.127270 0.791133 
0.112166 0.861496 
0.104778 0.940463 
0.104749 1.023223 
0.112165 1.103765 
0.127531 1.176689 
0.151714 1.238622 
0.185830 1.288417 
0.230994 1.326470 
0.287862 1.353866 
0.355922 1.371759 
0.432765 1.381035 
0.513854 1.382165 
0.593371 1.375169 
0.665901 1.359638 
0.727865 1.334813 
0.777852 1.299728 
0.816029 1.253493 
0.843321 1.195785 
0.860777 1.127527 
0.869206 1.051510 
0.869021 0.972417 
0.860203 0.895860 
0.842335 0.826787 
0.814708 0.768319 
0.776513 0.721602 
0.727180 0.686414 
0.666918 0.661919 
0.597345 0.647222 
0.521889 0.641679 
0.445473 0.645031 
0.373341 0.657410 
0.309665 0.679280 
0.256791 0.711291 
0.215384 0.754020 
0.185070 0.807564 
