-0.342705 -0.848518 
-0.339410 -0.852244 
-0.336108 -0.855932 
-0.332800 -0.859581 
-0.329486 -0.863191 
-0.326167 -0.866762 
-0.322844 -0.870293 
-0.319517 -0.873784 
-0.316187 -0.877235 
-0.312854 -0.880645 
-0.309519 -0.884014 
-0.306182 -0.887342 
-0.302844 -0.890628 
-0.299506 -0.893872 
-0.296167 -0.897075 
-0.292830 -0.900236 
-0.289493 -0.903354 
-0.286159 -0.906429 
-0.282826 -0.909462 
-0.279496 -0.912451 
-0.276170 -0.915398 
-0.272847 -0.918301 
-0.269529 -0.921160 
-0.266215 -0.923976 
-0.262907 -0.926747 
-0.259604 -0.929475 
-0.256308 -0.932159 
-0.253019 -0.934798 
-0.249736 -0.937393 
-0.246462 -0.939944 
-0.243196 -0.942450 
-0.239938 -0.944912 
-0.236690 -0.947328 
-0.233451 -0.949700 
-0.230222 -0.952027 
-0.227003 -0.954309 
-0.223796 -0.956547 
-0.220600 -0.958739 
-0.217416 -0.960886 
-0.214244 -0.962989 
-0.211084 -0.965046 
-0.207938 -0.967058 
-0.204805 -0.969025 
-0.201686 -0.970948 
-0.198582 -0.972825 
-0.195492 -0.974658 
-0.192417 -0.976445 
-0.189358 -0.978188 
-0.186314 -0.979886 
-0.183287 -0.981540 
-0.180276 -0.983148 
-0.177283 -0.984713 
-0.174307 -0.986232 
-0.171348 -0.987708 
-0.168408 -0.989139 
-0.165486 -0.990526 
-0.162582 -0.991869 
-0.159698 -0.993168 
-0.156834 -0.994424 
-0.153989 -0.995636 
-0.151164 -0.996804 
-0.148360 -0.997929 
-0.145577 -0.999011 
-0.142815 -1.000050 
-0.140074 -1.001046 
-0.137356 -1.001999 
-0.134659 -1.002911 
-0.131985 -1.003779 
-0.129333 -1.004606 
-0.126705 -1.005391 
-0.124100 -1.006134 
-0.121518 -1.006836 
-0.118961 -1.007497 
-0.116427 -1.008116 
-0.113919 -1.008695 
-0.111435 -1.009234 
-0.108976 -1.009732 
-0.106542 -1.010190 
-0.104135 -1.010608 
-0.101753 -1.010987 
-0.099397 -1.011327 
-0.097068 -1.011627 
-0.094766 -1.011889 
-0.092491 -1.012112 
-0.090243 -1.012297 
-0.088023 -1.012445 
-0.085830 -1.012554 
-0.083666 -1.012626 
-0.081530 -1.012661 
-0.079423 -1.012660 
-0.077344 -1.012622 
-0.075295 -1.012547 
-0.073275 -1.012437 
-0.071285 -1.012291 
-0.069325 -1.012110 
-0.067394 -1.011894 
-0.065495 -1.011643 
-0.063626 -1.011358 
-0.061787 -1.011039 
-0.059980 -1.010686 
-0.058204 -1.010300 
-0.056460 -1.009880 
-0.054748 -1.009428 
-0.053068 -1.008943 
-0.051420 -1.008426 
-0.049804 -1.007877 
-0.048222 -1.007297 
-0.046672 -1.006685 
-0.045156 -1.006043 
-0.043673 -1.005369 
-0.042224 -1.004666 
-0.040809 -1.003932 
-0.039428 -1.003169 
-0.038081 -1.002377 
-0.036769 -1.001555 
-0.035492 -1.000704 
-0.034250 -0.999826 
-0.033043 -0.998919 
-0.031872 -0.997984 
-0.030737 -0.997022 
-0.029637 -0.996032 
-0.028574 -0.995016 
-0.027547 -0.993972 
-0.026557 -0.992903 
-0.025603 -0.991807 
-0.024687 -0.990686 
-0.023808 -0.989539 
-0.022966 -0.988367 
-0.022162 -0.987170 
-0.021396 -0.985948 
-0.020668 -0.984702 
-0.019979 -0.983432 
-0.019328 -0.982138 
-0.018715 -0.980820 
-0.018142 -0.979479 
-0.017608 -0.978115 
-0.017113 -0.976728 
-0.016657 -0.975318 
-0.016242 -0.973886 
-0.015866 -0.972432 
-0.015531 -0.970956 
-0.015236 -0.969458 
-0.014981 -0.967938 
-0.014767 -0.966397 
-0.014594 -0.964835 
-0.014463 -0.963252 
-0.014372 -0.961649 
-0.014323 -0.960024 
-0.014316 -0.958380 
-0.014350 -0.956715 
-0.014427 -0.955030 
-0.014545 -0.953326 
-0.014706 -0.951601 
-0.014910 -0.949857 
-0.015156 -0.948093 
-0.015445 -0.946311 
-0.015778 -0.944509 
-0.016153 -0.942687 
-0.016572 -0.940847 
-0.017034 -0.938988 
-0.017540 -0.937110 
-0.018089 -0.935214 
-0.018683 -0.933299 
-0.019320 -0.931365 
-0.020002 -0.929413 
-0.020728 -0.927442 
-0.021498 -0.925453 
-0.022313 -0.923445 
-0.023173 -0.921420 
-0.024077 -0.919375 
-0.025026 -0.917313 
-0.026021 -0.915232 
-0.027060 -0.913133 
-0.028144 -0.911016 
-0.029273 -0.908880 
-0.030448 -0.906726 
-0.031668 -0.904553 
-0.032934 -0.902362 
-0.034245 -0.900152 
-0.035601 -0.897924 
-0.037003 -0.895677 
-0.038451 -0.893412 
-0.039944 -0.891127 
-0.041482 -0.888824 
-0.043066 -0.886502 
-0.044696 -0.884160 
-0.046371 -0.881799 
-0.048092 -0.879419 
-0.049859 -0.877019 
-0.051670 -0.874600 
-0.053528 -0.872160 
-0.055430 -0.869701 
-0.057378 -0.867221 
-0.059371 -0.864722 
-0.061409 -0.862201 
-0.063492 -0.859660 
-0.065620 -0.857097 
-0.067793 -0.854514 
-0.070010 -0.851909 
-0.072272 -0.849282 
-0.074578 -0.846634 
-0.076928 -0.843963 
-0.079322 -0.841271 
-0.081760 -0.838555 
-0.084241 -0.835817 
-0.086765 -0.833055 
-0.089332 -0.830271 
-0.091942 -0.827462 
-0.094594 -0.824630 
-0.097289 -0.821773 
-0.100025 -0.818892 
-0.102803 -0.815986 
-0.105621 -0.813055 
-0.108481 -0.810099 
-0.111380 -0.807117 
-0.114320 -0.804110 
-0.117299 -0.801075 
-0.120318 -0.798015 
-0.123375 -0.794927 
-0.126470 -0.791813 
-0.129602 -0.788671 
-0.132772 -0.785501 
-0.135978 -0.782304 
-0.139220 -0.779078 
-0.142498 -0.775823 
-0.145811 -0.772540 
-0.149157 -0.769227 
-0.152538 -0.765885 
-0.155951 -0.762514 
-0.159396 -0.759112 
-0.162873 -0.755681 
-0.166380 -0.752219 
-0.169917 -0.748726 
-0.173484 -0.745203 
-0.177079 -0.741648 
-0.180701 -0.738063 
-0.184351 -0.734446 
-0.188026 -0.730797 
-0.191725 -0.727117 
-0.195449 -0.723405 
-0.199196 -0.719661 
-0.202965 -0.715885 
-0.206755 -0.712077 
-0.210565 -0.708237 
-0.214394 -0.704365 
-0.218241 -0.700460 
-0.222105 -0.696524 
-0.225985 -0.692555 
-0.229879 -0.688554 
-0.233787 -0.684522 
-0.237707 -0.680457 
-0.241638 -0.676361 
-0.245579 -0.672234 
-0.249529 -0.668075 
-0.253486 -0.663886 
-0.257449 -0.659666 
-0.261417 -0.655415 
-0.265389 -0.651135 
-0.269363 -0.646825 
-0.273337 -0.642486 
-0.277312 -0.638119 
-0.281284 -0.633723 
-0.285254 -0.629300 
-0.289218 -0.624851 
-0.293177 -0.620375 
-0.297129 -0.615873 
-0.301072 -0.611347 
-0.305005 -0.606797 
-0.308926 -0.602224 
-0.312835 -0.597628 
-0.316729 -0.593012 
-0.320608 -0.588375 
-0.324469 -0.583719 
-0.328312 -0.579045 
-0.332136 -0.574354 
-0.335938 -0.569648 
-0.339717 -0.564927 
-0.343473 -0.560192 
-0.347204 -0.555446 
-0.350908 -0.550690 
-0.354585 -0.545924 
-0.358233 -0.541151 
-0.361850 -0.536372 
-0.365437 -0.531589 
-0.368991 -0.526804 
-0.372511 -0.522017 
-0.375997 -0.517231 
-0.379446 -0.512447 
-0.382860 -0.507668 
-0.386235 -0.502895 
-0.389572 -0.498131 
-0.392869 -0.493376 
-0.396126 -0.488633 
-0.399342 -0.483905 
-0.402517 -0.479193 
-0.405648 -0.474499 
-0.408737 -0.469825 
-0.411781 -0.465174 
-0.414782 -0.460547 
-0.417738 -0.455948 
-0.420648 -0.451377 
-0.423514 -0.446838 
-0.426333 -0.442332 
-0.429107 -0.437861 
-0.431834 -0.433429 
-0.434515 -0.429037 
-0.437150 -0.424687 
-0.439738 -0.420383 
-0.442281 -0.416125 
-0.444777 -0.411916 
-0.447226 -0.407759 
-0.449631 -0.403656 
-0.451989 -0.399608 
-0.454303 -0.395619 
-0.456571 -0.391689 
-0.458796 -0.387823 
-0.460976 -0.384020 
-0.463113 -0.380285 
-0.465207 -0.376617 
-0.467259 -0.373021 
-0.469269 -0.369497 
-0.471238 -0.366048 
-0.473166 -0.362675 
-0.475055 -0.359381 
-0.476906 -0.356166 
-0.478718 -0.353034 
-0.480492 -0.349985 
-0.482231 -0.347021 
-0.483933 -0.344144 
-0.485601 -0.341355 
-0.487235 -0.338656 
-0.488835 -0.336048 
-0.490403 -0.333533 
-0.491940 -0.331112 
-0.493446 -0.328785 
-0.494922 -0.326555 
-0.496369 -0.324422 
-0.497787 -0.322387 
-0.499178 -0.320452 
-0.500543 -0.318617 
-0.501881 -0.316883 
-0.503194 -0.315250 
-0.504483 -0.313720 
-0.505747 -0.312293 
-0.506988 -0.310970 
-0.508207 -0.309751 
-0.509403 -0.308636 
-0.510578 -0.307626 
-0.511732 -0.306722 
-0.512865 -0.305922 
-0.513977 -0.305229 
-0.515070 -0.304641 
-0.516144 -0.304158 
-0.517198 -0.303782 
-0.518233 -0.303511 
-0.519250 -0.303345 
-0.520248 -0.303284 
-0.521227 -0.303329 
-0.522189 -0.303478 
-0.523132 -0.303731 
-0.524056 -0.304089 
-0.524963 -0.304549 
-0.525851 -0.305113 
-0.526721 -0.305778 
-0.527572 -0.306546 
-0.528404 -0.307414 
-0.529218 -0.308383 
-0.530012 -0.309451 
-0.530787 -0.310617 
-0.531542 -0.311882 
-0.532277 -0.313243 
-0.532991 -0.314700 
-0.533685 -0.316253 
-0.534357 -0.317899 
-0.535008 -0.319639 
-0.535636 -0.321470 
-0.536242 -0.323393 
-0.536824 -0.325405 
-0.537383 -0.327505 
-0.537918 -0.329694 
-0.538428 -0.331968 
-0.538912 -0.334327 
-0.539371 -0.336771 
-0.539803 -0.339296 
-0.540208 -0.341903 
-0.540585 -0.344590 
-0.540934 -0.347355 
-0.541255 -0.350198 
-0.541546 -0.353117 
-0.541807 -0.356110 
-0.542037 -0.359176 
-0.542236 -0.362315 
-0.542403 -0.365523 
-0.542538 -0.368801 
-0.542640 -0.372146 
-0.542708 -0.375557 
-0.542742 -0.379033 
-0.542742 -0.382573 
-0.542706 -0.386174 
-0.542635 -0.389836 
-0.542528 -0.393557 
-0.542384 -0.397335 
-0.542202 -0.401169 
-0.541984 -0.405058 
-0.541727 -0.409001 
-0.541431 -0.412995 
-0.541097 -0.417039 
-0.540723 -0.421133 
-0.540310 -0.425274 
-0.539856 -0.429461 
-0.539363 -0.433692 
-0.538828 -0.437967 
-0.538253 -0.442284 
-0.537636 -0.446641 
-0.536978 -0.451037 
-0.536278 -0.455471 
-0.535536 -0.459941 
-0.534752 -0.464446 
-0.533926 -0.468984 
-0.533057 -0.473555 
-0.532146 -0.478156 
-0.531192 -0.482787 
-0.530196 -0.487446 
-0.529156 -0.492132 
-0.528074 -0.496843 
-0.526949 -0.501578 
-0.525781 -0.506337 
-0.524570 -0.511117 
-0.523317 -0.515918 
-0.522020 -0.520737 
-0.520682 -0.525575 
-0.519300 -0.530429 
-0.517877 -0.535299 
-0.516411 -0.540183 
-0.514903 -0.545080 
-0.513353 -0.549989 
-0.511762 -0.554908 
-0.510129 -0.559837 
-0.508455 -0.564775 
-0.506740 -0.569720 
-0.504984 -0.574671 
-0.503188 -0.579627 
-0.501352 -0.584587 
-0.499477 -0.589550 
-0.497561 -0.594515 
-0.495607 -0.599481 
-0.493614 -0.604446 
-0.491583 -0.609410 
-0.489514 -0.614372 
-0.487408 -0.619330 
-0.485264 -0.624285 
-0.483084 -0.629234 
-0.480868 -0.634177 
-0.478616 -0.639112 
-0.476329 -0.644040 
-0.474007 -0.648958 
-0.471650 -0.653867 
-0.469260 -0.658765 
-0.466837 -0.663651 
-0.464381 -0.668525 
-0.461893 -0.673385 
-0.459373 -0.678231 
-0.456822 -0.683062 
-0.454241 -0.687876 
-0.451629 -0.692675 
-0.448988 -0.697456 
-0.446318 -0.702218 
-0.443620 -0.706961 
-0.440894 -0.711685 
-0.438142 -0.716388 
-0.435362 -0.721070 
-0.432557 -0.725730 
-0.429726 -0.730367 
-0.426871 -0.734981 
-0.423992 -0.739571 
-0.421089 -0.744136 
-0.418163 -0.748676 
-0.415215 -0.753189 
-0.412245 -0.757676 
-0.409255 -0.762136 
-0.406244 -0.766568 
-0.403213 -0.770971 
-0.400163 -0.775346 
-0.397094 -0.779690 
-0.394008 -0.784005 
-0.390905 -0.788289 
-0.387784 -0.792541 
-0.384648 -0.796762 
-0.381497 -0.800950 
-0.378330 -0.805106 
-0.375150 -0.809228 
-0.371956 -0.813317 
-0.368749 -0.817371 
-0.365530 -0.821390 
-0.362299 -0.825375 
-0.359058 -0.829323 
-0.355805 -0.833236 
-0.352543 -0.837112 
-0.349272 -0.840951 
-0.345993 -0.844753 
