0.606337 -0.305223 
0.621423 -0.301996 
0.635965 -0.298221 
0.651383 -0.293538 
0.664083 -0.288956 
0.677492 -0.283474 
0.690221 -0.277459 
0.703602 -0.270291 
0.714407 -0.263610 
0.725734 -0.255800 
0.736318 -0.247490 
0.747350 -0.237768 
0.756090 -0.228950 
0.765179 -0.218771 
0.773507 -0.208176 
0.782102 -0.195924 
0.788766 -0.185022 
0.795622 -0.172552 
0.801740 -0.159822 
0.807956 -0.145242 
0.812635 -0.132454 
0.817354 -0.117943 
0.821365 -0.103479 
0.825307 -0.087080 
0.828104 -0.072851 
0.830784 -0.056853 
0.832818 -0.041294 
0.834613 -0.023843 
0.835616 -0.008862 
0.836334 0.007819 
0.836496 0.023649 
0.836236 0.041207 
0.835499 0.056105 
0.834292 0.072530 
0.832639 0.087795 
0.830364 0.104533 
0.827898 0.118556 
0.824762 0.133874 
0.821229 0.148192 
0.816980 0.163045 
0.812680 0.175894 
0.807638 0.189210 
0.802194 0.201747 
0.795893 0.214595 
0.789728 0.225615 
0.782683 0.236896 
0.775261 0.247408 
0.766828 0.258082 
0.758733 0.267138 
0.749619 0.276318 
0.740181 0.284761 
0.729585 0.293255 
0.719559 0.300368 
0.708387 0.307505 
0.696971 0.313972 
0.684277 0.320403 
0.672436 0.325685 
0.659361 0.330911 
0.646158 0.335547 
0.631611 0.340072 
0.618235 0.343670 
0.603601 0.347140 
0.589018 0.350093 
0.573105 0.352859 
0.558687 0.354912 
0.543063 0.356765 
0.527706 0.358165 
0.511117 0.359300 
0.496318 0.359919 
0.480437 0.360258 
0.465029 0.360204 
0.448548 0.359796 
0.434076 0.359057 
0.418693 0.357951 
0.403948 0.356499 
0.388323 0.354593 
0.374799 0.352534 
0.360545 0.350011 
0.347041 0.347180 
0.332845 0.343783 
0.320719 0.340408 
0.308029 0.336463 
0.296121 0.332241 
0.283685 0.327327 
0.273193 0.322619 
0.262275 0.317224 
0.252115 0.311580 
0.241562 0.305111 
0.232760 0.299043 
0.223645 0.292166 
0.215226 0.285072 
0.206523 0.277018 
0.199347 0.269578 
0.191950 0.261215 
0.185167 0.252669 
0.178187 0.243036 
0.172504 0.234254 
0.166674 0.224446 
0.161376 0.214507 
0.155958 0.203383 
0.151612 0.193358 
0.147183 0.182241 
0.143206 0.171055 
0.139175 0.158627 
0.136007 0.147551 
0.132814 0.135364 
0.130005 0.123192 
0.127200 0.109772 
0.125070 0.097950 
0.122966 0.085041 
0.121185 0.072238 
0.119465 0.058245 
0.118249 0.046054 
0.117106 0.032857 
0.116239 0.019857 
0.115483 0.005766 
0.114792 -0.019409 
0.114744 -0.032169 
0.114852 -0.045882 
0.115659 -0.070031 
0.117246 -0.095102 
0.119411 -0.117592 
0.122395 -0.140678 
0.125802 -0.161086 
0.130071 -0.181851 
0.134617 -0.199975 
0.140069 -0.218291 
0.145655 -0.234108 
0.152188 -0.250012 
0.158710 -0.263622 
0.166211 -0.277258 
0.173557 -0.288837 
0.181897 -0.300410 
0.189937 -0.310168 
0.198970 -0.319905 
0.207554 -0.328062 
0.217111 -0.336193 
0.226072 -0.342962 
0.235965 -0.349704 
0.245121 -0.355280 
0.255147 -0.360832 
0.264304 -0.365390 
0.274254 -0.369930 
0.283207 -0.373619 
0.292881 -0.377308 
0.310636 -0.383234 
0.327159 -0.387941 
0.342128 -0.391624 
0.355269 -0.394449 
0.366360 -0.396552 
0.375228 -0.398043 
0.381749 -0.399006 
0.385842 -0.399501 
0.387464 -0.399566 
0.386610 -0.399217 
0.383309 -0.398445 
0.377623 -0.397224 
0.369651 -0.395501 
0.359529 -0.393206 
0.347433 -0.390243 
0.333580 -0.386494 
0.318227 -0.381820 
0.301670 -0.376052 
0.284236 -0.368996 
0.266274 -0.360433 
0.248145 -0.350109 
0.230206 -0.337744 
0.212801 -0.323031 
0.196250 -0.305636 
0.180839 -0.285218 
0.173427 -0.273374 
0.166821 -0.261439 
0.160230 -0.247778 
0.154416 -0.234000 
0.148740 -0.218388 
0.143817 -0.202682 
0.139143 -0.185062 
0.135196 -0.167404 
0.131604 -0.147798 
0.128719 -0.128288 
0.126293 -0.106865 
0.124556 -0.085729 
0.123388 -0.062812 
0.122895 -0.040432 
0.123088 -0.016505 
0.123952 0.006595 
0.125633 0.030925 
0.127985 0.054105 
0.131302 0.078149 
0.135301 0.100747 
0.140431 0.123823 
0.146259 0.145219 
0.153407 0.166744 
0.161270 0.186420 
0.170657 0.205925 
0.180781 0.223525 
0.192644 0.240717 
0.205248 0.256011 
0.212579 0.263727 
0.219809 0.270727 
0.235084 0.283615 
0.243880 0.290028 
0.252512 0.295799 
0.261644 0.301308 
0.270577 0.306262 
0.280878 0.311374 
0.290935 0.315922 
0.301497 0.320195 
0.311774 0.323985 
0.323533 0.327813 
0.334946 0.331155 
0.346843 0.334210 
0.358340 0.336853 
0.371390 0.339413 
0.383968 0.341561 
0.396969 0.343408 
0.409439 0.344909 
0.423478 0.346204 
0.436897 0.347156 
0.450630 0.347785 
0.463675 0.348133 
0.478238 0.348143 
0.492032 0.347872 
0.519169 0.346412 
0.533726 0.345087 
0.547368 0.343542 
0.573786 0.339532 
0.587779 0.336792 
0.600741 0.333899 
0.625459 0.327178 
0.650231 0.318582 
0.672476 0.308958 
0.694401 0.297167 
0.713648 0.284455 
0.732299 0.269270 
0.748312 0.253303 
0.763540 0.234547 
0.776219 0.215317 
0.787972 0.193024 
0.797370 0.170663 
0.805684 0.145112 
0.811872 0.120050 
0.814619 0.105467 
0.816784 0.091898 
0.819814 0.064876 
0.820791 0.049401 
0.821333 0.035127 
0.821419 0.020607 
0.821196 0.007224 
0.820381 -0.008475 
0.819269 -0.022826 
0.817676 -0.037203 
0.815891 -0.050344 
0.813232 -0.065540 
0.810401 -0.079301 
0.807068 -0.092882 
0.803653 -0.105189 
0.799073 -0.119204 
0.794442 -0.131779 
0.789283 -0.144024 
0.784150 -0.155028 
0.777558 -0.167360 
0.771037 -0.178323 
0.763977 -0.188842 
0.757057 -0.198212 
0.748394 -0.208534 
0.739930 -0.217621 
0.730927 -0.226209 
0.722186 -0.233780 
0.711458 -0.241946 
0.701075 -0.249040 
0.690180 -0.255613 
0.679687 -0.261320 
0.667025 -0.267296 
0.654872 -0.272375 
0.642294 -0.276921 
0.630279 -0.280755 
0.616014 -0.284555 
0.602447 -0.287626 
0.588577 -0.290165 
0.575451 -0.292137 
0.560125 -0.293784 
0.545692 -0.294856 
0.531134 -0.295392 
0.517508 -0.295497 
0.501861 -0.294993 
0.487291 -0.294053 
0.472752 -0.292559 
0.459358 -0.290775 
0.444203 -0.288090 
0.430265 -0.285102 
0.404050 -0.277813 
0.390140 -0.272892 
0.377540 -0.267818 
0.354249 -0.256417 
0.342071 -0.249131 
0.331404 -0.242031 
0.311878 -0.226487 
0.301950 -0.216937 
0.293368 -0.207772 
0.278057 -0.188214 
0.270553 -0.176547 
0.264181 -0.165465 
0.253272 -0.142325 
0.248236 -0.128871 
0.244108 -0.116206 
0.240512 -0.102845 
0.237629 -0.090303 
0.235045 -0.075617 
0.233156 -0.061916 
0.231856 -0.047706 
0.231086 -0.034482 
0.230925 -0.019324 
0.231265 -0.005311 
0.232244 0.008968 
0.233588 0.022133 
0.235825 0.036905 
0.238394 0.050425 
0.241642 0.063958 
0.245104 0.076315 
0.249721 0.089889 
0.254514 0.102185 
0.260010 0.114266 
0.265567 0.125172 
0.272520 0.136912 
0.279493 0.147422 
0.294740 0.166564 
0.303940 0.176081 
0.312949 0.184449 
0.332016 0.199210 
0.354023 0.212369 
0.376220 0.222544 
0.401172 0.230863 
0.425463 0.236461 
0.452054 0.239961 
0.477189 0.241096 
0.503887 0.239896 
0.528452 0.236697 
0.553720 0.230970 
0.576364 0.223604 
0.598892 0.213590 
0.618547 0.202306 
0.637408 0.188369 
0.653375 0.173559 
0.668056 0.156234 
0.679989 0.138497 
0.690311 0.118540 
0.698134 0.098703 
0.704151 0.077045 
0.707961 0.056170 
0.709843 0.033923 
0.709872 0.013133 
0.707889 -0.008476 
0.704434 -0.028201 
0.698951 -0.048115 
0.692355 -0.065938 
0.683809 -0.083383 
0.674496 -0.098695 
0.663392 -0.113207 
0.651882 -0.125659 
0.638755 -0.137072 
0.625693 -0.146537 
0.611260 -0.154832 
0.597220 -0.161444 
0.582189 -0.166800 
0.567781 -0.170774 
0.552785 -0.173483 
0.538619 -0.175108 
0.510800 -0.175135 
0.485140 -0.171607 
0.462176 -0.165302 
0.442175 -0.156992 
0.425172 -0.147421 
0.411029 -0.137275 
0.399489 -0.127171 
0.390233 -0.117640 
0.382921 -0.109125 
0.377227 -0.101987 
0.372870 -0.096505 
0.369632 -0.092895 
0.367372 -0.091315 
0.366039 -0.091866 
0.365678 -0.094603 
0.366429 -0.099516 
0.368528 -0.106527 
0.372294 -0.115471 
0.378119 -0.126075 
0.386440 -0.137948 
0.397708 -0.150568 
0.412346 -0.163289 
0.430687 -0.175356 
0.452905 -0.185928 
0.478940 -0.194113 
0.508417 -0.199004 
0.540605 -0.199706 
0.557101 -0.198176 
0.574409 -0.195368 
0.591117 -0.191089 
0.608442 -0.185212 
0.624741 -0.177829 
0.641144 -0.168581 
0.656148 -0.157879 
0.670938 -0.145015 
0.683918 -0.130907 
0.696366 -0.114380 
0.706744 -0.096931 
0.716176 -0.077027 
0.723462 -0.056564 
0.729349 -0.033955 
0.733072 -0.011339 
0.735067 0.013120 
0.734905 0.036784 
0.732664 0.061860 
0.728358 0.085306 
0.721583 0.109605 
0.712905 0.131597 
0.701384 0.153767 
0.688126 0.173292 
0.671846 0.192171 
0.654057 0.208293 
0.633172 0.223222 
0.611235 0.235335 
0.599391 0.240681 
0.586260 0.245893 
0.574223 0.249867 
0.560967 0.253668 
0.547622 0.256770 
0.532946 0.259575 
0.519864 0.261371 
0.505566 0.262832 
0.491432 0.263614 
0.476013 0.263905 
0.462645 0.263479 
0.448143 0.262528 
0.434073 0.260927 
0.418858 0.258607 
0.406016 0.255921 
0.392187 0.252484 
0.378999 0.248439 
0.364896 0.243415 
0.353273 0.238423 
0.340858 0.232427 
0.329097 0.225821 
0.316968 0.218095 
0.306932 0.210685 
0.296582 0.202157 
0.286887 0.193036 
0.277033 0.182606 
0.269011 0.172831 
0.260883 0.161774 
0.253527 0.150321 
0.246179 0.137401 
0.240360 0.125496 
0.234599 0.112179 
0.229640 0.098761 
0.224853 0.083784 
0.221295 0.070247 
0.217957 0.055248 
0.215375 0.040477 
0.213142 0.024153 
0.211836 0.009721 
0.210928 -0.006116 
0.210698 -0.021397 
0.211022 -0.038111 
0.211952 -0.052553 
0.213485 -0.068253 
0.215605 -0.083104 
0.218517 -0.099188 
0.221689 -0.112772 
0.225701 -0.127409 
0.230202 -0.141002 
0.235765 -0.155580 
0.241208 -0.167614 
0.247754 -0.180476 
0.254690 -0.192231 
0.262968 -0.204690 
0.270705 -0.214751 
0.279817 -0.225406 
0.289343 -0.235149 
0.300201 -0.245008 
0.310325 -0.253030 
0.321799 -0.261169 
0.333726 -0.268582 
0.347104 -0.275929 
0.359353 -0.281750 
0.372986 -0.287486 
0.386983 -0.292562 
0.402490 -0.297429 
0.416397 -0.301073 
0.431684 -0.304494 
0.447148 -0.307295 
0.464078 -0.309745 
0.478939 -0.311287 
0.495090 -0.312466 
0.511168 -0.313057 
0.528570 -0.313139 
0.543514 -0.312637 
0.559583 -0.311616 
0.575323 -0.310031 
0.592173 -0.307752 
