0.443742 1.352357 
0.527931 1.352916 
0.609209 1.342302 
0.681371 1.320041 
0.740705 1.285327 
0.786059 1.237423 
0.817878 1.176331 
0.837156 1.103703 
0.844751 1.023551 
0.841058 0.941996 
0.825948 0.865670 
0.798875 0.799725 
0.759152 0.746829 
0.706438 0.707528 
0.641488 0.681230 
0.566951 0.667071 
0.487694 0.664438 
0.409972 0.673166 
0.339661 0.693534 
0.280722 0.726074 
0.234842 0.771220 
0.202082 0.828724 
0.181786 0.896914 
0.173261 0.972131 
0.176125 1.048952 
0.190401 1.121434 
0.216424 1.184761 
0.254583 1.236169 
0.304873 1.274784 
0.366282 1.300860 
0.436185 1.315029 
0.510169 1.317803 
0.582752 1.309381 
0.648770 1.289649 
0.704602 1.258351 
0.748513 1.215411 
0.780195 1.161408 
0.800056 1.098128 
0.808649 1.028899 
0.806352 0.958355 
0.793282 0.891476 
0.769374 0.832387 
0.734591 0.783635 
0.689252 0.746231 
0.634456 0.720168 
0.572447 0.704995 
0.506690 0.700218 
0.441407 0.705495 
0.380711 0.720651 
0.327747 0.745588 
0.284327 0.780082 
0.251083 0.823536 
0.227898 0.874691 
0.214321 0.931439 
0.209854 0.990871 
0.214074 1.049660 
0.226655 1.104653 
0.247296 1.153413 
0.275612 1.194466 
0.310996 1.227224 
0.352482 1.251727 
0.398658 1.268357 
0.447686 1.277628 
0.497454 1.280071 
0.545844 1.276183 
0.591014 1.266431 
0.631609 1.251286 
0.666825 1.231260 
0.696357 1.206945 
0.720276 1.179038 
0.738891 1.148353 
0.752644 1.115796 
0.762036 1.082319 
0.767578 1.048867 
0.769774 1.016298 
0.769114 0.985338 
0.766068 0.956535 
0.761091 0.930255 
0.754623 0.906693 
0.747088 0.885900 
0.738888 0.867817 
0.730402 0.852309 
0.721984 0.839197 
0.713949 0.828281 
0.706579 0.819359 
0.700115 0.812239 
0.694759 0.806754 
0.690664 0.802761 
0.687950 0.800154 
0.686692 0.798861 
0.686923 0.798844 
0.688642 0.800109 
0.691802 0.802693 
0.696319 0.806675 
0.702072 0.812165 
0.708892 0.819306 
0.716576 0.828266 
0.724880 0.839236 
0.733522 0.852412 
0.742184 0.867987 
0.750525 0.886137 
0.758172 0.906985 
0.764737 0.930582 
0.769814 0.956867 
0.772986 0.985648 
0.773822 1.016554 
0.771877 1.049052 
0.766692 1.082436 
0.757793 1.115874 
0.744692 1.148456 
0.726913 1.179269 
0.704020 1.207443 
0.675684 1.232209 
0.641784 1.252903 
0.602523 1.268973 
0.558555 1.279949 
0.511049 1.285406 
0.461670 1.284927 
0.412399 1.278067 
0.365290 1.264339 
0.322190 1.243234 
0.284570 1.214301 
0.253462 1.177307 
0.229520 1.132469 
0.213134 1.080730 
0.204565 1.023935 
0.204063 0.964771 
0.211951 0.906398 
0.228665 0.851870 
0.254703 0.803655 
0.290469 0.763399 
0.335973 0.731993 
0.390423 0.709796 
0.451854 0.696900 
0.517068 0.693352 
0.582076 0.699310 
0.642930 0.715115 
0.696503 0.741263 
0.740839 0.778220 
0.775040 0.826061 
0.798903 0.883938 
0.812543 0.949597 
0.816086 1.019281 
0.809486 1.088327 
0.792435 1.152260 
0.764412 1.207736 
0.724909 1.252873 
0.673869 1.287006 
0.612317 1.310190 
0.542911 1.322742 
0.469959 1.324918 
0.398608 1.316718 
0.333542 1.297819 
0.277993 1.267648 
0.233544 1.225654 
0.200541 1.171813 
0.178670 1.107324 
0.167448 1.035179 
0.166536 0.960082 
0.175914 0.887449 
0.195927 0.821972 
0.227195 0.766674 
0.270327 0.722842 
0.325386 0.690548 
0.391172 0.669283 
0.464633 0.658434 
0.540955 0.657585 
0.614639 0.666665 
0.680976 0.685999 
0.737010 0.716218 
0.781567 0.758006 
0.814701 0.811610 
0.837045 0.876149 
0.849326 0.948972 
0.852079 1.025595 
0.845495 1.100603 
0.829369 1.169117 
0.803146 1.227893 
0.766096 1.275523 
0.717683 1.311950 
0.658140 1.337814 
0.589142 1.353945 
0.514180 1.361044 
0.438153 1.359523 
0.366152 1.349426 
0.302141 1.330428 
0.248324 1.301913 
0.205321 1.263164 
0.172746 1.213729 
0.149775 1.153950 
0.135539 1.085541 
0.129348 1.011851 
0.130793 0.937430 
0.139797 0.866923 
0.156610 0.803924 
0.181752 0.750435 
0.215887 0.707017 
0.259574 0.673294 
0.312892 0.648453 
0.374966 0.631605 
0.443597 0.621980 
0.515305 0.619029 
0.585969 0.622466 
0.651800 0.632276 
0.710134 0.648702 
0.759656 0.672192 
0.800167 0.703309 
0.832153 0.742564 
0.856408 0.790163 
0.873773 0.845683 
0.884992 0.907762 
0.890638 0.974005 
0.891094 1.041251 
0.886541 1.106199 
0.876967 1.166088 
0.862183 1.219125 
0.841856 1.264521 
0.815567 1.302270 
0.782893 1.332843 
0.743545 1.356929 
0.697545 1.375258 
0.645424 1.388498 
0.588374 1.397210 
0.528260 1.401823 
0.467404 1.402636 
0.408210 1.399818 
0.352745 1.393418 
0.302466 1.383375 
0.258146 1.369531 
0.219980 1.351652 
0.187754 1.329454 
0.161019 1.302648 
0.139229 1.270996 
0.121827 1.234392 
0.108299 1.192952 
0.098198 1.147110 
0.091155 1.097674 
0.086878 1.045826 
0.085152 0.993016 
0.085830 0.940795 
0.088833 0.890603 
0.094140 0.843603 
0.101786 0.800588 
0.111855 0.761981 
0.124471 0.727889 
0.139797 0.698191 
0.158013 0.672618 
0.179312 0.650825 
0.203868 0.632445 
0.231817 0.617116 
0.263218 0.604502 
0.298011 0.594308 
0.335986 0.586276 
0.376745 0.580190 
0.419698 0.575877 
0.464081 0.573197 
0.509014 0.572048 
0.553573 0.572359 
0.596886 0.574092 
0.638201 0.577236 
0.676943 0.581809 
0.712729 0.587854 
0.745353 0.595442 
0.774767 0.604665 
0.801036 0.615641 
0.824306 0.628507 
0.844770 0.643417 
0.862648 0.660540 
0.878162 0.680048 
0.891530 0.702109 
0.902956 0.726870 
0.912625 0.754439 
0.920700 0.784859 
0.927325 0.818084 
0.932622 0.853950 
0.936690 0.892157 
0.939611 0.932259 
0.941447 0.973677 
0.942239 1.015728 
0.942012 1.057677 
0.940772 1.098802 
0.938505 1.138442 
0.935179 1.176052 
0.930744 1.211227 
0.925127 1.243702 
0.918234 1.273349 
0.909950 1.300148 
0.900137 1.324164 
0.888632 1.345524 
0.875249 1.364392 
0.859781 1.380952 
0.842000 1.395393 
0.821671 1.407903 
0.798556 1.418659 
0.772439 1.427828 
0.743145 1.435556 
0.710578 1.441977 
0.674757 1.447206 
0.635860 1.451340 
0.594252 1.454461 
0.550503 1.456634 
0.505366 1.457908 
0.459733 1.458314 
0.414547 1.457869 
0.370711 1.456574 
0.329006 1.454412 
0.290032 1.451348 
0.254187 1.447331 
0.221671 1.442289 
0.192523 1.436131 
0.166653 1.428743 
0.143887 1.419990 
0.123995 1.409710 
0.106724 1.397720 
0.091812 1.383810 
0.079006 1.367749 
0.068066 1.349289 
0.058773 1.328170 
0.050927 1.304141 
0.044351 1.276975 
0.038891 1.246501 
0.034409 1.212643 
0.030789 1.175461 
0.027930 1.135192 
0.025745 1.092284 
0.024163 1.047395 
0.023125 1.001367 
0.022582 0.955154 
0.022494 0.909732 
0.022832 0.865994 
0.023573 0.824676 
0.024701 0.786307 
0.026207 0.751203 
0.028087 0.719488 
0.030342 0.691128 
0.032975 0.665981 
0.035994 0.643831 
0.039411 0.624424 
0.043237 0.607490 
0.047488 0.592761 
0.052179 0.579982 
0.057326 0.568917 
0.062943 0.559348 
0.069046 0.551085 
0.075647 0.543954 
0.082755 0.537804 
0.090378 0.532503 
0.098517 0.527935 
0.107170 0.523998 
0.116326 0.520606 
0.125972 0.517684 
0.136082 0.515164 
0.146627 0.512991 
0.157567 0.511116 
0.168854 0.509498 
0.180433 0.508099 
0.192238 0.506889 
0.204199 0.505842 
0.216238 0.504935 
0.228273 0.504148 
0.240215 0.503466 
0.251977 0.502873 
0.263467 0.502359 
0.274596 0.501914 
0.285276 0.501528 
0.295421 0.501197 
0.304952 0.500914 
0.313792 0.500674 
0.321873 0.500474 
0.329131 0.500312 
0.335508 0.500185 
0.340955 0.500092 
0.345427 0.500031 
0.348886 0.500003 
0.351303 0.500006 
0.352648 0.500040 
0.352906 0.500107 
0.352062 0.500206 
0.350110 0.500339 
0.347049 0.500507 
0.342888 0.500711 
0.337639 0.500955 
0.331328 0.501241 
0.323985 0.501573 
0.315652 0.501956 
0.306382 0.502397 
0.296239 0.502902 
0.285295 0.503481 
0.273636 0.504146 
0.261357 0.504912 
0.248563 0.505797 
0.235364 0.506822 
0.221879 0.508015 
0.208229 0.509409 
0.194533 0.511043 
0.180913 0.512966 
0.167481 0.515238 
0.154344 0.517932 
0.141600 0.521136 
0.129334 0.524959 
0.117619 0.529530 
0.106517 0.535012 
0.096075 0.541600 
0.086328 0.549532 
0.077299 0.559100 
0.069003 0.570653 
0.061447 0.584616 
0.054630 0.601491 
0.048548 0.621868 
0.043198 0.646417 
0.038578 0.675865 
0.034691 0.710947 
0.031550 0.752293 
0.029181 0.800268 
0.027630 0.854747 
0.026969 0.914882 
0.027305 0.978980 
0.028789 1.044611 
0.031631 1.109004 
0.036115 1.169593 
0.042618 1.224472 
0.051638 1.272591 
0.063823 1.313673 
0.080004 1.347999 
0.101222 1.376159 
0.128742 1.398864 
0.164019 1.416813 
0.208552 1.430624 
0.263561 1.440787 
0.329413 1.447647 
0.404873 1.451388 
0.486586 1.452014 
0.569407 1.449333 
0.647780 1.442927 
0.717406 1.432119 
0.776104 1.415934 
0.823600 1.393055 
0.860784 1.361823 
0.889004 1.320326 
0.909601 1.266713 
0.923682 1.199866 
0.932012 1.120494 
0.934980 1.032185 
0.932574 0.941373 
0.924367 0.855478 
0.909493 0.780269 
0.886625 0.718471 
0.853999 0.670164 
0.809562 0.633996 
0.751421 0.608218 
0.678782 0.591277 
0.593325 0.582078 
0.500244 0.580079 
0.407514 0.585313 
0.323069 0.598392 
0.251999 0.620494 
0.195868 0.653305 
0.153839 0.698814 
0.124126 0.758774 
0.104954 0.833639 
0.095023 0.921085 
0.093680 1.015120 
0.100955 1.107243 
0.117540 1.189596 
0.144728 1.257608 
0.184250 1.310234 
0.237867 1.348585 
0.306507 1.374472 
0.388910 1.389516 
0.480387 1.394747 
0.573117 1.390483 
0.658696 1.376328 
0.731224 1.351251 
0.788428 1.313758 
0.830722 1.262285 
0.859672 1.196010 
0.876899 1.116104 
0.883531 1.026930 
0.879997 0.935887 
0.866019 0.851162 
0.840694 0.778790 
0.802706 0.721370 
0.750751 0.678811 
0.684365 0.649771 
0.605118 0.632767 
0.517611 0.626757 
0.429120 0.631358 
0.347359 0.646863 
0.277866 0.674128 
0.222981 0.714323 
0.182612 0.768427 
0.155563 0.836369 
0.140537 0.915905 
0.136671 1.001922 
0.143724 1.087198 
0.162072 1.164672 
0.192556 1.229636 
0.236170 1.280298 
0.293476 1.316909 
0.363697 1.340567 
