0.828798 0.362069 
0.829727 0.364584 
0.830625 0.367106 
0.831492 0.369636 
0.832328 0.372174 
0.833133 0.374717 
0.833905 0.377268 
0.834647 0.379824 
0.835356 0.382386 
0.836033 0.384953 
0.836679 0.387525 
0.837292 0.390102 
0.837872 0.392682 
0.838421 0.395267 
0.838936 0.397855 
0.839419 0.400447 
0.839870 0.403041 
0.840287 0.405637 
0.840672 0.408236 
0.841024 0.410836 
0.841342 0.413438 
0.841628 0.416041 
0.841881 0.418644 
0.842100 0.421248 
0.842286 0.423852 
0.842439 0.426455 
0.842559 0.429058 
0.842646 0.431659 
0.842699 0.434259 
0.842719 0.436858 
0.842706 0.439454 
0.842660 0.442047 
0.842581 0.444638 
0.842468 0.447226 
0.842322 0.449810 
0.842144 0.452390 
0.841932 0.454966 
0.841687 0.457537 
0.841409 0.460104 
0.841098 0.462665 
0.840755 0.465221 
0.840379 0.467770 
0.839970 0.470314 
0.839529 0.472851 
0.839055 0.475380 
0.838549 0.477903 
0.838011 0.480418 
0.837441 0.482925 
0.836839 0.485423 
0.836205 0.487913 
0.835539 0.490394 
0.834841 0.492866 
0.834113 0.495328 
0.833353 0.497780 
0.832561 0.500222 
0.831739 0.502653 
0.830887 0.505074 
0.830003 0.507483 
0.829089 0.509880 
0.828145 0.512266 
0.827171 0.514639 
0.826167 0.517000 
0.825134 0.519348 
0.824071 0.521683 
0.822979 0.524004 
0.821858 0.526312 
0.820708 0.528606 
0.819530 0.530885 
0.818323 0.533149 
0.817089 0.535399 
0.815826 0.537633 
0.814536 0.539851 
0.813219 0.542054 
0.811875 0.544240 
0.810504 0.546410 
0.809107 0.548563 
0.807683 0.550699 
0.806234 0.552818 
0.804759 0.554919 
0.803258 0.557002 
0.801733 0.559067 
0.800182 0.561113 
0.798608 0.563141 
0.797009 0.565149 
0.795386 0.567138 
0.793740 0.569108 
0.792071 0.571057 
0.790379 0.572987 
0.788664 0.574896 
0.786927 0.576784 
0.785168 0.578652 
0.783388 0.580498 
0.781587 0.582323 
0.779764 0.584126 
0.777921 0.585907 
0.776059 0.587666 
0.774176 0.589402 
0.772274 0.591116 
0.770352 0.592807 
0.768413 0.594474 
0.766454 0.596118 
0.764478 0.597739 
0.762484 0.599335 
0.760473 0.600908 
0.758446 0.602456 
0.756402 0.603979 
0.754341 0.605478 
0.752265 0.606951 
0.750174 0.608400 
0.748068 0.609822 
0.745947 0.611220 
0.743813 0.612591 
0.741664 0.613936 
0.739503 0.615255 
0.737328 0.616547 
0.735141 0.617813 
0.732942 0.619052 
0.730731 0.620263 
0.728509 0.621448 
0.726276 0.622605 
0.724032 0.623734 
0.721778 0.624835 
0.719515 0.625909 
0.717243 0.626954 
0.714962 0.627971 
0.712672 0.628959 
0.710374 0.629919 
0.708069 0.630849 
0.705757 0.631751 
0.703438 0.632624 
0.701113 0.633467 
0.698781 0.634280 
0.696445 0.635064 
0.694103 0.635819 
0.691756 0.636543 
0.689406 0.637237 
0.687051 0.637901 
0.684693 0.638535 
0.682333 0.639138 
0.679969 0.639711 
0.677604 0.640253 
0.675237 0.640764 
0.672868 0.641244 
0.670499 0.641693 
0.668129 0.642111 
0.665759 0.642498 
0.663389 0.642853 
0.661020 0.643177 
0.658653 0.643470 
0.656287 0.643730 
0.653923 0.643959 
0.651561 0.644157 
0.649202 0.644322 
0.646846 0.644455 
0.644494 0.644557 
0.642146 0.644626 
0.639802 0.644663 
0.637463 0.644668 
0.635129 0.644641 
0.632801 0.644582 
0.630478 0.644490 
0.628162 0.644365 
0.625853 0.644209 
0.623551 0.644020 
0.621256 0.643798 
0.618969 0.643544 
0.616690 0.643258 
0.614420 0.642938 
0.612159 0.642587 
0.609907 0.642203 
0.607665 0.641786 
0.605433 0.641337 
0.603211 0.640855 
0.601000 0.640341 
0.598800 0.639794 
0.596612 0.639215 
0.594435 0.638604 
0.592271 0.637960 
0.590119 0.637283 
0.587979 0.636575 
0.585853 0.635834 
0.583740 0.635061 
0.581641 0.634256 
0.579556 0.633418 
0.577486 0.632549 
0.575430 0.631647 
0.573389 0.630714 
0.571364 0.629749 
0.569354 0.628752 
0.567360 0.627724 
0.565382 0.626664 
0.563421 0.625573 
0.561476 0.624450 
0.559549 0.623296 
0.557639 0.622111 
0.555746 0.620895 
0.553871 0.619648 
0.552015 0.618370 
0.550176 0.617062 
0.548357 0.615723 
0.546556 0.614354 
0.544774 0.612955 
0.543012 0.611526 
0.541269 0.610067 
0.539546 0.608578 
0.537843 0.607060 
0.536160 0.605513 
0.534498 0.603936 
0.532857 0.602330 
0.531236 0.600695 
0.529636 0.599032 
0.528058 0.597341 
0.526501 0.595621 
0.524966 0.593873 
0.523453 0.592097 
0.521961 0.590294 
0.520492 0.588464 
0.519045 0.586606 
0.517621 0.584721 
0.516219 0.582810 
0.514841 0.580872 
0.513485 0.578908 
0.512152 0.576918 
0.510842 0.574902 
0.509556 0.572861 
0.508293 0.570795 
0.507054 0.568704 
0.505839 0.566588 
0.504647 0.564448 
0.503480 0.562283 
0.502336 0.560095 
0.501217 0.557884 
0.500121 0.555649 
0.499050 0.553391 
0.498004 0.551110 
0.496982 0.548808 
0.495984 0.546483 
0.495011 0.544136 
0.494063 0.541768 
0.493139 0.539379 
0.492240 0.536970 
0.491366 0.534540 
0.490516 0.532089 
0.489692 0.529619 
0.488892 0.527130 
0.488117 0.524622 
0.487367 0.522095 
0.486642 0.519550 
0.485942 0.516986 
0.485267 0.514406 
0.484617 0.511807 
0.483992 0.509193 
0.483391 0.506561 
0.482816 0.503914 
0.482265 0.501251 
0.481739 0.498573 
0.481238 0.495880 
0.480761 0.493172 
0.480310 0.490450 
0.479883 0.487715 
0.479480 0.484966 
0.479103 0.482205 
0.478749 0.479432 
0.478421 0.476646 
0.478116 0.473849 
0.477836 0.471041 
0.477580 0.468223 
0.477348 0.465394 
0.477141 0.462555 
0.476957 0.459708 
0.476798 0.456852 
0.476662 0.453987 
0.476550 0.451115 
0.476461 0.448236 
0.476397 0.445349 
0.476355 0.442457 
0.476337 0.439558 
0.476342 0.436655 
0.476371 0.433747 
0.476423 0.430834 
0.476497 0.427918 
0.476594 0.424998 
0.476715 0.422076 
0.476857 0.419152 
0.477023 0.416226 
0.477211 0.413299 
0.477421 0.410372 
0.477653 0.407445 
0.477908 0.404518 
0.478184 0.401593 
0.478483 0.398670 
0.478803 0.395748 
0.479145 0.392830 
0.479509 0.389916 
0.479894 0.387005 
0.480301 0.384099 
0.480729 0.381198 
0.481178 0.378304 
0.481648 0.375415 
0.482140 0.372534 
0.482652 0.369661 
0.483186 0.366796 
0.483740 0.363939 
0.484315 0.361092 
0.484910 0.358256 
0.485527 0.355430 
0.486163 0.352615 
0.486821 0.349812 
0.487498 0.347022 
0.488197 0.344245 
0.488915 0.341482 
0.489654 0.338733 
0.490413 0.335999 
0.491192 0.333281 
0.491992 0.330578 
0.492811 0.327893 
0.493651 0.325225 
0.494511 0.322575 
0.495390 0.319944 
0.496290 0.317332 
0.497210 0.314739 
0.498150 0.312167 
0.499110 0.309616 
0.500090 0.307087 
0.501090 0.304579 
0.502110 0.302094 
0.503151 0.299632 
0.504211 0.297194 
0.505291 0.294780 
0.506391 0.292391 
0.507511 0.290027 
0.508652 0.287689 
0.509812 0.285377 
0.510993 0.283092 
0.512193 0.280835 
0.513414 0.278605 
0.514655 0.276403 
0.515915 0.274230 
0.517196 0.272086 
0.518498 0.269972 
0.519819 0.267887 
0.521160 0.265833 
0.522522 0.263810 
0.523903 0.261818 
0.525305 0.259858 
0.526727 0.257930 
0.528169 0.256033 
0.529631 0.254170 
0.531113 0.252340 
0.532615 0.250543 
0.534137 0.248779 
0.535678 0.247050 
0.537240 0.245354 
0.538821 0.243694 
0.540423 0.242067 
0.542044 0.240476 
0.543684 0.238921 
0.545344 0.237401 
0.547023 0.235916 
0.548722 0.234467 
0.550440 0.233055 
0.552177 0.231679 
0.553933 0.230339 
0.555708 0.229036 
0.557502 0.227770 
0.559314 0.226541 
0.561144 0.225348 
0.562993 0.224194 
0.564860 0.223076 
0.566745 0.221996 
0.568647 0.220953 
0.570567 0.219948 
0.572504 0.218980 
0.574458 0.218050 
0.576429 0.217158 
0.578417 0.216304 
0.580421 0.215488 
0.582441 0.214710 
0.584477 0.213969 
0.586529 0.213267 
0.588595 0.212602 
0.590677 0.211975 
0.592774 0.211386 
0.594885 0.210836 
0.597010 0.210322 
0.599149 0.209847 
0.601301 0.209410 
0.603466 0.209010 
0.605645 0.208648 
0.607835 0.208324 
0.610038 0.208037 
0.612253 0.207788 
0.614479 0.207576 
0.616716 0.207401 
0.618963 0.207264 
0.621221 0.207164 
0.623489 0.207100 
0.625766 0.207074 
0.628052 0.207085 
0.630347 0.207132 
0.632650 0.207215 
0.634961 0.207336 
0.637279 0.207492 
0.639604 0.207685 
0.641936 0.207913 
0.644274 0.208178 
0.646618 0.208478 
0.648967 0.208813 
0.651321 0.209184 
0.653679 0.209591 
0.656041 0.210032 
0.658407 0.210508 
0.660776 0.211019 
0.663147 0.211564 
0.665520 0.212144 
0.667895 0.212757 
0.670272 0.213405 
0.672649 0.214086 
0.675026 0.214801 
0.677403 0.215549 
0.679779 0.216331 
0.682155 0.217145 
0.684529 0.217991 
0.686900 0.218871 
0.689270 0.219782 
0.691636 0.220725 
0.693999 0.221701 
0.696358 0.222707 
0.698712 0.223745 
0.701062 0.224814 
0.703406 0.225914 
0.705745 0.227044 
0.708077 0.228205 
0.710403 0.229395 
0.712721 0.230616 
0.715032 0.231866 
0.717335 0.233145 
0.719629 0.234453 
0.721914 0.235790 
0.724190 0.237155 
0.726456 0.238548 
0.728711 0.239970 
0.730956 0.241418 
0.733189 0.242895 
0.735410 0.244398 
0.737620 0.245928 
0.739817 0.247485 
0.742000 0.249067 
0.744170 0.250676 
0.746327 0.252310 
0.748469 0.253969 
0.750596 0.255654 
0.752708 0.257363 
0.754804 0.259096 
0.756884 0.260854 
0.758948 0.262635 
0.760995 0.264440 
0.763024 0.266268 
0.765036 0.268118 
0.767030 0.269992 
0.769005 0.271887 
0.770961 0.273804 
0.772898 0.275743 
0.774815 0.277703 
0.776713 0.279684 
0.778589 0.281686 
0.780445 0.283707 
0.782280 0.285749 
0.784093 0.287810 
0.785885 0.289891 
0.787654 0.291990 
0.789400 0.294108 
0.791124 0.296244 
0.792824 0.298398 
0.794500 0.300570 
0.796152 0.302759 
0.797781 0.304965 
0.799384 0.307187 
0.800963 0.309425 
0.802516 0.311680 
0.804043 0.313950 
0.805545 0.316235 
0.807021 0.318535 
0.808470 0.320849 
0.809892 0.323178 
0.811287 0.325520 
0.812655 0.327876 
0.813996 0.330244 
0.815308 0.332626 
0.816593 0.335020 
0.817849 0.337426 
0.819076 0.339843 
0.820275 0.342272 
0.821444 0.344712 
0.822584 0.347163 
0.823695 0.349623 
0.824776 0.352094 
0.825827 0.354574 
0.826848 0.357064 
0.827838 0.359562 
