0.134343 1.068785 
0.155180 1.170346 
0.195424 1.251506 
0.257295 1.309301 
0.341483 1.345343 
0.443847 1.362180 
0.553298 1.361353 
0.655080 1.342824 
0.738067 1.305154 
0.798288 1.246323 
0.836704 1.165577 
0.855653 1.066464 
0.856726 0.959092 
0.840052 0.857614 
0.804407 0.773504 
0.747962 0.711512 
0.669983 0.671270 
0.573659 0.650677 
0.468346 0.648145 
0.367625 0.663428 
0.283069 0.697572 
0.219987 0.752218 
0.178499 0.828008 
0.156747 0.921941 
0.153184 1.025196 
0.167481 1.124749 
0.200533 1.209120 
0.253787 1.272665 
0.327733 1.314878 
0.419437 1.337386 
0.520509 1.341681 
0.618491 1.328153 
0.702167 1.296060 
0.765729 1.244170 
0.808361 1.172178 
0.831483 1.082968 
0.836523 0.984480 
0.823949 0.888483 
0.793209 0.805789 
0.743311 0.742287 
0.674128 0.699089 
0.588390 0.674995 
0.493345 0.668613 
0.399809 0.679347 
0.318055 0.707496 
0.254100 0.753759 
0.209458 0.818152 
0.183209 0.898364 
0.173985 0.988302 
0.180973 1.078587 
0.204114 1.159681 
0.243753 1.225304 
0.299866 1.273250 
0.370874 1.303952 
0.452448 1.318702 
0.537402 1.318594 
0.617491 1.304170 
0.686161 1.275547 
0.740069 1.232849 
0.778653 1.176869 
0.802807 1.109849 
0.813786 1.035967 
0.812640 0.960941 
0.800086 0.890648 
0.776621 0.829542 
0.742769 0.779914 
0.699397 0.742186 
0.648019 0.715673 
0.590977 0.699264 
0.531330 0.691812 
0.472419 0.692302 
0.417248 0.699857 
0.367978 0.713679 
0.325755 0.732979 
0.290834 0.756912 
0.262860 0.784532 
0.241139 0.814789 
0.224842 0.846557 
0.213119 0.878704 
0.205161 0.910162 
0.200227 0.940005 
0.197641 0.967496 
0.196799 0.992102 
0.197159 1.013489 
0.198249 1.031479 
0.199662 1.046013 
0.201062 1.057099 
0.202188 1.064793 
0.202855 1.069139 
0.202959 1.070180 
0.202475 1.067930 
0.201460 1.062368 
0.200052 1.053464 
0.198463 1.041170 
0.196978 1.025455 
0.195952 1.006341 
0.195804 0.983927 
0.197012 0.958444 
0.200116 0.930290 
0.205715 0.900053 
0.214471 0.868511 
0.227107 0.836612 
0.244404 0.805408 
0.267165 0.775990 
0.296162 0.749405 
0.331996 0.726621 
0.374913 0.708491 
0.424531 0.695779 
0.479611 0.689197 
0.537961 0.689476 
0.596669 0.697431 
0.652571 0.714012 
0.702836 0.740290 
0.745326 0.777313 
0.778681 0.825739 
0.802140 0.885235 
0.815259 0.953777 
0.817625 1.027334 
0.808631 1.100465 
0.787351 1.167704 
0.752608 1.224902 
0.703390 1.269707 
0.639725 1.301225 
0.563883 1.319329 
0.481131 1.324017 
0.398929 1.314974 
0.324611 1.291363 
0.263260 1.251943 
0.217203 1.195719 
0.186852 1.123282 
0.171849 1.038442 
0.171931 0.948738 
0.187427 0.863460 
0.219374 0.790285 
0.269116 0.733360 
0.337113 0.693762 
0.420997 0.671019 
0.514036 0.664428 
0.606167 0.673841 
0.687776 0.699980 
0.752954 0.744236 
0.799790 0.807699 
0.828694 0.889205 
0.840690 0.983185 
0.836344 1.079626 
0.815281 1.167613 
0.776210 1.239619 
0.717669 1.292758 
0.639787 1.327223 
0.546735 1.344253 
0.447795 1.344791 
0.354600 1.328839 
0.276222 1.295331 
0.216761 1.242625 
0.176480 1.169957 
0.154047 1.079890 
0.148170 0.980259 
0.158419 0.882717 
0.185503 0.797810 
0.231027 0.731257 
0.296440 0.684171 
0.380900 0.655338 
0.478759 0.643163 
0.579365 0.646735 
0.671036 0.666255 
0.745952 0.703029 
0.801478 0.758847 
0.838312 0.834413 
0.858210 0.926830 
0.862590 1.027832 
0.851894 1.125675 
0.825402 1.210212 
0.781461 1.276339 
0.718393 1.323438 
0.636409 1.353052 
0.540075 1.367017 
0.439060 1.366497 
0.344892 1.351595 
0.266003 1.321302 
0.205691 1.273843 
0.163556 1.207707 
0.137733 1.123600 
0.126418 1.026702 
0.128575 0.926838 
0.144199 0.834925 
0.174317 0.758442 
0.220669 0.699999 
0.284789 0.658891 
0.366269 0.633181 
0.460690 0.621032 
0.559186 0.621321 
0.651371 0.633861 
0.729606 0.659418 
0.790802 0.699511 
0.835290 0.755808 
0.864885 0.828877 
0.881527 0.916366 
0.886621 1.011787 
0.880797 1.105787 
0.863840 1.189777 
0.834758 1.258838 
0.792038 1.311863 
0.734266 1.350019 
0.661292 1.375213 
0.575718 1.389205 
0.483677 1.393209 
0.393480 1.387773 
0.312577 1.372754 
0.245252 1.347366 
0.192524 1.310358 
0.153401 1.260396 
0.126145 1.196812 
0.109057 1.120688 
0.100825 1.035812 
0.100653 0.948482 
0.108274 0.865686 
0.123939 0.792783 
0.148357 0.732380 
0.182564 0.684717 
0.227653 0.648697 
0.284286 0.622771 
0.351983 0.605455 
0.428393 0.595568 
0.509143 0.592300 
0.588722 0.595224 
0.662081 0.604282 
0.725921 0.619758 
0.778955 0.642229 
0.821410 0.672481 
0.854311 0.711352 
0.878935 0.759460 
0.896496 0.816800 
0.908000 0.882285 
0.914204 0.953453 
0.915604 1.026659 
0.912457 1.097845 
0.904794 1.163518 
0.892434 1.221429 
0.875017 1.270660 
0.852031 1.311316 
0.822882 1.344093 
0.786988 1.369928 
0.743947 1.389776 
0.693756 1.404488 
0.637061 1.414768 
0.575335 1.421159 
0.510843 1.424049 
0.446326 1.423680 
0.384484 1.420158 
0.327470 1.413466 
0.276635 1.403469 
0.232531 1.389925 
0.195093 1.372498 
0.163875 1.350776 
0.138247 1.324309 
0.117533 1.292661 
0.101093 1.255497 
0.088361 1.212698 
0.078868 1.164501 
0.072237 1.111626 
0.068183 1.055328 
0.066511 0.997322 
0.067103 0.939568 
0.069921 0.883963 
0.075000 0.832064 
0.082448 0.784925 
0.092445 0.743082 
0.105241 0.706633 
0.121151 0.675369 
0.140551 0.648902 
0.163861 0.626759 
0.191513 0.608456 
0.223909 0.593535 
0.261340 0.581586 
0.303890 0.572262 
0.351318 0.565275 
0.402960 0.560402 
0.457681 0.557478 
0.513944 0.556396 
0.569993 0.557106 
0.624106 0.559616 
0.674834 0.563989 
0.721159 0.570352 
0.762524 0.578893 
0.798774 0.589869 
0.830051 0.603607 
0.856687 0.620506 
0.879106 0.641030 
0.897765 0.665702 
0.913104 0.695063 
0.925528 0.729619 
0.935389 0.769748 
0.942985 0.815565 
0.948556 0.866765 
0.952285 0.922495 
0.954303 0.981304 
0.954684 1.041267 
0.953449 1.100258 
0.950560 1.156305 
0.945924 1.207882 
0.939379 1.254053 
0.930698 1.294444 
0.919573 1.329125 
0.905618 1.358457 
0.888357 1.382956 
0.867228 1.403190 
0.841598 1.419723 
0.810796 1.433071 
0.774186 1.443690 
0.731292 1.451968 
0.681972 1.458224 
0.626634 1.462717 
0.566410 1.465642 
0.503180 1.467142 
0.439370 1.467307 
0.377520 1.466176 
0.319817 1.463740 
0.267768 1.459938 
0.222114 1.454659 
0.182950 1.447740 
0.149925 1.438956 
0.122440 1.428022 
0.099796 1.414587 
0.081295 1.398229 
0.066287 1.378460 
0.054198 1.354737 
0.044535 1.326489 
0.036883 1.293169 
0.030898 1.254341 
0.026299 1.209805 
0.022856 1.159752 
0.020388 1.104906 
0.018751 1.046588 
0.017832 0.986637 
0.017546 0.927156 
0.017833 0.870166 
0.018648 0.817281 
0.019965 0.769546 
0.021771 0.727420 
0.024063 0.690896 
0.026851 0.659646 
0.030147 0.633167 
0.033975 0.610888 
0.038359 0.592232 
0.043329 0.576664 
0.048916 0.563700 
0.055151 0.552920 
0.062064 0.543965 
0.069680 0.536529 
0.078021 0.530355 
0.087102 0.525228 
0.096926 0.520969 
0.107489 0.517429 
0.118772 0.514484 
0.130739 0.512033 
0.143342 0.509991 
0.156513 0.508286 
0.170168 0.506861 
0.184208 0.505669 
0.198515 0.504668 
0.212960 0.503828 
0.227402 0.503120 
0.241693 0.502523 
0.255682 0.502020 
0.269215 0.501595 
0.282143 0.501237 
0.294323 0.500936 
0.305621 0.500686 
0.315914 0.500480 
0.325089 0.500315 
0.333049 0.500186 
0.339709 0.500092 
0.344995 0.500031 
0.348850 0.500003 
0.351226 0.500006 
0.352084 0.500040 
0.351404 0.500107 
0.349175 0.500207 
0.345396 0.500341 
0.340083 0.500512 
0.333265 0.500723 
0.324988 0.500978 
0.315318 0.501280 
0.304337 0.501639 
0.292151 0.502061 
0.278884 0.502560 
0.264684 0.503149 
0.249714 0.503848 
0.234155 0.504681 
0.218199 0.505679 
0.202044 0.506881 
0.185887 0.508337 
0.169920 0.510111 
0.154323 0.512282 
0.139257 0.514953 
0.124862 0.518252 
0.111253 0.522345 
0.098520 0.527442 
0.086726 0.533810 
0.075912 0.541792 
0.066096 0.551826 
0.057280 0.564469 
0.049449 0.580423 
0.042583 0.600571 
0.036654 0.625988 
0.031638 0.657941 
0.027519 0.697814 
0.024293 0.746913 
0.021983 0.806077 
0.020644 0.875074 
0.020381 0.951970 
0.021367 1.032919 
0.023868 1.112847 
0.028276 1.186899 
0.035162 1.251740 
0.045331 1.305991 
0.059910 1.349837 
0.080446 1.384352 
0.109007 1.410927 
0.148217 1.430916 
0.201083 1.445467 
0.270288 1.455446 
0.356594 1.461412 
0.456592 1.463593 
0.561701 1.461849 
0.660875 1.455613 
0.745636 1.443792 
0.812728 1.424628 
0.863023 1.395536 
0.899196 1.353015 
0.924094 1.292917 
0.940005 1.211721 
0.948424 1.109505 
0.950006 0.993645 
0.944527 0.878504 
0.930814 0.778218 
0.906601 0.699696 
0.868401 0.642683 
0.811648 0.603647 
0.731843 0.578767 
0.627821 0.565204 
0.506690 0.561437 
0.384750 0.567322 
0.278999 0.584123 
0.197738 0.614590 
0.140479 0.662935 
0.103027 0.734122 
0.081183 0.831278 
0.072167 0.950480 
0.074954 1.076996 
0.090297 1.191312 
0.120708 1.281126 
0.170322 1.344764 
0.243975 1.386115 
0.344214 1.409728 
0.465709 1.418695 
0.592152 1.414117 
0.703871 1.395075 
0.789778 1.358746 
0.849277 1.300823 
0.886557 1.217142 
0.905920 1.107834 
0.909934 0.982856 
0.899023 0.861289 
0.871528 0.760265 
0.824016 0.686237 
0.752301 0.637281 
0.654397 0.608992 
0.535758 0.597899 
0.412136 0.602561 
0.302544 0.623693 
0.218069 0.663917 
0.159799 0.727002 
0.124094 0.815666 
0.107124 0.927116 
0.106760 1.048923 
0.122991 1.162540 
0.157754 1.254056 
0.214321 1.319512 
0.295567 1.361314 
0.400233 1.383228 
0.518563 1.387793 
0.633430 1.375566 
0.729521 1.345165 
0.800501 1.293796 
0.847364 1.218660 
0.873527 1.120112 
0.881731 1.005861 
0.872928 0.891357 
0.846192 0.792381 
0.799149 0.717113 
0.729172 0.665982 
0.636070 0.636090 
0.526001 0.624657 
0.412771 0.630447 
0.312080 0.654019 
0.233471 0.697383 
0.178712 0.762963 
0.145528 0.851275 
0.131215 0.957326 
