0.845120 0.861153 
0.815490 0.784408 
0.769887 0.724989 
0.707365 0.683023 
0.628812 0.657084 
0.538595 0.645707 
0.444899 0.648123 
0.357373 0.664452 
0.283432 0.695561 
0.226416 0.742625 
0.186448 0.806243 
0.162258 0.885023 
0.152573 0.974148 
0.156777 1.065401 
0.175068 1.149641 
0.208284 1.220160 
0.257403 1.274066 
0.322606 1.311334 
0.401901 1.333111 
0.489944 1.340485 
0.578481 1.333908 
0.658965 1.313101 
0.725488 1.277284 
0.775690 1.225729 
0.809692 1.158756 
0.828535 1.079035 
0.833129 0.992426 
0.823775 0.907096 
0.800145 0.830870 
0.761567 0.768788 
0.707642 0.722656 
0.639259 0.692219 
0.559744 0.676527 
0.475307 0.674831 
0.393803 0.686935 
0.322192 0.713153 
0.264647 0.753973 
0.222505 0.809402 
0.195408 0.878015 
0.182496 0.956033 
0.183128 1.037244 
0.197134 1.114412 
0.224719 1.181501 
0.266117 1.235065 
0.320977 1.274087 
0.387558 1.298949 
0.462071 1.310442 
0.538820 1.309185 
0.611472 1.295437 
0.674846 1.269194 
0.725950 1.230488 
0.763848 1.179863 
0.788838 1.118952 
0.801659 1.050918 
0.802999 0.980351 
0.793319 0.912391 
0.772887 0.851481 
0.741964 0.800482 
0.701081 0.760585 
0.651364 0.731788 
0.594806 0.713493 
0.534318 0.704941 
0.473407 0.705437 
0.415543 0.714403 
0.363506 0.731337 
0.319021 0.755712 
0.282787 0.786858 
0.254740 0.823852 
0.234377 0.865445 
0.220999 0.910077 
0.213868 0.955970 
0.212272 1.001329 
0.215540 1.044550 
0.223036 1.084392 
0.234135 1.120061 
0.248209 1.151185 
0.264617 1.177743 
0.282706 1.199958 
0.301824 1.218206 
0.321333 1.232936 
0.340630 1.244622 
0.359172 1.253729 
0.376479 1.260693 
0.392159 1.265911 
0.405894 1.269735 
0.417447 1.272466 
0.426640 1.274357 
0.433360 1.275607 
0.437526 1.276358 
0.439098 1.276700 
0.438064 1.276669 
0.434433 1.276242 
0.428247 1.275344 
0.419576 1.273846 
0.408530 1.271565 
0.395274 1.268270 
0.380029 1.263678 
0.363089 1.257461 
0.344826 1.249249 
0.325687 1.238631 
0.306182 1.225168 
0.286884 1.208405 
0.268399 1.187900 
0.251348 1.163263 
0.236350 1.134215 
0.224014 1.100680 
0.214927 1.062867 
0.209669 1.021364 
0.208821 0.977181 
0.212983 0.931714 
0.222798 0.886618 
0.238946 0.843620 
0.262121 0.804318 
0.292933 0.770046 
0.331741 0.741816 
0.378390 0.720356 
0.431921 0.706193 
0.490368 0.699764 
0.550852 0.701524 
0.610009 0.712023 
0.664627 0.731937 
0.712165 0.761988 
0.750965 0.802715 
0.780143 0.854056 
0.799314 0.914791 
0.808299 0.982133 
0.806880 1.051848 
0.794640 1.119081 
0.770928 1.179523 
0.735006 1.230191 
0.686459 1.269539 
0.625883 1.297066 
0.555670 1.312784 
0.480306 1.316775 
0.405640 1.308897 
0.337318 1.288654 
0.279411 1.255281 
0.234014 1.208134 
0.201712 1.147446 
0.182317 1.075324 
0.175497 0.996366 
0.181177 0.917048 
0.199721 0.843911 
0.231893 0.781728 
0.278480 0.732903 
0.339492 0.697993 
0.413028 0.676629 
0.494456 0.668265 
0.576896 0.672652 
0.653231 0.690056 
0.718234 0.721237 
0.769340 0.767095 
0.806059 0.827869 
0.828934 0.901936 
0.838694 0.984809 
0.835743 1.069464 
0.819922 1.148390 
0.790505 1.215969 
0.746498 1.269436 
0.687385 1.308300 
0.614322 1.333224 
0.531297 1.345104 
0.445125 1.344517 
0.363559 1.331467 
0.292734 1.305330 
0.235852 1.265076 
0.193602 1.209876 
0.165307 1.140182 
0.149925 1.058993 
0.146661 0.972349 
0.155266 0.887978 
0.176135 0.812708 
0.210202 0.750609 
0.258539 0.702958 
0.321519 0.669284 
0.397605 0.648468 
0.482353 0.639466 
0.568779 0.641685 
0.649458 0.655139 
0.718939 0.680455 
0.774686 0.718686 
0.816479 0.770819 
0.845277 0.836893 
0.862314 0.914837 
0.868580 0.999766 
0.864571 1.084733 
0.850204 1.162914 
0.824831 1.229671 
0.787429 1.283104 
0.737013 1.323330 
0.673409 1.351433 
0.598263 1.368686 
0.515740 1.376116 
0.432057 1.374310 
0.353673 1.363342 
0.285329 1.342776 
0.229268 1.311768 
0.185692 1.269319 
0.153688 1.214760 
0.131992 1.148502 
0.119443 1.072831 
0.115205 0.992186 
0.118852 0.912324 
0.130386 0.838649 
0.150220 0.774792 
0.179089 0.722265 
0.217865 0.680970 
0.267219 0.649969 
0.327092 0.628062 
0.396086 0.614145 
0.471088 0.607362 
0.547597 0.607174 
0.620809 0.613370 
0.686874 0.626061 
0.743588 0.645640 
0.790310 0.672720 
0.827456 0.708002 
0.855957 0.752054 
0.876871 0.804979 
0.891168 0.866014 
0.899628 0.933215 
0.902806 1.003497 
0.901027 1.073155 
0.894397 1.138707 
0.882814 1.197615 
0.865993 1.248543 
0.843510 1.291203 
0.814859 1.325998 
0.779564 1.353684 
0.737329 1.375112 
0.688247 1.391092 
0.633021 1.402316 
0.573104 1.409336 
0.510652 1.412554 
0.448225 1.412235 
0.388324 1.408509 
0.332959 1.401384 
0.283413 1.390758 
0.240242 1.376429 
0.203436 1.358120 
0.172622 1.335499 
0.147240 1.308225 
0.126677 1.276006 
0.110340 1.238684 
0.097700 1.196330 
0.088309 1.149355 
0.081804 1.098580 
0.077907 1.045235 
0.076414 0.990860 
0.077197 0.937109 
0.080192 0.885522 
0.085400 0.837334 
0.092878 0.793374 
0.102740 0.754065 
0.115146 0.719492 
0.130299 0.689499 
0.148436 0.663778 
0.169811 0.641949 
0.194678 0.623613 
0.223254 0.608384 
0.255682 0.595909 
0.291979 0.585877 
0.331979 0.578027 
0.375283 0.572140 
0.421239 0.568044 
0.468954 0.565607 
0.517360 0.564739 
0.565324 0.565386 
0.611769 0.567532 
0.655784 0.571194 
0.696692 0.576428 
0.734071 0.583324 
0.767730 0.592005 
0.797666 0.602634 
0.824013 0.615406 
0.846989 0.630548 
0.866859 0.648319 
0.883904 0.668994 
0.898400 0.692857 
0.910606 0.720171 
0.920757 0.751149 
0.929057 0.785907 
0.935684 0.824407 
0.940783 0.866409 
0.944471 0.911419 
0.946836 0.958684 
0.947937 1.007224 
0.947807 1.055918 
0.946447 1.103625 
0.943831 1.149309 
0.939902 1.192140 
0.934571 1.231540 
0.927713 1.267191 
0.919167 1.298996 
0.908734 1.327031 
0.896170 1.351492 
0.881193 1.372642 
0.863477 1.390778 
0.842664 1.406203 
0.818378 1.419209 
0.790246 1.430066 
0.757944 1.439015 
0.721259 1.446270 
0.680160 1.452011 
0.634889 1.456389 
0.586029 1.459526 
0.534533 1.461517 
0.481666 1.462428 
0.428880 1.462297 
0.377621 1.461139 
0.329144 1.458940 
0.284385 1.455657 
0.243911 1.451222 
0.207949 1.445532 
0.176453 1.438456 
0.149188 1.429825 
0.125811 1.419437 
0.105924 1.407049 
0.089122 1.392380 
0.075014 1.375111 
0.063238 1.354894 
0.053471 1.331364 
0.045430 1.304160 
0.038868 1.272967 
0.033574 1.237566 
0.029370 1.197908 
0.026106 1.154183 
0.023657 1.106896 
0.021922 1.056884 
0.020818 1.005293 
0.020279 0.953458 
0.020253 0.902748 
0.020704 0.854385 
0.021603 0.809322 
0.022934 0.768177 
0.024686 0.731240 
0.026859 0.698536 
0.029457 0.669892 
0.032488 0.645016 
0.035967 0.623549 
0.039909 0.605113 
0.044335 0.589337 
0.049265 0.575872 
0.054720 0.564402 
0.060721 0.554645 
0.067287 0.546354 
0.074436 0.539312 
0.082179 0.533333 
0.090526 0.528259 
0.099479 0.523952 
0.109030 0.520296 
0.119167 0.517192 
0.129865 0.514554 
0.141090 0.512312 
0.152796 0.510405 
0.164926 0.508781 
0.177412 0.507396 
0.190175 0.506215 
0.203124 0.505205 
0.216162 0.504341 
0.229184 0.503601 
0.242081 0.502966 
0.254738 0.502421 
0.267043 0.501954 
0.278885 0.501554 
0.290153 0.501212 
0.300745 0.500922 
0.310565 0.500679 
0.319523 0.500477 
0.327539 0.500313 
0.334541 0.500186 
0.340465 0.500092 
0.345257 0.500031 
0.348872 0.500003 
0.351272 0.500006 
0.352426 0.500040 
0.352316 0.500107 
0.350926 0.500206 
0.348254 0.500340 
0.344303 0.500509 
0.339088 0.500716 
0.332634 0.500964 
0.324978 0.501256 
0.316170 0.501598 
0.306273 0.501996 
0.295364 0.502457 
0.283534 0.502993 
0.270891 0.503615 
0.257554 0.504341 
0.243655 0.505189 
0.229333 0.506185 
0.214738 0.507360 
0.200019 0.508753 
0.185325 0.510411 
0.170801 0.512394 
0.156581 0.514774 
0.142790 0.517644 
0.129535 0.521116 
0.116910 0.525330 
0.104989 0.530460 
0.093829 0.536722 
0.083471 0.544387 
0.073940 0.553788 
0.065248 0.565338 
0.057397 0.579548 
0.050380 0.597036 
0.044185 0.618545 
0.038802 0.644938 
0.034220 0.677171 
0.030439 0.716210 
0.027471 0.762870 
0.025345 0.817538 
0.024122 0.879810 
0.023895 0.948161 
0.024810 1.019863 
0.027081 1.091384 
0.031006 1.159173 
0.037000 1.220473 
0.045631 1.273731 
0.057659 1.318543 
0.074094 1.355307 
0.096248 1.384853 
0.125767 1.408145 
0.164599 1.426107 
0.214787 1.439521 
0.277939 1.448988 
0.354242 1.454898 
0.441243 1.457417 
0.533329 1.456460 
0.622981 1.451656 
0.703492 1.442303 
0.771042 1.427295 
0.824849 1.405048 
0.866055 1.373444 
0.896534 1.329890 
0.918140 1.271694 
0.932359 1.197071 
0.940171 1.106930 
0.942013 1.006668 
0.937754 0.905764 
0.926655 0.814106 
0.907318 0.737903 
0.877638 0.678703 
0.834858 0.635052 
0.775974 0.604471 
0.698907 0.584640 
0.604693 0.573897 
0.499710 0.571402 
0.395070 0.577165 
0.301856 0.592060 
0.226356 0.617837 
0.169505 0.657054 
0.129243 0.712723 
0.102796 0.787227 
0.087884 0.880114 
0.083163 0.985512 
0.088338 1.092138 
0.104154 1.187965 
0.132351 1.265700 
0.175490 1.323889 
0.236382 1.364483 
0.316633 1.390279 
0.414118 1.403537 
0.520843 1.405475 
0.624510 1.396154 
0.714160 1.374525 
0.784516 1.338574 
0.835523 1.285731 
0.869548 1.213934 
0.889167 1.123731 
0.896138 1.020776 
0.891065 0.915994 
0.873390 0.821315 
0.841533 0.744329 
0.793252 0.686934 
0.726541 0.647574 
0.641433 0.623771 
0.542392 0.613566 
0.439116 0.616061 
0.343349 0.631513 
0.263637 0.661200 
0.203061 0.707071 
0.160800 0.770923 
0.134652 0.852761 
0.122670 0.948609 
0.123852 1.049568 
0.138299 1.144407 
0.167096 1.224419 
0.211955 1.285952 
0.274409 1.329310 
0.354284 1.356390 
0.447690 1.369018 
0.546179 1.368179 
0.639081 1.353827 
0.717929 1.324991 
0.778930 1.280156 
0.822083 1.218068 
0.849023 1.139213 
0.861404 1.047632 
0.860124 0.951564 
