0.760382 0.234375 
0.762343 0.218750 

0.758092 0.250000 
0.760358 0.234375 

0.640625 -0.082629 
0.625000 -0.088782 

0.649799 -0.078125 
0.640625 -0.082201 

0.649677 -0.078125 
0.656250 -0.075090 

0.824043 -0.031250 
0.828125 -0.015946 

0.828831 -0.015625 
0.828125 -0.018761 

0.832243 0.000000 
0.828885 -0.015625 

0.578125 -0.209291 
0.562500 -0.206331 

0.593750 -0.210960 
0.578125 -0.209342 

0.625000 -0.088930 
0.609375 -0.093436 

0.800332 -0.406250 
0.796875 -0.402793 

0.741071 0.031250 
0.746763 0.046875 

0.747093 0.046875 
0.750000 0.057698 

0.701368 -0.187500 
0.703125 -0.186600 

0.703125 -0.185837 
0.718750 -0.175963 

0.807855 0.312500 
0.812500 0.304045 

0.000000 0.078121 
0.015625 0.078121 

0.000000 0.093702 
0.015625 0.093702 

0.726323 0.000000 
0.718750 -0.014106 

0.674709 -0.062500 
0.687500 -0.052371 

-0.282480 0.406250 
-0.281250 0.407480 

0.776205 -0.125000 
0.781250 -0.117739 

0.625000 -0.210334 
0.640625 -0.208389 

0.640625 -0.208383 
0.656250 -0.205338 

0.692776 -0.046875 
0.687500 -0.051963 

0.693110 -0.046875 
0.703125 -0.035461 

0.706451 -0.031250 
0.703125 -0.035372 

0.752021 0.281250 
0.750000 0.286686 

0.671875 -0.065021 
0.656250 -0.074555 

0.674900 -0.062500 
0.671875 -0.064751 

0.763982 0.203125 
0.765134 0.187500 

0.762347 0.218750 
0.763945 0.203125 

-0.281246 0.406250 
-0.281250 0.406246 

0.234376 -0.484375 
0.234375 -0.484376 

0.231840 -0.468750 
0.234375 -0.468849 

0.234467 -0.468750 
0.234375 -0.468837 

0.765625 0.334296 
0.750000 0.333145 

0.765625 0.333002 
0.781250 0.329487 

0.751637 0.062500 
0.755386 0.078125 

0.755526 0.078125 
0.758833 0.093750 

0.706803 -0.031250 
0.717296 -0.015625 

0.717325 -0.015625 
0.718750 -0.013108 

0.839526 0.046875 
0.837408 0.031250 

0.841431 0.062500 
0.839583 0.046875 

0.470781 -0.140625 
0.474424 -0.156250 

0.470989 -0.140625 
0.475957 -0.125000 

0.232955 -0.453125 
0.234375 -0.456799 

0.234459 -0.453125 
0.234375 -0.457996 

0.231277 -0.453125 
0.234375 -0.452994 

0.234535 -0.453125 
0.234375 -0.452965 

0.515625 -0.097677 
0.500000 -0.103577 

0.531250 -0.095448 
0.515625 -0.097805 

0.842585 0.156250 
0.841496 0.171875 

0.841494 0.171875 
0.839920 0.187500 

-0.015689 0.125000 
-0.015625 0.125064 

0.784241 0.328125 
0.796875 0.321904 

0.807843 0.312500 
0.796875 0.322629 

0.784120 0.328125 
0.781250 0.329282 

0.843530 0.109375 
0.843332 0.093750 

0.843509 0.109375 
0.843453 0.125000 

0.489119 -0.171875 
0.500000 -0.179875 

0.475027 -0.156250 
0.484375 -0.168875 

0.487249 -0.171875 
0.484375 -0.169048 

0.584045 -0.328125 
0.578125 -0.322205 

0.675633 -0.390625 
0.671875 -0.386867 

0.781149 -0.046875 
0.781250 -0.046766 

0.843468 0.125000 
0.843169 0.140625 

0.843204 0.140625 
0.842565 0.156250 

0.549888 -0.203125 
0.562500 -0.206082 

0.546875 -0.201795 
0.531250 -0.196012 

0.551262 -0.203125 
0.546875 -0.202086 

0.842807 0.078125 
0.841518 0.062500 

0.843403 0.093750 
0.842768 0.078125 

0.839922 0.187500 
0.837866 0.203125 

0.837892 0.203125 
0.835298 0.218750 

0.562500 -0.097950 
0.578125 -0.098216 

0.593750 -0.096886 
0.578125 -0.098302 

0.745612 0.296875 
0.750000 0.286488 

0.736923 0.312500 
0.742863 0.296875 

0.744126 -0.156250 
0.750000 -0.151533 

0.726602 0.000000 
0.734017 0.015625 

0.734752 0.015625 
0.734375 0.014794 

0.734051 0.015625 
0.734375 0.016469 

0.734731 0.015625 
0.740917 0.031250 

0.755560 0.265625 
0.758101 0.250000 

0.752298 0.281250 
0.755988 0.265625 

0.701453 -0.187500 
0.687500 -0.194338 

0.531250 -0.095803 
0.546875 -0.096022 

0.546875 -0.096521 
0.562500 -0.097606 

0.765619 0.156250 
0.765625 0.156989 

0.765644 0.156250 
0.765708 0.171875 

0.765189 0.187500 
0.765625 0.175043 

0.765640 0.171875 
0.765625 0.172673 

0.513323 -0.187500 
0.515625 -0.188687 

0.531250 -0.195633 
0.515625 -0.188828 

0.734397 -0.453125 
0.734375 -0.453103 

-0.003105 0.109375 
0.000000 0.112480 

0.390172 0.062500 
0.390625 0.062439 

0.390740 0.062500 
0.390625 0.062426 

0.513665 -0.187500 
0.500000 -0.180190 

0.763348 0.125000 
0.764766 0.140625 

0.764798 0.140625 
0.765595 0.156250 

0.796118 -0.062500 
0.796875 -0.061736 

0.812042 -0.062500 
0.812500 -0.061215 

0.796604 -0.046875 
0.796875 -0.046786 

0.812469 -0.046875 
0.812500 -0.046791 

0.001852 0.109375 
0.000000 0.106682 

0.835124 0.015625 
0.832270 0.000000 

0.837464 0.031250 
0.835079 0.015625 

0.664162 -0.203125 
0.656250 -0.204915 

0.663813 -0.203125 
0.671875 -0.201141 

0.671875 -0.200976 
0.687500 -0.194770 

0.609375 -0.093915 
0.593750 -0.096589 

0.609432 -0.093750 
0.609375 -0.093763 

0.818707 -0.046875 
0.812925 -0.062500 

0.823946 -0.031250 
0.818761 -0.046875 

0.062507 -0.437500 
0.062500 -0.437493 

0.817983 0.281250 
0.814354 0.296875 

0.815167 0.296875 
0.812500 0.303459 

0.751517 0.062500 
0.750000 0.056201 

0.733516 0.312500 
0.734375 0.316676 

0.740722 0.328125 
0.734375 0.315280 

0.739591 0.328125 
0.750000 0.334778 

0.835426 0.218750 
0.831989 0.234375 

0.827747 0.250000 
0.828125 0.248385 

0.831659 0.234375 
0.828125 0.248584 

0.250006 -0.437500 
0.250000 -0.437494 

0.281256 -0.406250 
0.281250 -0.406256 

0.281244 -0.406250 
0.281250 -0.406244 

0.281256 -0.406250 
0.281250 -0.406244 

0.609375 -0.211198 
0.593750 -0.210897 

0.609375 -0.211173 
0.625000 -0.210330 

0.691442 -0.421875 
0.687500 -0.417933 

0.796103 -0.093750 
0.796875 -0.092250 

0.804642 -0.078125 
0.796875 -0.093636 

0.812101 -0.062500 
0.805009 -0.078125 

0.390301 0.062500 
0.390625 0.068836 

0.390707 0.062500 
0.390625 0.070071 

0.827026 0.250000 
0.822221 0.265625 

0.821659 0.265625 
0.817432 0.281250 

0.786977 -0.109375 
0.781250 -0.118014 

0.796104 -0.093750 
0.787122 -0.109375 

0.476727 -0.125000 
0.484375 -0.115054 

0.490088 -0.109375 
0.484375 -0.114337 

0.491280 -0.109375 
0.500000 -0.103741 

0.762199 -0.140625 
0.750000 -0.151655 

0.762283 -0.140625 
0.765625 -0.137198 

0.776103 -0.125000 
0.765625 -0.137247 

0.758830 0.093750 
0.761420 0.109375 

0.761377 0.109375 
0.763343 0.125000 

0.723830 -0.171875 
0.718750 -0.175525 

0.723295 -0.171875 
0.734375 -0.164008 

0.744102 -0.156250 
0.734375 -0.163739 

