0.982365 0.258583 
0.979554 0.272922 
0.976522 0.287122 
0.973276 0.301181 
0.969827 0.315097 
0.966183 0.328866 
0.962353 0.342488 
0.958346 0.355959 
0.954169 0.369277 
0.949833 0.382441 
0.945345 0.395447 
0.940713 0.408295 
0.935945 0.420982 
0.931051 0.433506 
0.926037 0.445867 
0.920910 0.458061 
0.915680 0.470088 
0.910353 0.481947 
0.904936 0.493635 
0.899437 0.505152 
0.893863 0.516498 
0.888220 0.527670 
0.882515 0.538668 
0.876755 0.549492 
0.870946 0.560140 
0.865094 0.570612 
0.859205 0.580908 
0.853286 0.591028 
0.847341 0.600970 
0.841377 0.610736 
0.835400 0.620325 
0.829413 0.629737 
0.823424 0.638972 
0.817435 0.648031 
0.811454 0.656913 
0.805483 0.665619 
0.799529 0.674150 
0.793594 0.682507 
0.787685 0.690689 
0.781804 0.698697 
0.775956 0.706533 
0.770146 0.714196 
0.764375 0.721689 
0.758650 0.729010 
0.752972 0.736163 
0.747346 0.743147 
0.741775 0.749963 
0.736262 0.756614 
0.730810 0.763099 
0.725422 0.769420 
0.720101 0.775578 
0.714850 0.781574 
0.709672 0.787409 
0.704569 0.793085 
0.699544 0.798603 
0.694599 0.803964 
0.689736 0.809169 
0.684958 0.814220 
0.680267 0.819118 
0.675664 0.823863 
0.671152 0.828459 
0.666733 0.832905 
0.662409 0.837203 
0.658180 0.841354 
0.654050 0.845360 
0.650018 0.849222 
0.646088 0.852940 
0.642260 0.856517 
0.638536 0.859953 
0.634917 0.863250 
0.631404 0.866409 
0.627998 0.869431 
0.624701 0.872317 
0.621513 0.875068 
0.618436 0.877686 
0.615471 0.880170 
0.612618 0.882524 
0.609878 0.884747 
0.607252 0.886840 
0.604741 0.888805 
0.602346 0.890643 
0.600066 0.892353 
0.597903 0.893938 
0.595857 0.895397 
0.593929 0.896732 
0.592120 0.897944 
0.590428 0.899033 
0.588856 0.900000 
0.587403 0.900845 
0.586070 0.901570 
0.584856 0.902174 
0.583763 0.902658 
0.582789 0.903023 
0.581937 0.903270 
0.581204 0.903398 
0.580593 0.903407 
0.580101 0.903299 
0.579731 0.903074 
0.579481 0.902731 
0.579352 0.902271 
0.579343 0.901694 
0.579455 0.901001 
0.579686 0.900190 
0.580038 0.899263 
0.580509 0.898219 
0.581100 0.897058 
0.581810 0.895781 
0.582639 0.894386 
0.583586 0.892874 
0.584651 0.891244 
0.585834 0.889496 
0.587134 0.887631 
0.588551 0.885646 
0.590083 0.883543 
0.591731 0.881320 
0.593494 0.878978 
0.595371 0.876515 
0.597362 0.873930 
0.599465 0.871225 
0.601680 0.868396 
0.604006 0.865445 
0.606443 0.862370 
0.608988 0.859171 
0.611642 0.855846 
0.614403 0.852395 
0.617270 0.848817 
0.620242 0.845111 
0.623318 0.841276 
0.626497 0.837312 
0.629777 0.833216 
0.633157 0.828988 
0.636636 0.824628 
0.640211 0.820133 
0.643882 0.815503 
0.647647 0.810737 
0.651505 0.805833 
0.655452 0.800791 
0.659489 0.795608 
0.663612 0.790285 
0.667820 0.784819 
0.672110 0.779210 
0.676481 0.773456 
0.680931 0.767555 
0.685457 0.761508 
0.690056 0.755311 
0.694726 0.748965 
0.699465 0.742468 
0.704269 0.735818 
0.709137 0.729014 
0.714064 0.722056 
0.719049 0.714941 
0.724087 0.707669 
0.729176 0.700238 
0.734313 0.692647 
0.739493 0.684895 
0.744713 0.676981 
0.749970 0.668904 
0.755259 0.660662 
0.760576 0.652255 
0.765918 0.643682 
0.771280 0.634941 
0.776657 0.626033 
0.782046 0.616955 
0.787440 0.607707 
0.792836 0.598289 
0.798228 0.588699 
0.803611 0.578938 
0.808980 0.569005 
0.814329 0.558899 
0.819652 0.548619 
0.824943 0.538167 
0.830197 0.527541 
0.835407 0.516741 
0.840567 0.505767 
0.845669 0.494621 
0.850708 0.483300 
0.855677 0.471807 
0.860567 0.460141 
0.865373 0.448302 
0.870086 0.436293 
0.874698 0.424112 
0.879203 0.411761 
0.883591 0.399241 
0.887855 0.386553 
0.891986 0.373698 
0.895975 0.360677 
0.899815 0.347492 
0.903496 0.334143 
0.907009 0.320634 
0.910344 0.306964 
0.913494 0.293137 
0.916447 0.279153 
0.919196 0.265015 
0.921729 0.250725 
0.924038 0.236285 
0.926113 0.221696 
0.927944 0.206962 
0.929521 0.192086 
0.930834 0.177068 
0.931874 0.161912 
0.932630 0.146621 
0.933094 0.131197 
0.933255 0.115643 
0.933103 0.099962 
0.932631 0.084158 
0.931827 0.068234 
0.930683 0.052193 
0.929191 0.036038 
0.927342 0.019775 
0.925127 0.003406 
0.922538 -0.013064 
0.919568 -0.029630 
0.916209 -0.046287 
0.912454 -0.063031 
0.908296 -0.079856 
0.903730 -0.096755 
0.898749 -0.113722 
0.893348 -0.130751 
0.887521 -0.147834 
0.881265 -0.164964 
0.874575 -0.182133 
0.867447 -0.199330 
0.859879 -0.216548 
0.851868 -0.233776 
0.843412 -0.251004 
0.834508 -0.268220 
0.825158 -0.285414 
0.815359 -0.302571 
0.805112 -0.319680 
0.794417 -0.336727 
0.783277 -0.353698 
0.771693 -0.370578 
0.759668 -0.387351 
0.747205 -0.404002 
0.734307 -0.420514 
0.720980 -0.436870 
0.707229 -0.453053 
0.693060 -0.469045 
0.678480 -0.484828 
0.663495 -0.500383 
0.648115 -0.515692 
0.632348 -0.530734 
0.616204 -0.545492 
0.599693 -0.559945 
0.582826 -0.574075 
0.565616 -0.587861 
0.548074 -0.601284 
0.530213 -0.614325 
0.512048 -0.626964 
0.493592 -0.639184 
0.474861 -0.650966 
0.455869 -0.662290 
0.436633 -0.673141 
0.417168 -0.683501 
0.397490 -0.693353 
0.377618 -0.702681 
0.357566 -0.711472 
0.337353 -0.719710 
0.316996 -0.727383 
0.296511 -0.734478 
0.275917 -0.740984 
0.255230 -0.746891 
0.234467 -0.752190 
0.213647 -0.756873 
0.192784 -0.760934 
0.171897 -0.764367 
0.151003 -0.767168 
0.130117 -0.769336 
0.109256 -0.770869 
0.088436 -0.771767 
0.067675 -0.772033 
0.046987 -0.771669 
0.026389 -0.770680 
0.005897 -0.769074 
-0.014473 -0.766856 
-0.034705 -0.764037 
-0.054783 -0.760627 
-0.074692 -0.756638 
-0.094416 -0.752083 
-0.113939 -0.746976 
-0.133244 -0.741333 
-0.152318 -0.735170 
-0.171143 -0.728506 
-0.189705 -0.721360 
-0.207989 -0.713750 
-0.225980 -0.705698 
-0.243664 -0.697225 
-0.261026 -0.688354 
-0.278053 -0.679108 
-0.294733 -0.669509 
-0.311052 -0.659582 
-0.327000 -0.649351 
-0.342566 -0.638842 
-0.357738 -0.628079 
-0.372510 -0.617088 
-0.386871 -0.605894 
-0.400816 -0.594523 
-0.414337 -0.583001 
-0.427430 -0.571353 
-0.440090 -0.559603 
-0.452316 -0.547779 
-0.464105 -0.535904 
-0.475455 -0.524002 
-0.486369 -0.512099 
-0.496846 -0.500218 
-0.506891 -0.488381 
-0.516505 -0.476612 
-0.525694 -0.464933 
-0.534464 -0.453364 
-0.542821 -0.441927 
-0.550771 -0.430641 
-0.558323 -0.419526 
-0.565487 -0.408601 
-0.572270 -0.397883 
-0.578684 -0.387388 
-0.584738 -0.377135 
-0.590444 -0.367137 
-0.595813 -0.357410 
-0.600857 -0.347967 
-0.605588 -0.338823 
-0.610016 -0.329989 
-0.614156 -0.321477 
-0.618018 -0.313298 
-0.621615 -0.305462 
-0.624958 -0.297980 
-0.628059 -0.290860 
-0.630930 -0.284110 
-0.633582 -0.277738 
-0.636025 -0.271752 
-0.638270 -0.266157 
-0.640326 -0.260960 
-0.642203 -0.256166 
-0.643909 -0.251781 
-0.645453 -0.247807 
-0.646841 -0.244249 
-0.648080 -0.241111 
-0.649177 -0.238394 
-0.650137 -0.236103 
-0.650964 -0.234238 
-0.651662 -0.232800 
-0.652233 -0.231792 
-0.652680 -0.231213 
-0.653005 -0.231065 
-0.653207 -0.231346 
-0.653287 -0.232055 
-0.653243 -0.233193 
-0.653073 -0.234757 
-0.652775 -0.236746 
-0.652345 -0.239158 
-0.651780 -0.241989 
-0.651073 -0.245236 
-0.650221 -0.248897 
-0.649215 -0.252967 
-0.648051 -0.257441 
-0.646719 -0.262316 
-0.645212 -0.267585 
-0.643522 -0.273243 
-0.641639 -0.279283 
-0.639554 -0.285699 
-0.637258 -0.292484 
-0.634740 -0.299630 
-0.631989 -0.307128 
-0.628995 -0.314971 
-0.625748 -0.323148 
-0.622236 -0.331649 
-0.618449 -0.340464 
-0.614376 -0.349583 
-0.610006 -0.358993 
-0.605328 -0.368682 
-0.600332 -0.378638 
-0.595008 -0.388847 
-0.589346 -0.399295 
-0.583336 -0.409968 
-0.576970 -0.420850 
-0.570240 -0.431925 
-0.563137 -0.443178 
-0.555654 -0.454591 
-0.547784 -0.466147 
-0.539523 -0.477827 
-0.530863 -0.489614 
-0.521802 -0.501488 
-0.512335 -0.513430 
-0.502461 -0.525419 
-0.492177 -0.537436 
-0.481482 -0.549460 
-0.470376 -0.561469 
-0.458861 -0.573442 
-0.446938 -0.585358 
-0.434610 -0.597195 
-0.421880 -0.608931 
-0.408754 -0.620544 
-0.395237 -0.632012 
-0.381334 -0.643313 
-0.367054 -0.654424 
-0.352403 -0.665324 
-0.337391 -0.675991 
-0.322026 -0.686403 
-0.306319 -0.696540 
-0.290280 -0.706380 
-0.273919 -0.715902 
-0.257248 -0.725087 
-0.240279 -0.733914 
-0.223024 -0.742365 
-0.205495 -0.750421 
-0.187705 -0.758063 
-0.169666 -0.765274 
-0.151391 -0.772038 
-0.132894 -0.778339 
-0.114187 -0.784162 
-0.095282 -0.789492 
-0.076194 -0.794315 
-0.056935 -0.798621 
-0.037518 -0.802396 
-0.017955 -0.805631 
0.001741 -0.808317 
0.021556 -0.810445 
0.041479 -0.812007 
0.061497 -0.812999 
0.081597 -0.813415 
0.101766 -0.813252 
0.121992 -0.812506 
0.142261 -0.811177 
0.162562 -0.809264 
0.182881 -0.806769 
0.203205 -0.803693 
0.223520 -0.800040 
0.243814 -0.795814 
0.264073 -0.791020 
0.284282 -0.785664 
0.304429 -0.779754 
0.324499 -0.773298 
0.344478 -0.766304 
0.364352 -0.758783 
0.384107 -0.750745 
0.403728 -0.742201 
0.423202 -0.733164 
0.442514 -0.723645 
0.461649 -0.713659 
0.480596 -0.703218 
0.499338 -0.692337 
0.517864 -0.681031 
0.536160 -0.669314 
0.554213 -0.657202 
0.572009 -0.644710 
0.589539 -0.631854 
0.606788 -0.618651 
0.623747 -0.605115 
0.640404 -0.591264 
0.656748 -0.577114 
0.672770 -0.562681 
0.688461 -0.547982 
0.703810 -0.533032 
0.718811 -0.517848 
0.733455 -0.502445 
0.747734 -0.486840 
0.761643 -0.471047 
0.775173 -0.455083 
0.788321 -0.438961 
0.801079 -0.422697 
0.813444 -0.406305 
0.825412 -0.389799 
0.836977 -0.373192 
0.848138 -0.356496 
0.858890 -0.339726 
0.869232 -0.322892 
0.879162 -0.306007 
0.888677 -0.289082 
0.897778 -0.272128 
0.906462 -0.255154 
0.914731 -0.238170 
0.922583 -0.221186 
0.930020 -0.204210 
0.937043 -0.187251 
0.943653 -0.170316 
0.949853 -0.153413 
0.955643 -0.136549 
0.961028 -0.119729 
0.966010 -0.102961 
0.970593 -0.086250 
0.974781 -0.069602 
0.978578 -0.053020 
0.981990 -0.036511 
0.985020 -0.020079 
0.987676 -0.003727 
0.989963 0.012540 
0.991887 0.028719 
0.993454 0.044805 
0.994673 0.060796 
0.995550 0.076688 
0.996093 0.092478 
0.996309 0.108163 
0.996206 0.123739 
0.995794 0.139204 
0.995080 0.154555 
0.994072 0.169790 
0.992780 0.184904 
0.991213 0.199896 
0.989379 0.214762 
0.987287 0.229501 
0.984946 0.244109 
