-0.505082 -0.752886 
-0.502267 -0.757276 
-0.499438 -0.761629 
-0.496594 -0.765946 
-0.493737 -0.770225 
-0.490868 -0.774466 
-0.487986 -0.778670 
-0.485092 -0.782834 
-0.482188 -0.786959 
-0.479273 -0.791045 
-0.476348 -0.795091 
-0.473415 -0.799097 
-0.470472 -0.803062 
-0.467522 -0.806987 
-0.464565 -0.810870 
-0.461601 -0.814712 
-0.458631 -0.818512 
-0.455656 -0.822270 
-0.452676 -0.825986 
-0.449691 -0.829659 
-0.446703 -0.833289 
-0.443711 -0.836875 
-0.440718 -0.840419 
-0.437722 -0.843918 
-0.434724 -0.847374 
-0.431726 -0.850785 
-0.428728 -0.854152 
-0.425730 -0.857475 
-0.422733 -0.860752 
-0.419737 -0.863985 
-0.416743 -0.867172 
-0.413752 -0.870315 
-0.410763 -0.873411 
-0.407778 -0.876462 
-0.404797 -0.879468 
-0.401821 -0.882427 
-0.398850 -0.885340 
-0.395884 -0.888207 
-0.392925 -0.891028 
-0.389972 -0.893802 
-0.387026 -0.896530 
-0.384087 -0.899212 
-0.381157 -0.901846 
-0.378235 -0.904434 
-0.375322 -0.906975 
-0.372418 -0.909470 
-0.369525 -0.911917 
-0.366642 -0.914318 
-0.363769 -0.916671 
-0.360908 -0.918978 
-0.358059 -0.921237 
-0.355222 -0.923450 
-0.352397 -0.925616 
-0.349586 -0.927734 
-0.346787 -0.929806 
-0.344003 -0.931831 
-0.341233 -0.933808 
-0.338478 -0.935739 
-0.335737 -0.937623 
-0.333013 -0.939460 
-0.330304 -0.941251 
-0.327611 -0.942994 
-0.324935 -0.944691 
-0.322276 -0.946342 
-0.319635 -0.947946 
-0.317011 -0.949504 
-0.314406 -0.951015 
-0.311819 -0.952480 
-0.309251 -0.953899 
-0.306702 -0.955273 
-0.304173 -0.956600 
-0.301664 -0.957882 
-0.299175 -0.959118 
-0.296707 -0.960308 
-0.294259 -0.961454 
-0.291834 -0.962554 
-0.289430 -0.963609 
-0.287047 -0.964619 
-0.284688 -0.965584 
-0.282350 -0.966505 
-0.280036 -0.967382 
-0.277745 -0.968214 
-0.275478 -0.969003 
-0.273235 -0.969747 
-0.271016 -0.970448 
-0.268821 -0.971106 
-0.266651 -0.971720 
-0.264507 -0.972291 
-0.262387 -0.972819 
-0.260294 -0.973305 
-0.258226 -0.973748 
-0.256185 -0.974149 
-0.254171 -0.974508 
-0.252183 -0.974825 
-0.250222 -0.975101 
-0.248289 -0.975335 
-0.246384 -0.975528 
-0.244507 -0.975680 
-0.242657 -0.975792 
-0.240837 -0.975863 
-0.239045 -0.975894 
-0.237282 -0.975885 
-0.235549 -0.975836 
-0.233845 -0.975748 
-0.232171 -0.975620 
-0.230527 -0.975454 
-0.228913 -0.975249 
-0.227331 -0.975005 
-0.225778 -0.974723 
-0.224258 -0.974402 
-0.222768 -0.974044 
-0.221310 -0.973649 
-0.219884 -0.973216 
-0.218490 -0.972746 
-0.217129 -0.972239 
-0.215800 -0.971696 
-0.214504 -0.971116 
-0.213241 -0.970500 
-0.212011 -0.969849 
-0.210815 -0.969161 
-0.209653 -0.968439 
-0.208525 -0.967681 
-0.207431 -0.966888 
-0.206371 -0.966060 
-0.205347 -0.965198 
-0.204357 -0.964302 
-0.203402 -0.963371 
-0.202483 -0.962407 
-0.201600 -0.961409 
-0.200752 -0.960378 
-0.199941 -0.959314 
-0.199165 -0.958216 
-0.198427 -0.957086 
-0.197725 -0.955923 
-0.197060 -0.954728 
-0.196432 -0.953501 
-0.195841 -0.952241 
-0.195288 -0.950950 
-0.194773 -0.949627 
-0.194296 -0.948273 
-0.193857 -0.946887 
-0.193456 -0.945470 
-0.193094 -0.944023 
-0.192771 -0.942544 
-0.192487 -0.941035 
-0.192242 -0.939495 
-0.192036 -0.937925 
-0.191870 -0.936324 
-0.191743 -0.934694 
-0.191657 -0.933033 
-0.191610 -0.931343 
-0.191604 -0.929622 
-0.191638 -0.927873 
-0.191712 -0.926093 
-0.191828 -0.924284 
-0.191984 -0.922446 
-0.192181 -0.920578 
-0.192420 -0.918681 
-0.192699 -0.916755 
-0.193020 -0.914799 
-0.193383 -0.912815 
-0.193788 -0.910801 
-0.194234 -0.908759 
-0.194722 -0.906687 
-0.195253 -0.904587 
-0.195826 -0.902458 
-0.196440 -0.900299 
-0.197098 -0.898112 
-0.197797 -0.895896 
-0.198540 -0.893651 
-0.199325 -0.891377 
-0.200152 -0.889074 
-0.201022 -0.886742 
-0.201936 -0.884381 
-0.202892 -0.881990 
-0.203891 -0.879571 
-0.204932 -0.877122 
-0.206017 -0.874644 
-0.207145 -0.872137 
-0.208315 -0.869600 
-0.209529 -0.867034 
-0.210785 -0.864438 
-0.212085 -0.861812 
-0.213427 -0.859157 
-0.214812 -0.856471 
-0.216240 -0.853755 
-0.217710 -0.851009 
-0.219223 -0.848233 
-0.220779 -0.845426 
-0.222377 -0.842589 
-0.224017 -0.839720 
-0.225700 -0.836821 
-0.227424 -0.833890 
-0.229190 -0.830928 
-0.230998 -0.827935 
-0.232848 -0.824910 
-0.234738 -0.821853 
-0.236670 -0.818764 
-0.238643 -0.815642 
-0.240656 -0.812488 
-0.242709 -0.809302 
-0.244803 -0.806082 
-0.246936 -0.802830 
-0.249109 -0.799544 
-0.251321 -0.796225 
-0.253572 -0.792871 
-0.255861 -0.789484 
-0.258188 -0.786063 
-0.260552 -0.782607 
-0.262954 -0.779117 
-0.265393 -0.775592 
-0.267867 -0.772031 
-0.270378 -0.768436 
-0.272924 -0.764805 
-0.275505 -0.761138 
-0.278120 -0.757435 
-0.280768 -0.753697 
-0.283450 -0.749921 
-0.286164 -0.746110 
-0.288910 -0.742261 
-0.291687 -0.738376 
-0.294495 -0.734454 
-0.297332 -0.730494 
-0.300199 -0.726497 
-0.303094 -0.722462 
-0.306016 -0.718390 
-0.308965 -0.714280 
-0.311940 -0.710132 
-0.314941 -0.705946 
-0.317965 -0.701721 
-0.321013 -0.697459 
-0.324083 -0.693158 
-0.327175 -0.688819 
-0.330287 -0.684441 
-0.333419 -0.680025 
-0.336570 -0.675571 
-0.339738 -0.671078 
-0.342922 -0.666548 
-0.346122 -0.661978 
-0.349336 -0.657371 
-0.352564 -0.652726 
-0.355803 -0.648043 
-0.359053 -0.643322 
-0.362313 -0.638564 
-0.365582 -0.633769 
-0.368858 -0.628936 
-0.372139 -0.624067 
-0.375426 -0.619162 
-0.378716 -0.614221 
-0.382008 -0.609244 
-0.385301 -0.604232 
-0.388593 -0.599185 
-0.391884 -0.594105 
-0.395172 -0.588990 
-0.398455 -0.583843 
-0.401733 -0.578663 
-0.405003 -0.573451 
-0.408265 -0.568209 
-0.411516 -0.562936 
-0.414757 -0.557633 
-0.417984 -0.552303 
-0.421198 -0.546944 
-0.424396 -0.541559 
-0.427577 -0.536147 
-0.430740 -0.530711 
-0.433883 -0.525252 
-0.437005 -0.519770 
-0.440105 -0.514266 
-0.443181 -0.508742 
-0.446233 -0.503200 
-0.449258 -0.497640 
-0.452256 -0.492064 
-0.455225 -0.486473 
-0.458164 -0.480869 
-0.461072 -0.475253 
-0.463948 -0.469627 
-0.466790 -0.463992 
-0.469598 -0.458351 
-0.472371 -0.452705 
-0.475107 -0.447055 
-0.477805 -0.441403 
-0.480465 -0.435752 
-0.483086 -0.430103 
-0.485667 -0.424458 
-0.488207 -0.418819 
-0.490706 -0.413188 
-0.493162 -0.407568 
-0.495576 -0.401959 
-0.497946 -0.396365 
-0.500273 -0.390787 
-0.502555 -0.385228 
-0.504793 -0.379690 
-0.506987 -0.374175 
-0.509135 -0.368685 
-0.511238 -0.363223 
-0.513296 -0.357790 
-0.515308 -0.352390 
-0.517276 -0.347024 
-0.519198 -0.341695 
-0.521076 -0.336405 
-0.522909 -0.331157 
-0.524698 -0.325952 
-0.526443 -0.320793 
-0.528145 -0.315683 
-0.529804 -0.310624 
-0.531421 -0.305617 
-0.532996 -0.300666 
-0.534531 -0.295773 
-0.536026 -0.290939 
-0.537481 -0.286168 
-0.538898 -0.281461 
-0.540279 -0.276821 
-0.541622 -0.272249 
-0.542931 -0.267748 
-0.544206 -0.263320 
-0.545447 -0.258967 
-0.546657 -0.254691 
-0.547837 -0.250494 
-0.548987 -0.246378 
-0.550110 -0.242345 
-0.551205 -0.238396 
-0.552276 -0.234534 
-0.553322 -0.230760 
-0.554346 -0.227076 
-0.555349 -0.223483 
-0.556332 -0.219983 
-0.557296 -0.216578 
-0.558243 -0.213269 
-0.559175 -0.210057 
-0.560093 -0.206944 
-0.560997 -0.203930 
-0.561890 -0.201019 
-0.562772 -0.198209 
-0.563646 -0.195503 
-0.564512 -0.192901 
-0.565371 -0.190405 
-0.566225 -0.188015 
-0.567075 -0.185732 
-0.567921 -0.183556 
-0.568766 -0.181490 
-0.569610 -0.179532 
-0.570454 -0.177685 
-0.571299 -0.175947 
-0.572146 -0.174320 
-0.572996 -0.172805 
-0.573849 -0.171400 
-0.574707 -0.170108 
-0.575569 -0.168927 
-0.576437 -0.167858 
-0.577311 -0.166901 
-0.578191 -0.166056 
-0.579079 -0.165323 
-0.579973 -0.164703 
-0.580875 -0.164193 
-0.581785 -0.163796 
-0.582703 -0.163510 
-0.583629 -0.163335 
-0.584563 -0.163270 
-0.585505 -0.163316 
-0.586455 -0.163472 
-0.587413 -0.163737 
-0.588379 -0.164111 
-0.589352 -0.164593 
-0.590332 -0.165183 
-0.591318 -0.165880 
-0.592311 -0.166683 
-0.593310 -0.167591 
-0.594315 -0.168604 
-0.595324 -0.169722 
-0.596337 -0.170942 
-0.597354 -0.172264 
-0.598373 -0.173687 
-0.599395 -0.175211 
-0.600418 -0.176834 
-0.601441 -0.178556 
-0.602465 -0.180375 
-0.603487 -0.182289 
-0.604507 -0.184299 
-0.605524 -0.186403 
-0.606538 -0.188600 
-0.607546 -0.190889 
-0.608549 -0.193268 
-0.609545 -0.195736 
-0.610533 -0.198292 
-0.611512 -0.200935 
-0.612482 -0.203664 
-0.613440 -0.206477 
-0.614387 -0.209373 
-0.615321 -0.212351 
-0.616241 -0.215409 
-0.617146 -0.218546 
-0.618034 -0.221761 
-0.618906 -0.225052 
-0.619759 -0.228418 
-0.620594 -0.231858 
-0.621408 -0.235370 
-0.622201 -0.238953 
-0.622971 -0.242606 
-0.623718 -0.246326 
-0.624442 -0.250114 
-0.625140 -0.253966 
-0.625811 -0.257883 
-0.626456 -0.261862 
-0.627073 -0.265902 
-0.627661 -0.270002 
-0.628220 -0.274160 
-0.628747 -0.278375 
-0.629244 -0.282645 
-0.629708 -0.286970 
-0.630139 -0.291347 
-0.630537 -0.295775 
-0.630900 -0.300253 
-0.631228 -0.304780 
-0.631520 -0.309354 
-0.631776 -0.313974 
-0.631994 -0.318638 
-0.632175 -0.323345 
-0.632317 -0.328093 
-0.632421 -0.332882 
-0.632485 -0.337709 
-0.632509 -0.342575 
-0.632493 -0.347476 
-0.632436 -0.352412 
-0.632338 -0.357382 
-0.632198 -0.362384 
-0.632017 -0.367418 
-0.631793 -0.372480 
-0.631526 -0.377572 
-0.631217 -0.382690 
-0.630864 -0.387834 
-0.630469 -0.393003 
-0.630029 -0.398195 
-0.629546 -0.403409 
-0.629019 -0.408644 
-0.628448 -0.413899 
-0.627834 -0.419172 
-0.627175 -0.424463 
-0.626471 -0.429769 
-0.625724 -0.435091 
-0.624933 -0.440426 
-0.624097 -0.445773 
-0.623217 -0.451133 
-0.622294 -0.456502 
-0.621326 -0.461881 
-0.620315 -0.467268 
-0.619260 -0.472662 
-0.618161 -0.478061 
-0.617019 -0.483466 
-0.615835 -0.488874 
-0.614607 -0.494285 
-0.613337 -0.499698 
-0.612024 -0.505111 
-0.610670 -0.510525 
-0.609273 -0.515936 
-0.607835 -0.521346 
-0.606357 -0.526751 
-0.604837 -0.532153 
-0.603277 -0.537550 
-0.601677 -0.542940 
-0.600037 -0.548323 
-0.598359 -0.553698 
-0.596641 -0.559064 
-0.594885 -0.564420 
-0.593092 -0.569765 
-0.591260 -0.575098 
-0.589392 -0.580419 
-0.587488 -0.585727 
-0.585548 -0.591021 
-0.583572 -0.596299 
-0.581561 -0.601562 
-0.579516 -0.606807 
-0.577437 -0.612036 
-0.575325 -0.617246 
-0.573180 -0.622437 
-0.571003 -0.627608 
-0.568794 -0.632759 
-0.566554 -0.637888 
-0.564284 -0.642996 
-0.561984 -0.648080 
-0.559655 -0.653142 
-0.557297 -0.658179 
-0.554911 -0.663191 
-0.552497 -0.668178 
-0.550057 -0.673138 
-0.547591 -0.678072 
-0.545099 -0.682979 
-0.542582 -0.687857 
-0.540041 -0.692707 
-0.537476 -0.697527 
-0.534888 -0.702318 
-0.532278 -0.707078 
-0.529645 -0.711807 
-0.526992 -0.716505 
-0.524318 -0.721170 
-0.521625 -0.725803 
-0.518912 -0.730403 
-0.516181 -0.734969 
-0.513431 -0.739501 
-0.510665 -0.743998 
-0.507881 -0.748460 
