0.517415 -0.746581 
0.521280 -0.746077 
0.525132 -0.745542 
0.528973 -0.744978 
0.532801 -0.744385 
0.536616 -0.743763 
0.540417 -0.743112 
0.544205 -0.742433 
0.547977 -0.741725 
0.551735 -0.740988 
0.555477 -0.740224 
0.559203 -0.739432 
0.562913 -0.738612 
0.566606 -0.737765 
0.570281 -0.736891 
0.573939 -0.735990 
0.577578 -0.735062 
0.581199 -0.734108 
0.584800 -0.733128 
0.588382 -0.732122 
0.591944 -0.731090 
0.595486 -0.730033 
0.599007 -0.728951 
0.602506 -0.727845 
0.605984 -0.726713 
0.609440 -0.725558 
0.612873 -0.724379 
0.616283 -0.723176 
0.619671 -0.721949 
0.623034 -0.720700 
0.626373 -0.719428 
0.629688 -0.718133 
0.632979 -0.716817 
0.636244 -0.715478 
0.639483 -0.714119 
0.642697 -0.712738 
0.645884 -0.711336 
0.649045 -0.709913 
0.652179 -0.708471 
0.655286 -0.707009 
0.658365 -0.705527 
0.661416 -0.704026 
0.664439 -0.702506 
0.667433 -0.700967 
0.670399 -0.699411 
0.673335 -0.697837 
0.676242 -0.696245 
0.679119 -0.694636 
0.681966 -0.693010 
0.684782 -0.691368 
0.687568 -0.689710 
0.690323 -0.688036 
0.693047 -0.686347 
0.695739 -0.684643 
0.698400 -0.682924 
0.701028 -0.681191 
0.703625 -0.679444 
0.706189 -0.677683 
0.708720 -0.675910 
0.711218 -0.674123 
0.713683 -0.672324 
0.716115 -0.670514 
0.718513 -0.668691 
0.720877 -0.666857 
0.723207 -0.665012 
0.725503 -0.663157 
0.727764 -0.661291 
0.729991 -0.659415 
0.732183 -0.657531 
0.734340 -0.655636 
0.736462 -0.653734 
0.738548 -0.651823 
0.740599 -0.649904 
0.742614 -0.647977 
0.744593 -0.646044 
0.746536 -0.644103 
0.748443 -0.642156 
0.750314 -0.640203 
0.752148 -0.638245 
0.753946 -0.636281 
0.755707 -0.634312 
0.757431 -0.632339 
0.759118 -0.630362 
0.760768 -0.628381 
0.762381 -0.626396 
0.763957 -0.624409 
0.765495 -0.622419 
0.766996 -0.620427 
0.768459 -0.618432 
0.769884 -0.616437 
0.771272 -0.614440 
0.772622 -0.612443 
0.773933 -0.610445 
0.775207 -0.608448 
0.776443 -0.606451 
0.777641 -0.604455 
0.778801 -0.602460 
0.779922 -0.600466 
0.781005 -0.598475 
0.782050 -0.596486 
0.783056 -0.594500 
0.784024 -0.592516 
0.784953 -0.590537 
0.785844 -0.588561 
0.786697 -0.586589 
0.787510 -0.584622 
0.788286 -0.582660 
0.789023 -0.580704 
0.789721 -0.578753 
0.790380 -0.576808 
0.791001 -0.574870 
0.791583 -0.572939 
0.792127 -0.571015 
0.792632 -0.569098 
0.793098 -0.567190 
0.793526 -0.565290 
0.793915 -0.563398 
0.794265 -0.561516 
0.794577 -0.559643 
0.794851 -0.557779 
0.795085 -0.555926 
0.795281 -0.554084 
0.795439 -0.552252 
0.795558 -0.550432 
0.795639 -0.548623 
0.795681 -0.546826 
0.795685 -0.545041 
0.795651 -0.543269 
0.795578 -0.541510 
0.795467 -0.539765 
0.795317 -0.538033 
0.795130 -0.536315 
0.794904 -0.534611 
0.794640 -0.532922 
0.794338 -0.531248 
0.793998 -0.529590 
0.793620 -0.527947 
0.793204 -0.526320 
0.792750 -0.524710 
0.792259 -0.523116 
0.791729 -0.521540 
0.791162 -0.519980 
0.790557 -0.518439 
0.789915 -0.516915 
0.789235 -0.515410 
0.788518 -0.513923 
0.787763 -0.512455 
0.786971 -0.511006 
0.786141 -0.509577 
0.785275 -0.508167 
0.784371 -0.506778 
0.783430 -0.505409 
0.782452 -0.504060 
0.781437 -0.502733 
0.780385 -0.501426 
0.779296 -0.500142 
0.778171 -0.498879 
0.777009 -0.497638 
0.775810 -0.496419 
0.774575 -0.495223 
0.773303 -0.494049 
0.771995 -0.492899 
0.770650 -0.491772 
0.769270 -0.490668 
0.767853 -0.489588 
0.766400 -0.488533 
0.764911 -0.487501 
0.763385 -0.486494 
0.761824 -0.485511 
0.760228 -0.484553 
0.758595 -0.483621 
0.756927 -0.482713 
0.755223 -0.481831 
0.753483 -0.480975 
0.751709 -0.480144 
0.749898 -0.479339 
0.748053 -0.478561 
0.746172 -0.477809 
0.744256 -0.477083 
0.742305 -0.476383 
0.740319 -0.475711 
0.738298 -0.475065 
0.736243 -0.474446 
0.734152 -0.473855 
0.732027 -0.473290 
0.729867 -0.472753 
0.727673 -0.472243 
0.725444 -0.471760 
0.723181 -0.471306 
0.720884 -0.470878 
0.718552 -0.470479 
0.716187 -0.470107 
0.713787 -0.469762 
0.711353 -0.469446 
0.708886 -0.469157 
0.706384 -0.468897 
0.703850 -0.468664 
0.701281 -0.468458 
0.698679 -0.468281 
0.696044 -0.468131 
0.693375 -0.468009 
0.690673 -0.467915 
0.687938 -0.467848 
0.685170 -0.467809 
0.682369 -0.467798 
0.679535 -0.467814 
0.676669 -0.467857 
0.673770 -0.467927 
0.670838 -0.468024 
0.667874 -0.468149 
0.664878 -0.468300 
0.661850 -0.468478 
0.658790 -0.468682 
0.655697 -0.468912 
0.652574 -0.469169 
0.649418 -0.469452 
0.646231 -0.469760 
0.643013 -0.470094 
0.639764 -0.470453 
0.636483 -0.470837 
0.633172 -0.471246 
0.629830 -0.471679 
0.626457 -0.472136 
0.623054 -0.472617 
0.619621 -0.473122 
0.616158 -0.473650 
0.612665 -0.474201 
0.609143 -0.474775 
0.605591 -0.475371 
0.602010 -0.475989 
0.598400 -0.476628 
0.594762 -0.477288 
0.591094 -0.477969 
0.587399 -0.478670 
0.583676 -0.479391 
0.579925 -0.480132 
0.576147 -0.480891 
0.572341 -0.481669 
0.568509 -0.482465 
0.564650 -0.483278 
0.560765 -0.484108 
0.556854 -0.484955 
0.552918 -0.485818 
0.548957 -0.486696 
0.544971 -0.487590 
0.540960 -0.488498 
0.536926 -0.489419 
0.532868 -0.490354 
0.528787 -0.491302 
0.524683 -0.492261 
0.520557 -0.493233 
0.516410 -0.494215 
0.512241 -0.495208 
0.508052 -0.496210 
0.503842 -0.497222 
0.499613 -0.498242 
0.495365 -0.499271 
0.491099 -0.500306 
0.486815 -0.501348 
0.482513 -0.502397 
0.478195 -0.503451 
0.473861 -0.504509 
0.469512 -0.505573 
0.465149 -0.506639 
0.460772 -0.507709 
0.456382 -0.508781 
0.451980 -0.509855 
0.447566 -0.510930 
0.443142 -0.512005 
0.438708 -0.513081 
0.434265 -0.514156 
0.429814 -0.515230 
0.425357 -0.516302 
0.420893 -0.517372 
0.416424 -0.518439 
0.411950 -0.519503 
0.407474 -0.520563 
0.402995 -0.521619 
0.398515 -0.522670 
0.394035 -0.523715 
0.389557 -0.524755 
0.385080 -0.525789 
0.380606 -0.526816 
0.376137 -0.527836 
0.371674 -0.528849 
0.367217 -0.529854 
0.362768 -0.530851 
0.358328 -0.531840 
0.353899 -0.532820 
0.349482 -0.533792 
0.345077 -0.534755 
0.340686 -0.535708 
0.336311 -0.536652 
0.331953 -0.537587 
0.327613 -0.538512 
0.323293 -0.539428 
0.318993 -0.540334 
0.314716 -0.541230 
0.310462 -0.542117 
0.306232 -0.542994 
0.302030 -0.543862 
0.297854 -0.544721 
0.293708 -0.545570 
0.289592 -0.546410 
0.285508 -0.547242 
0.281458 -0.548065 
0.277441 -0.548879 
0.273461 -0.549686 
0.269517 -0.550486 
0.265613 -0.551278 
0.261748 -0.552063 
0.257925 -0.552842 
0.254144 -0.553615 
0.250407 -0.554383 
0.246715 -0.555145 
0.243070 -0.555904 
0.239473 -0.556658 
0.235924 -0.557410 
0.232426 -0.558158 
0.228979 -0.558905 
0.225585 -0.559650 
0.222244 -0.560395 
0.218959 -0.561139 
0.215729 -0.561884 
0.212557 -0.562631 
0.209442 -0.563379 
0.206387 -0.564130 
0.203392 -0.564884 
0.200458 -0.565643 
0.197586 -0.566406 
0.194777 -0.567175 
0.192031 -0.567950 
0.189350 -0.568732 
0.186735 -0.569522 
0.184186 -0.570320 
0.181703 -0.571127 
0.179289 -0.571944 
0.176942 -0.572772 
0.174664 -0.573610 
0.172456 -0.574461 
0.170318 -0.575323 
0.168250 -0.576199 
0.166253 -0.577088 
0.164327 -0.577991 
0.162474 -0.578909 
0.160692 -0.579842 
0.158983 -0.580791 
0.157347 -0.581755 
0.155783 -0.582737 
0.154293 -0.583735 
0.152877 -0.584751 
0.151534 -0.585784 
0.150264 -0.586836 
0.149069 -0.587906 
0.147947 -0.588994 
0.146900 -0.590102 
0.145926 -0.591228 
0.145026 -0.592374 
0.144200 -0.593539 
0.143448 -0.594724 
0.142769 -0.595928 
0.142164 -0.597152 
0.141632 -0.598395 
0.141173 -0.599658 
0.140787 -0.600941 
0.140473 -0.602243 
0.140232 -0.603564 
0.140063 -0.604904 
0.139965 -0.606264 
0.139939 -0.607642 
0.139984 -0.609039 
0.140100 -0.610455 
0.140286 -0.611888 
0.140541 -0.613339 
0.140866 -0.614808 
0.141260 -0.616293 
0.141723 -0.617796 
0.142253 -0.619314 
0.142851 -0.620848 
0.143516 -0.622398 
0.144247 -0.623962 
0.145044 -0.625541 
0.145907 -0.627134 
0.146834 -0.628740 
0.147825 -0.630359 
0.148880 -0.631990 
0.149998 -0.633632 
0.151179 -0.635286 
0.152421 -0.636950 
0.153724 -0.638624 
0.155088 -0.640307 
0.156512 -0.641999 
0.157995 -0.643698 
0.159536 -0.645405 
0.161136 -0.647118 
0.162792 -0.648837 
0.164505 -0.650561 
0.166274 -0.652290 
0.168098 -0.654022 
0.169977 -0.655758 
0.171910 -0.657496 
0.173895 -0.659235 
0.175933 -0.660976 
0.178023 -0.662716 
0.180163 -0.664457 
0.182354 -0.666196 
0.184595 -0.667933 
0.186884 -0.669668 
0.189221 -0.671399 
0.191606 -0.673127 
0.194038 -0.674849 
0.196516 -0.676567 
0.199038 -0.678278 
0.201606 -0.679982 
0.204217 -0.681679 
0.206871 -0.683368 
0.209568 -0.685048 
0.212306 -0.686719 
0.215086 -0.688379 
0.217905 -0.690029 
0.220764 -0.691667 
0.223662 -0.693293 
0.226598 -0.694906 
0.229571 -0.696506 
0.232581 -0.698092 
0.235627 -0.699663 
0.238708 -0.701219 
0.241823 -0.702760 
0.244973 -0.704284 
0.248155 -0.705791 
0.251370 -0.707280 
0.254616 -0.708752 
0.257894 -0.710205 
0.261202 -0.711639 
0.264539 -0.713053 
0.267905 -0.714447 
0.271300 -0.715821 
0.274722 -0.717173 
0.278170 -0.718504 
0.281645 -0.719813 
0.285146 -0.721099 
0.288671 -0.722362 
0.292220 -0.723602 
0.295792 -0.724818 
0.299388 -0.726010 
0.303005 -0.727177 
0.306644 -0.728319 
0.310303 -0.729436 
0.313983 -0.730527 
0.317682 -0.731592 
0.321399 -0.732631 
0.325135 -0.733642 
0.328888 -0.734627 
0.332658 -0.735584 
0.336445 -0.736514 
0.340246 -0.737415 
0.344063 -0.738288 
0.347893 -0.739133 
0.351738 -0.739949 
0.355595 -0.740736 
0.359464 -0.741494 
0.363345 -0.742222 
0.367238 -0.742921 
0.371140 -0.743590 
0.375052 -0.744229 
0.378974 -0.744838 
0.382904 -0.745416 
0.386842 -0.745964 
0.390788 -0.746481 
0.394740 -0.746968 
0.398698 -0.747424 
0.402662 -0.747848 
0.406631 -0.748242 
0.410604 -0.748605 
0.414580 -0.748936 
0.418560 -0.749236 
0.422543 -0.749505 
0.426527 -0.749742 
0.430513 -0.749948 
0.434500 -0.750123 
0.438487 -0.750266 
0.442473 -0.750377 
0.446459 -0.750457 
0.450443 -0.750506 
0.454425 -0.750523 
0.458405 -0.750509 
0.462381 -0.750464 
0.466354 -0.750387 
0.470323 -0.750279 
0.474286 -0.750140 
0.478244 -0.749970 
0.482197 -0.749769 
0.486143 -0.749537 
0.490082 -0.749274 
0.494013 -0.748981 
0.497937 -0.748656 
0.501852 -0.748302 
0.505757 -0.747917 
0.509654 -0.747502 
0.513540 -0.747057 
