0.777067 1.265782 
0.816123 1.206054 
0.840834 1.132058 
0.852438 1.047458 
0.851629 0.959006 
0.838394 0.874889 
0.812096 0.801878 
0.771772 0.743569 
0.716718 0.700674 
0.647456 0.672364 
0.566904 0.657485 
0.480918 0.655249 
0.397198 0.665500 
0.322768 0.688678 
0.261955 0.725575 
0.216173 0.776836 
0.185019 0.842100 
0.167492 0.918940 
0.162783 1.002209 
0.170616 1.084750 
0.191273 1.159551 
0.225385 1.221837 
0.273493 1.269632 
0.335292 1.302933 
0.408673 1.322553 
0.489046 1.329278 
0.569805 1.323464 
0.644142 1.304968 
0.707062 1.273315 
0.756168 1.228099 
0.791100 1.169625 
0.812465 1.099781 
0.821003 1.022659 
0.817135 0.944276 
0.800853 0.871085 
0.771853 0.808119 
0.729872 0.758080 
0.675247 0.721666 
0.609634 0.698478 
0.536579 0.687838 
0.461384 0.689259 
0.389962 0.702591 
0.327240 0.727944 
0.276175 0.765420 
0.237821 0.814680 
0.212035 0.874379 
0.198223 0.941687 
0.195818 1.012275 
0.204483 1.081039 
0.224097 1.143340 
0.254581 1.195984 
0.295618 1.237458 
0.346277 1.267518 
0.404653 1.286587 
0.467721 1.295272 
0.531630 1.294113 
0.592409 1.283500 
0.646796 1.263733 
0.692714 1.235157 
0.729276 1.198343 
0.756457 1.154289 
0.774701 1.104572 
0.784623 1.051361 
0.786837 0.997226 
0.781901 0.944780 
0.770323 0.896261 
0.752610 0.853257 
0.729329 0.816626 
0.701167 0.786610 
0.668969 0.763010 
0.633747 0.745377 
0.596651 0.733143 
0.558888 0.725705 
0.521627 0.722466 
0.485897 0.722854 
0.452510 0.726317 
0.422025 0.732324 
0.394756 0.740354 
0.370798 0.749904 
0.350087 0.760483 
0.332443 0.771620 
0.317619 0.782873 
0.305340 0.793831 
0.295321 0.804129 
0.287291 0.813445 
0.281009 0.821510 
0.276265 0.828101 
0.272887 0.833052 
0.270752 0.836238 
0.269775 0.837585 
0.269921 0.837062 
0.271200 0.834679 
0.273667 0.830492 
0.277423 0.824602 
0.282611 0.817152 
0.289415 0.808338 
0.298053 0.798402 
0.308776 0.787632 
0.321852 0.776366 
0.337554 0.764981 
0.356146 0.753888 
0.377843 0.743526 
0.402783 0.734356 
0.430976 0.726849 
0.462263 0.721486 
0.496258 0.718761 
0.532345 0.719176 
0.569669 0.723251 
0.607193 0.731530 
0.643771 0.744577 
0.678257 0.762959 
0.709587 0.787206 
0.736842 0.817728 
0.759271 0.854678 
0.776270 0.897784 
0.787343 0.946183 
0.792043 0.998326 
0.789915 1.052055 
0.780448 1.104883 
0.763069 1.154364 
0.737180 1.198444 
0.702309 1.235629 
0.658365 1.264980 
0.605993 1.285971 
0.546904 1.298311 
0.483963 1.301763 
0.420837 1.296016 
0.361286 1.280607 
0.308422 1.254948 
0.264336 1.218497 
0.230127 1.171111 
0.206195 1.113578 
0.192600 1.048123 
0.189358 0.978531 
0.196642 0.909551 
0.214873 0.845786 
0.244662 0.790711 
0.286539 0.746311 
0.340432 0.713343 
0.404959 0.691839 
0.476864 0.681590 
0.551195 0.682481 
0.622384 0.694691 
0.685715 0.718729 
0.738205 0.755267 
0.778582 0.804712 
0.806708 0.866460 
0.822939 0.938086 
0.827639 1.015017 
0.820894 1.091297 
0.802383 1.161225 
0.771444 1.220772 
0.727385 1.267974 
0.670130 1.302430 
0.601113 1.324541 
0.524016 1.334882 
0.444565 1.333811 
0.369096 1.321265 
0.302726 1.296731 
0.248379 1.259418 
0.206985 1.208728 
0.178267 1.145059 
0.161515 1.070753 
0.156098 0.990550 
0.161754 0.910799 
0.178707 0.837607 
0.207626 0.775203 
0.249361 0.725499 
0.304384 0.688680 
0.371896 0.664074 
0.448947 0.650828 
0.530256 0.648318 
0.609374 0.656353 
0.680626 0.675245 
0.740475 0.705728 
0.787626 0.748683 
0.822285 0.804565 
0.845323 0.872549 
0.857672 0.949692 
0.859994 1.030825 
0.852511 1.109695 
0.834962 1.180844 
0.806662 1.240902 
0.766723 1.288666 
0.714510 1.324401 
0.650369 1.349037 
0.576436 1.363588 
0.496994 1.368841 
0.417772 1.365196 
0.344312 1.352611 
0.280509 1.330620 
0.228148 1.298447 
0.187359 1.255267 
0.157371 1.200678 
0.137123 1.135372 
0.125647 1.061768 
0.122248 0.984115 
0.126594 0.907661 
0.138729 0.837213 
0.159058 0.775997 
0.188255 0.725395 
0.227079 0.685390 
0.276052 0.655202 
0.334965 0.633798 
0.402356 0.620206 
0.475217 0.613666 
0.549344 0.613699 
0.620297 0.620124 
0.684511 0.633057 
0.739890 0.652872 
0.785756 0.680140 
0.822409 0.715489 
0.850654 0.759397 
0.871439 0.811870 
0.885651 0.872071 
0.894009 0.938061 
0.897031 1.006854 
0.895018 1.074930 
0.888061 1.139003 
0.876054 1.196666 
0.858717 1.246632 
0.835642 1.288593 
0.806360 1.322894 
0.770447 1.350220 
0.727688 1.371364 
0.678278 1.387082 
0.623024 1.398029 
0.563460 1.404726 
0.501757 1.407554 
0.440416 1.406757 
0.381818 1.402452 
0.327835 1.394636 
0.279629 1.383198 
0.237686 1.367935 
0.201962 1.348575 
0.172084 1.324806 
0.147510 1.296323 
0.127654 1.262896 
0.111949 1.224453 
0.099893 1.181182 
0.091061 1.133620 
0.085109 1.082703 
0.081774 1.029734 
0.080866 0.976257 
0.082268 0.923852 
0.085924 0.873930 
0.091839 0.827573 
0.100073 0.785469 
0.110735 0.747935 
0.123977 0.714986 
0.139985 0.686432 
0.158969 0.661961 
0.181145 0.641200 
0.206715 0.623767 
0.235830 0.609298 
0.268558 0.597462 
0.304832 0.587969 
0.344413 0.580571 
0.386849 0.575065 
0.431475 0.571289 
0.477439 0.569116 
0.523769 0.568460 
0.569463 0.569266 
0.613599 0.571513 
0.655407 0.575208 
0.694323 0.580394 
0.729995 0.587138 
0.762266 0.595540 
0.791135 0.605726 
0.816716 0.617849 
0.839195 0.632090 
0.858801 0.648647 
0.875778 0.667733 
0.890369 0.689567 
0.902805 0.714353 
0.913296 0.742260 
0.922031 0.773393 
0.929174 0.807757 
0.934864 0.845216 
0.939216 0.885467 
0.942321 0.928015 
0.944249 0.972182 
0.945044 1.017148 
0.944731 1.062016 
0.943310 1.105897 
0.940760 1.147992 
0.937035 1.187657 
0.932066 1.224432 
0.925754 1.258043 
0.917977 1.288384 
0.908580 1.315482 
0.897380 1.339462 
0.884162 1.360508 
0.868679 1.378844 
0.850659 1.394703 
0.829811 1.408320 
0.805837 1.419917 
0.778456 1.429701 
0.747438 1.437856 
0.712648 1.444546 
0.674102 1.449912 
0.632024 1.454071 
0.586893 1.457121 
0.539454 1.459137 
0.490693 1.460174 
0.441744 1.460266 
0.393767 1.459428 
0.347822 1.457652 
0.304757 1.454911 
0.265160 1.451153 
0.229353 1.446305 
0.197424 1.440269 
0.169286 1.432920 
0.144727 1.424106 
0.123466 1.413645 
0.105188 1.401323 
0.089569 1.386898 
0.076298 1.370099 
0.065087 1.350633 
0.055671 1.328193 
0.047817 1.302483 
0.041319 1.273240 
0.035998 1.240278 
0.031701 1.203539 
0.028295 1.163146 
0.025672 1.119460 
0.023737 1.073107 
0.022416 1.024965 
0.021645 0.976105 
0.021376 0.927676 
0.021569 0.880780 
0.022197 0.836353 
0.023239 0.795085 
0.024683 0.757402 
0.026523 0.723484 
0.028759 0.693310 
0.031395 0.666718 
0.034439 0.643455 
0.037905 0.623219 
0.041806 0.605694 
0.046159 0.590567 
0.050983 0.577543 
0.056294 0.566351 
0.062111 0.556748 
0.068450 0.548516 
0.075326 0.541464 
0.082750 0.535428 
0.090729 0.530261 
0.099264 0.525840 
0.108352 0.522058 
0.117980 0.518820 
0.128129 0.516049 
0.138771 0.513675 
0.149868 0.511641 
0.161373 0.509897 
0.173229 0.508400 
0.185368 0.507114 
0.197717 0.506007 
0.210190 0.505055 
0.222700 0.504234 
0.235149 0.503526 
0.247440 0.502915 
0.259471 0.502387 
0.271144 0.501932 
0.282358 0.501540 
0.293018 0.501204 
0.303035 0.500918 
0.312323 0.500676 
0.320804 0.500475 
0.328407 0.500313 
0.335068 0.500185 
0.340732 0.500092 
0.345350 0.500031 
0.348880 0.500003 
0.351289 0.500006 
0.352547 0.500040 
0.352637 0.500107 
0.351545 0.500206 
0.349265 0.500339 
0.345799 0.500508 
0.341157 0.500713 
0.335359 0.500959 
0.328432 0.501248 
0.320418 0.501584 
0.311366 0.501974 
0.301340 0.502424 
0.290415 0.502942 
0.278680 0.503540 
0.266235 0.504232 
0.253190 0.505034 
0.239668 0.505968 
0.225794 0.507058 
0.211704 0.508338 
0.197530 0.509845 
0.183405 0.511629 
0.169457 0.513749 
0.155806 0.516276 
0.142561 0.519301 
0.129818 0.522932 
0.117660 0.527304 
0.106154 0.532584 
0.095352 0.538975 
0.085293 0.546729 
0.076001 0.556153 
0.067490 0.567626 
0.059765 0.581605 
0.052823 0.598643 
0.046657 0.619395 
0.041259 0.644612 
0.036626 0.675121 
0.032756 0.711761 
0.029663 0.755252 
0.027373 0.805994 
0.025938 0.863781 
0.025438 0.927525 
0.025994 0.995130 
0.027781 1.063694 
0.031045 1.130058 
0.036120 1.191487 
0.043458 1.246146 
0.053661 1.293211 
0.067517 1.332687 
0.086047 1.365101 
0.110534 1.391229 
0.142530 1.411898 
0.183768 1.427867 
0.235904 1.439764 
0.299960 1.448057 
0.375456 1.453030 
0.459534 1.454770 
0.546859 1.453146 
0.630950 1.447775 
0.706323 1.437986 
0.769932 1.422764 
0.821165 1.400697 
0.860958 1.369944 
0.890873 1.328304 
0.912488 1.273538 
0.927104 1.204143 
0.935615 1.120707 
0.938466 1.027307 
0.935631 0.931515 
0.926588 0.841951 
0.910286 0.764945 
0.885111 0.703030 
0.848909 0.655762 
0.799206 0.621297 
0.733870 0.597572 
0.652478 0.582905 
0.558167 0.576231 
0.458466 0.577166 
0.363248 0.586028 
0.280605 0.603836 
0.214297 0.632292 
0.164286 0.673661 
0.128662 0.730345 
0.105186 0.803840 
0.092080 0.892932 
0.088330 0.991969 
0.093758 1.091347 
0.109017 1.181193 
0.135535 1.255340 
0.175362 1.312201 
0.230735 1.353078 
0.303037 1.380196 
0.391025 1.395523 
0.489107 1.400272 
0.587753 1.394755 
0.677070 1.378399 
0.750764 1.349836 
0.807088 1.307141 
0.847196 1.248409 
0.873184 1.172964 
0.886885 1.083165 
0.889361 0.985689 
0.880760 0.890302 
0.860360 0.806017 
0.826729 0.737871 
0.778096 0.686798 
0.713164 0.651431 
0.632547 0.629843 
0.540421 0.620530 
0.444843 0.622799 
0.355346 0.636838 
0.279200 0.663610 
0.219553 0.704587 
0.176297 0.761165 
0.147871 0.833561 
0.132635 0.919275 
0.129547 1.012081 
0.138384 1.103106 
0.159715 1.184057 
0.194697 1.250003 
0.244627 1.299651 
0.310086 1.333890 
0.389605 1.354244 
0.478441 1.361927 
0.568780 1.357450 
0.652152 1.340560 
0.722438 1.310384 
