0.144788 1.137572 
0.178289 1.227258 
0.232998 1.293457 
0.310529 1.336755 
0.408736 1.359793 
0.518572 1.364619 
0.625348 1.351729 
0.715758 1.320038 
0.783528 1.267495 
0.828563 1.192600 
0.853183 1.097263 
0.859388 0.989811 
0.847765 0.884195 
0.817397 0.793635 
0.766434 0.724928 
0.693521 0.678721 
0.600485 0.653005 
0.495188 0.645865 
0.390961 0.656668 
0.300811 0.686206 
0.231818 0.736147 
0.185040 0.807656 
0.158741 0.898867 
0.151116 1.002184 
0.161520 1.104778 
0.190643 1.193981 
0.239977 1.262644 
0.310465 1.309443 
0.400095 1.335877 
0.501418 1.343638 
0.602089 1.333365 
0.689880 1.304467 
0.757753 1.255645 
0.804212 1.186214 
0.830563 1.098357 
0.838387 0.999346 
0.828334 0.900971 
0.799940 0.814882 
0.752140 0.747933 
0.684507 0.701755 
0.599301 0.675236 
0.503407 0.666881 
0.407793 0.675978 
0.323404 0.702790 
0.256949 0.748098 
0.210294 0.812114 
0.182573 0.892750 
0.172350 0.983979 
0.178762 1.076121 
0.201760 1.159110 
0.241774 1.226222 
0.298879 1.275085 
0.371513 1.306145 
0.455146 1.320753 
0.542125 1.320011 
0.623692 1.304410 
0.693012 1.273979 
0.746757 1.228774 
0.784511 1.169654 
0.807295 1.099171 
0.816398 1.022084 
0.812824 0.944783 
0.797193 0.873571 
0.769912 0.812916 
0.731489 0.764838 
0.682930 0.729437 
0.626119 0.705804 
0.563987 0.692732 
0.500271 0.689079 
0.438825 0.693890 
0.382840 0.706352 
0.334330 0.725708 
0.294092 0.751154 
0.262010 0.781742 
0.237419 0.816341 
0.219416 0.853638 
0.207040 0.892208 
0.199368 0.930630 
0.195548 0.967628 
0.194796 1.002164 
0.196399 1.033505 
0.199696 1.061221 
0.204082 1.085130 
0.209008 1.105246 
0.213982 1.121703 
0.218576 1.134694 
0.222435 1.144422 
0.225283 1.151080 
0.226923 1.154805 
0.227246 1.155685 
0.226230 1.153746 
0.223936 1.148941 
0.220514 1.141173 
0.216195 1.130288 
0.211285 1.116097 
0.206164 1.098409 
0.201273 1.077057 
0.197112 1.051954 
0.194230 1.023158 
0.193224 0.990931 
0.194737 0.955790 
0.199467 0.918552 
0.208170 0.880301 
0.221670 0.842322 
0.240851 0.805982 
0.266614 0.772619 
0.299783 0.743424 
0.340906 0.719410 
0.389967 0.701410 
0.446034 0.690139 
0.507032 0.686278 
0.569830 0.690571 
0.630760 0.703911 
0.686349 0.727364 
0.733913 0.762065 
0.771753 0.808885 
0.798980 0.867801 
0.815165 0.937062 
0.819986 1.012678 
0.812929 1.088851 
0.793127 1.159509 
0.759390 1.219913 
0.710599 1.267366 
0.646624 1.300875 
0.569649 1.320356 
0.485087 1.325894 
0.400816 1.317243 
0.324659 1.293580 
0.261999 1.253624 
0.215229 1.196328 
0.184692 1.122319 
0.169935 1.035659 
0.170647 0.944349 
0.187167 0.858111 
0.220594 0.784762 
0.272317 0.728323 
0.342696 0.689668 
0.428967 0.668178 
0.523746 0.663107 
0.616443 0.674355 
0.697406 0.702752 
0.761097 0.749778 
0.806004 0.816420 
0.832783 0.901041 
0.842514 0.997217 
0.835683 1.094201 
0.811759 1.181037 
0.769307 1.250773 
0.706911 1.301156 
0.625179 1.332755 
0.529274 1.346902 
0.429479 1.344447 
0.337610 1.325195 
0.262049 1.287876 
0.206021 1.230804 
0.169243 1.153615 
0.150216 1.059890 
0.147731 0.958725 
0.161579 0.862273 
0.192726 0.780437 
0.242924 0.717838 
0.313390 0.674816 
0.402385 0.649858 
0.502844 0.641408 
0.603140 0.648770 
0.691928 0.672439 
0.762589 0.713965 
0.813563 0.775119 
0.846064 0.855999 
0.861918 0.952364 
0.862367 1.054512 
0.847561 1.150356 
0.816466 1.230768 
0.767249 1.291997 
0.698457 1.334297 
0.611243 1.359498 
0.511744 1.369362 
0.410830 1.364803 
0.319797 1.345598 
0.245724 1.310435 
0.190607 1.257426 
0.153346 1.185410 
0.131926 1.096207 
0.124683 0.996603 
0.130857 0.897437 
0.150769 0.809140 
0.185742 0.737753 
0.237626 0.684621 
0.307622 0.648410 
0.394291 0.627058 
0.491662 0.618881 
0.589792 0.623017 
0.678616 0.639587 
0.751851 0.669648 
0.807717 0.714889 
0.847264 0.776835 
0.872504 0.855345 
0.885280 0.946757 
0.886781 1.043269 
0.877369 1.135218 
0.856553 1.214946 
0.823114 1.278879 
0.775451 1.326886 
0.712386 1.360560 
0.634497 1.381864 
0.545579 1.392422 
0.452824 1.393249 
0.364701 1.384664 
0.287809 1.366297 
0.225254 1.337169 
0.177199 1.295928 
0.142248 1.241337 
0.118585 1.173163 
0.104602 1.093320 
0.099141 1.006566 
0.101577 0.919748 
0.111821 0.839583 
0.130287 0.770571 
0.157820 0.714421 
0.195523 0.670787 
0.244427 0.638319 
0.304919 0.615430 
0.375974 0.600712 
0.454542 0.593095 
0.535706 0.591893 
0.613891 0.596804 
0.684510 0.607883 
0.744935 0.625520 
0.794465 0.650375 
0.833674 0.683277 
0.863731 0.725040 
0.885925 0.776141 
0.901420 0.836291 
0.911146 0.903984 
0.915777 0.976333 
0.915732 1.049448 
0.911194 1.119333 
0.902125 1.182832 
0.888284 1.238123 
0.869255 1.284658 
0.844491 1.322778 
0.813381 1.353293 
0.775370 1.377168 
0.730141 1.395337 
0.677853 1.408613 
0.619381 1.417650 
0.556450 1.422943 
0.491522 1.424835 
0.427399 1.423524 
0.366672 1.419077 
0.311285 1.411440 
0.262344 1.400440 
0.220192 1.385801 
0.184626 1.367159 
0.155121 1.344079 
0.131018 1.316100 
0.111641 1.282793 
0.096367 1.243865 
0.084655 1.199277 
0.076062 1.149395 
0.070241 1.095100 
0.066932 1.037812 
0.065966 0.979374 
0.067251 0.921787 
0.070774 0.866897 
0.076595 0.816140 
0.084851 0.770417 
0.095749 0.730118 
0.109567 0.695228 
0.126653 0.665464 
0.147408 0.640393 
0.172274 0.619523 
0.201695 0.602369 
0.236057 0.588481 
0.275605 0.577464 
0.320326 0.568987 
0.369834 0.562781 
0.423270 0.558643 
0.479305 0.556428 
0.536245 0.556050 
0.592263 0.557482 
0.645671 0.560755 
0.695147 0.565963 
0.739839 0.573261 
0.779360 0.582873 
0.813700 0.595096 
0.843102 0.610297 
0.867963 0.628922 
0.888742 0.651480 
0.905906 0.678524 
0.919895 0.710609 
0.931099 0.748210 
0.939854 0.791608 
0.946437 0.840730 
0.951065 0.894990 
0.953900 0.953187 
0.955043 1.013538 
0.954544 1.073900 
0.952391 1.132118 
0.948515 1.186380 
0.942780 1.235451 
0.934983 1.278708 
0.924845 1.316057 
0.912001 1.347767 
0.896001 1.374325 
0.876301 1.396307 
0.852275 1.414304 
0.823241 1.428870 
0.788518 1.440499 
0.747538 1.449616 
0.700005 1.456576 
0.646117 1.461665 
0.586770 1.465104 
0.523657 1.467060 
0.459130 1.467640 
0.395821 1.466902 
0.336137 1.464851 
0.281852 1.461442 
0.233947 1.456578 
0.192685 1.450106 
0.157803 1.441816 
0.128733 1.431432 
0.104771 1.418615 
0.085191 1.402953 
0.069311 1.383962 
0.056523 1.361099 
0.046301 1.333784 
0.038203 1.301443 
0.031863 1.263594 
0.026978 1.219967 
0.023307 1.170656 
0.020653 1.116277 
0.018862 1.058062 
0.017815 0.997803 
0.017421 0.937627 
0.017613 0.879641 
0.018343 0.825586 
0.019583 0.776629 
0.021316 0.733330 
0.023540 0.695741 
0.026260 0.663566 
0.029491 0.636306 
0.033254 0.613381 
0.037576 0.594199 
0.042484 0.578207 
0.048011 0.564905 
0.054189 0.553858 
0.061047 0.544692 
0.068614 0.537089 
0.076912 0.530785 
0.085956 0.525556 
0.095752 0.521218 
0.106296 0.517617 
0.117569 0.514626 
0.129539 0.512138 
0.142157 0.510068 
0.155356 0.508343 
0.169053 0.506902 
0.183145 0.505698 
0.197516 0.504689 
0.212036 0.503842 
0.226561 0.503130 
0.240943 0.502530 
0.255025 0.502024 
0.268654 0.501597 
0.281677 0.501238 
0.293949 0.500937 
0.305332 0.500686 
0.315702 0.500480 
0.324945 0.500315 
0.332962 0.500186 
0.339664 0.500092 
0.344980 0.500031 
0.348848 0.500003 
0.351223 0.500006 
0.352064 0.500040 
0.351351 0.500107 
0.349072 0.500207 
0.345228 0.500341 
0.339835 0.500513 
0.332924 0.500724 
0.324542 0.500978 
0.314755 0.501282 
0.303650 0.501641 
0.291334 0.502066 
0.277936 0.502566 
0.263605 0.503159 
0.248509 0.503863 
0.232833 0.504702 
0.216773 0.505710 
0.200528 0.506926 
0.184301 0.508401 
0.168283 0.510200 
0.152656 0.512405 
0.137582 0.515123 
0.123199 0.518486 
0.109623 0.522664 
0.096939 0.527875 
0.085211 0.534397 
0.074476 0.542586 
0.064749 0.552897 
0.056030 0.565908 
0.048303 0.582354 
0.041545 0.603152 
0.035727 0.629421 
0.030826 0.662470 
0.026825 0.703714 
0.023724 0.754448 
0.021549 0.815421 
0.020361 0.886187 
0.020274 0.964483 
0.021476 1.046131 
0.024254 1.125893 
0.029030 1.199004 
0.036415 1.262407 
0.047275 1.315024 
0.062820 1.357264 
0.084709 1.390320 
0.115148 1.415625 
0.156908 1.434527 
0.213073 1.448142 
0.286163 1.457291 
0.376303 1.462479 
0.478929 1.463862 
0.584396 1.461216 
0.681584 1.453860 
0.762951 1.440550 
0.826333 1.419326 
0.873258 1.387344 
0.906614 1.340830 
0.929210 1.275524 
0.943191 1.188351 
0.949871 1.080907 
0.949695 0.962835 
0.942197 0.849634 
0.925906 0.754223 
0.898192 0.681390 
0.855156 0.629525 
0.791955 0.594709 
0.704475 0.573248 
0.593422 0.562617 
0.469102 0.561674 
0.349641 0.570693 
0.250363 0.591416 
0.176525 0.627132 
0.125840 0.682531 
0.093725 0.762536 
0.076274 0.868718 
0.071228 0.993529 
0.078150 1.118967 
0.098426 1.226404 
0.135241 1.307297 
0.193272 1.362708 
0.277170 1.397296 
0.387380 1.415313 
0.514223 1.419191 
0.638172 1.409271 
0.741358 1.383848 
0.817063 1.339345 
0.867410 1.271070 
0.897142 1.175797 
0.910064 1.057132 
0.907915 0.929890 
0.890215 0.814472 
0.854431 0.724179 
0.796486 0.661146 
0.712500 0.621620 
0.603040 0.601242 
0.478534 0.597327 
0.358176 0.609414 
0.258770 0.639191 
0.186439 0.690064 
0.139208 0.765842 
0.112833 0.867342 
0.104108 0.987167 
0.111911 1.108345 
0.137271 1.212869 
0.183003 1.291674 
0.252621 1.344806 
0.347545 1.375982 
0.462358 1.388600 
0.582286 1.384223 
0.689370 1.362319 
0.772607 1.320571 
0.830273 1.255807 
0.865353 1.166370 
0.881216 1.056359 
0.879697 0.938645 
0.860644 0.830554 
0.822147 0.744279 
0.761366 0.683065 
0.676584 0.644739 
0.570989 0.626101 
0.455880 0.625164 
0.347714 0.641795 
0.259370 0.677566 
0.195349 0.735021 
0.154296 0.815849 
0.133269 0.917488 
0.130214 1.029910 
