-0.576371 0.790320 
-0.588131 0.783418 
-0.599729 0.776430 
-0.611164 0.769363 
-0.622435 0.762222 
-0.633540 0.755013 
-0.644479 0.747744 
-0.655250 0.740419 
-0.665855 0.733045 
-0.676291 0.725627 
-0.686558 0.718171 
-0.696657 0.710683 
-0.706586 0.703167 
-0.716347 0.695629 
-0.725938 0.688075 
-0.735361 0.680508 
-0.744614 0.672934 
-0.753700 0.665357 
-0.762617 0.657783 
-0.771367 0.650215 
-0.779949 0.642658 
-0.788366 0.635116 
-0.796616 0.627594 
-0.804702 0.620094 
-0.812625 0.612622 
-0.820384 0.605180 
-0.827981 0.597773 
-0.835417 0.590404 
-0.842693 0.583076 
-0.849811 0.575793 
-0.856771 0.568557 
-0.863576 0.561373 
-0.870225 0.554242 
-0.876721 0.547168 
-0.883064 0.540154 
-0.889257 0.533201 
-0.895301 0.526314 
-0.901197 0.519494 
-0.906946 0.512743 
-0.912551 0.506065 
-0.918013 0.499460 
-0.923333 0.492933 
-0.928513 0.486483 
-0.933555 0.480114 
-0.938460 0.473827 
-0.943230 0.467624 
-0.947867 0.461507 
-0.952371 0.455477 
-0.956746 0.449537 
-0.960992 0.443687 
-0.965112 0.437929 
-0.969106 0.432265 
-0.972977 0.426695 
-0.976726 0.421222 
-0.980355 0.415846 
-0.983866 0.410568 
-0.987260 0.405390 
-0.990538 0.400313 
-0.993703 0.395338 
-0.996756 0.390465 
-0.999699 0.385696 
-1.002533 0.381031 
-1.005261 0.376472 
-1.007882 0.372019 
-1.010399 0.367672 
-1.012814 0.363433 
-1.015128 0.359303 
-1.017342 0.355281 
-1.019458 0.351369 
-1.021478 0.347567 
-1.023402 0.343875 
-1.025232 0.340295 
-1.026969 0.336826 
-1.028616 0.333470 
-1.030172 0.330225 
-1.031639 0.327094 
-1.033019 0.324076 
-1.034313 0.321171 
-1.035521 0.318381 
-1.036646 0.315705 
-1.037687 0.313143 
-1.038646 0.310696 
-1.039525 0.308364 
-1.040323 0.306147 
-1.041042 0.304046 
-1.041683 0.302061 
-1.042247 0.300191 
-1.042735 0.298437 
-1.043146 0.296800 
-1.043483 0.295279 
-1.043745 0.293874 
-1.043934 0.292586 
-1.044050 0.291414 
-1.044093 0.290359 
-1.044064 0.289420 
-1.043964 0.288598 
-1.043792 0.287893 
-1.043550 0.287305 
-1.043238 0.286834 
-1.042855 0.286479 
-1.042403 0.286242 
-1.041881 0.286120 
-1.041289 0.286116 
-1.040629 0.286228 
-1.039899 0.286457 
-1.039099 0.286803 
-1.038231 0.287264 
-1.037293 0.287843 
-1.036286 0.288537 
-1.035209 0.289348 
-1.034062 0.290274 
-1.032845 0.291316 
-1.031557 0.292474 
-1.030199 0.293748 
-1.028770 0.295137 
-1.027269 0.296641 
-1.025696 0.298260 
-1.024050 0.299994 
-1.022332 0.301842 
-1.020539 0.303805 
-1.018672 0.305881 
-1.016729 0.308072 
-1.014711 0.310375 
-1.012616 0.312792 
-1.010443 0.315322 
-1.008192 0.317964 
-1.005862 0.320719 
-1.003451 0.323585 
-1.000958 0.326562 
-0.998383 0.329651 
-0.995725 0.332850 
-0.992982 0.336159 
-0.990153 0.339577 
-0.987236 0.343105 
-0.984232 0.346741 
-0.981138 0.350485 
-0.977952 0.354337 
-0.974675 0.358295 
-0.971304 0.362359 
-0.967837 0.366529 
-0.964274 0.370803 
-0.960612 0.375181 
-0.956851 0.379662 
-0.952989 0.384246 
-0.949023 0.388931 
-0.944953 0.393716 
-0.940777 0.398600 
-0.936493 0.403583 
-0.932099 0.408664 
-0.927594 0.413841 
-0.922976 0.419112 
-0.918242 0.424477 
-0.913393 0.429935 
-0.908424 0.435484 
-0.903335 0.441123 
-0.898124 0.446849 
-0.892788 0.452662 
-0.887327 0.458561 
-0.881738 0.464542 
-0.876019 0.470604 
-0.870167 0.476746 
-0.864183 0.482966 
-0.858063 0.489261 
-0.851805 0.495629 
-0.845408 0.502067 
-0.838869 0.508575 
-0.832187 0.515149 
-0.825361 0.521785 
-0.818387 0.528483 
-0.811264 0.535239 
-0.803991 0.542050 
-0.796566 0.548913 
-0.788986 0.555824 
-0.781250 0.562781 
-0.773357 0.569780 
-0.765304 0.576818 
-0.757090 0.583890 
-0.748714 0.590993 
-0.740174 0.598123 
-0.731469 0.605276 
-0.722597 0.612447 
-0.713557 0.619633 
-0.704348 0.626827 
-0.694968 0.634026 
-0.685417 0.641225 
-0.675693 0.648418 
-0.665796 0.655600 
-0.655724 0.662766 
-0.645478 0.669910 
-0.635057 0.677027 
-0.624460 0.684110 
-0.613686 0.691153 
-0.602737 0.698150 
-0.591610 0.705094 
-0.580308 0.711980 
-0.568829 0.718799 
-0.557174 0.725545 
-0.545345 0.732210 
-0.533340 0.738788 
-0.521162 0.745271 
-0.508810 0.751651 
-0.496287 0.757920 
-0.483593 0.764070 
-0.470730 0.770093 
-0.457699 0.775982 
-0.444502 0.781726 
-0.431142 0.787319 
-0.417619 0.792750 
-0.403937 0.798012 
-0.390097 0.803095 
-0.376103 0.807990 
-0.361957 0.812689 
-0.347661 0.817182 
-0.333220 0.821460 
-0.318635 0.825513 
-0.303910 0.829332 
-0.289049 0.832909 
-0.274055 0.836233 
-0.258932 0.839296 
-0.243683 0.842089 
-0.228313 0.844601 
-0.212826 0.846825 
-0.197225 0.848751 
-0.181516 0.850370 
-0.165702 0.851675 
-0.149789 0.852655 
-0.133781 0.853305 
-0.117682 0.853615 
-0.101499 0.853577 
-0.085235 0.853186 
-0.068898 0.852433 
-0.052491 0.851311 
-0.036022 0.849816 
-0.019495 0.847940 
-0.002918 0.845678 
0.013703 0.843026 
0.030362 0.839978 
0.047050 0.836532 
0.063762 0.832683 
0.080488 0.828428 
0.097221 0.823765 
0.113953 0.818691 
0.130674 0.813207 
0.147375 0.807310 
0.164047 0.801001 
0.180680 0.794280 
0.197263 0.787148 
0.213786 0.779606 
0.230237 0.771657 
0.246605 0.763304 
0.262877 0.754550 
0.279042 0.745400 
0.295086 0.735857 
0.310998 0.725928 
0.326763 0.715618 
0.342368 0.704934 
0.357800 0.693882 
0.373044 0.682473 
0.388087 0.670712 
0.402915 0.658611 
0.417514 0.646178 
0.431869 0.633423 
0.445966 0.620359 
0.459793 0.606996 
0.473335 0.593347 
0.486578 0.579424 
0.499510 0.565240 
0.512118 0.550808 
0.524390 0.536144 
0.536313 0.521261 
0.547877 0.506175 
0.559070 0.490900 
0.569884 0.475452 
0.580307 0.459847 
0.590332 0.444100 
0.599950 0.428228 
0.609156 0.412247 
0.617941 0.396174 
0.626301 0.380024 
0.634232 0.363815 
0.641730 0.347561 
0.648792 0.331280 
0.655417 0.314988 
0.661605 0.298700 
0.667355 0.282433 
0.672669 0.266200 
0.677549 0.250019 
0.682000 0.233903 
0.686025 0.217868 
0.689630 0.201927 
0.692820 0.186095 
0.695604 0.170385 
0.697989 0.154810 
0.699985 0.139384 
0.701601 0.124119 
0.702848 0.109026 
0.703738 0.094118 
0.704282 0.079407 
0.704494 0.064902 
0.704387 0.050615 
0.703976 0.036555 
0.703274 0.022732 
0.702297 0.009156 
0.701060 -0.004165 
0.699580 -0.017222 
0.697873 -0.030007 
0.695954 -0.042514 
0.693842 -0.054734 
0.691552 -0.066661 
0.689102 -0.078289 
0.686509 -0.089612 
0.683789 -0.100625 
0.680960 -0.111323 
0.678039 -0.121702 
0.675041 -0.131757 
0.671985 -0.141486 
0.668885 -0.150884 
0.665758 -0.159949 
0.662620 -0.168680 
0.659487 -0.177072 
0.656372 -0.185126 
0.653290 -0.192840 
0.650256 -0.200213 
0.647283 -0.207244 
0.644384 -0.213932 
0.641572 -0.220278 
0.638858 -0.226282 
0.636255 -0.231943 
0.633772 -0.237263 
0.631420 -0.242241 
0.629208 -0.246878 
0.627146 -0.251176 
0.625242 -0.255135 
0.623502 -0.258756 
0.621935 -0.262040 
0.620547 -0.264987 
0.619342 -0.267600 
0.618326 -0.269878 
0.617503 -0.271822 
0.616877 -0.273434 
0.616451 -0.274715 
0.616225 -0.275664 
0.616203 -0.276282 
0.616385 -0.276571 
0.616771 -0.276529 
0.617360 -0.276159 
0.618151 -0.275460 
0.619142 -0.274431 
0.620331 -0.273074 
0.621714 -0.271388 
0.623287 -0.269373 
0.625047 -0.267029 
0.626987 -0.264357 
0.629102 -0.261355 
0.631386 -0.258023 
0.633831 -0.254363 
0.636431 -0.250372 
0.639176 -0.246052 
0.642059 -0.241402 
0.645070 -0.236423 
0.648200 -0.231114 
0.651437 -0.225476 
0.654772 -0.219509 
0.658193 -0.213215 
0.661689 -0.206593 
0.665247 -0.199646 
0.668856 -0.192374 
0.672502 -0.184778 
0.676172 -0.176862 
0.679852 -0.168625 
0.683530 -0.160072 
0.687191 -0.151204 
0.690820 -0.142025 
0.694404 -0.132537 
0.697927 -0.122745 
0.701375 -0.112652 
0.704733 -0.102262 
0.707987 -0.091580 
0.711121 -0.080611 
0.714120 -0.069359 
0.716970 -0.057831 
0.719656 -0.046032 
0.722164 -0.033968 
0.724478 -0.021646 
0.726586 -0.009072 
0.728472 0.003746 
0.730124 0.016802 
0.731527 0.030088 
0.732669 0.043595 
0.733538 0.057317 
0.734121 0.071244 
0.734406 0.085367 
0.734384 0.099678 
0.734042 0.114168 
0.733371 0.128827 
0.732361 0.143646 
0.731004 0.158614 
0.729292 0.173722 
0.727217 0.188959 
0.724773 0.204315 
0.721952 0.219778 
0.718751 0.235337 
0.715165 0.250982 
0.711189 0.266700 
0.706820 0.282481 
0.702057 0.298311 
0.696898 0.314179 
0.691342 0.330073 
0.685388 0.345980 
0.679038 0.361888 
0.672293 0.377783 
0.665156 0.393654 
0.657628 0.409486 
0.649714 0.425268 
0.641418 0.440986 
0.632744 0.456627 
0.623699 0.472179 
0.614288 0.487628 
0.604518 0.502961 
0.594397 0.518167 
0.583931 0.533231 
0.573130 0.548143 
0.562002 0.562889 
0.550556 0.577458 
0.538802 0.591838 
0.526749 0.606017 
0.514407 0.619984 
0.501788 0.633728 
0.488902 0.647239 
0.475759 0.660507 
0.462371 0.673520 
0.448748 0.686271 
0.434903 0.698749 
0.420845 0.710947 
0.406588 0.722854 
0.392141 0.734465 
0.377516 0.745770 
0.362725 0.756763 
0.347777 0.767437 
0.332685 0.777785 
0.317459 0.787802 
0.302109 0.797482 
0.286646 0.806820 
0.271080 0.815812 
0.255420 0.824452 
0.239677 0.832737 
0.223858 0.840665 
0.207974 0.848230 
0.192034 0.855432 
0.176044 0.862267 
0.160014 0.868734 
0.143951 0.874832 
0.127863 0.880560 
0.111757 0.885916 
0.095639 0.890902 
0.079517 0.895517 
0.063396 0.899763 
0.047282 0.903639 
0.031182 0.907149 
0.015101 0.910294 
-0.000957 0.913076 
-0.016984 0.915498 
-0.032978 0.917564 
-0.048933 0.919277 
-0.064845 0.920640 
-0.080708 0.921660 
-0.096519 0.922339 
-0.112274 0.922683 
-0.127967 0.922698 
-0.143597 0.922388 
-0.159157 0.921761 
-0.174644 0.920822 
-0.190055 0.919577 
-0.205385 0.918033 
-0.220632 0.916197 
-0.235790 0.914075 
-0.250857 0.911676 
-0.265829 0.909006 
-0.280701 0.906072 
-0.295471 0.902883 
-0.310136 0.899445 
-0.324691 0.895766 
-0.339133 0.891855 
-0.353458 0.887718 
-0.367665 0.883363 
-0.381749 0.878799 
-0.395706 0.874032 
-0.409535 0.869071 
-0.423232 0.863924 
-0.436795 0.858597 
-0.450220 0.853100 
-0.463504 0.847438 
-0.476646 0.841620 
-0.489643 0.835653 
-0.502492 0.829544 
-0.515191 0.823301 
-0.527739 0.816931 
-0.540132 0.810441 
-0.552370 0.803838 
-0.564450 0.797128 
