0.755931 0.218750 
0.754613 0.234375 

0.754610 0.234375 
0.751876 0.250000 

0.800332 -0.406250 
0.796875 -0.402793 

0.605667 0.265625 
0.609375 0.262235 

0.611892 0.265625 
0.609375 0.263472 

0.605762 0.265625 
0.609375 0.267324 

0.613836 0.265625 
0.609375 0.266628 

0.755199 -0.328125 
0.750000 -0.322926 

0.437878 -0.375000 
0.437500 -0.375072 

0.000000 0.078121 
0.015625 0.078121 

0.000000 0.093702 
0.015625 0.093702 

0.640625 0.005432 
0.625000 0.012460 

0.656250 0.001864 
0.640625 0.004974 

0.544563 0.375000 
0.546875 0.376915 

0.562500 0.383926 
0.546875 0.376565 

0.691366 0.359375 
0.703125 0.344843 

0.704398 0.343750 
0.703125 0.345354 

0.691597 0.359375 
0.687500 0.363766 

0.621016 0.015625 
0.625000 0.013042 

0.602343 0.031250 
0.609375 0.024556 

0.620867 0.015625 
0.609375 0.023795 

-0.282480 0.406250 
-0.281250 0.407480 

0.609375 0.386269 
0.593750 0.385805 

0.625000 0.386464 
0.609375 0.386341 

0.548083 0.234375 
0.552855 0.218750 

0.545070 0.250000 
0.546875 0.240284 

0.548067 0.234375 
0.546875 0.240738 

0.539049 0.296875 
0.540851 0.281250 

0.533626 0.312500 
0.537727 0.296875 

0.547627 0.296875 
0.546875 0.298533 

0.746917 0.109375 
0.744119 0.093750 

0.748243 0.125000 
0.746578 0.109375 

0.606683 0.218750 
0.609375 0.216491 

0.612192 0.218750 
0.609375 0.216650 

0.574746 0.078125 
0.578125 0.065718 

0.579307 0.062500 
0.578125 0.066365 

0.572345 0.093750 
0.574826 0.078125 

0.625302 0.312500 
0.625000 0.309686 

0.747530 0.265625 
0.750000 0.255742 

0.747198 0.265625 
0.741367 0.281250 

0.716507 0.328125 
0.718750 0.324555 

0.715685 0.328125 
0.704504 0.343750 

0.282429 -0.250000 
0.281250 -0.259157 

0.297129 -0.250000 
0.296875 -0.252773 

0.750710 -0.390625 
0.750000 -0.394526 

0.765653 -0.390625 
0.765625 -0.390771 

0.751477 -0.390625 
0.750000 -0.389770 

0.765699 -0.390625 
0.765625 -0.390484 

0.826391 -0.250000 
0.828125 -0.255355 

0.832773 -0.250000 
0.828125 -0.254865 

-0.281246 0.406250 
-0.281250 0.406246 

0.578125 0.343449 
0.562500 0.343063 

0.656250 0.383598 
0.671875 0.377294 

0.674731 0.375000 
0.671875 0.376906 

0.749572 0.140625 
0.748124 0.125000 

0.749747 0.140625 
0.750000 0.143687 

0.690093 0.015625 
0.687500 0.013571 

0.690198 0.015625 
0.703125 0.026787 

0.706730 0.031250 
0.703125 0.027562 

0.409979 -0.125000 
0.406250 -0.128729 

0.562258 0.140625 
0.562500 0.138673 

0.562298 0.156250 
0.562500 0.154318 

0.589237 0.046875 
0.593750 0.040947 

0.579897 0.062500 
0.588715 0.046875 

-0.015689 0.125000 
-0.015625 0.125064 

0.633065 -0.343750 
0.640625 -0.340780 

0.642442 -0.343750 
0.640625 -0.340229 

0.567813 0.140625 
0.570154 0.125000 

0.564906 0.156250 
0.567375 0.140625 

0.532272 0.312500 
0.531250 0.328054 

0.531930 0.328125 
0.535344 0.343750 

0.547541 0.343750 
0.546875 0.343093 

0.674559 0.375000 
0.687500 0.364641 

0.625061 0.312500 
0.625000 0.312714 

0.156331 -0.453125 
0.156250 -0.453203 

0.156327 -0.453125 
0.156250 -0.446284 

0.728294 -0.250000 
0.734375 -0.241809 

0.736283 -0.250000 
0.734375 -0.240642 

0.740969 0.281250 
0.734506 0.296875 

0.733998 0.296875 
0.726210 0.312500 

0.734454 0.296875 
0.734375 0.297040 

0.556618 0.203125 
0.559262 0.187500 

0.554428 0.218750 
0.558163 0.203125 

0.755864 0.203125 
0.755072 0.187500 

0.755928 0.203125 
0.755830 0.218750 

0.687731 0.171875 
0.687500 0.167614 

0.687720 0.171875 
0.687500 0.171981 

0.562332 0.171875 
0.562500 0.170153 

0.560247 0.187500 
0.562500 0.174609 

0.751348 0.250000 
0.750000 0.256098 

0.734397 -0.453125 
0.734375 -0.453103 

-0.003105 0.109375 
0.000000 0.112480 

0.531245 0.328125 
0.531250 0.328002 

0.531248 0.328125 
0.531250 0.328141 

0.629636 0.234375 
0.625000 0.234675 

0.642671 0.250000 
0.640625 0.246589 

0.571215 0.109375 
0.572602 0.093750 

0.570089 0.125000 
0.571555 0.109375 

0.001852 0.109375 
0.000000 0.106682 

0.707187 0.031250 
0.718750 0.044803 

0.217523 -0.421875 
0.218750 -0.427463 

0.217043 -0.421875 
0.218750 -0.421777 

0.218968 -0.421875 
0.218750 -0.425506 

0.249875 -0.421875 
0.250000 -0.422045 

0.218912 -0.421875 
0.218750 -0.421760 

0.249487 -0.421875 
0.250000 -0.420721 

0.596086 -0.250000 
0.593750 -0.247664 

0.753471 0.171875 
0.751620 0.156250 

0.755028 0.187500 
0.753566 0.171875 

0.725871 0.312500 
0.718750 0.324610 

0.656268 0.265625 
0.656250 0.260840 

0.672870 0.250000 
0.671875 0.251840 

0.421629 -0.453125 
0.421875 -0.455587 

0.433846 -0.453125 
0.437500 -0.453960 

0.421335 -0.453125 
0.421875 -0.452697 

0.436906 -0.453125 
0.437500 -0.452848 

0.359619 -0.265625 
0.359375 -0.265687 

0.358538 -0.250000 
0.359375 -0.257158 

0.359679 -0.265625 
0.359375 -0.260080 

0.324179 -0.453125 
0.328125 -0.454061 

0.328482 -0.453125 
0.328125 -0.454247 

0.324212 -0.453125 
0.328125 -0.452534 

0.328583 -0.453125 
0.328125 -0.452278 

0.601877 0.031250 
0.593750 0.040906 

0.784758 -0.140625 
0.781250 -0.137117 

0.562340 0.109375 
0.562500 0.107993 

0.562243 0.125000 
0.562500 0.122383 

0.640938 -0.359375 
0.640625 -0.359578 

0.632890 -0.343750 
0.640625 -0.346415 

0.642464 -0.343750 
0.640625 -0.346792 

0.541454 0.265625 
0.545037 0.250000 

0.538473 0.281250 
0.540121 0.265625 

0.437363 -0.375000 
0.437423 -0.359375 

0.606828 0.312500 
0.609375 0.311223 

0.611752 0.312500 
0.609375 0.309858 

0.282707 -0.250000 
0.281250 -0.248509 

0.660224 -0.062500 
0.656250 -0.058526 

0.527073 -0.484375 
0.531250 -0.485193 

0.528055 -0.484375 
0.531250 -0.483326 

0.537193 0.343750 
0.539861 0.359375 

0.547719 0.359375 
0.546875 0.355978 

0.534968 0.359375 
0.543003 0.375000 

0.546986 0.375000 
0.546875 0.374900 

0.641397 0.265625 
0.640625 0.264638 

0.630199 0.265625 
0.640625 0.266564 

0.641390 0.265625 
0.640625 0.274883 

0.636193 0.171875 
0.640625 0.171728 

0.641981 0.171875 
0.640625 0.170648 

0.632757 0.171875 
0.625000 0.175289 

0.640784 0.171875 
0.640625 0.173408 

0.376398 -0.265625 
0.375000 -0.266059 

0.375830 -0.265625 
0.375000 -0.263317 

0.001718 -0.015625 
0.000000 -0.017343 

0.656999 -0.343750 
0.656250 -0.340954 

0.656992 -0.328125 
0.656250 -0.327677 

0.751391 0.156250 
0.750000 0.142591 

0.625000 0.386690 
0.640625 0.385875 

0.640625 0.386232 
0.656250 0.383314 

0.614498 -0.187500 
0.609375 -0.182377 

0.031382 -0.046875 
0.031250 -0.047007 

0.017309 -0.031250 
0.015625 -0.032934 

-0.001693 -0.015625 
0.000000 -0.013931 

-0.015626 0.000000 
-0.015625 0.000001 

-0.015625 0.000000 
0.000000 0.000000 

0.606973 0.218750 
0.609375 0.222065 

0.612136 0.218750 
0.609375 0.222196 

0.605534 0.328125 
0.609375 0.324674 

0.609729 0.328125 
0.609375 0.323941 

0.603580 0.328125 
0.609375 0.330157 

0.610731 0.328125 
0.609375 0.331198 

0.578125 0.344584 
0.562500 0.347670 

0.909351 -0.234375 
0.906250 -0.231274 

0.624875 0.171875 
0.625000 0.171759 

0.624852 0.171875 
0.625000 0.183539 

0.093746 -0.375000 
0.093750 -0.374996 

0.720654 0.046875 
0.718750 0.044544 

0.731539 0.062500 
0.721204 0.046875 

0.531606 -0.484375 
0.531250 -0.485042 

0.531883 -0.484375 
0.531250 -0.482729 

0.452590 -0.437500 
0.453125 -0.436644 

0.461589 -0.437500 
0.453125 -0.436689 

0.358111 -0.250000 
0.359375 -0.249845 

0.359525 -0.250000 
0.359375 -0.249941 

0.563010 0.171875 
0.565081 0.156250 

0.562802 0.171875 
0.562500 0.174091 

0.452601 -0.453125 
0.453125 -0.453352 

0.455007 -0.453125 
0.453125 -0.453259 

0.452628 -0.437500 
0.453125 -0.440980 

0.459719 -0.437500 
0.453125 -0.439464 

0.578125 0.385480 
0.562500 0.382866 

0.593750 0.385940 
0.578125 0.385008 

0.731962 0.062500 
0.734375 0.067811 

0.739166 0.078125 
0.734375 0.066888 

0.744238 0.093750 
0.739394 0.078125 

0.096730 -0.375000 
0.093750 -0.377980 

0.046738 -0.406250 
0.046875 -0.406127 

0.000000 -0.484448 
-0.015625 -0.484448 

0.000000 -0.484279 
-0.015625 -0.484279 

0.153100 -0.453125 
0.156250 -0.453200 

0.154015 -0.453125 
0.156250 -0.448204 

0.046873 -0.406250 
0.046875 -0.406886 

0.050439 -0.406250 
0.046875 -0.410279 

0.029954 -0.406250 
0.031250 -0.406219 

0.727125 -0.250000 
0.734375 -0.251737 

0.736797 -0.250000 
0.734375 -0.252124 

0.062502 -0.500000 
0.062500 -0.499998 

0.029326 -0.406250 
0.031250 -0.406625 

0.656250 0.001544 
0.671875 0.003909 

0.671875 0.004091 
0.687500 0.012209 

0.581410 -0.109375 
0.578125 -0.106090 

0.656286 0.250000 
0.656250 0.249833 

0.673190 0.250000 
0.671875 0.249965 

0.733781 -0.390625 
0.734048 -0.406250 

0.735084 -0.390625 
0.734375 -0.400786 

0.733777 -0.390625 
0.734375 -0.390502 

0.734962 -0.390625 
0.734375 -0.390453 

0.670918 0.203125 
0.671875 0.202970 

0.671257 0.203125 
0.671875 0.211755 

0.672044 0.203125 
0.671875 0.215414 

0.000001 -0.484375 
0.000000 -0.484377 

0.015625 -0.500000 
0.015625 -0.484375 

0.272988 -0.250000 
0.281250 -0.257238 

0.358384 -0.484375 
0.359375 -0.486260 

0.361904 -0.484375 
0.359375 -0.485293 

0.363610 -0.484375 
0.359375 -0.483160 

0.270884 -0.250000 
0.281250 -0.248796 

0.406212 -0.125000 
0.406250 -0.124962 

0.530491 0.359375 
0.531250 0.361619 

0.826011 -0.250000 
0.828125 -0.247938 

0.833280 -0.250000 
0.828125 -0.248298 

0.531142 0.375000 
0.531250 0.375111 

0.657587 0.171875 
0.656250 0.170750 

0.672595 0.171875 
0.671875 0.169913 

0.657746 0.171875 
0.656250 0.172007 

0.672630 0.171875 
0.671875 0.172024 

0.254421 -0.421875 
0.250000 -0.422349 

0.253050 -0.421875 
0.250000 -0.421003 

0.343664 -0.250000 
0.343750 -0.249909 

0.437809 -0.375000 
0.437650 -0.359375 

0.437337 -0.375000 
0.437500 -0.375085 

0.343738 -0.250000 
0.343750 -0.250704 

