0.200693 -0.021132 
0.200283 -0.028908 
0.200085 -0.036967 
0.199906 -0.045145 
0.200047 -0.052839 
0.200201 -0.060608 
0.200593 -0.068631 
0.201006 -0.076756 
0.201710 -0.084341 
0.202428 -0.091987 
0.203413 -0.099853 
0.204418 -0.107798 
0.205689 -0.115170 
0.206972 -0.122582 
0.208554 -0.130174 
0.210155 -0.137822 
0.211998 -0.144883 
0.213848 -0.151966 
0.216030 -0.159184 
0.218233 -0.166442 
0.220654 -0.173118 
0.223082 -0.179806 
0.225870 -0.186564 
0.228675 -0.193345 
0.234695 -0.205806 
0.238095 -0.212046 
0.241504 -0.218295 
0.248709 -0.229761 
0.256734 -0.241131 
0.265128 -0.251536 
0.274367 -0.261761 
0.283939 -0.271070 
0.289072 -0.275609 
0.294378 -0.280147 
0.299666 -0.284254 
0.305104 -0.288358 
0.310809 -0.292330 
0.316707 -0.296299 
0.322538 -0.299864 
0.328535 -0.303423 
0.334790 -0.306844 
0.341245 -0.310258 
0.347585 -0.313297 
0.354102 -0.316328 
0.360860 -0.319214 
0.367823 -0.322090 
0.374622 -0.324620 
0.381600 -0.327140 
0.388802 -0.329512 
0.396210 -0.331873 
0.403398 -0.333914 
0.410762 -0.335944 
0.418337 -0.337826 
0.426106 -0.339696 
0.433604 -0.341271 
0.441265 -0.342834 
0.449118 -0.344247 
0.457149 -0.345646 
0.464861 -0.346776 
0.472719 -0.347894 
0.480745 -0.348859 
0.488932 -0.349809 
0.496749 -0.350516 
0.504694 -0.351209 
0.512784 -0.351746 
0.521013 -0.352269 
0.528831 -0.352569 
0.536748 -0.352858 
0.544794 -0.352985 
0.552949 -0.353099 
0.560661 -0.353011 
0.568444 -0.352913 
0.576337 -0.352646 
0.584310 -0.352367 
0.591817 -0.351905 
0.599369 -0.351436 
0.607015 -0.350790 
0.614713 -0.350133 
0.621929 -0.349312 
0.629166 -0.348487 
0.636484 -0.347473 
0.643828 -0.346452 
0.657540 -0.344116 
0.664465 -0.342746 
0.671396 -0.341374 
0.684267 -0.338370 
0.697230 -0.334943 
0.709194 -0.331295 
0.721209 -0.327205 
0.732233 -0.322937 
0.743277 -0.318209 
0.753354 -0.313345 
0.763429 -0.308005 
0.772574 -0.302574 
0.781702 -0.296652 
0.789947 -0.290688 
0.798166 -0.284221 
0.805553 -0.277762 
0.812910 -0.270792 
0.819491 -0.263882 
0.826040 -0.256460 
0.831871 -0.249153 
0.837671 -0.241336 
0.842810 -0.233691 
0.847918 -0.225545 
0.852423 -0.217628 
0.856899 -0.209227 
0.860826 -0.201110 
0.864726 -0.192533 
0.868131 -0.184293 
0.871510 -0.175625 
0.874443 -0.167345 
0.877353 -0.158670 
0.879862 -0.150429 
0.882351 -0.141837 
0.884483 -0.133717 
0.886596 -0.125293 
0.888391 -0.117374 
0.890170 -0.109199 
0.891667 -0.101551 
0.893150 -0.093705 
0.894385 -0.086396 
0.895607 -0.078946 
0.896609 -0.072025 
0.897605 -0.065046 
0.899202 -0.052108 
0.900450 -0.040222 
0.901397 -0.029459 
0.902085 -0.019875 
0.902549 -0.011512 
0.902823 -0.004401 
0.902933 0.001440 
0.902900 0.006000 
0.902743 0.009277 
0.902473 0.011276 
0.902100 0.012005 
0.901626 0.011480 
0.901051 0.009719 
0.900370 0.006745 
0.899573 0.002587 
0.898648 -0.002724 
0.897576 -0.009148 
0.896338 -0.016643 
0.894907 -0.025157 
0.893256 -0.034632 
0.891353 -0.045002 
0.889163 -0.056193 
0.886647 -0.068123 
0.883764 -0.080701 
0.880470 -0.093829 
0.878600 -0.100642 
0.876718 -0.107405 
0.874599 -0.114410 
0.872458 -0.121318 
0.870062 -0.128453 
0.867636 -0.135455 
0.864938 -0.142663 
0.862200 -0.149704 
0.859169 -0.156922 
0.856092 -0.163950 
0.852699 -0.171122 
0.849254 -0.178081 
0.845468 -0.185151 
0.841626 -0.191989 
0.837419 -0.198907 
0.833148 -0.205573 
0.828488 -0.212287 
0.823761 -0.218737 
0.818619 -0.225203 
0.813406 -0.231394 
0.807753 -0.237571 
0.802027 -0.243466 
0.795836 -0.249316 
0.789572 -0.254881 
0.782819 -0.260374 
0.775995 -0.265577 
0.768660 -0.270683 
0.761259 -0.275500 
0.753326 -0.280194 
0.745337 -0.284601 
0.736798 -0.288862 
0.728215 -0.292838 
0.719070 -0.296646 
0.709898 -0.300175 
0.700157 -0.303512 
0.690410 -0.306575 
0.680092 -0.309427 
0.669796 -0.312009 
0.658933 -0.314356 
0.648130 -0.316443 
0.636771 -0.318272 
0.625511 -0.319847 
0.613715 -0.321141 
0.602067 -0.322189 
0.589909 -0.322929 
0.577954 -0.323433 
0.565523 -0.323601 
0.553353 -0.323543 
0.540745 -0.323116 
0.528467 -0.322478 
0.515795 -0.321436 
0.503515 -0.320195 
0.490886 -0.318509 
0.478725 -0.316648 
0.466262 -0.314295 
0.454327 -0.311788 
0.442147 -0.308742 
0.430547 -0.305565 
0.418765 -0.301804 
0.407598 -0.297930 
0.396317 -0.293428 
0.385675 -0.288835 
0.374987 -0.283571 
0.364952 -0.278237 
0.354937 -0.272192 
0.345577 -0.266101 
0.336301 -0.259266 
0.327674 -0.252405 
0.319193 -0.244772 
0.311344 -0.237143 
0.303699 -0.228719 
0.296666 -0.220328 
0.289890 -0.211133 
0.283699 -0.202002 
0.277817 -0.192068 
0.272489 -0.182238 
0.267516 -0.171620 
0.263067 -0.161146 
0.259017 -0.149913 
0.255456 -0.138872 
0.252337 -0.127117 
0.249674 -0.115605 
0.247493 -0.103442 
0.245733 -0.091573 
0.244491 -0.079131 
0.243641 -0.067038 
0.243341 -0.054463 
0.243402 -0.042289 
0.244044 -0.029737 
0.245019 -0.017635 
0.246600 -0.005265 
0.248486 0.006611 
0.251000 0.018641 
0.253792 0.030142 
0.257226 0.041685 
0.260912 0.052672 
0.265248 0.063591 
0.269808 0.073939 
0.275019 0.084119 
0.280425 0.093720 
0.286474 0.103063 
0.292683 0.111832 
0.299520 0.120262 
0.306479 0.128133 
0.314043 0.135594 
0.321681 0.142520 
0.329898 0.148976 
0.338126 0.154929 
0.346904 0.160359 
0.355624 0.165329 
0.364844 0.169733 
0.373956 0.173718 
0.383493 0.177107 
0.392884 0.180119 
0.402606 0.182515 
0.412150 0.184575 
0.421922 0.186010 
0.431492 0.187149 
0.441180 0.187664 
0.450648 0.187919 
0.460121 0.187561 
0.469368 0.186981 
0.478509 0.185803 
0.487422 0.184442 
0.496121 0.182496 
0.504606 0.180421 
0.512779 0.177774 
0.520753 0.175053 
0.528330 0.171790 
0.535728 0.168480 
0.542663 0.164685 
0.549438 0.160855 
0.555694 0.156609 
0.561824 0.152336 
0.567383 0.147722 
0.572862 0.143087 
0.582562 0.133271 
0.590958 0.123052 
0.598111 0.112584 
0.604099 0.102016 
0.609016 0.091484 
0.612968 0.081110 
0.616068 0.071003 
0.618436 0.061253 
0.620194 0.051937 
0.621463 0.043117 
0.622364 0.034843 
0.623014 0.027152 
0.623522 0.020075 
0.623994 0.013635 
0.624524 0.007854 
0.625199 0.002752 
0.626092 -0.001649 
0.627265 -0.005322 
0.628766 -0.008236 
0.630628 -0.010355 
0.632866 -0.011633 
0.635479 -0.012021 
0.638446 -0.011463 
0.641725 -0.009902 
0.645256 -0.007276 
0.648957 -0.003529 
0.652728 0.001393 
0.656448 0.007531 
0.659981 0.014914 
0.663175 0.023550 
0.665866 0.033423 
0.667882 0.044490 
0.669045 0.056674 
0.669174 0.069865 
0.668635 0.076887 
0.668090 0.083916 
0.666872 0.091267 
0.665619 0.098649 
0.663654 0.106232 
0.661595 0.113851 
0.658830 0.121552 
0.655865 0.129287 
0.652209 0.136976 
0.648292 0.144701 
0.643685 0.152248 
0.638761 0.159826 
0.633159 0.167103 
0.627184 0.174395 
0.620560 0.181280 
0.613509 0.188144 
0.605858 0.194535 
0.597724 0.200823 
0.589061 0.206590 
0.579868 0.212200 
0.570233 0.217230 
0.560036 0.222064 
0.549506 0.226264 
0.538389 0.230229 
0.527067 0.233516 
0.515151 0.236529 
0.503174 0.238835 
0.490609 0.240821 
0.478139 0.242085 
0.465110 0.242979 
0.452328 0.243152 
0.439042 0.242894 
0.426138 0.241932 
0.412822 0.240469 
0.399983 0.238331 
0.386871 0.235618 
0.374309 0.232261 
0.361599 0.228265 
0.349521 0.223656 
0.337385 0.218347 
0.325965 0.212460 
0.314560 0.205816 
0.303942 0.198640 
0.293403 0.190647 
0.283704 0.182183 
0.274137 0.172847 
0.265445 0.163115 
0.256930 0.152464 
0.249306 0.141511 
0.245597 0.135618 
0.241899 0.129601 
0.238637 0.123588 
0.235384 0.117503 
0.232247 0.111039 
0.229122 0.104425 
0.226424 0.097915 
0.223738 0.091294 
0.221184 0.084315 
0.218642 0.077179 
0.216514 0.070229 
0.214398 0.063163 
0.212432 0.055748 
0.210480 0.048180 
0.208922 0.040880 
0.207377 0.033463 
0.206000 0.025714 
0.204639 0.017819 
0.203650 0.010272 
0.202673 0.002616 
0.201886 -0.005351 
0.201116 -0.013452 
