0.567234 0.639373 
0.466205 0.638041 
0.369663 0.651767 
0.287460 0.681489 
0.224284 0.728767 
0.180391 0.794766 
0.154108 0.878439 
0.143756 0.974438 
0.148549 1.072878 
0.168789 1.162682 
0.205634 1.236163 
0.260444 1.290600 
0.333457 1.326592 
0.421845 1.345782 
0.518260 1.349413 
0.612137 1.337771 
0.693815 1.310190 
0.757926 1.265462 
0.803365 1.202752 
0.831230 1.123195 
0.842949 1.031687 
0.839287 0.937178 
0.820081 0.849944 
0.784442 0.777578 
0.731387 0.723260 
0.661041 0.686938 
0.576340 0.667347 
0.484174 0.663408 
0.394236 0.674819 
0.315483 0.702067 
0.253154 0.746025 
0.208663 0.807071 
0.181288 0.883684 
0.169858 0.971000 
0.173687 1.060757 
0.192828 1.143697 
0.227880 1.212900 
0.279374 1.265249 
0.346717 1.300523 
0.426834 1.319695 
0.513392 1.323710 
0.597891 1.312944 
0.672489 1.287189 
0.732364 1.246017 
0.775942 1.189501 
0.803615 1.119276 
0.816366 1.039529 
0.814949 0.957000 
0.799624 0.879332 
0.770282 0.812634 
0.726857 0.760159 
0.669996 0.722644 
0.601875 0.699486 
0.526750 0.689748 
0.450586 0.692705 
0.379585 0.707980 
0.318479 0.735405 
0.269738 0.774712 
0.233901 0.825082 
0.210420 0.884666 
0.198391 0.950297 
0.196969 1.017713 
0.205500 1.082373 
0.223484 1.140488 
0.250424 1.189682 
0.285650 1.229019 
0.328114 1.258607 
0.376253 1.279113 
0.427974 1.291403 
0.480840 1.296345 
0.532389 1.294735 
0.580516 1.287299 
0.623732 1.274727 
0.661232 1.257715 
0.692810 1.237000 
0.718690 1.213375 
0.739353 1.187687 
0.755409 1.160814 
0.767506 1.133624 
0.776281 1.106931 
0.782335 1.081453 
0.786220 1.057777 
0.788437 1.036360 
0.789437 1.017517 
0.789613 1.001451 
0.789304 0.988273 
0.788791 0.978035 
0.788295 0.970737 
0.787976 0.966376 
0.787928 0.964937 
0.788181 0.966410 
0.788703 0.970803 
0.789397 0.978117 
0.790102 0.988358 
0.790600 1.001514 
0.790615 1.017527 
0.789819 1.036286 
0.787829 1.057588 
0.784214 1.081117 
0.778497 1.106429 
0.770151 1.132955 
0.758607 1.160002 
0.743261 1.186788 
0.723499 1.212481 
0.698731 1.236247 
0.668478 1.257277 
0.632475 1.274825 
0.590836 1.288201 
0.544206 1.296764 
0.493866 1.299884 
0.441701 1.296910 
0.389999 1.287130 
0.341112 1.269753 
0.297134 1.243951 
0.259680 1.208988 
0.229861 1.164490 
0.208375 1.110856 
0.195687 1.049688 
0.192201 0.983975 
0.198419 0.917771 
0.215029 0.855339 
0.242884 0.800257 
0.282793 0.754908 
0.335032 0.720516 
0.398610 0.697532 
0.470575 0.686069 
0.545970 0.686272 
0.618857 0.698552 
0.683942 0.723659 
0.737694 0.762506 
0.778457 0.815616 
0.805861 0.882176 
0.820077 0.958997 
0.821247 1.040264 
0.809147 1.118815 
0.783071 1.188340 
0.742048 1.244894 
0.685518 1.286913 
0.614510 1.314339 
0.532887 1.327643 
0.447506 1.327153 
0.366409 1.312687 
0.296180 1.283475 
0.240456 1.238473 
0.200277 1.177220 
0.175267 1.101245 
0.164706 1.015374 
0.168203 0.927478 
0.186014 0.846052 
0.219036 0.777335 
0.268379 0.724235 
0.334309 0.687135 
0.414667 0.665266 
0.503670 0.657760 
0.592688 0.664249 
0.673216 0.685107 
0.739663 0.721369 
0.789912 0.774183 
0.824143 0.843624 
0.843407 0.927014 
0.848646 1.017895 
0.840189 1.107253 
0.817572 1.186793 
0.779669 1.251524 
0.725283 1.299914 
0.654381 1.332525 
0.569781 1.350587 
0.478115 1.355112 
0.388442 1.346446 
0.308916 1.324130 
0.244279 1.287022 
0.195836 1.233844 
0.162856 1.164327 
0.143983 1.080847 
0.138091 0.989514 
0.144701 0.899098 
0.164123 0.817862 
0.197387 0.750879 
0.245841 0.699726 
0.310239 0.663769 
0.389284 0.641592 
0.478284 0.631886 
0.569388 0.633904 
0.654118 0.647626 
0.726381 0.673774 
0.783584 0.713592 
0.825786 0.768296 
0.854289 0.838006 
0.870579 0.920354 
0.875780 1.009668 
0.870406 1.098028 
0.854288 1.178018 
0.826618 1.245024 
0.786173 1.297570 
0.731843 1.336247 
0.663565 1.362488 
0.583519 1.377751 
0.496804 1.383122 
0.410550 1.379142 
0.331577 1.365765 
0.264332 1.342385 
0.210438 1.307978 
0.169515 1.261422 
0.140266 1.202109 
0.121234 1.130843 
0.111210 1.050690 
0.109394 0.967000 
0.115459 0.886104 
0.129543 0.813332 
0.152215 0.751753 
0.184353 0.702204 
0.226915 0.664068 
0.280516 0.636097 
0.344805 0.616962 
0.417812 0.605535 
0.495714 0.601004 
0.573476 0.602909 
0.646215 0.611136 
0.710449 0.625903 
0.764534 0.647713 
0.808340 0.677267 
0.842627 0.715318 
0.868511 0.762404 
0.887118 0.818474 
0.899421 0.882462 
0.906163 0.952019 
0.907849 1.023686 
0.904747 1.093586 
0.896899 1.158338 
0.884145 1.215696 
0.866145 1.264672 
0.842423 1.305269 
0.812438 1.338086 
0.775694 1.363982 
0.731910 1.383853 
0.681240 1.398514 
0.624499 1.408642 
0.563289 1.414764 
0.499908 1.417254 
0.437009 1.416348 
0.377099 1.412149 
0.322114 1.404637 
0.273220 1.393684 
0.230851 1.379062 
0.194898 1.360463 
0.164916 1.337527 
0.140304 1.309880 
0.120425 1.277196 
0.104679 1.239285 
0.092538 1.196199 
0.083561 1.148344 
0.077393 1.096566 
0.073766 1.042146 
0.072490 0.986701 
0.073449 0.931966 
0.076597 0.879549 
0.081952 0.830727 
0.089592 0.786341 
0.099654 0.746801 
0.112332 0.712165 
0.127863 0.682243 
0.146529 0.656694 
0.168631 0.635112 
0.194474 0.617074 
0.224328 0.602179 
0.258377 0.590063 
0.296654 0.580410 
0.338974 0.572955 
0.384869 0.567485 
0.433560 0.563831 
0.483981 0.561872 
0.534873 0.561532 
0.584928 0.562776 
0.632942 0.565610 
0.677946 0.570084 
0.719271 0.576289 
0.756551 0.584360 
0.789681 0.594475 
0.818754 0.606860 
0.843990 0.621784 
0.865688 0.639558 
0.884172 0.660524 
0.899770 0.685043 
0.912789 0.713466 
0.923509 0.746088 
0.932175 0.783090 
0.938993 0.824458 
0.944134 0.869906 
0.947731 0.918807 
0.949881 0.970181 
0.950646 1.022754 
0.950052 1.075093 
0.948088 1.125792 
0.944704 1.173646 
0.939813 1.217765 
0.933280 1.257618 
0.924928 1.292998 
0.914527 1.323954 
0.901795 1.350711 
0.886393 1.373599 
0.867928 1.392993 
0.845960 1.409280 
0.820021 1.422824 
0.789648 1.433961 
0.754443 1.442989 
0.714161 1.450163 
0.668820 1.455698 
0.618827 1.459769 
0.565056 1.462513 
0.508858 1.464031 
0.451934 1.464390 
0.396102 1.463622 
0.343024 1.461725 
0.293982 1.458665 
0.249777 1.454370 
0.210748 1.448731 
0.176860 1.441603 
0.147824 1.432793 
0.123208 1.422069 
0.102519 1.409147 
0.085255 1.393697 
0.070943 1.375342 
0.059155 1.353668 
0.049512 1.328240 
0.041687 1.298640 
0.035402 1.264511 
0.030422 1.225643 
0.026551 1.182060 
0.023630 1.134121 
0.021526 1.082596 
0.020134 1.028662 
0.019371 0.973813 
0.019172 0.919670 
0.019489 0.867751 
0.020287 0.819275 
0.021545 0.775059 
0.023251 0.735508 
0.025401 0.700681 
0.027999 0.670385 
0.031056 0.644276 
0.034588 0.621931 
0.038613 0.602904 
0.043154 0.586763 
0.048234 0.573106 
0.053879 0.561572 
0.060112 0.551843 
0.066955 0.543645 
0.074428 0.536740 
0.082545 0.530924 
0.091315 0.526028 
0.100738 0.521904 
0.110807 0.518430 
0.121502 0.515501 
0.132795 0.513032 
0.144642 0.510947 
0.156988 0.509185 
0.169764 0.507695 
0.182886 0.506433 
0.196263 0.505362 
0.209787 0.504452 
0.223344 0.503678 
0.236815 0.503019 
0.250072 0.502456 
0.262990 0.501977 
0.275443 0.501568 
0.287308 0.501221 
0.298468 0.500927 
0.308814 0.500681 
0.318246 0.500478 
0.326673 0.500314 
0.334014 0.500186 
0.340198 0.500092 
0.345165 0.500031 
0.348864 0.500003 
0.351256 0.500006 
0.352305 0.500040 
0.351994 0.500107 
0.350307 0.500206 
0.347243 0.500340 
0.342810 0.500510 
0.337026 0.500718 
0.329923 0.500968 
0.321548 0.501264 
0.311960 0.501612 
0.301236 0.502018 
0.289470 0.502492 
0.276772 0.503046 
0.263266 0.503694 
0.249094 0.504455 
0.234407 0.505353 
0.219368 0.506417 
0.204143 0.507684 
0.188897 0.509200 
0.173794 0.511024 
0.158985 0.513228 
0.144611 0.515901 
0.130796 0.519157 
0.117645 0.523137 
0.105241 0.528019 
0.093650 0.534026 
0.082916 0.541438 
0.073067 0.550605 
0.064115 0.561967 
0.056057 0.576072 
0.048885 0.593594 
0.042582 0.615353 
0.037132 0.642313 
0.032521 0.675557 
0.028745 0.716195 
0.025814 0.765163 
0.023758 0.822889 
0.022643 0.888834 
0.022574 0.961097 
0.023718 1.036378 
0.026318 1.110557 
0.030727 1.179735 
0.037436 1.241141 
0.047123 1.293476 
0.060713 1.336683 
0.079442 1.371480 
0.104927 1.398929 
0.139194 1.420136 
0.184580 1.436092 
0.243347 1.447589 
0.316779 1.455188 
0.403713 1.459198 
0.499255 1.459652 
0.595281 1.456275 
0.683361 1.448425 
0.757962 1.435020 
0.817393 1.414437 
0.862657 1.384416 
0.895879 1.342062 
0.919264 1.284168 
0.934596 1.208257 
0.943071 1.114718 
0.945243 1.009235 
0.940996 0.902689 
0.929498 0.806615 
0.909128 0.727983 
0.877393 0.668123 
0.830994 0.624995 
0.766365 0.595612 
0.681304 0.577369 
0.577981 0.568534 
0.465467 0.568379 
0.357547 0.577206 
0.265766 0.596370 
0.194811 0.628294 
0.143753 0.676340 
0.109418 0.744091 
0.088683 0.833357 
0.079415 0.940733 
0.080740 1.055319 
0.093068 1.162269 
0.118067 1.250606 
0.158551 1.316927 
0.218007 1.363033 
0.299098 1.392322 
0.400599 1.407686 
0.514102 1.410750 
0.625141 1.401707 
0.720415 1.379356 
0.793793 1.341255 
0.845641 1.284209 
0.879045 1.205672 
0.897069 1.106646 
0.901600 0.994947 
0.893051 0.884555 
0.870392 0.788920 
0.831363 0.714764 
0.773062 0.662252 
0.693473 0.628594 
0.594371 0.610873 
0.484180 0.607295 
0.376703 0.617526 
0.284504 0.642644 
0.213536 0.684844 
0.163745 0.746684 
0.132508 0.829330 
0.117207 0.929643 
0.116354 1.038057 
0.129878 1.141025 
0.159016 1.227526 
0.205914 1.293031 
0.272649 1.338130 
0.359207 1.365313 
0.460724 1.376811 
0.566475 1.373693 
0.663591 1.355688 
0.743030 1.321375 
0.801860 1.268737 
0.841205 1.196407 
0.863374 1.105909 
0.870146 1.003980 
0.862128 0.902136 
0.838693 0.812004 
0.798290 0.740444 
0.739197 0.688909 
0.661067 0.655898 
