0.090062 0.250000 
0.000000 0.170684 

0.194937 0.500000 
0.068788 0.250000 

0.164103 0.500000 
0.145206 0.750000 

0.159053 0.750000 
0.029084 1.000000 

-0.250000 1.179553 
-0.500000 1.052906 

-0.250000 1.165657 
0.000000 1.051842 

0.031062 1.000000 
0.000000 1.033143 

-0.389028 0.250000 
-0.250000 0.156076 

-0.250000 0.135105 
0.000000 0.162466 

-0.354782 0.250000 
-0.500000 0.425077 

-0.571632 0.750000 
-0.532421 0.500000 

-0.591849 0.750000 
-0.523420 1.000000 

-0.545792 0.500000 
-0.500000 0.405827 

-0.511713 1.000000 
-0.500000 1.015471 

