0.649970 0.253000 
0.649802 0.257709 
0.649486 0.262411 
0.649022 0.267100 
0.648411 0.271772 
0.647654 0.276423 
0.646752 0.281048 
0.645704 0.285642 
0.644512 0.290202 
0.643178 0.294721 
0.641703 0.299196 
0.640088 0.303623 
0.638334 0.307997 
0.636444 0.312313 
0.634420 0.316568 
0.632262 0.320758 
0.629975 0.324877 
0.627558 0.328923 
0.625016 0.332891 
0.622351 0.336777 
0.619565 0.340577 
0.616661 0.344288 
0.613642 0.347906 
0.610510 0.351427 
0.607270 0.354848 
0.603924 0.358166 
0.600475 0.361377 
0.596927 0.364478 
0.593283 0.367466 
0.589547 0.370338 
0.585723 0.373092 
0.581815 0.375723 
0.577825 0.378231 
0.573759 0.380613 
0.569620 0.382865 
0.565412 0.384986 
0.561140 0.386974 
0.556807 0.388827 
0.552418 0.390543 
0.547978 0.392120 
0.543490 0.393557 
0.538960 0.394852 
0.534390 0.396004 
0.529787 0.397013 
0.525155 0.397876 
0.520498 0.398593 
0.515820 0.399163 
0.511127 0.399587 
0.506423 0.399862 
0.501712 0.399990 
0.497000 0.399970 
0.492291 0.399802 
0.487589 0.399486 
0.482900 0.399022 
0.478228 0.398411 
0.473577 0.397654 
0.468952 0.396752 
0.464358 0.395704 
0.459798 0.394512 
0.455279 0.393178 
0.450804 0.391703 
0.446377 0.390088 
0.442003 0.388334 
0.437687 0.386444 
0.433432 0.384420 
0.429242 0.382262 
0.425123 0.379975 
0.421077 0.377558 
0.417109 0.375016 
0.413223 0.372351 
0.409423 0.369565 
0.405712 0.366661 
0.402094 0.363642 
0.398573 0.360510 
0.395152 0.357270 
0.391834 0.353924 
0.388623 0.350475 
0.385522 0.346927 
0.382534 0.343283 
0.379662 0.339547 
0.376908 0.335723 
0.374277 0.331815 
0.371769 0.327825 
0.369387 0.323759 
0.367135 0.319620 
0.365014 0.315412 
0.363026 0.311140 
0.361173 0.306807 
0.359457 0.302418 
0.357880 0.297978 
0.356443 0.293490 
0.355148 0.288960 
0.353996 0.284390 
0.352987 0.279787 
0.352124 0.275155 
0.351407 0.270498 
0.350837 0.265820 
0.350413 0.261127 
0.350138 0.256423 
0.350010 0.251712 
0.350030 0.247000 
0.350198 0.242291 
0.350514 0.237589 
0.350978 0.232900 
0.351589 0.228228 
0.352346 0.223577 
0.353248 0.218952 
0.354296 0.214358 
0.355488 0.209798 
0.356822 0.205279 
0.358297 0.200804 
0.359912 0.196377 
0.361666 0.192003 
0.363556 0.187687 
0.365580 0.183432 
0.367738 0.179242 
0.370025 0.175123 
0.372442 0.171077 
0.374984 0.167109 
0.377649 0.163223 
0.380435 0.159423 
0.383339 0.155712 
0.386358 0.152094 
0.389490 0.148573 
0.392730 0.145152 
0.396076 0.141834 
0.399525 0.138623 
0.403073 0.135522 
0.406717 0.132534 
0.410453 0.129662 
0.414277 0.126908 
0.418185 0.124277 
0.422175 0.121769 
0.426241 0.119387 
0.430380 0.117135 
0.434588 0.115014 
0.438860 0.113026 
0.443193 0.111173 
0.447582 0.109457 
0.452022 0.107880 
0.456510 0.106443 
0.461040 0.105148 
0.465610 0.103996 
0.470213 0.102987 
0.474845 0.102124 
0.479502 0.101407 
0.484180 0.100837 
0.488873 0.100413 
0.493577 0.100138 
0.498288 0.100010 
0.503000 0.100030 
0.507709 0.100198 
0.512411 0.100514 
0.517100 0.100978 
0.521772 0.101589 
0.526423 0.102346 
0.531048 0.103248 
0.535642 0.104296 
0.540202 0.105488 
0.544721 0.106822 
0.549196 0.108297 
0.553623 0.109912 
0.557997 0.111666 
0.562313 0.113556 
0.566568 0.115580 
0.570758 0.117738 
0.574877 0.120025 
0.578923 0.122442 
0.582891 0.124984 
0.586777 0.127649 
0.590577 0.130435 
0.594288 0.133339 
0.597906 0.136358 
0.601427 0.139490 
0.604848 0.142730 
0.608166 0.146076 
0.611377 0.149525 
0.614478 0.153073 
0.617466 0.156717 
0.620338 0.160453 
0.623092 0.164277 
0.625723 0.168185 
0.628231 0.172175 
0.630613 0.176241 
0.632865 0.180380 
0.634986 0.184588 
0.636974 0.188860 
0.638827 0.193193 
0.640543 0.197582 
0.642120 0.202022 
0.643557 0.206510 
0.644852 0.211040 
0.646004 0.215610 
0.647013 0.220213 
0.647876 0.224845 
0.648593 0.229502 
0.649163 0.234180 
0.649587 0.238873 
0.649862 0.243577 
0.649990 0.248288 
