1.218750 2.637087 
1.265625 2.645444 

1.284450 2.656250 
1.265625 2.646994 

1.285446 2.656250 
1.312500 2.677566 

1.112508 2.750000 
1.125000 2.769076 

1.120392 2.687500 
1.125000 2.682056 

1.303304 2.781250 
1.312500 2.770163 

1.224941 2.812500 
1.265625 2.804410 

1.304302 2.781250 
1.265625 2.803894 

1.330417 2.718750 
1.320322 2.687500 

1.330250 2.718750 
1.325899 2.750000 

1.107872 2.718750 
1.118540 2.687500 

1.107633 2.718750 
1.112234 2.750000 

1.135886 2.781250 
1.125000 2.768492 

1.136043 2.781250 
1.171875 2.802562 

1.213105 2.812500 
1.171875 2.803444 

1.155532 2.656250 
1.171875 2.647984 

1.218750 2.637019 
1.171875 2.646131 

1.154263 2.656250 
1.125000 2.679466 

1.319700 2.687500 
1.312500 2.678910 

1.326662 2.750000 
1.312500 2.772327 

1.216047 2.812500 
1.218750 2.812891 

1.221898 2.812500 
1.218750 2.812909 

