0.592166 0.790579 
0.581493 0.801447 
0.570799 0.812085 
0.560093 0.822493 
0.549380 0.832672 
0.538667 0.842624 
0.527961 0.852348 
0.517268 0.861846 
0.506593 0.871119 
0.495943 0.880169 
0.485323 0.888996 
0.474739 0.897602 
0.464195 0.905990 
0.453697 0.914160 
0.443249 0.922115 
0.432856 0.929858 
0.422522 0.937388 
0.412252 0.944710 
0.402050 0.951826 
0.391918 0.958737 
0.381863 0.965446 
0.371886 0.971956 
0.361991 0.978270 
0.352181 0.984389 
0.342460 0.990317 
0.332830 0.996056 
0.323294 1.001610 
0.313854 1.006981 
0.304514 1.012172 
0.295276 1.017186 
0.286141 1.022026 
0.277113 1.026696 
0.268192 1.031197 
0.259381 1.035534 
0.250682 1.039710 
0.242097 1.043726 
0.233626 1.047588 
0.225272 1.051298 
0.217037 1.054859 
0.208920 1.058275 
0.200924 1.061548 
0.193050 1.064682 
0.185299 1.067681 
0.177672 1.070547 
0.170170 1.073284 
0.162794 1.075894 
0.155545 1.078382 
0.148424 1.080750 
0.141431 1.083002 
0.134568 1.085141 
0.127835 1.087170 
0.121232 1.089091 
0.114761 1.090909 
0.108421 1.092626 
0.102214 1.094246 
0.096140 1.095770 
0.090199 1.097203 
0.084393 1.098548 
0.078720 1.099806 
0.073183 1.100981 
0.067780 1.102076 
0.062513 1.103094 
0.057382 1.104037 
0.052387 1.104907 
0.047529 1.105709 
0.042807 1.106443 
0.038222 1.107112 
0.033775 1.107720 
0.029465 1.108267 
0.025293 1.108757 
0.021259 1.109192 
0.017363 1.109574 
0.013606 1.109905 
0.009987 1.110187 
0.006506 1.110422 
0.003165 1.110612 
-0.000038 1.110758 
-0.003102 1.110864 
-0.006026 1.110929 
-0.008812 1.110956 
-0.011458 1.110947 
-0.013964 1.110903 
-0.016331 1.110824 
-0.018559 1.110714 
-0.020647 1.110572 
-0.022596 1.110401 
-0.024405 1.110201 
-0.026074 1.109973 
-0.027603 1.109718 
-0.028993 1.109437 
-0.030244 1.109132 
-0.031354 1.108802 
-0.032325 1.108449 
-0.033157 1.108073 
-0.033849 1.107674 
-0.034402 1.107253 
-0.034815 1.106811 
-0.035089 1.106348 
-0.035223 1.105863 
-0.035218 1.105358 
-0.035075 1.104833 
-0.034792 1.104286 
-0.034370 1.103719 
-0.033809 1.103131 
-0.033109 1.102522 
-0.032271 1.101892 
-0.031294 1.101240 
-0.030179 1.100567 
-0.028926 1.099871 
-0.027534 1.099152 
-0.026004 1.098409 
-0.024336 1.097642 
-0.022531 1.096850 
-0.020587 1.096032 
-0.018507 1.095187 
-0.016289 1.094315 
-0.013933 1.093414 
-0.011441 1.092483 
-0.008812 1.091520 
-0.006046 1.090526 
-0.003143 1.089498 
-0.000105 1.088434 
0.003070 1.087334 
0.006381 1.086197 
0.009828 1.085019 
0.013410 1.083800 
0.017128 1.082538 
0.020980 1.081231 
0.024968 1.079877 
0.029090 1.078475 
0.033347 1.077022 
0.037738 1.075516 
0.042264 1.073955 
0.046922 1.072337 
0.051715 1.070660 
0.056640 1.068921 
0.061698 1.067117 
0.066889 1.065247 
0.072212 1.063309 
0.077667 1.061298 
0.083253 1.059213 
0.088971 1.057051 
0.094819 1.054810 
0.100798 1.052486 
0.106906 1.050076 
0.113144 1.047579 
0.119511 1.044990 
0.126006 1.042307 
0.132629 1.039527 
0.139379 1.036646 
0.146256 1.033663 
0.153259 1.030572 
0.160386 1.027372 
0.167639 1.024058 
0.175014 1.020629 
0.182513 1.017079 
0.190133 1.013407 
0.197874 1.009609 
0.205735 1.005680 
0.213714 1.001619 
0.221810 0.997421 
0.230023 0.993083 
0.238350 0.988602 
0.246790 0.983974 
0.255342 0.979195 
0.264004 0.974263 
0.272773 0.969173 
0.281649 0.963922 
0.290630 0.958507 
0.299712 0.952924 
0.308894 0.947170 
0.318173 0.941241 
0.327547 0.935133 
0.337014 0.928845 
0.346569 0.922371 
0.356211 0.915709 
0.365935 0.908856 
0.375740 0.901807 
0.385620 0.894561 
0.395572 0.887113 
0.405593 0.879462 
0.415678 0.871602 
0.425822 0.863533 
0.436022 0.855250 
0.446272 0.846752 
0.456567 0.838035 
0.466903 0.829096 
0.477273 0.819934 
0.487671 0.810546 
0.498092 0.800930 
0.508530 0.791083 
0.518977 0.781004 
0.529428 0.770690 
0.539874 0.760141 
0.550309 0.749355 
0.560726 0.738330 
0.571115 0.727065 
0.581469 0.715561 
0.591780 0.703814 
0.602038 0.691826 
0.612235 0.679597 
0.622362 0.667125 
0.632408 0.654412 
0.642365 0.641458 
0.652221 0.628264 
0.661967 0.614831 
0.671592 0.601160 
0.681085 0.587252 
0.690435 0.573111 
0.699631 0.558737 
0.708661 0.544134 
0.717513 0.529305 
0.726176 0.514251 
0.734637 0.498978 
0.742883 0.483488 
0.750903 0.467785 
0.758684 0.451875 
0.766213 0.435760 
0.773476 0.419447 
0.780462 0.402940 
0.787158 0.386244 
0.793549 0.369365 
0.799624 0.352309 
0.805369 0.335082 
0.810771 0.317690 
0.815818 0.300139 
0.820497 0.282436 
0.824796 0.264588 
0.828701 0.246600 
0.832202 0.228482 
0.835286 0.210239 
0.837942 0.191879 
0.840160 0.173409 
0.841927 0.154837 
0.843236 0.136170 
0.844075 0.117417 
0.844435 0.098585 
0.844310 0.079683 
0.843690 0.060720 
0.842569 0.041703 
0.840940 0.022642 
0.838797 0.003547 
0.836137 -0.015574 
0.832955 -0.034710 
0.829248 -0.053851 
0.825013 -0.072987 
0.820250 -0.092105 
0.814957 -0.111195 
0.809136 -0.130244 
0.802787 -0.149240 
0.795912 -0.168169 
0.788515 -0.187018 
0.780600 -0.205772 
0.772172 -0.224418 
0.763235 -0.242939 
0.753799 -0.261320 
0.743868 -0.279546 
0.733453 -0.297598 
0.722563 -0.315462 
0.711208 -0.333120 
0.699398 -0.350553 
0.687147 -0.367746 
0.674466 -0.384680 
0.661370 -0.401337 
0.647872 -0.417700 
0.633989 -0.433751 
0.619735 -0.449473 
0.605128 -0.464849 
0.590185 -0.479863 
0.574924 -0.494497 
0.559362 -0.508737 
0.543521 -0.522567 
0.527417 -0.535973 
0.511073 -0.548942 
0.494507 -0.561460 
0.477742 -0.573516 
0.460796 -0.585098 
0.443691 -0.596198 
0.426449 -0.606806 
0.409091 -0.616915 
0.391636 -0.626518 
0.374107 -0.635611 
0.356524 -0.644188 
0.338908 -0.652249 
0.321278 -0.659791 
0.303655 -0.666813 
0.286058 -0.673319 
0.268506 -0.679309 
0.251019 -0.684788 
0.233614 -0.689761 
0.216309 -0.694234 
0.199122 -0.698215 
0.182069 -0.701713 
0.165166 -0.704737 
0.148430 -0.707299 
0.131874 -0.709411 
0.115514 -0.711086 
0.099364 -0.712338 
0.083438 -0.713183 
0.067747 -0.713635 
0.052305 -0.713713 
0.037123 -0.713433 
0.022213 -0.712812 
0.007585 -0.711871 
-0.006750 -0.710628 
-0.020784 -0.709101 
-0.034506 -0.707312 
-0.047909 -0.705281 
-0.060985 -0.703027 
-0.073726 -0.700570 
-0.086125 -0.697933 
-0.098177 -0.695134 
-0.109875 -0.692195 
-0.121214 -0.689136 
-0.132191 -0.685976 
-0.142800 -0.682736 
-0.153038 -0.679435 
-0.162902 -0.676093 
-0.172390 -0.672727 
-0.181498 -0.669358 
-0.190226 -0.666001 
-0.198572 -0.662675 
-0.206536 -0.659396 
-0.214115 -0.656180 
-0.221311 -0.653043 
-0.228123 -0.649999 
-0.234551 -0.647063 
-0.240596 -0.644248 
-0.246259 -0.641567 
-0.251540 -0.639030 
-0.256441 -0.636651 
-0.260962 -0.634438 
-0.265104 -0.632401 
-0.268869 -0.630550 
-0.272259 -0.628891 
-0.275273 -0.627432 
-0.277914 -0.626179 
-0.280182 -0.625138 
-0.282079 -0.624314 
-0.283605 -0.623709 
-0.284762 -0.623327 
-0.285549 -0.623169 
-0.285968 -0.623239 
-0.286018 -0.623535 
-0.285702 -0.624057 
-0.285017 -0.624804 
-0.283966 -0.625774 
-0.282547 -0.626965 
-0.280761 -0.628373 
-0.278607 -0.629992 
-0.276085 -0.631819 
-0.273194 -0.633848 
-0.269935 -0.636070 
-0.266307 -0.638480 
-0.262309 -0.641069 
-0.257942 -0.643827 
-0.253204 -0.646747 
-0.248095 -0.649816 
-0.242616 -0.653024 
-0.236766 -0.656360 
-0.230545 -0.659811 
-0.223955 -0.663364 
-0.216994 -0.667006 
-0.209664 -0.670723 
-0.201966 -0.674500 
-0.193902 -0.678323 
-0.185473 -0.682175 
-0.176680 -0.686040 
-0.167526 -0.689903 
-0.158015 -0.693746 
-0.148147 -0.697553 
-0.137929 -0.701306 
-0.127362 -0.704986 
-0.116451 -0.708577 
-0.105201 -0.712061 
-0.093617 -0.715418 
-0.081704 -0.718632 
-0.069468 -0.721683 
-0.056916 -0.724553 
-0.044054 -0.727225 
-0.030889 -0.729681 
-0.017428 -0.731901 
-0.003681 -0.733870 
0.010346 -0.735569 
0.024644 -0.736983 
0.039202 -0.738093 
0.054013 -0.738885 
0.069065 -0.739342 
0.084349 -0.739450 
0.099855 -0.739195 
0.115570 -0.738562 
0.131484 -0.737539 
0.147586 -0.736114 
0.163862 -0.734275 
0.180301 -0.732012 
0.196889 -0.729315 
0.213613 -0.726175 
0.230460 -0.722585 
0.247416 -0.718538 
0.264465 -0.714027 
0.281595 -0.709048 
0.298788 -0.703597 
0.316031 -0.697672 
0.333307 -0.691270 
0.350599 -0.684391 
0.367893 -0.677035 
0.385171 -0.669203 
0.402417 -0.660897 
0.419613 -0.652121 
0.436743 -0.642879 
0.453788 -0.633176 
0.470733 -0.623019 
0.487559 -0.612413 
0.504249 -0.601368 
0.520787 -0.589890 
0.537155 -0.577991 
0.553335 -0.565680 
0.569312 -0.552968 
0.585068 -0.539866 
0.600588 -0.526386 
0.615855 -0.512541 
0.630854 -0.498343 
0.645570 -0.483807 
0.659988 -0.468946 
0.674094 -0.453774 
0.687873 -0.438306 
0.701313 -0.422555 
0.714401 -0.406537 
0.727124 -0.390265 
0.739470 -0.373756 
0.751429 -0.357022 
0.762990 -0.340080 
0.774143 -0.322943 
0.784877 -0.305625 
0.795185 -0.288140 
0.805059 -0.270502 
0.814489 -0.252725 
0.823471 -0.234820 
0.831996 -0.216802 
0.840060 -0.198681 
0.847656 -0.180470 
0.854782 -0.162180 
0.861432 -0.143822 
0.867604 -0.125407 
0.873295 -0.106944 
0.878504 -0.088443 
0.883229 -0.069914 
0.887470 -0.051366 
0.891227 -0.032806 
0.894502 -0.014243 
0.897296 0.004315 
0.899611 0.022861 
0.901450 0.041386 
0.902818 0.059885 
0.903718 0.078351 
0.904156 0.096775 
0.904138 0.115153 
0.903668 0.133478 
0.902755 0.151742 
0.901405 0.169941 
0.899627 0.188066 
0.897427 0.206114 
0.894816 0.224076 
0.891802 0.241947 
0.888395 0.259722 
0.884603 0.277393 
0.880437 0.294955 
0.875908 0.312401 
0.871025 0.329726 
0.865799 0.346924 
0.860241 0.363988 
0.854361 0.380914 
0.848172 0.397694 
0.841682 0.414324 
0.834904 0.430798 
0.827849 0.447111 
0.820527 0.463257 
0.812950 0.479231 
0.805129 0.495029 
0.797074 0.510645 
0.788796 0.526076 
0.780307 0.541316 
0.771616 0.556361 
0.762735 0.571209 
0.753674 0.585854 
0.744444 0.600294 
0.735054 0.614525 
0.725514 0.628544 
0.715835 0.642349 
0.706025 0.655937 
0.696096 0.669305 
0.686056 0.682452 
0.675914 0.695376 
0.665680 0.708074 
0.655362 0.720547 
0.644969 0.732792 
0.634509 0.744808 
0.623991 0.756596 
0.613422 0.768154 
0.602811 0.779482 
