0.661304 0.696861 
0.661327 0.703180 
0.660214 0.710194 
0.657730 0.718127 
0.654300 0.726420 
0.651246 0.733923 
0.647745 0.741325 
0.643126 0.749267 
0.637322 0.757699 
0.631408 0.765707 
0.624580 0.773943 
0.621079 0.778795 
0.616741 0.783856 
0.612654 0.788211 
0.608003 0.792499 
0.603124 0.796503 
0.597980 0.800191 
0.592644 0.803549 
0.587098 0.806570 
0.581375 0.809238 
0.575787 0.811336 
0.569253 0.813687 
0.563426 0.815042 
0.557517 0.816010 
0.551013 0.816998 
0.545297 0.816995 
0.542289 0.814618 
0.540655 0.810873 
0.543370 0.803598 
0.539385 0.800940 
0.535221 0.798136 
0.532226 0.794168 
0.530157 0.789279 
0.524500 0.786754 
0.513440 0.787929 
0.505229 0.786774 
0.506841 0.778453 
0.513630 0.766188 
0.516399 0.756659 
0.509222 0.754324 
0.498447 0.754610 
0.488259 0.754259 
0.479673 0.752720 
0.488029 0.739184 
0.484855 0.733938 
0.479193 0.730550 
0.473156 0.727523 
0.468536 0.723630 
0.466375 0.718145 
0.464841 0.712398 
0.464444 0.706079 
0.464214 0.699912 
0.456876 0.699077 
0.452704 0.696320 
0.455438 0.689019 
0.454827 0.684444 
0.453115 0.681040 
0.452541 0.677271 
0.455537 0.671352 
0.458370 0.665973 
0.462039 0.660445 
0.465544 0.655487 
0.469816 0.650419 
0.473917 0.645983 
0.478511 0.641631 
0.483609 0.637420 
0.488692 0.633686 
0.493996 0.630287 
0.499493 0.627247 
0.506080 0.623771 
0.514196 0.619482 
0.522649 0.615287 
0.530744 0.611872 
0.537317 0.610230 
0.544845 0.608167 
0.551715 0.607068 
0.557485 0.607442 
0.563924 0.607573 
0.578631 0.600094 
0.596029 0.589983 
0.606428 0.586892 
0.608679 0.592516 
0.616050 0.593100 
0.627620 0.589432 
0.638657 0.586355 
0.641423 0.592292 
0.657038 0.584441 
0.673199 0.575735 
0.667534 0.591527 
0.661359 0.607474 
0.668605 0.608909 
0.670237 0.616300 
0.664977 0.630841 
0.670407 0.633911 
0.676859 0.635697 
0.669858 0.651370 
0.658909 0.670388 
0.659783 0.677193 
0.659080 0.685257 
0.661132 0.690332 
0.661304 0.696861 
