0.340456 0.702775 
0.313247 0.717870 
0.288839 0.735583 
0.267313 0.755908 
0.248686 0.778799 
0.232924 0.804153 
0.219971 0.831794 
0.209754 0.861468 
0.202201 0.892832 
0.197248 0.925462 
0.194841 0.958861 
0.194942 0.992487 
0.197527 1.025779 
0.202582 1.058196 
0.210104 1.089241 
0.220088 1.118490 
0.232528 1.145606 
0.247404 1.170341 
0.264677 1.192531 
0.284274 1.212083 
0.306081 1.228965 
0.329935 1.243182 
0.355617 1.254771 
0.382844 1.263783 
0.411276 1.270273 
0.440523 1.274300 
0.470155 1.275918 
0.499726 1.275174 
0.528793 1.272114 
0.556935 1.266779 
0.583779 1.259212 
0.609007 1.249461 
0.632366 1.237583 
0.653669 1.223652 
0.672789 1.207762 
0.689652 1.190035 
0.704229 1.170623 
0.716523 1.149709 
0.726562 1.127516 
0.734392 1.104293 
0.740067 1.080325 
0.743648 1.055912 
0.745201 1.031368 
0.744792 1.007007 
0.742491 0.983130 
0.738370 0.960016 
0.732505 0.937913 
0.724979 0.917029 
0.715880 0.897534 
0.705310 0.879554 
0.693377 0.863177 
0.680204 0.848455 
0.665925 0.835410 
0.650686 0.824036 
0.634645 0.814308 
0.617967 0.806184 
0.600824 0.799610 
0.583391 0.794524 
0.565840 0.790854 
0.548341 0.788526 
0.531052 0.787461 
0.514118 0.787578 
0.497672 0.788792 
0.481827 0.791019 
0.466677 0.794170 
0.452298 0.798159 
0.438744 0.802897 
0.426054 0.808293 
0.414250 0.814259 
0.403336 0.820705 
0.393307 0.827545 
0.384143 0.834692 
0.375817 0.842063 
0.368294 0.849577 
0.361534 0.857157 
0.355490 0.864731 
0.350114 0.872231 
0.345357 0.879593 
0.341167 0.886760 
0.337494 0.893680 
0.334286 0.900304 
0.331496 0.906592 
0.329076 0.912506 
0.326981 0.918014 
0.325169 0.923087 
0.323601 0.927702 
0.322242 0.931838 
0.321059 0.935478 
0.320024 0.938607 
0.319113 0.941211 
0.318306 0.943280 
0.317586 0.944805 
0.316944 0.945777 
0.316371 0.946191 
0.315866 0.946040 
0.315431 0.945321 
0.315074 0.944029 
0.314805 0.942163 
0.314641 0.939722 
0.314604 0.936709 
0.314720 0.933126 
0.315017 0.928982 
0.315532 0.924285 
0.316302 0.919050 
0.317369 0.913296 
0.318780 0.907047 
0.320585 0.900330 
0.322836 0.893181 
0.325588 0.885642 
0.328899 0.877761 
0.332826 0.869593 
0.337429 0.861199 
0.342768 0.852648 
0.348902 0.844014 
0.355885 0.835377 
0.363771 0.826823 
0.372608 0.818440 
0.382435 0.810323 
0.393285 0.802564 
0.405178 0.795262 
0.418121 0.788513 
0.432104 0.782414 
0.447100 0.777062 
0.463058 0.772552 
0.479909 0.768977 
0.497557 0.766429 
0.515885 0.764997 
0.534752 0.764770 
0.553998 0.765834 
0.573446 0.768273 
0.592907 0.772169 
0.612182 0.777602 
0.631074 0.784647 
0.649386 0.793373 
0.666931 0.803841 
0.683532 0.816101 
0.699027 0.830185 
0.713270 0.846104 
0.726134 0.863840 
0.737506 0.883341 
0.747288 0.904515 
0.755396 0.927224 
0.761755 0.951280 
0.766300 0.976449 
0.768969 1.002451 
0.769705 1.028974 
0.768449 1.055676 
0.765143 1.082209 
0.759729 1.108227 
0.752145 1.133402 
0.742336 1.157438 
0.730247 1.180074 
0.715838 1.201094 
0.699088 1.220322 
0.680003 1.237627 
0.658629 1.252910 
0.635064 1.266104 
0.609465 1.277167 
0.582055 1.286073 
0.553132 1.292805 
0.523055 1.297353 
0.492237 1.299708 
0.461129 1.299856 
0.430191 1.297776 
0.399875 1.293442 
0.370595 1.286816 
0.342715 1.277856 
0.316535 1.266516 
0.292286 1.252750 
0.270138 1.236524 
0.250197 1.217823 
0.232522 1.196662 
0.217133 1.173103 
0.204021 1.147263 
0.193156 1.119329 
0.184499 1.089563 
0.178007 1.058306 
0.173638 1.025964 
0.171356 0.992998 
0.171136 0.959895 
0.172963 0.927145 
0.176836 0.895209 
0.182765 0.864500 
0.190774 0.835361 
0.200893 0.808059 
0.213159 0.782787 
0.227607 0.759664 
0.244266 0.738751 
0.263149 0.720057 
0.284241 0.703552 
0.307492 0.689184 
0.332804 0.676879 
0.360023 0.666557 
0.388933 0.658135 
0.419254 0.651533 
0.450649 0.646673 
0.482734 0.643490 
0.515098 0.641926 
0.547321 0.641935 
0.579000 0.643484 
0.609767 0.646548 
0.639305 0.651117 
0.667359 0.657189 
0.693739 0.664770 
0.718316 0.673875 
0.741019 0.684523 
0.761825 0.696732 
0.780750 0.710523 
0.797837 0.725908 
0.813154 0.742889 
0.826780 0.761456 
0.838803 0.781576 
0.849314 0.803193 
0.858401 0.826224 
0.866154 0.850551 
0.872653 0.876026 
0.877976 0.902466 
0.882193 0.929662 
0.885366 0.957380 
0.887551 0.985372 
0.888796 1.013384 
0.889143 1.041166 
0.888627 1.068483 
0.887277 1.095122 
0.885116 1.120898 
0.882161 1.145660 
0.878424 1.169288 
0.873915 1.191698 
0.868636 1.212835 
0.862590 1.232673 
0.855773 1.251209 
0.848183 1.268458 
0.839814 1.284451 
0.830659 1.299232 
0.820712 1.312851 
0.809967 1.325364 
0.798421 1.336829 
0.786071 1.347307 
0.772919 1.356856 
0.758970 1.365536 
0.744234 1.373402 
0.728728 1.380507 
0.712475 1.386901 
0.695505 1.392633 
0.677857 1.397744 
0.659577 1.402276 
0.640719 1.406266 
0.621347 1.409748 
0.601530 1.412751 
0.581346 1.415305 
0.560877 1.417434 
0.540209 1.419161 
0.519432 1.420506 
0.498635 1.421485 
0.477908 1.422115 
0.457336 1.422409 
0.437001 1.422378 
0.416980 1.422031 
0.397342 1.421375 
0.378148 1.420416 
0.359453 1.419159 
0.341302 1.417605 
0.323731 1.415756 
0.306772 1.413610 
0.290443 1.411166 
0.274761 1.408420 
0.259734 1.405367 
0.245363 1.402000 
0.231646 1.398313 
0.218577 1.394295 
0.206145 1.389936 
0.194338 1.385225 
0.183140 1.380148 
0.172533 1.374691 
0.162501 1.368839 
0.153022 1.362573 
0.144078 1.355877 
0.135648 1.348731 
0.127712 1.341115 
0.120250 1.333008 
0.113243 1.324387 
0.106671 1.315230 
0.100516 1.305515 
0.094759 1.295219 
0.089383 1.284320 
0.084372 1.272796 
0.079709 1.260627 
0.075379 1.247795 
0.071369 1.234285 
0.067663 1.220085 
0.064250 1.205187 
0.061116 1.189589 
0.058250 1.173295 
0.055642 1.156316 
0.053281 1.138670 
0.051157 1.120385 
0.049262 1.101498 
0.047587 1.082055 
0.046124 1.062113 
0.044867 1.041737 
0.043809 1.021003 
0.042943 0.999992 
0.042266 0.978794 
0.041770 0.957503 
0.041453 0.936216 
0.041310 0.915029 
0.041339 0.894040 
0.041536 0.873339 
0.041899 0.853015 
0.042425 0.833147 
0.043115 0.813805 
0.043967 0.795053 
0.044979 0.776942 
0.046153 0.759514 
0.047489 0.742802 
0.048986 0.726827 
0.050647 0.711604 
0.052471 0.697138 
0.054462 0.683428 
0.056621 0.670466 
0.058950 0.658238 
0.061451 0.646728 
0.064127 0.635914 
0.066980 0.625772 
0.070013 0.616277 
0.073229 0.607401 
0.076630 0.599114 
0.080219 0.591389 
0.083997 0.584197 
0.087968 0.577507 
0.092133 0.571292 
0.096494 0.565524 
0.101051 0.560175 
0.105806 0.555220 
0.110757 0.550632 
0.115905 0.546389 
0.121247 0.542467 
0.126782 0.538844 
0.132506 0.535500 
0.138415 0.532414 
0.144503 0.529569 
0.150763 0.526946 
0.157189 0.524529 
0.163771 0.522304 
0.170499 0.520255 
0.177362 0.518370 
0.184346 0.516635 
0.191437 0.515039 
0.198621 0.513572 
0.205881 0.512224 
0.213198 0.510984 
0.220555 0.509846 
0.227931 0.508800 
0.235306 0.507840 
0.242659 0.506960 
0.249967 0.506152 
0.257208 0.505413 
0.264360 0.504736 
0.271400 0.504118 
0.278304 0.503555 
0.285049 0.503042 
0.291614 0.502577 
0.297977 0.502157 
0.304114 0.501780 
0.310006 0.501443 
0.315632 0.501145 
0.320974 0.500883 
0.326011 0.500658 
0.330727 0.500467 
0.335104 0.500309 
0.339129 0.500184 
0.342785 0.500092 
0.346059 0.500031 
0.348940 0.500003 
0.351415 0.500006 
0.353475 0.500040 
0.355110 0.500106 
0.356313 0.500204 
0.357077 0.500335 
0.357395 0.500498 
0.357264 0.500695 
0.356679 0.500926 
0.355639 0.501191 
0.354143 0.501493 
0.352190 0.501831 
0.349783 0.502208 
0.346924 0.502625 
0.343618 0.503084 
0.339870 0.503586 
0.335690 0.504134 
0.331085 0.504732 
0.326067 0.505382 
0.320650 0.506088 
0.314847 0.506854 
0.308677 0.507686 
0.302156 0.508588 
0.295307 0.509568 
0.288152 0.510632 
0.280714 0.511789 
0.273021 0.513049 
0.265099 0.514422 
0.256978 0.515920 
0.248688 0.517557 
0.240261 0.519349 
0.231728 0.521313 
0.223122 0.523468 
0.214475 0.525836 
0.205821 0.528443 
0.197191 0.531315 
0.188616 0.534484 
0.180128 0.537985 
0.171755 0.541854 
0.163527 0.546136 
0.155468 0.550878 
0.147604 0.556134 
0.139958 0.561960 
0.132551 0.568423 
0.125403 0.575593 
0.118531 0.583549 
0.111952 0.592375 
0.105679 0.602164 
0.099727 0.613015 
0.094108 0.625033 
0.088833 0.638329 
0.083914 0.653017 
0.079361 0.669212 
0.075186 0.687025 
0.071400 0.706559 
0.068017 0.727902 
0.065051 0.751120 
0.062519 0.776242 
0.060440 0.803257 
0.058838 0.832099 
0.057738 0.862636 
0.057173 0.894668 
0.057179 0.927924 
0.057800 0.962067 
0.059086 0.996706 
0.061096 1.031419 
0.063897 1.065772 
0.067567 1.099350 
0.072195 1.131772 
0.077879 1.162720 
0.084733 1.191938 
0.092880 1.219245 
0.102458 1.244523 
0.113617 1.267719 
0.126516 1.288823 
0.141323 1.307868 
0.158209 1.324909 
0.177340 1.340019 
0.198868 1.353280 
0.222918 1.364771 
0.249567 1.374569 
0.278832 1.382742 
0.310639 1.389345 
0.344809 1.394417 
0.381044 1.397984 
0.418917 1.400050 
0.457892 1.400603 
0.497344 1.399611 
0.536608 1.397019 
0.575025 1.392757 
0.611989 1.386732 
0.646993 1.378836 
0.679646 1.368942 
0.709678 1.356912 
0.736938 1.342600 
0.761369 1.325859 
0.782987 1.306548 
0.801861 1.284550 
0.818089 1.259787 
0.831781 1.232237 
0.843048 1.201962 
0.851990 1.169125 
0.858692 1.134012 
0.863213 1.097037 
0.865593 1.058736 
0.865844 1.019743 
0.863951 0.980752 
0.859880 0.942463 
0.853570 0.905532 
0.844947 0.870523 
0.833921 0.837884 
0.820395 0.807933 
0.804275 0.780865 
0.785479 0.756772 
0.763951 0.735665 
0.739680 0.717495 
0.712715 0.702184 
0.683187 0.689634 
0.651325 0.679751 
0.617466 0.672446 
0.582058 0.667649 
0.545646 0.665312 
0.508845 0.665408 
0.472304 0.667930 
0.436659 0.672893 
0.402492 0.680328 
0.370296 0.690274 
