0.369397 1.339949 
0.448624 1.350938 
0.531494 1.350925 
0.611224 1.339939 
0.681936 1.317513 
0.740126 1.282888 
0.784702 1.235393 
0.816074 1.175086 
0.835176 1.103602 
0.842819 1.024811 
0.839389 0.944567 
0.824776 0.869237 
0.798480 0.803836 
0.759862 0.751042 
0.708604 0.711496 
0.645385 0.684695 
0.572651 0.669828 
0.494930 0.666284 
0.418154 0.673869 
0.348060 0.692800 
0.288681 0.723556 
0.241888 0.766553 
0.207914 0.821626 
0.186203 0.887346 
0.176082 0.960463 
0.177132 1.035984 
0.189307 1.108211 
0.212869 1.172273 
0.248175 1.225143 
0.295286 1.265660 
0.353437 1.293891 
0.420437 1.310390 
0.492417 1.315693 
0.564300 1.310070 
0.630981 1.293496 
0.688580 1.265771 
0.734973 1.226779 
0.769533 1.176902 
0.792499 1.117497 
0.804386 1.051300 
0.805631 0.982376 
0.796442 0.915429 
0.776834 0.854716 
0.746777 0.803197 
0.706456 0.762327 
0.656632 0.732416 
0.598989 0.713158 
0.536329 0.704069 
0.472355 0.704735 
0.411023 0.714894 
0.355728 0.734391 
0.308752 0.763044 
0.271194 0.800450 
0.243263 0.845747 
0.224665 0.897405 
0.214923 0.953157 
0.213563 1.010170 
0.220189 1.065458 
0.234460 1.116391 
0.256024 1.161074 
0.284425 1.198452 
0.318988 1.228182 
0.358730 1.250410 
0.402320 1.265540 
0.448125 1.274078 
0.494344 1.276544 
0.539223 1.273436 
0.581256 1.265234 
0.619332 1.252418 
0.652785 1.235493 
0.681347 1.215015 
0.705060 1.191598 
0.724179 1.165919 
0.739082 1.138701 
0.750211 1.110685 
0.758025 1.082591 
0.762986 1.055081 
0.765537 1.028726 
0.766106 1.003980 
0.765096 0.981178 
0.762887 0.960535 
0.759836 0.942164 
0.756272 0.926100 
0.752496 0.912313 
0.748774 0.900735 
0.745340 0.891279 
0.742393 0.883853 
0.740089 0.878368 
0.738548 0.874754 
0.737849 0.872962 
0.738029 0.872964 
0.739086 0.874762 
0.740975 0.878384 
0.743612 0.883879 
0.746875 0.891323 
0.750601 0.900798 
0.754593 0.912398 
0.758618 0.926207 
0.762411 0.942290 
0.765678 0.960668 
0.768102 0.981311 
0.769337 1.004101 
0.769019 1.028823 
0.766762 1.055147 
0.762161 1.082631 
0.754794 1.110717 
0.744223 1.138766 
0.730008 1.166083 
0.711722 1.191955 
0.688988 1.215692 
0.661534 1.236648 
0.629268 1.254241 
0.592372 1.267952 
0.551393 1.277313 
0.507295 1.281885 
0.461434 1.281235 
0.415450 1.274912 
0.371080 1.262436 
0.329949 1.243311 
0.293425 1.217087 
0.262535 1.183474 
0.237991 1.142528 
0.220264 1.094876 
0.209676 1.041895 
0.206509 0.985746 
0.211078 0.929148 
0.223782 0.874950 
0.245093 0.825663 
0.275464 0.783155 
0.315119 0.748594 
0.363732 0.722575 
0.420065 0.705337 
0.481744 0.696975 
0.545402 0.697608 
0.607258 0.707486 
0.663881 0.727017 
0.712754 0.756693 
0.752411 0.796853 
0.782243 0.847291 
0.802156 0.906766 
0.812244 0.972637 
0.812560 1.040995 
0.802962 1.107379 
0.783075 1.167803 
0.752379 1.219473 
0.710471 1.260921 
0.657534 1.291698 
0.594928 1.311915 
0.525612 1.321851 
0.453979 1.321680 
0.384943 1.311321 
0.322742 1.290398 
0.270160 1.258343 
0.228481 1.214701 
0.197915 1.159640 
0.178140 1.094619 
0.168724 1.022835 
0.169401 0.949004 
0.180215 0.878301 
0.201546 0.815052 
0.234006 0.761942 
0.278128 0.720064 
0.333834 0.689426 
0.399750 0.669532 
0.472701 0.659824 
0.547916 0.659941 
0.620095 0.669860 
0.684813 0.689927 
0.739340 0.720763 
0.782622 0.763002 
0.814735 0.816804 
0.836282 0.881189 
0.847946 0.953453 
0.850218 1.029165 
0.843258 1.103067 
0.826850 1.170477 
0.800447 1.228299 
0.763351 1.275186 
0.715070 1.311078 
0.655882 1.336582 
0.587476 1.352485 
0.513286 1.359458 
0.438089 1.357889 
0.366837 1.347817 
0.303400 1.328925 
0.249951 1.300615 
0.207133 1.262199 
0.174604 1.213247 
0.151582 1.154103 
0.137230 1.086432 
0.130876 1.013490 
0.132118 0.939706 
0.140874 0.869633 
0.157379 0.806837 
0.182135 0.753348 
0.215782 0.709783 
0.258870 0.675824 
0.311486 0.650701 
0.372800 0.633551 
0.440702 0.623618 
0.511822 0.620355 
0.582122 0.623470 
0.647843 0.632938 
0.706287 0.648983 
0.756077 0.672037 
0.796944 0.702647 
0.829321 0.741319 
0.853969 0.788269 
0.871709 0.843108 
0.883277 0.904544 
0.889249 0.970261 
0.890012 1.037171 
0.885756 1.102004 
0.876479 1.161987 
0.862005 1.215275 
0.842013 1.261017 
0.816093 1.299154 
0.783827 1.330118 
0.744925 1.354575 
0.699394 1.373242 
0.647736 1.386784 
0.591104 1.395761 
0.531316 1.400607 
0.470660 1.401625 
0.411525 1.398990 
0.355990 1.392758 
0.305540 1.382873 
0.260986 1.369184 
0.222555 1.351462 
0.190057 1.329428 
0.163063 1.302798 
0.141036 1.271335 
0.123423 1.234933 
0.109711 1.193706 
0.099455 1.148078 
0.092282 1.098847 
0.087898 1.047180 
0.086085 0.994515 
0.086695 0.942394 
0.089644 0.892255 
0.094909 0.845263 
0.102522 0.802220 
0.112563 0.763557 
0.125155 0.729393 
0.140455 0.699613 
0.158641 0.673955 
0.179898 0.652080 
0.204398 0.633621 
0.232269 0.618219 
0.263566 0.605540 
0.298226 0.595288 
0.336035 0.587204 
0.376597 0.581073 
0.419327 0.576719 
0.463469 0.574002 
0.508155 0.572819 
0.552475 0.573097 
0.595568 0.574795 
0.636694 0.577900 
0.675283 0.582428 
0.710952 0.588418 
0.743500 0.595937 
0.772871 0.605073 
0.799127 0.615938 
0.822410 0.628662 
0.842909 0.643394 
0.860839 0.660294 
0.876418 0.679526 
0.889863 0.701250 
0.901375 0.725608 
0.911136 0.752703 
0.919310 0.782578 
0.926040 0.815192 
0.931447 0.850394 
0.935633 0.887905 
0.938679 0.927309 
0.940648 0.968059 
0.941585 1.009508 
0.941518 1.050957 
0.940454 1.091702 
0.938385 1.131099 
0.935285 1.168605 
0.931108 1.203805 
0.925788 1.236420 
0.919242 1.266301 
0.911364 1.293407 
0.902025 1.317785 
0.891077 1.339544 
0.878346 1.358833 
0.863639 1.375823 
0.846744 1.390697 
0.827437 1.403635 
0.805492 1.414811 
0.780692 1.424387 
0.752857 1.432511 
0.721865 1.439316 
0.687696 1.444916 
0.650459 1.449413 
0.610437 1.452891 
0.568098 1.455416 
0.524098 1.457043 
0.479243 1.457809 
0.434423 1.457736 
0.390531 1.456831 
0.348374 1.455084 
0.308614 1.452471 
0.271724 1.448950 
0.237989 1.444459 
0.207523 1.438921 
0.180300 1.432237 
0.156192 1.424286 
0.135007 1.414926 
0.116513 1.403991 
0.100462 1.391292 
0.086606 1.376616 
0.074707 1.359733 
0.064542 1.340397 
0.055909 1.318358 
0.048624 1.293381 
0.042525 1.265265 
0.037468 1.233875 
0.033330 1.199182 
0.030001 1.161302 
0.027391 1.120536 
0.025421 1.077385 
0.024024 1.032552 
0.023147 0.986891 
0.022746 0.941344 
0.022785 0.896836 
0.023236 0.854197 
0.024082 0.814084 
0.025306 0.776954 
0.026903 0.743062 
0.028869 0.712488 
0.031206 0.685171 
0.033918 0.660955 
0.037014 0.639621 
0.040504 0.620919 
0.044403 0.604588 
0.048723 0.590369 
0.053481 0.578019 
0.058690 0.567311 
0.064367 0.558041 
0.070525 0.550024 
0.077175 0.543097 
0.084326 0.537114 
0.091985 0.531950 
0.100151 0.527493 
0.108822 0.523648 
0.117988 0.520329 
0.127631 0.517466 
0.137728 0.514994 
0.148248 0.512859 
0.159150 0.511015 
0.170388 0.509420 
0.181905 0.508041 
0.193638 0.506846 
0.205517 0.505810 
0.217465 0.504912 
0.229401 0.504132 
0.241239 0.503454 
0.252892 0.502865 
0.264272 0.502354 
0.275290 0.501910 
0.285862 0.501526 
0.295903 0.501196 
0.305336 0.500913 
0.314087 0.500674 
0.322087 0.500474 
0.329276 0.500312 
0.335596 0.500185 
0.340999 0.500092 
0.345442 0.500031 
0.348887 0.500003 
0.351305 0.500006 
0.352668 0.500040 
0.352959 0.500107 
0.352165 0.500206 
0.350279 0.500339 
0.347300 0.500506 
0.343234 0.500711 
0.338097 0.500954 
0.331909 0.501240 
0.324701 0.501571 
0.316514 0.501953 
0.307398 0.502391 
0.297413 0.502894 
0.286631 0.503469 
0.275135 0.504130 
0.263015 0.504889 
0.250373 0.505764 
0.237317 0.506777 
0.223963 0.507953 
0.210427 0.509325 
0.196829 0.510930 
0.183285 0.512817 
0.169909 0.515041 
0.156806 0.517674 
0.144074 0.520798 
0.131797 0.524518 
0.120052 0.528959 
0.108899 0.534274 
0.098388 0.540649 
0.088556 0.548311 
0.079429 0.557533 
0.071023 0.568650 
0.063346 0.582061 
0.056400 0.598242 
0.050182 0.617753 
0.044689 0.641231 
0.039918 0.669377 
0.035873 0.702909 
0.032563 0.742475 
0.030012 0.788501 
0.028261 0.840996 
0.027373 0.899318 
0.027445 0.962023 
0.028613 1.026904 
0.031068 1.091303 
0.035066 1.152616 
0.040951 1.208777 
0.049176 1.258518 
0.060329 1.301364 
0.075166 1.337445 
0.094640 1.367262 
0.119918 1.391483 
0.152365 1.410800 
0.193444 1.425845 
0.244471 1.437139 
0.306141 1.445068 
0.377848 1.449864 
0.457052 1.451593 
0.539265 1.450137 
0.619041 1.445170 
0.691603 1.436129 
0.754028 1.422176 
0.805399 1.402159 
0.846219 1.374591 
0.877678 1.337696 
0.901115 1.289608 
0.917713 1.228864 
0.928360 1.155292 
0.933590 1.071124 
0.933563 0.981529 
0.928041 0.893587 
0.916376 0.813873 
0.897486 0.746419 
0.869849 0.692379 
0.831581 0.650967 
0.780712 0.620587 
0.715835 0.599601 
0.637253 0.586713 
0.548263 0.581125 
0.455446 0.582584 
0.366891 0.591396 
0.289194 0.608415 
0.225645 0.635019 
0.176529 0.673003 
0.140496 0.724260 
0.115750 0.790058 
0.100750 0.869810 
0.094495 0.959760 
0.096631 1.052832 
0.107451 1.140680 
0.127864 1.216803 
0.159304 1.278198 
0.203503 1.324812 
0.261958 1.358085 
0.334924 1.379754 
0.420066 1.391200 
0.511653 1.393184 
0.601608 1.385773 
0.682369 1.368375 
0.749359 1.339834 
0.801324 1.298648 
0.839115 1.243453 
0.864325 1.173916 
0.878403 1.091994 
0.882257 1.002812 
0.876113 0.913972 
0.859540 0.833048 
0.831553 0.765057 
0.790854 0.711794 
0.736318 0.672804 
0.667865 0.646712 
0.587607 0.632163 
0.500604 0.628278 
0.414135 0.634822 
0.335390 0.652183 
0.269171 0.681251 
0.217287 0.723143 
0.179430 0.778674 
0.154409 0.847495 
0.141028 0.927042 
0.138535 1.012045 
0.146777 1.095454 
0.166166 1.170662 
0.197533 1.233425 
0.241799 1.282224 
0.299396 1.317380 
