0.654495 -0.615116 
0.658158 -0.614008 
0.661806 -0.612873 
0.665438 -0.611714 
0.669055 -0.610531 
0.672655 -0.609322 
0.676238 -0.608089 
0.679803 -0.606833 
0.683351 -0.605552 
0.686881 -0.604248 
0.690391 -0.602921 
0.693882 -0.601570 
0.697354 -0.600197 
0.700806 -0.598801 
0.704237 -0.597384 
0.707647 -0.595944 
0.711035 -0.594482 
0.714402 -0.593000 
0.717746 -0.591496 
0.721068 -0.589971 
0.724366 -0.588427 
0.727642 -0.586861 
0.730893 -0.585276 
0.734120 -0.583672 
0.737322 -0.582048 
0.740499 -0.580406 
0.743651 -0.578744 
0.746777 -0.577065 
0.749876 -0.575367 
0.752949 -0.573652 
0.755996 -0.571919 
0.759015 -0.570170 
0.762006 -0.568404 
0.764970 -0.566621 
0.767905 -0.564822 
0.770812 -0.563008 
0.773690 -0.561179 
0.776538 -0.559334 
0.779357 -0.557475 
0.782146 -0.555601 
0.784905 -0.553713 
0.787634 -0.551812 
0.790332 -0.549897 
0.792999 -0.547970 
0.795634 -0.546030 
0.798238 -0.544077 
0.800811 -0.542113 
0.803351 -0.540137 
0.805858 -0.538149 
0.808334 -0.536151 
0.810776 -0.534143 
0.813185 -0.532124 
0.815562 -0.530095 
0.817904 -0.528057 
0.820213 -0.526010 
0.822488 -0.523954 
0.824729 -0.521890 
0.826935 -0.519817 
0.829107 -0.517737 
0.831244 -0.515650 
0.833346 -0.513555 
0.835413 -0.511454 
0.837445 -0.509347 
0.839441 -0.507234 
0.841402 -0.505115 
0.843327 -0.502991 
0.845216 -0.500863 
0.847069 -0.498729 
0.848886 -0.496592 
0.850667 -0.494451 
0.852411 -0.492307 
0.854118 -0.490159 
0.855789 -0.488009 
0.857423 -0.485857 
0.859021 -0.483703 
0.860581 -0.481547 
0.862104 -0.479390 
0.863590 -0.477232 
0.865038 -0.475073 
0.866450 -0.472915 
0.867824 -0.470756 
0.869160 -0.468599 
0.870459 -0.466442 
0.871720 -0.464286 
0.872944 -0.462132 
0.874130 -0.459980 
0.875279 -0.457831 
0.876389 -0.455684 
0.877462 -0.453540 
0.878497 -0.451400 
0.879494 -0.449263 
0.880453 -0.447131 
0.881375 -0.445003 
0.882258 -0.442880 
0.883104 -0.440762 
0.883912 -0.438650 
0.884682 -0.436543 
0.885414 -0.434443 
0.886108 -0.432350 
0.886765 -0.430263 
0.887384 -0.428184 
0.887965 -0.426113 
0.888508 -0.424049 
0.889014 -0.421994 
0.889482 -0.419948 
0.889912 -0.417911 
0.890305 -0.415883 
0.890661 -0.413865 
0.890979 -0.411857 
0.891259 -0.409859 
0.891503 -0.407872 
0.891709 -0.405897 
0.891878 -0.403932 
0.892010 -0.401980 
0.892106 -0.400040 
0.892164 -0.398112 
0.892185 -0.396198 
0.892170 -0.394296 
0.892118 -0.392408 
0.892030 -0.390534 
0.891905 -0.388674 
0.891744 -0.386828 
0.891546 -0.384998 
0.891313 -0.383182 
0.891043 -0.381383 
0.890738 -0.379599 
0.890397 -0.377831 
0.890020 -0.376079 
0.889607 -0.374345 
0.889160 -0.372628 
0.888676 -0.370928 
0.888158 -0.369246 
0.887605 -0.367582 
0.887017 -0.365937 
0.886394 -0.364310 
0.885736 -0.362703 
0.885044 -0.361114 
0.884317 -0.359546 
0.883556 -0.357998 
0.882761 -0.356470 
0.881932 -0.354962 
0.881070 -0.353476 
0.880173 -0.352010 
0.879243 -0.350567 
0.878280 -0.349145 
0.877283 -0.347745 
0.876253 -0.346368 
0.875191 -0.345014 
0.874095 -0.343682 
0.872967 -0.342374 
0.871806 -0.341090 
0.870612 -0.339829 
0.869387 -0.338592 
0.868129 -0.337380 
0.866840 -0.336193 
0.865518 -0.335031 
0.864165 -0.333893 
0.862781 -0.332782 
0.861365 -0.331696 
0.859918 -0.330636 
0.858440 -0.329602 
0.856930 -0.328595 
0.855390 -0.327615 
0.853820 -0.326662 
0.852219 -0.325736 
0.850587 -0.324837 
0.848926 -0.323966 
0.847234 -0.323123 
0.845513 -0.322308 
0.843761 -0.321522 
0.841980 -0.320764 
0.840170 -0.320035 
0.838330 -0.319335 
0.836461 -0.318664 
0.834563 -0.318022 
0.832636 -0.317410 
0.830680 -0.316828 
0.828696 -0.316276 
0.826683 -0.315754 
0.824641 -0.315262 
0.822572 -0.314800 
0.820474 -0.314369 
0.818348 -0.313968 
0.816194 -0.313599 
0.814013 -0.313260 
0.811804 -0.312953 
0.809568 -0.312677 
0.807304 -0.312432 
0.805013 -0.312218 
0.802695 -0.312036 
0.800350 -0.311885 
0.797978 -0.311767 
0.795579 -0.311680 
0.793154 -0.311624 
0.790702 -0.311601 
0.788224 -0.311610 
0.785720 -0.311650 
0.783190 -0.311723 
0.780633 -0.311827 
0.778051 -0.311964 
0.775443 -0.312133 
0.772809 -0.312334 
0.770150 -0.312566 
0.767465 -0.312831 
0.764755 -0.313128 
0.762020 -0.313457 
0.759259 -0.313817 
0.756474 -0.314210 
0.753664 -0.314634 
0.750829 -0.315090 
0.747970 -0.315577 
0.745086 -0.316096 
0.742177 -0.316647 
0.739245 -0.317228 
0.736288 -0.317841 
0.733307 -0.318485 
0.730303 -0.319159 
0.727274 -0.319865 
0.724222 -0.320600 
0.721147 -0.321366 
0.718048 -0.322162 
0.714925 -0.322988 
0.711780 -0.323844 
0.708612 -0.324729 
0.705421 -0.325644 
0.702207 -0.326587 
0.698970 -0.327559 
0.695711 -0.328559 
0.692430 -0.329587 
0.689127 -0.330643 
0.685802 -0.331727 
0.682455 -0.332838 
0.679087 -0.333975 
0.675697 -0.335139 
0.672286 -0.336329 
0.668854 -0.337545 
0.665401 -0.338786 
0.661928 -0.340051 
0.658434 -0.341342 
0.654920 -0.342656 
0.651386 -0.343994 
0.647832 -0.345355 
0.644259 -0.346739 
0.640666 -0.348145 
0.637055 -0.349572 
0.633425 -0.351021 
0.629777 -0.352490 
0.626110 -0.353980 
0.622426 -0.355490 
0.618724 -0.357018 
0.615005 -0.358565 
0.611269 -0.360130 
0.607517 -0.361713 
0.603749 -0.363312 
0.599965 -0.364927 
0.596166 -0.366559 
0.592352 -0.368205 
0.588524 -0.369866 
0.584682 -0.371540 
0.580826 -0.373228 
0.576957 -0.374928 
0.573076 -0.376640 
0.569182 -0.378364 
0.565278 -0.380098 
0.561362 -0.381842 
0.557436 -0.383595 
0.553500 -0.385357 
0.549555 -0.387127 
0.545602 -0.388904 
0.541640 -0.390688 
0.537672 -0.392478 
0.533697 -0.394273 
0.529716 -0.396073 
0.525731 -0.397877 
0.521741 -0.399684 
0.517747 -0.401494 
0.513751 -0.403306 
0.509753 -0.405119 
0.505754 -0.406933 
0.501755 -0.408747 
0.497756 -0.410561 
0.493759 -0.412374 
0.489765 -0.414185 
0.485774 -0.415994 
0.481788 -0.417800 
0.477807 -0.419602 
0.473833 -0.421401 
0.469866 -0.423195 
0.465908 -0.424985 
0.461959 -0.426768 
0.458022 -0.428546 
0.454096 -0.430318 
0.450183 -0.432082 
0.446284 -0.433839 
0.442400 -0.435589 
0.438533 -0.437330 
0.434684 -0.439064 
0.430853 -0.440788 
0.427043 -0.442503 
0.423254 -0.444209 
0.419487 -0.445906 
0.415744 -0.447592 
0.412026 -0.449269 
0.408335 -0.450935 
0.404671 -0.452591 
0.401035 -0.454237 
0.397430 -0.455871 
0.393857 -0.457495 
0.390316 -0.459109 
0.386809 -0.460711 
0.383337 -0.462303 
0.379901 -0.463884 
0.376504 -0.465455 
0.373145 -0.467014 
0.369827 -0.468564 
0.366550 -0.470102 
0.363316 -0.471631 
0.360126 -0.473150 
0.356981 -0.474658 
0.353882 -0.476157 
0.350831 -0.477647 
0.347829 -0.479127 
0.344876 -0.480598 
0.341975 -0.482061 
0.339125 -0.483515 
0.336329 -0.484962 
0.333587 -0.486401 
0.330900 -0.487832 
0.328270 -0.489257 
0.325696 -0.490675 
0.323181 -0.492086 
0.320725 -0.493492 
0.318328 -0.494892 
0.315993 -0.496288 
0.313719 -0.497678 
0.311507 -0.499065 
0.309359 -0.500447 
0.307275 -0.501826 
0.305255 -0.503202 
0.303301 -0.504576 
0.301412 -0.505947 
0.299590 -0.507316 
0.297835 -0.508684 
0.296147 -0.510050 
0.294528 -0.511416 
0.292977 -0.512781 
0.291495 -0.514146 
0.290082 -0.515511 
0.288738 -0.516876 
0.287465 -0.518242 
0.286262 -0.519610 
0.285129 -0.520978 
0.284067 -0.522349 
0.283075 -0.523720 
0.282155 -0.525094 
0.281305 -0.526470 
0.280527 -0.527848 
0.279820 -0.529229 
0.279183 -0.530612 
0.278618 -0.531997 
0.278124 -0.533386 
0.277701 -0.534777 
0.277349 -0.536171 
0.277067 -0.537567 
0.276856 -0.538967 
0.276714 -0.540369 
0.276644 -0.541774 
0.276642 -0.543181 
0.276711 -0.544591 
0.276848 -0.546004 
0.277055 -0.547418 
0.277330 -0.548835 
0.277673 -0.550254 
0.278083 -0.551674 
0.278562 -0.553096 
0.279107 -0.554520 
0.279718 -0.555944 
0.280396 -0.557369 
0.281139 -0.558795 
0.281947 -0.560220 
0.282819 -0.561646 
0.283755 -0.563071 
0.284755 -0.564495 
0.285818 -0.565918 
0.286942 -0.567340 
0.288129 -0.568759 
0.289376 -0.570177 
0.290684 -0.571591 
0.292051 -0.573002 
0.293478 -0.574410 
0.294963 -0.575814 
0.296506 -0.577213 
0.298107 -0.578607 
0.299764 -0.579996 
0.301476 -0.581379 
0.303244 -0.582756 
0.305066 -0.584125 
0.306942 -0.585488 
0.308871 -0.586842 
0.310853 -0.588189 
0.312886 -0.589526 
0.314970 -0.590855 
0.317104 -0.592173 
0.319288 -0.593481 
0.321520 -0.594779 
0.323801 -0.596065 
0.326129 -0.597339 
0.328503 -0.598601 
0.330923 -0.599851 
0.333389 -0.601087 
0.335898 -0.602309 
0.338452 -0.603517 
0.341048 -0.604711 
0.343686 -0.605889 
0.346366 -0.607052 
0.349086 -0.608198 
0.351846 -0.609328 
0.354646 -0.610441 
0.357484 -0.611536 
0.360359 -0.612613 
0.363272 -0.613672 
0.366221 -0.614712 
0.369205 -0.615732 
0.372224 -0.616733 
0.375277 -0.617714 
0.378363 -0.618674 
0.381482 -0.619613 
0.384633 -0.620531 
0.387814 -0.621427 
0.391027 -0.622302 
0.394268 -0.623153 
0.397539 -0.623982 
0.400838 -0.624788 
0.404164 -0.625570 
0.407518 -0.626328 
0.410897 -0.627062 
0.414301 -0.627771 
0.417731 -0.628456 
0.421184 -0.629116 
0.424660 -0.629750 
0.428159 -0.630359 
0.431680 -0.630941 
0.435222 -0.631498 
0.438784 -0.632028 
0.442366 -0.632531 
0.445967 -0.633008 
0.449587 -0.633457 
0.453224 -0.633879 
0.456878 -0.634274 
0.460549 -0.634640 
0.464235 -0.634979 
0.467936 -0.635290 
0.471652 -0.635572 
0.475381 -0.635827 
0.479123 -0.636052 
0.482878 -0.636249 
0.486644 -0.636418 
0.490421 -0.636557 
0.494209 -0.636667 
0.498006 -0.636749 
0.501812 -0.636801 
0.505627 -0.636824 
0.509450 -0.636817 
0.513280 -0.636782 
0.517116 -0.636716 
0.520958 -0.636622 
0.524806 -0.636498 
0.528658 -0.636345 
0.532514 -0.636162 
0.536374 -0.635949 
0.540236 -0.635707 
0.544101 -0.635436 
0.547967 -0.635135 
0.551834 -0.634805 
0.555701 -0.634446 
0.559569 -0.634057 
0.563435 -0.633639 
0.567300 -0.633192 
0.571163 -0.632715 
0.575023 -0.632210 
0.578880 -0.631676 
0.582734 -0.631112 
0.586583 -0.630521 
0.590427 -0.629900 
0.594266 -0.629251 
0.598099 -0.628574 
0.601925 -0.627868 
0.605744 -0.627135 
0.609555 -0.626373 
0.613358 -0.625584 
0.617153 -0.624767 
0.620938 -0.623922 
0.624713 -0.623051 
0.628477 -0.622152 
0.632231 -0.621226 
0.635973 -0.620273 
0.639704 -0.619294 
0.643422 -0.618289 
0.647127 -0.617257 
0.650818 -0.616200 
