0.917831 -0.069732 
0.920123 -0.067503 
0.922389 -0.065260 
0.924629 -0.063004 
0.926843 -0.060736 
0.929030 -0.058455 
0.931190 -0.056162 
0.933322 -0.053858 
0.935426 -0.051542 
0.937502 -0.049215 
0.939550 -0.046877 
0.941569 -0.044529 
0.943558 -0.042170 
0.945518 -0.039802 
0.947448 -0.037424 
0.949348 -0.035037 
0.951218 -0.032641 
0.953057 -0.030237 
0.954865 -0.027824 
0.956641 -0.025404 
0.958386 -0.022975 
0.960100 -0.020540 
0.961781 -0.018097 
0.963430 -0.015648 
0.965047 -0.013193 
0.966630 -0.010731 
0.968181 -0.008264 
0.969699 -0.005792 
0.971183 -0.003314 
0.972633 -0.000832 
0.974050 0.001655 
0.975433 0.004146 
0.976782 0.006641 
0.978096 0.009140 
0.979376 0.011641 
0.980621 0.014146 
0.981831 0.016653 
0.983006 0.019163 
0.984147 0.021674 
0.985252 0.024187 
0.986322 0.026702 
0.987356 0.029217 
0.988355 0.031733 
0.989318 0.034250 
0.990245 0.036767 
0.991137 0.039284 
0.991993 0.041800 
0.992813 0.044315 
0.993596 0.046830 
0.994344 0.049343 
0.995056 0.051854 
0.995732 0.054364 
0.996371 0.056871 
0.996975 0.059375 
0.997542 0.061877 
0.998073 0.064375 
0.998568 0.066870 
0.999027 0.069361 
0.999450 0.071849 
0.999836 0.074331 
1.000187 0.076809 
1.000502 0.079283 
1.000780 0.081750 
1.001023 0.084213 
1.001230 0.086669 
1.001401 0.089119 
1.001537 0.091563 
1.001637 0.094000 
1.001702 0.096430 
1.001731 0.098853 
1.001725 0.101268 
1.001684 0.103675 
1.001608 0.106074 
1.001497 0.108465 
1.001351 0.110846 
1.001171 0.113219 
1.000956 0.115582 
1.000707 0.117936 
1.000423 0.120279 
1.000106 0.122612 
0.999755 0.124935 
0.999371 0.127247 
0.998953 0.129547 
0.998502 0.131837 
0.998018 0.134114 
0.997501 0.136380 
0.996952 0.138633 
0.996370 0.140874 
0.995756 0.143101 
0.995110 0.145316 
0.994433 0.147517 
0.993724 0.149704 
0.992984 0.151877 
0.992213 0.154036 
0.991411 0.156181 
0.990579 0.158310 
0.989717 0.160424 
0.988825 0.162523 
0.987904 0.164606 
0.986953 0.166673 
0.985973 0.168723 
0.984965 0.170757 
0.983928 0.172774 
0.982862 0.174774 
0.981769 0.176756 
0.980649 0.178720 
0.979501 0.180667 
0.978327 0.182595 
0.977125 0.184504 
0.975898 0.186394 
0.974644 0.188266 
0.973365 0.190117 
0.972061 0.191949 
0.970732 0.193761 
0.969378 0.195552 
0.968000 0.197323 
0.966597 0.199073 
0.965172 0.200802 
0.963723 0.202509 
0.962251 0.204195 
0.960756 0.205858 
0.959239 0.207500 
0.957701 0.209118 
0.956141 0.210714 
0.954559 0.212287 
0.952957 0.213836 
0.951335 0.215362 
0.949692 0.216863 
0.948030 0.218341 
0.946348 0.219794 
0.944647 0.221222 
0.942928 0.222625 
0.941190 0.224003 
0.939435 0.225356 
0.937661 0.226682 
0.935871 0.227983 
0.934064 0.229257 
0.932241 0.230505 
0.930401 0.231726 
0.928546 0.232919 
0.926675 0.234086 
0.924789 0.235225 
0.922889 0.236336 
0.920974 0.237418 
0.919046 0.238473 
0.917104 0.239499 
0.915149 0.240496 
0.913181 0.241464 
0.911200 0.242403 
0.909208 0.243312 
0.907204 0.244192 
0.905188 0.245042 
0.903162 0.245861 
0.901124 0.246650 
0.899077 0.247408 
0.897019 0.248136 
0.894952 0.248832 
0.892876 0.249497 
0.890790 0.250131 
0.888697 0.250733 
0.886595 0.251303 
0.884485 0.251841 
0.882367 0.252347 
0.880242 0.252820 
0.878111 0.253261 
0.875973 0.253669 
0.873828 0.254043 
0.871678 0.254385 
0.869522 0.254693 
0.867361 0.254968 
0.865195 0.255209 
0.863024 0.255416 
0.860850 0.255589 
0.858671 0.255728 
0.856488 0.255832 
0.854302 0.255903 
0.852113 0.255938 
0.849921 0.255939 
0.847727 0.255905 
0.845530 0.255836 
0.843331 0.255732 
0.841131 0.255593 
0.838930 0.255419 
0.836727 0.255209 
0.834523 0.254963 
0.832319 0.254682 
0.830115 0.254366 
0.827911 0.254013 
0.825706 0.253625 
0.823503 0.253201 
0.821300 0.252741 
0.819098 0.252244 
0.816897 0.251712 
0.814698 0.251144 
0.812500 0.250539 
0.810304 0.249899 
0.808110 0.249222 
0.805919 0.248508 
0.803730 0.247759 
0.801544 0.246973 
0.799361 0.246151 
0.797181 0.245293 
0.795005 0.244399 
0.792832 0.243468 
0.790662 0.242501 
0.788497 0.241498 
0.786336 0.240458 
0.784179 0.239383 
0.782026 0.238271 
0.779878 0.237124 
0.777735 0.235940 
0.775597 0.234721 
0.773464 0.233466 
0.771336 0.232175 
0.769214 0.230849 
0.767097 0.229487 
0.764985 0.228090 
0.762880 0.226657 
0.760780 0.225190 
0.758687 0.223687 
0.756599 0.222149 
0.754518 0.220577 
0.752443 0.218970 
0.750375 0.217329 
0.748313 0.215654 
0.746258 0.213944 
0.744209 0.212201 
0.742168 0.210424 
0.740133 0.208613 
0.738106 0.206770 
0.736085 0.204893 
0.734072 0.202983 
0.732066 0.201041 
0.730067 0.199067 
0.728075 0.197061 
0.726091 0.195023 
0.724115 0.192953 
0.722146 0.190852 
0.720184 0.188721 
0.718230 0.186558 
0.716284 0.184366 
0.714346 0.182143 
0.712415 0.179891 
0.710493 0.177609 
0.708578 0.175299 
0.706671 0.172960 
0.704772 0.170592 
0.702881 0.168197 
0.700997 0.165775 
0.699122 0.163325 
0.697255 0.160849 
0.695397 0.158346 
0.693546 0.155818 
0.691703 0.153264 
0.689869 0.150686 
0.688043 0.148083 
0.686226 0.145456 
0.684416 0.142806 
0.682615 0.140132 
0.680823 0.137436 
0.679039 0.134718 
0.677263 0.131979 
0.675496 0.129218 
0.673738 0.126438 
0.671989 0.123637 
0.670248 0.120817 
0.668516 0.117978 
0.666793 0.115121 
0.665079 0.112247 
0.663374 0.109355 
0.661679 0.106448 
0.659992 0.103524 
0.658316 0.100586 
0.656648 0.097632 
0.654990 0.094665 
0.653342 0.091685 
0.651704 0.088693 
0.650076 0.085688 
0.648459 0.082672 
0.646851 0.079646 
0.645254 0.076610 
0.643668 0.073565 
0.642093 0.070511 
0.640529 0.067450 
0.638977 0.064382 
0.637436 0.061307 
0.635907 0.058227 
0.634390 0.055142 
0.632885 0.052054 
0.631393 0.048961 
0.629914 0.045867 
0.628448 0.042770 
0.626996 0.039672 
0.625557 0.036574 
0.624133 0.033477 
0.622723 0.030381 
0.621329 0.027286 
0.619949 0.024195 
0.618586 0.021107 
0.617238 0.018023 
0.615907 0.014944 
0.614593 0.011871 
0.613296 0.008805 
0.612018 0.005745 
0.610757 0.002694 
0.609516 -0.000349 
0.608293 -0.003382 
0.607091 -0.006404 
0.605908 -0.009416 
0.604747 -0.012416 
0.603607 -0.015404 
0.602489 -0.018379 
0.601393 -0.021340 
0.600320 -0.024286 
0.599271 -0.027218 
0.598246 -0.030133 
0.597246 -0.033032 
0.596270 -0.035914 
0.595321 -0.038779 
0.594399 -0.041624 
0.593503 -0.044451 
0.592635 -0.047258 
0.591795 -0.050045 
0.590984 -0.052812 
0.590202 -0.055557 
0.589451 -0.058280 
0.588730 -0.060981 
0.588040 -0.063659 
0.587382 -0.066313 
0.586757 -0.068943 
0.586164 -0.071550 
0.585605 -0.074131 
0.585080 -0.076687 
0.584589 -0.079217 
0.584134 -0.081722 
0.583714 -0.084199 
0.583331 -0.086650 
0.582984 -0.089073 
0.582675 -0.091469 
0.582403 -0.093837 
0.582169 -0.096177 
0.581974 -0.098487 
0.581819 -0.100769 
0.581702 -0.103022 
0.581626 -0.105245 
0.581589 -0.107439 
0.581594 -0.109602 
0.581639 -0.111735 
0.581726 -0.113838 
0.581854 -0.115910 
0.582024 -0.117951 
0.582237 -0.119962 
0.582491 -0.121940 
0.582789 -0.123888 
0.583129 -0.125804 
0.583513 -0.127688 
0.583939 -0.129540 
0.584409 -0.131361 
0.584923 -0.133149 
0.585480 -0.134905 
0.586081 -0.136628 
0.586725 -0.138320 
0.587414 -0.139978 
0.588146 -0.141604 
0.588921 -0.143198 
0.589741 -0.144759 
0.590604 -0.146286 
0.591511 -0.147781 
0.592461 -0.149243 
0.593454 -0.150672 
0.594491 -0.152068 
0.595571 -0.153431 
0.596694 -0.154761 
0.597859 -0.156057 
0.599067 -0.157321 
0.600317 -0.158551 
0.601610 -0.159748 
0.602944 -0.160911 
0.604319 -0.162042 
0.605735 -0.163139 
0.607193 -0.164202 
0.608691 -0.165233 
0.610228 -0.166230 
0.611806 -0.167193 
0.613423 -0.168124 
0.615079 -0.169020 
0.616774 -0.169884 
0.618506 -0.170714 
0.620277 -0.171511 
0.622084 -0.172275 
0.623929 -0.173005 
0.625809 -0.173702 
0.627726 -0.174365 
0.629678 -0.174995 
0.631665 -0.175592 
0.633686 -0.176156 
0.635740 -0.176686 
0.637828 -0.177183 
0.639949 -0.177647 
0.642102 -0.178078 
0.644287 -0.178475 
0.646502 -0.178840 
0.648748 -0.179171 
0.651024 -0.179469 
0.653330 -0.179735 
0.655664 -0.179967 
0.658026 -0.180166 
0.660416 -0.180332 
0.662833 -0.180466 
0.665276 -0.180567 
0.667745 -0.180635 
0.670238 -0.180670 
0.672757 -0.180673 
0.675299 -0.180643 
0.677865 -0.180580 
0.680453 -0.180485 
0.683063 -0.180358 
0.685695 -0.180198 
0.688347 -0.180007 
0.691019 -0.179783 
0.693711 -0.179527 
0.696422 -0.179239 
0.699151 -0.178919 
0.701897 -0.178567 
0.704661 -0.178184 
0.707441 -0.177769 
0.710236 -0.177323 
0.713046 -0.176845 
0.715871 -0.176336 
0.718709 -0.175796 
0.721561 -0.175225 
0.724425 -0.174624 
0.727301 -0.173991 
0.730188 -0.173328 
0.733086 -0.172634 
0.735993 -0.171910 
0.738910 -0.171156 
0.741835 -0.170372 
0.744769 -0.169558 
0.747710 -0.168714 
0.750657 -0.167841 
0.753611 -0.166938 
0.756570 -0.166007 
0.759535 -0.165046 
0.762503 -0.164056 
0.765475 -0.163038 
0.768451 -0.161991 
0.771428 -0.160916 
0.774408 -0.159813 
0.777389 -0.158682 
0.780370 -0.157523 
0.783351 -0.156337 
0.786332 -0.155123 
0.789312 -0.153883 
0.792290 -0.152616 
0.795265 -0.151322 
0.798238 -0.150001 
0.801207 -0.148655 
0.804172 -0.147283 
0.807132 -0.145884 
0.810087 -0.144461 
0.813036 -0.143012 
0.815979 -0.141539 
0.818915 -0.140040 
0.821843 -0.138517 
0.824763 -0.136970 
0.827675 -0.135399 
0.830577 -0.133804 
0.833470 -0.132186 
0.836352 -0.130545 
0.839224 -0.128881 
0.842084 -0.127194 
0.844932 -0.125485 
0.847768 -0.123754 
0.850591 -0.122001 
0.853400 -0.120226 
0.856195 -0.118430 
0.858976 -0.116614 
0.861742 -0.114776 
0.864493 -0.112918 
0.867227 -0.111041 
0.869945 -0.109143 
0.872646 -0.107226 
0.875329 -0.105290 
0.877995 -0.103335 
0.880642 -0.101361 
0.883270 -0.099369 
0.885879 -0.097359 
0.888468 -0.095331 
0.891037 -0.093286 
0.893585 -0.091224 
0.896112 -0.089145 
0.898617 -0.087050 
0.901100 -0.084938 
0.903561 -0.082811 
0.905999 -0.080668 
0.908414 -0.078510 
0.910805 -0.076337 
0.913171 -0.074150 
0.915513 -0.071948 
