0.839473 0.443851 
0.836811 0.451965 
0.834090 0.460008 
0.831311 0.467981 
0.828477 0.475881 
0.825591 0.483709 
0.822654 0.491464 
0.819669 0.499144 
0.816637 0.506749 
0.813561 0.514279 
0.810444 0.521733 
0.807287 0.529109 
0.804092 0.536408 
0.800862 0.543628 
0.797598 0.550770 
0.794303 0.557832 
0.790978 0.564815 
0.787626 0.571717 
0.784249 0.578538 
0.780848 0.585278 
0.777426 0.591937 
0.773984 0.598513 
0.770525 0.605007 
0.767049 0.611418 
0.763560 0.617746 
0.760058 0.623991 
0.756545 0.630152 
0.753024 0.636229 
0.749496 0.642222 
0.745962 0.648131 
0.742424 0.653956 
0.738884 0.659696 
0.735344 0.665351 
0.731804 0.670921 
0.728268 0.676406 
0.724735 0.681807 
0.721208 0.687122 
0.717687 0.692352 
0.714175 0.697498 
0.710673 0.702558 
0.707182 0.707533 
0.703704 0.712423 
0.700240 0.717228 
0.696790 0.721948 
0.693357 0.726583 
0.689942 0.731134 
0.686546 0.735600 
0.683169 0.739982 
0.679814 0.744279 
0.676481 0.748492 
0.673172 0.752621 
0.669888 0.756666 
0.666629 0.760627 
0.663396 0.764505 
0.660192 0.768300 
0.657016 0.772012 
0.653869 0.775641 
0.650754 0.779187 
0.647670 0.782651 
0.644618 0.786032 
0.641600 0.789332 
0.638616 0.792550 
0.635666 0.795687 
0.632753 0.798743 
0.629877 0.801718 
0.627037 0.804613 
0.624237 0.807427 
0.621475 0.810161 
0.618752 0.812816 
0.616070 0.815391 
0.613429 0.817887 
0.610830 0.820305 
0.608273 0.822644 
0.605759 0.824905 
0.603288 0.827088 
0.600862 0.829194 
0.598481 0.831222 
0.596144 0.833174 
0.593854 0.835048 
0.591610 0.836847 
0.589413 0.838570 
0.587263 0.840217 
0.585161 0.841789 
0.583108 0.843285 
0.581103 0.844707 
0.579148 0.846054 
0.577242 0.847328 
0.575386 0.848527 
0.573580 0.849653 
0.571826 0.850706 
0.570122 0.851685 
0.568470 0.852592 
0.566870 0.853427 
0.565323 0.854189 
0.563827 0.854879 
0.562385 0.855498 
0.560996 0.856045 
0.559660 0.856521 
0.558378 0.856926 
0.557150 0.857261 
0.555976 0.857525 
0.554856 0.857719 
0.553791 0.857843 
0.552781 0.857897 
0.551826 0.857881 
0.550927 0.857796 
0.550082 0.857641 
0.549294 0.857418 
0.548561 0.857125 
0.547884 0.856764 
0.547263 0.856334 
0.546698 0.855836 
0.546190 0.855269 
0.545738 0.854634 
0.545343 0.853931 
0.545004 0.853160 
0.544722 0.852321 
0.544497 0.851414 
0.544328 0.850438 
0.544217 0.849396 
0.544162 0.848285 
0.544164 0.847107 
0.544223 0.845860 
0.544339 0.844547 
0.544512 0.843165 
0.544742 0.841716 
0.545029 0.840198 
0.545373 0.838613 
0.545773 0.836960 
0.546231 0.835239 
0.546745 0.833450 
0.547315 0.831593 
0.547942 0.829667 
0.548625 0.827673 
0.549365 0.825611 
0.550160 0.823480 
0.551012 0.821280 
0.551919 0.819010 
0.552882 0.816672 
0.553900 0.814264 
0.554973 0.811787 
0.556102 0.809240 
0.557284 0.806622 
0.558522 0.803934 
0.559813 0.801176 
0.561159 0.798347 
0.562557 0.795446 
0.564009 0.792474 
0.565514 0.789430 
0.567071 0.786314 
0.568681 0.783125 
0.570342 0.779864 
0.572054 0.776529 
0.573816 0.773121 
0.575629 0.769639 
0.577492 0.766082 
0.579404 0.762451 
0.581365 0.758744 
0.583373 0.754962 
0.585429 0.751104 
0.587532 0.747169 
0.589681 0.743158 
0.591875 0.739069 
0.594114 0.734902 
0.596397 0.730657 
0.598723 0.726332 
0.601092 0.721929 
0.603501 0.717446 
0.605952 0.712882 
0.608441 0.708238 
0.610970 0.703513 
0.613536 0.698706 
0.616139 0.693816 
0.618777 0.688844 
0.621449 0.683788 
0.624155 0.678649 
0.626892 0.673426 
0.629661 0.668117 
0.632459 0.662724 
0.635284 0.657245 
0.638137 0.651679 
0.641015 0.646027 
0.643916 0.640288 
0.646840 0.634462 
0.649784 0.628547 
0.652747 0.622544 
0.655728 0.616453 
0.658724 0.610272 
0.661734 0.604001 
0.664756 0.597641 
0.667788 0.591190 
0.670827 0.584649 
0.673873 0.578017 
0.676923 0.571294 
0.679974 0.564480 
0.683026 0.557574 
0.686074 0.550576 
0.689118 0.543487 
0.692154 0.536305 
0.695181 0.529032 
0.698195 0.521666 
0.701195 0.514209 
0.704178 0.506659 
0.707140 0.499017 
0.710080 0.491283 
0.712995 0.483458 
0.715881 0.475541 
0.718736 0.467533 
0.721557 0.459433 
0.724341 0.451244 
0.727085 0.442963 
0.729786 0.434594 
0.732441 0.426134 
0.735046 0.417587 
0.737598 0.408951 
0.740095 0.400227 
0.742533 0.391417 
0.744908 0.382521 
0.747217 0.373540 
0.749457 0.364475 
0.751625 0.355327 
0.753716 0.346097 
0.755727 0.336786 
0.757656 0.327396 
0.759498 0.317927 
0.761250 0.308380 
0.762908 0.298758 
0.764469 0.289062 
0.765930 0.279294 
0.767287 0.269454 
0.768536 0.259545 
0.769675 0.249568 
0.770699 0.239525 
0.771605 0.229419 
0.772390 0.219251 
0.773051 0.209023 
0.773585 0.198737 
0.773988 0.188397 
0.774257 0.178003 
0.774389 0.167558 
0.774381 0.157065 
0.774232 0.146527 
0.773936 0.135946 
0.773493 0.125324 
0.772899 0.114665 
0.772153 0.103972 
0.771252 0.093247 
0.770193 0.082493 
0.768975 0.071714 
0.767596 0.060913 
0.766054 0.050094 
0.764348 0.039259 
0.762477 0.028412 
0.760438 0.017557 
0.758232 0.006698 
0.755858 -0.004162 
0.753314 -0.015019 
0.750601 -0.025869 
0.747718 -0.036708 
0.744665 -0.047531 
0.741443 -0.058335 
0.738052 -0.069115 
0.734492 -0.079866 
0.730765 -0.090586 
0.726872 -0.101268 
0.722815 -0.111908 
0.718593 -0.122503 
0.714211 -0.133046 
0.709670 -0.143534 
0.704971 -0.153961 
0.700118 -0.164323 
0.695114 -0.174615 
0.689962 -0.184833 
0.684664 -0.194970 
0.679225 -0.205024 
0.673649 -0.214988 
0.667939 -0.224858 
0.662099 -0.234629 
0.656135 -0.244297 
0.650051 -0.253856 
0.643852 -0.263304 
0.637543 -0.272634 
0.631129 -0.281842 
0.624616 -0.290926 
0.618011 -0.299879 
0.611318 -0.308698 
0.604544 -0.317380 
0.597696 -0.325920 
0.590779 -0.334316 
0.583801 -0.342563 
0.576768 -0.350659 
0.569687 -0.358601 
0.562566 -0.366385 
0.555410 -0.374010 
0.548229 -0.381474 
0.541027 -0.388773 
0.533814 -0.395907 
0.526597 -0.402873 
0.519383 -0.409671 
0.512179 -0.416299 
0.504993 -0.422756 
0.497832 -0.429043 
0.490704 -0.435158 
0.483617 -0.441102 
0.476577 -0.446875 
0.469593 -0.452476 
0.462671 -0.457908 
0.455818 -0.463171 
0.449043 -0.468265 
0.442351 -0.473193 
0.435749 -0.477956 
0.429245 -0.482556 
0.422846 -0.486994 
0.416557 -0.491273 
0.410384 -0.495395 
0.404335 -0.499363 
0.398416 -0.503179 
0.392631 -0.506846 
0.386988 -0.510367 
0.381490 -0.513745 
0.376145 -0.516982 
0.370956 -0.520083 
0.365929 -0.523050 
0.361069 -0.525886 
0.356380 -0.528594 
0.351866 -0.531178 
0.347532 -0.533641 
0.343381 -0.535987 
0.339418 -0.538217 
0.335645 -0.540336 
0.332066 -0.542347 
0.328684 -0.544252 
0.325502 -0.546053 
0.322523 -0.547755 
0.319748 -0.549360 
0.317181 -0.550870 
0.314824 -0.552287 
0.312677 -0.553614 
0.310743 -0.554853 
0.309023 -0.556005 
0.307518 -0.557073 
0.306229 -0.558058 
0.305158 -0.558962 
0.304304 -0.559785 
0.303669 -0.560529 
0.303252 -0.561194 
0.303053 -0.561782 
0.303072 -0.562292 
0.303310 -0.562725 
0.303764 -0.563081 
0.304436 -0.563360 
0.305323 -0.563562 
0.306425 -0.563685 
0.307741 -0.563730 
0.309268 -0.563696 
0.311007 -0.563581 
0.312954 -0.563385 
0.315108 -0.563106 
0.317467 -0.562743 
0.320028 -0.562294 
0.322791 -0.561757 
0.325750 -0.561131 
0.328905 -0.560414 
0.332253 -0.559604 
0.335789 -0.558698 
0.339512 -0.557695 
0.343418 -0.556592 
0.347504 -0.555386 
0.351766 -0.554076 
0.356200 -0.552660 
0.360802 -0.551134 
0.365570 -0.549496 
0.370498 -0.547744 
0.375583 -0.545875 
0.380820 -0.543887 
0.386205 -0.541778 
0.391734 -0.539545 
0.397401 -0.537187 
0.403203 -0.534700 
0.409134 -0.532082 
0.415190 -0.529333 
0.421366 -0.526449 
0.427656 -0.523428 
0.434056 -0.520270 
0.440560 -0.516972 
0.447163 -0.513533 
0.453861 -0.509951 
0.460646 -0.506225 
0.467515 -0.502355 
0.474462 -0.498338 
0.481481 -0.494175 
0.488567 -0.489864 
0.495714 -0.485405 
0.502917 -0.480797 
0.510170 -0.476041 
0.517468 -0.471136 
0.524805 -0.466083 
0.532176 -0.460881 
0.539574 -0.455531 
0.546996 -0.450033 
0.554434 -0.444389 
0.561884 -0.438600 
0.569340 -0.432665 
0.576796 -0.426587 
0.584249 -0.420367 
0.591691 -0.414006 
0.599119 -0.407506 
0.606526 -0.400868 
0.613908 -0.394096 
0.621259 -0.387189 
0.628576 -0.380152 
0.635852 -0.372986 
0.643084 -0.365692 
0.650265 -0.358275 
0.657393 -0.350736 
0.664462 -0.343078 
0.671468 -0.335304 
0.678407 -0.327417 
0.685274 -0.319419 
0.692066 -0.311313 
0.698778 -0.303103 
0.705406 -0.294791 
0.711947 -0.286381 
0.718398 -0.277875 
0.724754 -0.269278 
0.731013 -0.260591 
0.737170 -0.251819 
0.743223 -0.242965 
0.749170 -0.234031 
0.755006 -0.225021 
0.760729 -0.215939 
0.766337 -0.206787 
0.771827 -0.197568 
0.777196 -0.188287 
0.782443 -0.178946 
0.787564 -0.169549 
0.792559 -0.160098 
0.797425 -0.150596 
0.802160 -0.141047 
0.806763 -0.131454 
0.811233 -0.121819 
0.815567 -0.112147 
0.819764 -0.102439 
0.823824 -0.092698 
0.827744 -0.082928 
0.831526 -0.073131 
0.835166 -0.063309 
0.838666 -0.053466 
0.842023 -0.043605 
0.845238 -0.033727 
0.848311 -0.023836 
0.851241 -0.013933 
0.854027 -0.004021 
0.856671 0.005896 
0.859172 0.015818 
0.861530 0.025742 
0.863746 0.035665 
0.865819 0.045585 
0.867751 0.055500 
0.869543 0.065408 
0.871194 0.075308 
0.872705 0.085195 
0.874079 0.095070 
0.875315 0.104930 
0.876414 0.114772 
0.877378 0.124596 
0.878208 0.134398 
0.878906 0.144178 
0.879472 0.153934 
0.879908 0.163663 
0.880216 0.173365 
0.880397 0.183036 
0.880454 0.192677 
0.880387 0.202284 
0.880199 0.211857 
0.879891 0.221393 
0.879465 0.230892 
0.878923 0.240351 
0.878268 0.249769 
0.877501 0.259145 
0.876624 0.268478 
0.875640 0.277764 
0.874550 0.287005 
0.873357 0.296197 
0.872063 0.305339 
0.870670 0.314431 
0.869181 0.323470 
0.867597 0.332456 
0.865921 0.341387 
0.864155 0.350262 
0.862302 0.359079 
0.860364 0.367838 
0.858343 0.376538 
0.856241 0.385177 
0.854061 0.393753 
0.851806 0.402267 
0.849477 0.410716 
0.847077 0.419100 
0.844608 0.427418 
0.842072 0.435669 
