0.827873 0.879836 
0.809756 0.828092 
0.784665 0.783371 
0.752367 0.746299 
0.712829 0.716935 
0.666406 0.695021 
0.614036 0.680191 
0.557355 0.672118 
0.498645 0.670590 
0.440546 0.675537 
0.385623 0.687024 
0.335951 0.705210 
0.292897 0.730276 
0.257131 0.762328 
0.228798 0.801251 
0.207735 0.846549 
0.193659 0.897183 
0.186303 0.951509 
0.185484 1.007358 
0.191132 1.062309 
0.203276 1.114058 
0.222004 1.160757 
0.247392 1.201177 
0.279402 1.234692 
0.317760 1.261132 
0.361821 1.280604 
0.410456 1.293324 
0.462037 1.299515 
0.514548 1.299335 
0.565827 1.292870 
0.613880 1.280138 
0.657120 1.261139 
0.694497 1.235918 
0.725458 1.204649 
0.749837 1.167745 
0.767702 1.125941 
0.779231 1.080366 
0.784619 1.032523 
0.784033 0.984174 
0.777596 0.937142 
0.765402 0.893089 
0.747549 0.853327 
0.724194 0.818751 
0.695612 0.789849 
0.662260 0.766793 
0.624841 0.749546 
0.584322 0.737957 
0.541913 0.731830 
0.498989 0.730967 
0.456955 0.735181 
0.417106 0.744296 
0.380507 0.758123 
0.347929 0.776436 
0.319842 0.798938 
0.296461 0.825233 
0.277806 0.854801 
0.263768 0.886986 
0.254164 0.921010 
0.248772 0.956003 
0.247359 0.991060 
0.249682 1.025310 
0.255496 1.057973 
0.264545 1.088415 
0.276557 1.116170 
0.291235 1.140942 
0.308253 1.162589 
0.327254 1.181094 
0.347850 1.196538 
0.369631 1.209067 
0.392178 1.218872 
0.415072 1.226171 
0.437912 1.231194 
0.460334 1.234179 
0.482016 1.235365 
0.502695 1.234988 
0.522164 1.233280 
0.540276 1.230469 
0.556937 1.226776 
0.572105 1.222411 
0.585775 1.217578 
0.597973 1.212468 
0.608752 1.207258 
0.618177 1.202115 
0.626321 1.197187 
0.633265 1.192607 
0.639083 1.188493 
0.643846 1.184945 
0.647619 1.182044 
0.650451 1.179859 
0.652384 1.178439 
0.653444 1.177816 
0.653643 1.178008 
0.652981 1.179015 
0.651440 1.180822 
0.648990 1.183398 
0.645587 1.186693 
0.641176 1.190643 
0.635690 1.195165 
0.629054 1.200161 
0.621188 1.205512 
0.612010 1.211087 
0.601440 1.216738 
0.589408 1.222300 
0.575858 1.227596 
0.560755 1.232438 
0.544100 1.236626 
0.525928 1.239952 
0.506326 1.242202 
0.485434 1.243152 
0.463453 1.242578 
0.440642 1.240248 
0.417317 1.235929 
0.393841 1.229388 
0.370613 1.220393 
0.348049 1.208724 
0.326570 1.194177 
0.306581 1.176585 
0.288467 1.155833 
0.272579 1.131890 
0.259235 1.104839 
0.248717 1.074901 
0.241286 1.042467 
0.237179 1.008100 
0.236626 0.972522 
0.239852 0.936575 
0.247086 0.901159 
0.258554 0.867166 
0.274470 0.835415 
0.295008 0.806607 
0.320258 0.781307 
0.350171 0.759942 
0.384488 0.742822 
0.422683 0.730172 
0.463923 0.722162 
0.507092 0.718938 
0.550863 0.720652 
0.593831 0.727475 
0.634661 0.739598 
0.672208 0.757225 
0.705588 0.780523 
0.734185 0.809560 
0.757622 0.844211 
0.775695 0.884048 
0.788309 0.928254 
0.795418 0.975592 
0.796973 1.024471 
0.792887 1.073109 
0.783024 1.119762 
0.767197 1.162922 
0.745205 1.201448 
0.716904 1.234592 
0.682311 1.261949 
0.641737 1.283365 
0.595922 1.298834 
0.546108 1.308417 
0.494008 1.312168 
0.441629 1.310092 
0.390997 1.302115 
0.343885 1.288082 
0.301627 1.267782 
0.265072 1.241010 
0.234637 1.207667 
0.210431 1.167903 
0.192372 1.122269 
0.180301 1.071848 
0.174059 1.018269 
0.173546 0.963578 
0.178749 0.909955 
0.189761 0.859395 
0.206766 0.813455 
0.229999 0.773151 
0.259667 0.738996 
0.295837 0.711115 
0.338282 0.689394 
0.386322 0.673597 
0.438730 0.663468 
0.493741 0.658791 
0.549247 0.659432 
0.603098 0.665365 
0.653426 0.676670 
0.698854 0.693525 
0.738560 0.716167 
0.772204 0.744824 
0.799796 0.779617 
0.821558 0.820430 
0.837805 0.866764 
0.848860 0.917627 
0.855003 0.971522 
0.856435 1.026565 
0.853263 1.080742 
0.845487 1.132204 
0.833013 1.179501 
0.815666 1.221691 
0.793225 1.258314 
0.765477 1.289292 
0.732295 1.314800 
0.693741 1.335150 
0.650173 1.350705 
0.602333 1.361815 
0.551386 1.368787 
0.498839 1.371858 
0.446383 1.371189 
0.395660 1.366856 
0.348055 1.358859 
0.304567 1.347122 
0.265783 1.331513 
0.231923 1.311859 
0.202937 1.287986 
0.178602 1.259755 
0.158598 1.227123 
0.142577 1.190208 
0.130198 1.149355 
0.121152 1.105179 
0.115178 1.058570 
0.112067 1.010648 
0.111666 0.962650 
0.113873 0.915798 
0.118642 0.871158 
0.125972 0.829558 
0.135905 0.791544 
0.148516 0.757394 
0.163908 0.727171 
0.182193 0.700774 
0.203479 0.677999 
0.227848 0.658588 
0.255328 0.642258 
0.285872 0.628733 
0.319318 0.617751 
0.355379 0.609078 
0.393619 0.602509 
0.433470 0.597872 
0.474254 0.595023 
0.515233 0.593851 
0.555668 0.594269 
0.594880 0.596220 
0.632297 0.599669 
0.667480 0.604603 
0.700136 0.611029 
0.730104 0.618970 
0.757336 0.628467 
0.781875 0.639568 
0.803823 0.652333 
0.823327 0.666824 
0.840552 0.683104 
0.855677 0.701228 
0.868874 0.721238 
0.880313 0.743154 
0.890148 0.766968 
0.898524 0.792631 
0.905567 0.820048 
0.911391 0.849071 
0.916094 0.879495 
0.919760 0.911063 
0.922462 0.943468 
0.924258 0.976366 
0.925197 1.009396 
0.925316 1.042193 
0.924641 1.074408 
0.923191 1.105729 
0.920973 1.135886 
0.917987 1.164665 
0.914224 1.191906 
0.909669 1.217504 
0.904297 1.241403 
0.898077 1.263586 
0.890971 1.284073 
0.882932 1.302908 
0.873911 1.320155 
0.863849 1.335890 
0.852684 1.350197 
0.840351 1.363162 
0.826781 1.374873 
0.811904 1.385416 
0.795655 1.394872 
0.777971 1.403318 
0.758800 1.410827 
0.738104 1.417464 
0.715866 1.423290 
0.692092 1.428359 
0.666822 1.432719 
0.640132 1.436414 
0.612140 1.439479 
0.583009 1.441947 
0.552942 1.443844 
0.522184 1.445192 
0.491010 1.446005 
0.459713 1.446296 
0.428596 1.446071 
0.397954 1.445329 
0.368061 1.444067 
0.339161 1.442276 
0.311458 1.439940 
0.285113 1.437038 
0.260244 1.433544 
0.236926 1.429426 
0.215196 1.424644 
0.195057 1.419152 
0.176487 1.412898 
0.159442 1.405821 
0.143862 1.397854 
0.129676 1.388923 
0.116807 1.378944 
0.105174 1.367828 
0.094694 1.355478 
0.085285 1.341796 
0.076870 1.326676 
0.069372 1.310015 
0.062719 1.291713 
0.056844 1.271683 
0.051686 1.249850 
0.047186 1.226168 
0.043292 1.200623 
0.039955 1.173248 
0.037132 1.144130 
0.034784 1.113417 
0.032877 1.081323 
0.031378 1.048130 
0.030261 1.014174 
0.029502 0.979836 
0.029081 0.945518 
0.028980 0.911624 
0.029186 0.878536 
0.029687 0.846591 
0.030475 0.816069 
0.031543 0.787186 
0.032887 0.760091 
0.034505 0.734870 
0.036396 0.711552 
0.038563 0.690122 
0.041007 0.670527 
0.043733 0.652690 
0.046747 0.636513 
0.050054 0.621888 
0.053662 0.608703 
0.057577 0.596844 
0.061807 0.586198 
0.066359 0.576657 
0.071241 0.568119 
0.076459 0.560488 
0.082019 0.553675 
0.087924 0.547597 
0.094178 0.542180 
0.100783 0.537355 
0.107735 0.533060 
0.115033 0.529238 
0.122668 0.525839 
0.130632 0.522816 
0.138911 0.520128 
0.147488 0.517739 
0.156342 0.515615 
0.165450 0.513727 
0.174782 0.512048 
0.184307 0.510555 
0.193987 0.509227 
0.203785 0.508045 
0.213655 0.506993 
0.223554 0.506057 
0.233433 0.505223 
0.243243 0.504481 
0.252931 0.503821 
0.262448 0.503234 
0.271740 0.502712 
0.280757 0.502250 
0.289448 0.501842 
0.297765 0.501483 
0.305661 0.501169 
0.313091 0.500898 
0.320013 0.500665 
0.326389 0.500470 
0.332182 0.500311 
0.337360 0.500185 
0.341891 0.500092 
0.345750 0.500031 
0.348913 0.500003 
0.351360 0.500006 
0.353071 0.500040 
0.354034 0.500106 
0.354236 0.500205 
0.353669 0.500337 
0.352327 0.500502 
0.350210 0.500703 
0.347317 0.500940 
0.343656 0.501215 
0.339234 0.501530 
0.334065 0.501888 
0.328168 0.502293 
0.321565 0.502748 
0.314284 0.503258 
0.306358 0.503828 
0.297827 0.504467 
0.288734 0.505181 
0.279130 0.505981 
0.269068 0.506878 
0.258608 0.507888 
0.247815 0.509025 
0.236755 0.510310 
0.225498 0.511765 
0.214116 0.513418 
0.202679 0.515301 
0.191260 0.517451 
0.179926 0.519912 
0.168746 0.522737 
0.157780 0.525984 
0.147087 0.529727 
0.136720 0.534047 
0.126725 0.539043 
0.117142 0.544829 
0.108007 0.551538 
0.099347 0.559326 
0.091187 0.568372 
0.083543 0.578886 
0.076431 0.591108 
0.069861 0.605310 
0.063842 0.621798 
0.058379 0.640907 
0.053482 0.662995 
0.049158 0.688428 
0.045419 0.717546 
0.042283 0.750631 
0.039772 0.787842 
0.037922 0.829151 
0.036776 0.874261 
0.036395 0.922562 
0.036860 0.973109 
0.038274 1.024687 
0.040769 1.075935 
0.044511 1.125514 
0.049708 1.172274 
0.056616 1.215358 
0.065548 1.254247 
0.076885 1.288728 
0.091077 1.318831 
0.108656 1.344751 
0.130224 1.366775 
0.156442 1.385228 
0.187983 1.400431 
0.225450 1.412670 
0.269249 1.422185 
0.319402 1.429153 
0.375346 1.433680 
0.435785 1.435799 
0.498701 1.435456 
0.561612 1.432507 
0.622004 1.426711 
0.677789 1.417722 
0.727583 1.405081 
0.770745 1.388216 
0.807231 1.366444 
0.837381 1.339007 
0.861722 1.305129 
0.880821 1.264150 
0.895197 1.215719 
0.905263 1.160067 
0.911296 1.098277 
0.913429 1.032407 
0.911639 0.965317 
0.905743 0.900157 
0.895404 0.839713 
0.880134 0.785925 
0.859307 0.739754 
0.832206 0.701351 
0.798098 0.670350 
0.756381 0.646146 
0.706817 0.628098 
0.649827 0.615652 
0.586765 0.608410 
0.520012 0.606157 
0.452708 0.608874 
0.388148 0.616735 
0.329097 0.630093 
0.277351 0.649454 
0.233692 0.675429 
0.198126 0.708645 
0.170211 0.749593 
0.149337 0.798402 
0.134914 0.854548 
0.126487 0.916596 
0.123785 0.982139 
0.126743 1.048065 
0.135498 1.111144 
0.150360 1.168682 
0.171776 1.218925 
0.200257 1.261092 
0.236256 1.295143 
0.279988 1.321460 
0.331182 1.340585 
0.388825 1.353024 
0.451009 1.359155 
0.515025 1.359167 
0.577782 1.353057 
0.636400 1.340645 
0.688714 1.321611 
0.733477 1.295567 
0.770258 1.262163 
0.799178 1.221245 
0.820631 1.173076 
0.835071 1.118554 
0.842873 1.059374 
0.844265 0.997969 
0.839300 0.937199 
