0.798812 0.416612 
0.799575 0.419144 
0.800306 0.421684 
0.801006 0.424230 
0.801675 0.426782 
0.802312 0.429339 
0.802918 0.431903 
0.803491 0.434471 
0.804032 0.437043 
0.804542 0.439620 
0.805019 0.442201 
0.805464 0.444786 
0.805877 0.447373 
0.806257 0.449963 
0.806604 0.452556 
0.806919 0.455151 
0.807202 0.457748 
0.807452 0.460346 
0.807669 0.462945 
0.807853 0.465544 
0.808004 0.468144 
0.808123 0.470744 
0.808209 0.473343 
0.808261 0.475942 
0.808281 0.478539 
0.808269 0.481135 
0.808223 0.483729 
0.808144 0.486320 
0.808033 0.488909 
0.807888 0.491496 
0.807711 0.494078 
0.807502 0.496657 
0.807259 0.499232 
0.806984 0.501803 
0.806676 0.504369 
0.806336 0.506930 
0.805963 0.509485 
0.805558 0.512035 
0.805120 0.514578 
0.804650 0.517115 
0.804149 0.519646 
0.803615 0.522169 
0.803049 0.524684 
0.802451 0.527192 
0.801822 0.529691 
0.801161 0.532182 
0.800468 0.534664 
0.799745 0.537137 
0.798990 0.539600 
0.798204 0.542053 
0.797387 0.544496 
0.796540 0.546929 
0.795662 0.549351 
0.794753 0.551761 
0.793815 0.554160 
0.792846 0.556547 
0.791847 0.558922 
0.790819 0.561284 
0.789762 0.563633 
0.788675 0.565970 
0.787559 0.568292 
0.786414 0.570601 
0.785241 0.572896 
0.784040 0.575177 
0.782810 0.577442 
0.781552 0.579693 
0.780267 0.581929 
0.778954 0.584148 
0.777614 0.586352 
0.776247 0.588539 
0.774853 0.590710 
0.773433 0.592864 
0.771987 0.595001 
0.770515 0.597121 
0.769018 0.599223 
0.767495 0.601306 
0.765947 0.603372 
0.764374 0.605419 
0.762777 0.607446 
0.761156 0.609455 
0.759511 0.611445 
0.757843 0.613414 
0.756151 0.615364 
0.754436 0.617294 
0.752699 0.619203 
0.750940 0.621091 
0.749158 0.622958 
0.747355 0.624804 
0.745531 0.626628 
0.743686 0.628431 
0.741821 0.630211 
0.739935 0.631970 
0.738029 0.633705 
0.736104 0.635418 
0.734159 0.637108 
0.732196 0.638774 
0.730214 0.640417 
0.728214 0.642037 
0.726197 0.643632 
0.724162 0.645203 
0.722110 0.646750 
0.720042 0.648272 
0.717957 0.649769 
0.715857 0.651241 
0.713741 0.652687 
0.711610 0.654109 
0.709464 0.655504 
0.707304 0.656874 
0.705130 0.658217 
0.702943 0.659534 
0.700743 0.660825 
0.698529 0.662088 
0.696304 0.663325 
0.694067 0.664535 
0.691818 0.665718 
0.689558 0.666873 
0.687287 0.668000 
0.685007 0.669099 
0.682716 0.670171 
0.680416 0.671214 
0.678107 0.672230 
0.675789 0.673216 
0.673463 0.674174 
0.671129 0.675103 
0.668788 0.676003 
0.666440 0.676874 
0.664085 0.677716 
0.661724 0.678528 
0.659358 0.679311 
0.656986 0.680064 
0.654609 0.680788 
0.652228 0.681481 
0.649843 0.682145 
0.647454 0.682778 
0.645062 0.683381 
0.642668 0.683953 
0.640271 0.684495 
0.637872 0.685006 
0.635471 0.685487 
0.633069 0.685936 
0.630667 0.686355 
0.628265 0.686743 
0.625862 0.687099 
0.623460 0.687425 
0.621059 0.687719 
0.618660 0.687982 
0.616262 0.688213 
0.613867 0.688413 
0.611474 0.688581 
0.609084 0.688717 
0.606698 0.688822 
0.604315 0.688895 
0.601937 0.688937 
0.599563 0.688946 
0.597194 0.688924 
0.594831 0.688869 
0.592473 0.688783 
0.590122 0.688665 
0.587778 0.688515 
0.585440 0.688332 
0.583110 0.688118 
0.580787 0.687871 
0.578473 0.687593 
0.576167 0.687282 
0.573870 0.686940 
0.571583 0.686565 
0.569305 0.686158 
0.567037 0.685720 
0.564780 0.685249 
0.562533 0.684746 
0.560297 0.684211 
0.558073 0.683645 
0.555861 0.683046 
0.553661 0.682416 
0.551473 0.681754 
0.549298 0.681060 
0.547137 0.680334 
0.544989 0.679577 
0.542855 0.678788 
0.540735 0.677968 
0.538630 0.677116 
0.536539 0.676233 
0.534464 0.675318 
0.532404 0.674373 
0.530360 0.673396 
0.528332 0.672389 
0.526321 0.671350 
0.524326 0.670281 
0.522349 0.669181 
0.520388 0.668051 
0.518446 0.666890 
0.516521 0.665699 
0.514615 0.664478 
0.512727 0.663227 
0.510857 0.661946 
0.509007 0.660635 
0.507176 0.659294 
0.505364 0.657925 
0.503573 0.656525 
0.501801 0.655097 
0.500050 0.653640 
0.498319 0.652154 
0.496609 0.650640 
0.494920 0.649097 
0.493252 0.647526 
0.491606 0.645927 
0.489981 0.644300 
0.488378 0.642645 
0.486798 0.640963 
0.485240 0.639254 
0.483704 0.637518 
0.482191 0.635755 
0.480701 0.633966 
0.479234 0.632150 
0.477790 0.630308 
0.476370 0.628440 
0.474973 0.626547 
0.473600 0.624628 
0.472251 0.622684 
0.470927 0.620715 
0.469626 0.618722 
0.468350 0.616704 
0.467099 0.614662 
0.465872 0.612597 
0.464670 0.610507 
0.463493 0.608395 
0.462341 0.606259 
0.461214 0.604101 
0.460113 0.601920 
0.459037 0.599717 
0.457987 0.597493 
0.456962 0.595247 
0.455963 0.592979 
0.454990 0.590691 
0.454042 0.588382 
0.453121 0.586053 
0.452226 0.583703 
0.451356 0.581334 
0.450513 0.578946 
0.449696 0.576539 
0.448906 0.574113 
0.448141 0.571669 
0.447403 0.569207 
0.446692 0.566727 
0.446006 0.564230 
0.445347 0.561716 
0.444715 0.559185 
0.444109 0.556638 
0.443530 0.554076 
0.442977 0.551498 
0.442450 0.548904 
0.441950 0.546296 
0.441477 0.543674 
0.441029 0.541038 
0.440609 0.538388 
0.440214 0.535725 
0.439846 0.533050 
0.439504 0.530361 
0.439189 0.527661 
0.438900 0.524950 
0.438637 0.522227 
0.438400 0.519493 
0.438189 0.516750 
0.438004 0.513996 
0.437845 0.511233 
0.437712 0.508461 
0.437604 0.505680 
0.437523 0.502891 
0.437467 0.500094 
0.437436 0.497291 
0.437431 0.494480 
0.437452 0.491663 
0.437497 0.488840 
0.437568 0.486012 
0.437664 0.483179 
0.437785 0.480341 
0.437930 0.477500 
0.438100 0.474655 
0.438295 0.471807 
0.438515 0.468956 
0.438758 0.466104 
0.439026 0.463249 
0.439319 0.460394 
0.439635 0.457539 
0.439975 0.454683 
0.440339 0.451828 
0.440726 0.448974 
0.441137 0.446122 
0.441571 0.443271 
0.442029 0.440424 
0.442509 0.437579 
0.443013 0.434738 
0.443540 0.431902 
0.444089 0.429070 
0.444661 0.426244 
0.445255 0.423423 
0.445872 0.420609 
0.446510 0.417802 
0.447171 0.415002 
0.447854 0.412211 
0.448559 0.409428 
0.449285 0.406655 
0.450033 0.403891 
0.450803 0.401138 
0.451594 0.398396 
0.452406 0.395665 
0.453239 0.392947 
0.454093 0.390241 
0.454968 0.387548 
0.455864 0.384869 
0.456781 0.382205 
0.457718 0.379555 
0.458676 0.376921 
0.459654 0.374303 
0.460653 0.371702 
0.461672 0.369118 
0.462711 0.366552 
0.463769 0.364004 
0.464848 0.361475 
0.465947 0.358965 
0.467066 0.356476 
0.468204 0.354007 
0.469362 0.351559 
0.470540 0.349133 
0.471737 0.346729 
0.472954 0.344347 
0.474190 0.341989 
0.475445 0.339655 
0.476720 0.337344 
0.478014 0.335059 
0.479327 0.332798 
0.480659 0.330564 
0.482010 0.328356 
0.483380 0.326174 
0.484769 0.324019 
0.486177 0.321892 
0.487604 0.319793 
0.489050 0.317723 
0.490514 0.315681 
0.491997 0.313669 
0.493498 0.311686 
0.495018 0.309734 
0.496556 0.307812 
0.498113 0.305921 
0.499688 0.304061 
0.501281 0.302233 
0.502892 0.300436 
0.504522 0.298672 
0.506169 0.296941 
0.507834 0.295243 
0.509517 0.293578 
0.511218 0.291946 
0.512936 0.290348 
0.514672 0.288785 
0.516426 0.287255 
0.518196 0.285761 
0.519984 0.284301 
0.521788 0.282876 
0.523610 0.281487 
0.525448 0.280133 
0.527303 0.278814 
0.529174 0.277532 
0.531062 0.276286 
0.532965 0.275076 
0.534885 0.273902 
0.536820 0.272765 
0.538771 0.271664 
0.540737 0.270600 
0.542719 0.269574 
0.544715 0.268584 
0.546726 0.267631 
0.548752 0.266716 
0.550792 0.265837 
0.552846 0.264996 
0.554914 0.264193 
0.556995 0.263427 
0.559090 0.262698 
0.561198 0.262007 
0.563318 0.261353 
0.565451 0.260737 
0.567596 0.260158 
0.569753 0.259617 
0.571922 0.259114 
0.574102 0.258648 
0.576293 0.258219 
0.578495 0.257828 
0.580707 0.257474 
0.582929 0.257158 
0.585161 0.256879 
0.587402 0.256637 
0.589652 0.256433 
0.591910 0.256266 
0.594177 0.256135 
0.596452 0.256042 
0.598734 0.255985 
0.601024 0.255965 
0.603320 0.255982 
0.605622 0.256036 
0.607931 0.256126 
0.610245 0.256252 
0.612565 0.256414 
0.614889 0.256613 
0.617217 0.256847 
0.619550 0.257117 
0.621886 0.257423 
0.624225 0.257764 
0.626567 0.258141 
0.628912 0.258553 
0.631258 0.258999 
0.633606 0.259481 
0.635955 0.259997 
0.638304 0.260548 
0.640654 0.261133 
0.643003 0.261752 
0.645352 0.262405 
0.647699 0.263092 
0.650045 0.263812 
0.652389 0.264566 
0.654731 0.265352 
0.657070 0.266172 
0.659405 0.267024 
0.661736 0.267909 
0.664064 0.268826 
0.666386 0.269775 
0.668704 0.270756 
0.671016 0.271768 
0.673322 0.272811 
0.675622 0.273886 
0.677914 0.274992 
0.680200 0.276128 
0.682478 0.277294 
0.684747 0.278490 
0.687008 0.279717 
0.689260 0.280972 
0.691502 0.282258 
0.693734 0.283572 
0.695956 0.284915 
0.698167 0.286286 
0.700367 0.287686 
0.702555 0.289113 
0.704731 0.290568 
0.706894 0.292051 
0.709045 0.293561 
0.711182 0.295097 
0.713305 0.296660 
0.715415 0.298249 
0.717509 0.299864 
0.719589 0.301505 
0.721653 0.303171 
0.723701 0.304862 
0.725733 0.306578 
0.727748 0.308318 
0.729746 0.310082 
0.731727 0.311870 
0.733690 0.313682 
0.735634 0.315516 
0.737560 0.317374 
0.739467 0.319254 
0.741355 0.321156 
0.743223 0.323080 
0.745071 0.325026 
0.746898 0.326992 
0.748705 0.328980 
0.750490 0.330989 
0.752254 0.333017 
0.753996 0.335066 
0.755715 0.337134 
0.757412 0.339221 
0.759086 0.341327 
0.760737 0.343452 
0.762365 0.345594 
0.763968 0.347755 
0.765547 0.349933 
0.767102 0.352129 
0.768632 0.354341 
0.770137 0.356570 
0.771616 0.358815 
0.773070 0.361075 
0.774497 0.363352 
0.775899 0.365643 
0.777273 0.367949 
0.778621 0.370269 
0.779942 0.372603 
0.781235 0.374951 
0.782501 0.377313 
0.783739 0.379687 
0.784949 0.382074 
0.786130 0.384473 
0.787283 0.386884 
0.788407 0.389306 
0.789502 0.391740 
0.790568 0.394185 
0.791605 0.396640 
0.792611 0.399105 
0.793588 0.401579 
0.794535 0.404063 
0.795451 0.406557 
0.796338 0.409058 
0.797193 0.411568 
0.798018 0.414086 
