0.869452 0.078125 
0.868622 0.062500 

0.869918 0.093750 
0.869486 0.078125 

0.014970 -0.156250 
0.015625 -0.155770 

0.594089 -0.187500 
0.609375 -0.186512 

0.625000 -0.184290 
0.609375 -0.186484 

0.352404 -0.140625 
0.357891 -0.156250 

0.348063 -0.125000 
0.352290 -0.140625 

0.845432 -0.078125 
0.843750 -0.084424 

0.849801 -0.062500 
0.845594 -0.078125 

0.692722 -0.250000 
0.687500 -0.251627 

0.125166 -0.296875 
0.125000 -0.296991 

0.125126 -0.296875 
0.125054 -0.281250 

0.856834 -0.031250 
0.859375 -0.016299 

0.860035 -0.015625 
0.859375 -0.020291 

0.862380 0.000000 
0.860061 -0.015625 

0.593750 -0.268357 
0.609375 -0.268342 

0.609375 -0.268468 
0.625000 -0.267381 

0.453125 -0.246311 
0.437500 -0.238956 

0.462664 -0.250000 
0.453125 -0.246553 

0.344072 -0.093750 
0.344126 -0.078125 

0.344128 -0.078125 
0.345370 -0.062500 

0.811203 -0.156250 
0.812500 -0.153907 

0.398577 -0.031250 
0.406250 -0.038202 

0.701421 -0.156250 
0.687500 -0.163386 

0.429073 -0.093750 
0.423498 -0.078125 

0.419289 -0.062500 
0.421875 -0.071768 

0.423534 -0.078125 
0.421875 -0.071867 

0.030676 -0.171875 
0.031250 -0.172022 

0.015404 -0.156250 
0.015625 -0.158418 

0.030497 -0.171875 
0.031250 -0.168377 

0.000000 0.078121 
0.015625 0.078121 

0.001212 0.093750 
0.000000 0.092509 

0.640625 -0.180974 
0.625000 -0.184284 

0.656250 -0.176532 
0.640625 -0.181004 

0.701367 -0.156250 
0.703125 -0.155307 

0.718750 -0.144509 
0.703125 -0.154743 

-0.282480 0.406250 
-0.281250 0.407480 

0.869408 0.125000 
0.868640 0.140625 

0.868713 0.140625 
0.867479 0.156250 

0.754825 -0.109375 
0.750000 -0.114993 

0.755181 -0.109375 
0.765625 -0.095021 

0.766627 -0.093750 
0.765625 -0.095156 

0.531250 -0.179527 
0.546875 -0.183595 

0.546875 -0.183596 
0.562500 -0.186155 

0.125001 -0.500000 
0.125000 -0.499999 

0.853572 -0.046875 
0.849841 -0.062500 

0.856788 -0.031250 
0.853532 -0.046875 

0.867509 0.156250 
0.865600 0.171875 

0.865320 0.171875 
0.863235 0.187500 

0.867492 0.046875 
0.866108 0.031250 

0.868602 0.062500 
0.867483 0.046875 

0.820082 -0.140625 
0.812500 -0.155001 

0.827697 -0.125000 
0.820399 -0.140625 

0.509882 -0.171875 
0.515625 -0.174084 

0.515625 -0.174143 
0.531250 -0.179336 

0.511163 -0.171875 
0.500000 -0.167221 

0.578125 -0.267636 
0.562500 -0.267229 

0.593750 -0.268182 
0.578125 -0.267724 

0.816403 0.031250 
0.819079 0.046875 

0.819052 0.046875 
0.821530 0.062500 

0.482331 -0.156250 
0.468750 -0.146461 

0.462804 -0.140625 
0.468750 -0.145942 

0.448038 -0.125000 
0.453125 -0.130911 

0.462512 -0.140625 
0.453125 -0.130965 

0.728733 -0.234375 
0.718750 -0.238969 

0.728420 -0.234375 
0.734375 -0.231573 

0.734375 -0.231194 
0.750000 -0.221924 

0.853867 0.250000 
0.843750 0.257241 

0.788116 -0.187500 
0.781250 -0.194928 

0.827874 0.171875 
0.828125 0.159121 

0.828137 0.156250 
0.828125 0.157258 

0.827206 0.187500 
0.827873 0.171875 

0.669694 -0.171875 
0.656250 -0.176165 

0.669505 -0.171875 
0.671875 -0.171137 

0.687500 -0.163793 
0.671875 -0.170672 

0.825544 0.093750 
0.826764 0.109375 

0.826730 0.109375 
0.827589 0.125000 

0.460587 -0.250000 
0.468750 -0.252790 

0.482274 -0.156250 
0.484375 -0.157692 

0.484375 -0.158087 
0.500000 -0.166837 

0.869918 0.093750 
0.869883 0.109375 

0.869851 0.109375 
0.869413 0.125000 

0.675633 -0.390625 
0.671875 -0.386867 

0.345311 -0.109375 
0.348079 -0.125000 

0.343993 -0.093750 
0.345291 -0.109375 

0.827624 0.125000 
0.828122 0.140625 

0.828124 0.140625 
0.828125 0.140900 

0.828166 0.140625 
0.828204 0.156250 

0.593764 -0.437500 
0.593750 -0.437486 

0.032218 -0.171875 
0.031250 -0.172407 

0.031757 -0.171875 
0.031250 -0.169439 

0.821590 0.062500 
0.823804 0.078125 

0.823855 0.078125 
0.825583 0.093750 

0.447593 -0.125000 
0.437500 -0.109985 

0.358336 -0.031250 
0.359375 -0.030178 

0.375000 -0.020477 
0.359375 -0.027929 

0.562500 -0.186046 
0.578125 -0.187312 

0.578125 -0.187323 
0.593750 -0.187491 

0.436758 -0.109375 
0.437500 -0.110554 

0.436526 -0.109375 
0.429148 -0.093750 

0.864392 0.218750 
0.863001 0.234375 

0.853782 0.250000 
0.859375 0.242653 

0.863849 0.234375 
0.859375 0.243883 

0.754279 -0.218750 
0.750000 -0.221805 

0.440515 -0.453125 
0.437500 -0.454979 

0.441293 -0.453125 
0.437500 -0.452169 

-0.003105 0.093750 
0.000000 0.096855 

-0.015689 0.109375 
-0.015625 0.109439 

0.366284 -0.171875 
0.375000 -0.185817 

0.358193 -0.156250 
0.359375 -0.158897 

0.365821 -0.171875 
0.359375 -0.158406 

0.014838 0.234375 
0.015625 0.229720 

0.015795 0.234375 
0.015625 0.227706 

0.014430 0.234375 
0.015625 0.234535 

0.376170 -0.187500 
0.375000 -0.185811 

0.785434 -0.062500 
0.792616 -0.046875 

0.792848 -0.046875 
0.796875 -0.035870 

0.799265 -0.031250 
0.796875 -0.038215 

0.813518 0.015625 
0.812500 0.010584 

0.813424 0.015625 
0.816455 0.031250 

0.767054 -0.093750 
0.776624 -0.078125 

0.776889 -0.078125 
0.781250 -0.069516 

0.740708 -0.125000 
0.750000 -0.114957 

0.808998 0.000000 
0.812500 0.014711 

0.723394 -0.140625 
0.718750 -0.144272 

0.723046 -0.140625 
0.734375 -0.131267 

0.740618 -0.125000 
0.734375 -0.131021 

0.546875 -0.267101 
0.531250 -0.266561 

0.562500 -0.267288 
0.546875 -0.266987 

0.816770 0.234375 
0.821843 0.218750 

0.812684 0.234375 
0.816062 0.250000 

0.785379 -0.062500 
0.781250 -0.070885 

0.436667 -0.453125 
0.437500 -0.455659 

0.436812 -0.453125 
0.437500 -0.452224 

0.812737 0.250000 
0.828125 0.262132 

0.828125 0.260072 
0.843750 0.258307 

0.862753 0.187500 
0.862016 0.203125 

0.863131 0.218750 
0.862475 0.203125 

0.840377 -0.093750 
0.843750 -0.082112 

0.864426 0.015625 
0.862399 0.000000 

0.866121 0.031250 
0.864427 0.015625 

0.827731 -0.125000 
0.828125 -0.123939 

0.834408 -0.109375 
0.828388 -0.125000 

0.840171 -0.093750 
0.834502 -0.109375 

0.375000 -0.021247 
0.390625 -0.024713 

0.397965 -0.031250 
0.390625 -0.026318 

0.799305 -0.031250 
0.804376 -0.015625 

0.804331 -0.015625 
0.808890 0.000000 

0.124118 -0.296875 
0.125000 -0.296965 

0.124351 -0.296875 
0.124841 -0.281250 

0.584045 -0.328125 
0.578125 -0.322205 

0.692029 -0.250000 
0.703125 -0.246323 

0.703125 -0.246160 
0.718750 -0.239446 

0.484375 -0.257890 
0.468750 -0.252871 

0.500000 -0.262173 
0.484375 -0.257970 

0.753663 -0.218750 
0.765625 -0.209901 

0.772941 -0.203125 
0.765625 -0.209638 

0.772848 -0.203125 
0.781250 -0.194937 

0.389626 -0.203125 
0.390625 -0.204167 

0.406250 -0.218459 
0.390625 -0.204178 

0.376615 -0.187500 
0.389553 -0.203125 

0.344574 -0.062500 
0.348591 -0.046875 

0.347843 -0.046875 
0.357722 -0.031250 

0.788362 -0.187500 
0.796875 -0.176737 

0.800695 -0.171875 
0.796875 -0.176894 

0.811156 -0.156250 
0.801057 -0.171875 

0.825933 0.203125 
0.827443 0.187500 

0.822673 0.218750 
0.826363 0.203125 

0.419715 -0.062500 
0.412424 -0.046875 

0.412758 -0.046875 
0.406250 -0.038361 

-0.281246 0.406250 
-0.281250 0.406246 

0.406623 -0.218750 
0.406250 -0.218454 

0.637383 -0.265625 
0.625000 -0.267078 

0.637065 -0.265625 
0.640625 -0.265192 

0.640625 -0.264837 
0.656250 -0.261535 

0.517136 -0.265625 
0.531250 -0.266615 

0.515625 -0.265233 
0.500000 -0.262340 

0.519072 -0.265625 
0.515625 -0.265346 

0.656250 -0.261464 
0.671875 -0.257176 

0.671875 -0.257086 
0.687500 -0.252132 

0.429041 -0.234375 
0.437500 -0.238876 

0.421875 -0.229690 
0.406250 -0.218759 

0.429825 -0.234375 
0.421875 -0.229991 

