0.148222 0.855440 
0.134449 0.958539 
0.137506 1.066603 
0.157632 1.165510 
0.196344 1.245357 
0.255619 1.303035 
0.336106 1.339772 
0.434256 1.357868 
0.540296 1.358836 
0.640653 1.342795 
0.724295 1.308575 
0.786541 1.254382 
0.827660 1.179310 
0.849689 1.085891 
0.854270 0.982408 
0.841808 0.881620 
0.811440 0.795206 
0.761579 0.729179 
0.691209 0.684245 
0.602168 0.658734 
0.501522 0.650966 
0.401132 0.660318 
0.312912 0.687386 
0.243917 0.733540 
0.195775 0.799797 
0.167241 0.884780 
0.156673 0.982396 
0.163283 1.081708 
0.187431 1.170870 
0.230257 1.242080 
0.292710 1.292895 
0.373715 1.324096 
0.467996 1.337237 
0.565572 1.333229 
0.654931 1.311948 
0.727799 1.272493 
0.780984 1.214047 
0.814786 1.137453 
0.830620 1.047199 
0.829511 0.952174 
0.811584 0.863261 
0.776227 0.789000 
0.722792 0.733300 
0.651896 0.696428 
0.567121 0.677167 
0.475955 0.674383 
0.388236 0.687649 
0.312540 0.717218 
0.253568 0.763513 
0.212354 0.826171 
0.188033 0.902709 
0.179389 0.987537 
0.185639 1.072525 
0.206576 1.149515 
0.242292 1.212952 
0.292603 1.260644 
0.356197 1.292735 
0.429785 1.310316 
0.507880 1.314492 
0.583835 1.306013 
0.651748 1.285286 
0.707928 1.252612 
0.751062 1.208574 
0.781445 1.154489 
0.800085 1.092801 
0.808097 1.027113 
0.806447 0.961698 
0.795907 0.900584 
0.777143 0.846722 
0.750845 0.801655 
0.717865 0.765710 
0.679332 0.738419 
0.636698 0.718924 
0.591690 0.706250 
0.546159 0.699443 
0.501866 0.697613 
0.460276 0.699944 
0.422429 0.705674 
0.388910 0.714075 
0.359908 0.724445 
0.335315 0.736105 
0.314832 0.748402 
0.298065 0.760721 
0.284582 0.772500 
0.273968 0.783239 
0.265845 0.792514 
0.259898 0.799976 
0.255872 0.805369 
0.253591 0.808504 
0.252948 0.809284 
0.253914 0.807683 
0.256538 0.803754 
0.260937 0.797630 
0.267306 0.789521 
0.275907 0.779714 
0.287062 0.768579 
0.301145 0.756554 
0.318565 0.744146 
0.339727 0.731917 
0.364994 0.720471 
0.394620 0.710437 
0.428649 0.702468 
0.466825 0.697230 
0.508503 0.695410 
0.552613 0.697727 
0.597689 0.704949 
0.642030 0.717914 
0.683878 0.737521 
0.721625 0.764685 
0.753934 0.800207 
0.779785 0.844525 
0.798412 0.897343 
0.809205 0.957246 
0.811576 1.021511 
0.804842 1.086386 
0.788138 1.147829 
0.760430 1.202356 
0.720710 1.247541 
0.668469 1.282043 
0.604472 1.305274 
0.531532 1.316987 
0.454677 1.316903 
0.380123 1.304463 
0.313528 1.278734 
0.258704 1.238589 
0.217448 1.183316 
0.190191 1.113728 
0.176809 1.033394 
0.177250 0.948890 
0.191919 0.868187 
0.221771 0.798037 
0.267996 0.742369 
0.331083 0.702514 
0.409257 0.678339 
0.497105 0.669343 
0.586027 0.675377 
0.667076 0.696986 
0.734003 0.735336 
0.784118 0.791560 
0.817208 0.865293 
0.834016 0.952734 
0.835164 1.045879 
0.820570 1.134615 
0.789309 1.210625 
0.740010 1.269595 
0.672041 1.310642 
0.587538 1.334547 
0.493127 1.342308 
0.399055 1.334308 
0.315288 1.309994 
0.247975 1.268027 
0.199049 1.207136 
0.167945 1.127911 
0.153408 1.035028 
0.154594 0.937809 
0.171586 0.847228 
0.205451 0.771446 
0.257745 0.713963 
0.329155 0.674835 
0.417270 0.652730 
0.514814 0.646381 
0.610899 0.655313 
0.695438 0.680103 
0.762705 0.722200 
0.811354 0.783093 
0.842426 0.862537 
0.857501 0.956239 
0.857647 1.055069 
0.842962 1.147906 
0.812495 1.226280 
0.764606 1.286531 
0.698033 1.328660 
0.613880 1.354225 
0.517719 1.364816 
0.419481 1.361308 
0.329792 1.343561 
0.255735 1.310444 
0.199716 1.260260 
0.161059 1.191882 
0.138005 1.106705 
0.128973 1.010557 
0.133141 0.913252 
0.150665 0.824904 
0.182646 0.752014 
0.230747 0.696622 
0.296230 0.657906 
0.378232 0.634043 
0.471918 0.623377 
0.568441 0.624943 
0.657985 0.638665 
0.733608 0.665359 
0.792630 0.706510 
0.835465 0.763635 
0.863832 0.837038 
0.879534 0.924085 
0.883854 1.018217 
0.877335 1.110372 
0.859716 1.192448 
0.830003 1.259881 
0.786740 1.311680 
0.728639 1.348963 
0.655724 1.373532 
0.570745 1.387043 
0.479808 1.390637 
0.390991 1.384808 
0.311424 1.369389 
0.245184 1.343595 
0.193246 1.306207 
0.154669 1.255966 
0.127795 1.192310 
0.111002 1.116441 
0.103037 1.032195 
0.103142 0.945788 
0.111077 0.864019 
0.127107 0.792057 
0.151941 0.732410 
0.186593 0.685310 
0.232111 0.649703 
0.289077 0.624094 
0.356901 0.607052 
0.433138 0.597433 
0.513390 0.594460 
0.592215 0.597731 
0.664710 0.607205 
0.727708 0.623182 
0.780003 0.646244 
0.821841 0.677170 
0.854232 0.716769 
0.878424 0.765596 
0.895597 0.823545 
0.906731 0.889399 
0.912552 0.960581 
0.913538 1.033408 
0.909924 1.103872 
0.901723 1.168613 
0.888741 1.225523 
0.870604 1.273790 
0.846799 1.313576 
0.816742 1.345594 
0.779888 1.370774 
0.735897 1.390050 
0.684866 1.404253 
0.627570 1.414062 
0.565602 1.420002 
0.501304 1.422442 
0.437412 1.421607 
0.376528 1.417593 
0.320671 1.410369 
0.271051 1.399792 
0.228115 1.385615 
0.191738 1.367504 
0.161447 1.345056 
0.136612 1.317844 
0.116569 1.285470 
0.100695 1.247653 
0.088445 1.204350 
0.079366 1.155883 
0.073096 1.103048 
0.069366 1.047148 
0.067986 0.989891 
0.068847 0.933170 
0.071915 0.878771 
0.077223 0.828131 
0.084878 0.782197 
0.095050 0.741432 
0.107976 0.705898 
0.123952 0.675375 
0.143327 0.649486 
0.166487 0.627774 
0.193825 0.609778 
0.225698 0.595059 
0.262356 0.583228 
0.303860 0.573950 
0.349973 0.566950 
0.400075 0.562010 
0.453133 0.558967 
0.507747 0.557714 
0.562311 0.558195 
0.615230 0.560406 
0.665132 0.564397 
0.711016 0.570270 
0.752294 0.578186 
0.788752 0.588365 
0.820464 0.601088 
0.847693 0.616702 
0.870810 0.635611 
0.890228 0.658274 
0.906357 0.685176 
0.919582 0.716792 
0.930243 0.753513 
0.938636 0.795546 
0.945003 0.842791 
0.949537 0.894707 
0.952382 0.950238 
0.953631 1.007839 
0.953331 1.065649 
0.951480 1.121767 
0.948020 1.174543 
0.942844 1.222780 
0.935783 1.265803 
0.926603 1.303405 
0.915002 1.335729 
0.900603 1.363140 
0.882949 1.386118 
0.861509 1.405178 
0.835694 1.420825 
0.804891 1.433518 
0.768534 1.443666 
0.726218 1.451615 
0.677858 1.457654 
0.623874 1.462014 
0.565334 1.464874 
0.503974 1.466365 
0.442012 1.466568 
0.381779 1.465521 
0.325313 1.463216 
0.274058 1.459599 
0.228779 1.454573 
0.189643 1.447988 
0.156388 1.439642 
0.128500 1.429278 
0.105352 1.416578 
0.086298 1.401162 
0.070727 1.382587 
0.058088 1.360356 
0.047903 1.333940 
0.039766 1.302818 
0.033336 1.266544 
0.028331 1.224851 
0.024520 1.177780 
0.021716 1.125821 
0.019771 1.069998 
0.018567 1.011856 
0.018013 0.953292 
0.018042 0.896265 
0.018605 0.842489 
0.019670 0.793208 
0.021217 0.749119 
0.023239 0.710432 
0.025740 0.676988 
0.028729 0.648398 
0.032223 0.624158 
0.036244 0.603724 
0.040818 0.586571 
0.045973 0.572213 
0.051739 0.560217 
0.058144 0.550206 
0.065215 0.541859 
0.072976 0.534902 
0.081444 0.529103 
0.090630 0.524270 
0.100535 0.520240 
0.111149 0.516877 
0.122450 0.514070 
0.134401 0.511725 
0.146950 0.509762 
0.160030 0.508119 
0.173556 0.506741 
0.187429 0.505583 
0.201536 0.504608 
0.215751 0.503786 
0.229938 0.503092 
0.243956 0.502505 
0.257659 0.502008 
0.270903 0.501587 
0.283545 0.501232 
0.295450 0.500934 
0.306490 0.500685 
0.316549 0.500480 
0.325521 0.500314 
0.333312 0.500186 
0.339842 0.500092 
0.345042 0.500031 
0.348854 0.500003 
0.351234 0.500006 
0.352144 0.500040 
0.351565 0.500107 
0.349483 0.500207 
0.345899 0.500341 
0.340825 0.500512 
0.334288 0.500722 
0.326329 0.500975 
0.317009 0.501276 
0.306403 0.501631 
0.294609 0.502049 
0.281743 0.502541 
0.267940 0.503120 
0.253355 0.503805 
0.238156 0.504617 
0.222524 0.505586 
0.206649 0.506749 
0.190718 0.508151 
0.174919 0.509850 
0.159425 0.511921 
0.144398 0.514456 
0.129979 0.517572 
0.116286 0.521419 
0.103413 0.526185 
0.091432 0.532111 
0.080389 0.539503 
0.070310 0.548748 
0.061203 0.560339 
0.053063 0.574898 
0.045872 0.593202 
0.039607 0.616206 
0.034245 0.645047 
0.029767 0.681005 
0.026167 0.725375 
0.023456 0.779187 
0.021673 0.842731 
0.020897 0.914952 
0.021263 0.993028 
0.022984 1.072579 
0.026373 1.148728 
0.031888 1.217466 
0.040176 1.276507 
0.052146 1.325278 
0.069043 1.364393 
0.092554 1.395037 
0.124869 1.418535 
0.168659 1.436101 
0.226744 1.448722 
0.301141 1.457111 
0.391287 1.461680 
0.492136 1.462525 
0.594312 1.459374 
0.687715 1.451529 
0.765810 1.437760 
0.826873 1.416173 
0.872381 1.384068 
0.904990 1.337930 
0.927278 1.273869 
0.941230 1.189150 
0.948076 1.085264 
0.948255 0.970879 
0.941379 0.860116 
0.926149 0.765307 
0.900234 0.691659 
0.860175 0.638271 
0.801622 0.601703 
0.720606 0.578462 
0.616782 0.566012 
0.497798 0.563045 
0.379344 0.569533 
0.276987 0.586753 
0.198095 0.617352 
0.142121 0.665292 
0.105182 0.735157 
0.083367 0.829760 
0.074053 0.945485 
0.076222 1.068878 
0.090492 1.181715 
0.119097 1.271790 
0.165757 1.336727 
0.234935 1.379785 
0.329378 1.405240 
0.445329 1.416201 
0.568997 1.413989 
0.681768 1.398071 
0.771271 1.366151 
0.835155 1.314481 
0.876696 1.239005 
0.900065 1.138512 
0.908129 1.019612 
0.901847 0.898343 
0.880247 0.792382 
0.840631 0.711134 
0.779225 0.654915 
0.693108 0.620033 
0.584297 0.602776 
0.463885 0.601038 
0.349568 0.614670 
0.255663 0.645375 
0.187038 0.696268 
0.141810 0.770609 
0.116235 0.868773 
0.107465 0.983858 
0.114464 1.100665 
0.138075 1.202817 
0.180711 1.281405 
0.245452 1.335741 
0.333820 1.368898 
0.441879 1.384044 
0.557525 1.382877 
0.664409 1.365270 
0.750723 1.329466 
0.813004 1.272745 
0.853123 1.193094 
0.874192 1.092464 
0.878348 0.980085 
0.866053 0.871090 
0.836131 0.778988 
0.786272 0.709830 
0.714322 0.663294 
0.620937 0.636653 
0.512952 0.627533 
0.403751 0.635006 
0.307526 0.659744 
0.232512 0.703644 
0.180103 0.768822 
