0.594032 -0.031250 
0.593750 -0.032394 

0.469750 -0.250000 
0.468750 -0.251671 

0.640625 -0.121023 
0.625000 -0.120016 

0.640625 -0.120470 
0.656250 -0.118318 

0.800332 -0.406250 
0.796875 -0.402793 

0.652405 0.062500 
0.656250 0.073795 

0.656366 0.062500 
0.656250 0.062226 

0.672448 0.062500 
0.671875 0.062003 

0.031438 -0.125000 
0.031250 -0.124950 

0.785588 0.281250 
0.781250 0.292178 

0.796644 0.046875 
0.792203 0.031250 

0.797090 0.046875 
0.796875 0.045927 

0.796701 0.046875 
0.796875 0.047827 

0.800275 0.062500 
0.797046 0.046875 

0.000000 0.078121 
0.015625 0.078121 

0.000000 0.093702 
0.015625 0.093702 

0.627417 0.015625 
0.625000 0.012360 

0.627768 0.015625 
0.637391 0.031250 

0.406258 0.312500 
0.406250 0.312508 

0.687768 0.203125 
0.687500 0.203829 

0.700954 0.359375 
0.703125 0.359153 

0.687500 0.368816 
0.703125 0.367369 

0.703125 0.367641 
0.718750 0.364973 

0.615129 0.000000 
0.625000 0.013208 

-0.282480 0.406250 
-0.281250 0.407480 

0.810572 0.140625 
0.809993 0.125000 

0.810561 0.140625 
0.810349 0.156250 

0.531281 0.156250 
0.531250 0.156219 

0.687715 -0.109375 
0.687500 -0.109454 

0.687629 -0.109375 
0.703125 -0.102870 

0.718504 -0.093750 
0.703125 -0.102527 

0.779213 0.296875 
0.781250 0.291883 

0.778454 0.296875 
0.770305 0.312500 

0.588374 -0.078125 
0.592215 -0.093750 

0.587994 -0.062500 
0.588582 -0.078125 

0.654281 0.312500 
0.656250 0.298150 

0.604224 -0.109375 
0.609375 -0.113480 

0.625000 -0.120646 
0.609375 -0.114116 

0.603302 -0.109375 
0.593750 -0.097413 

0.687653 0.062500 
0.687500 0.064049 

-0.281246 0.406250 
-0.281250 0.406246 

0.281763 -0.234375 
0.281250 -0.234937 

0.761604 0.328125 
0.765625 0.319831 

0.769483 0.312500 
0.765625 0.320336 

0.762314 0.328125 
0.752574 0.343750 

0.807947 0.187500 
0.805909 0.203125 

0.805925 0.203125 
0.803235 0.218750 

0.688554 0.234375 
0.687500 0.235537 

0.663418 0.093750 
0.667553 0.109375 

0.672001 0.109375 
0.671875 0.108833 

0.667532 0.109375 
0.670490 0.125000 

0.671919 0.125000 
0.671875 0.124633 

0.657508 0.296875 
0.661633 0.281250 

0.671935 0.281250 
0.671875 0.281365 

0.656751 0.296875 
0.656250 0.300105 

0.672534 0.296875 
0.671875 0.297456 

0.666091 0.265625 
0.669143 0.250000 

0.671903 0.250000 
0.671875 0.250199 

0.661973 0.281250 
0.665997 0.265625 

0.594326 -0.031250 
0.601973 -0.015625 

0.601920 -0.015625 
0.609375 -0.004973 

0.614891 0.000000 
0.609375 -0.007370 

0.735528 0.359375 
0.750000 0.347411 

0.718750 0.365406 
0.734375 0.360093 

0.735354 0.359375 
0.734375 0.359971 

0.808583 0.109375 
0.806388 0.093750 

0.809995 0.125000 
0.808597 0.109375 

0.795768 0.250000 
0.791403 0.265625 

0.791486 0.265625 
0.785967 0.281250 

-0.015689 0.125000 
-0.015625 0.125064 

0.657901 0.078125 
0.656250 0.072898 

0.672495 0.078125 
0.671875 0.077429 

0.658236 0.078125 
0.663172 0.093750 

0.672150 0.093750 
0.671875 0.093183 

0.673738 0.203125 
0.674127 0.187500 

0.672777 0.218750 
0.673776 0.203125 

0.030784 -0.125000 
0.031250 -0.126211 

0.687954 0.250000 
0.687500 0.250039 

0.000007 -0.500000 
0.000000 -0.499993 

0.584045 -0.328125 
0.578125 -0.322205 

0.675633 -0.390625 
0.671875 -0.386867 

0.759634 -0.046875 
0.750187 -0.062500 

0.759945 -0.046875 
0.765625 -0.034606 

0.767535 -0.031250 
0.765625 -0.035631 

0.671875 0.370526 
0.656250 0.367337 

0.671875 0.369411 
0.687500 0.368988 

0.652833 0.328125 
0.654881 0.312500 

0.647970 0.343750 
0.654157 0.328125 

0.640606 0.343750 
0.640625 0.344406 

0.642767 0.359375 
0.640625 0.343986 

0.643430 0.359375 
0.656250 0.369323 

0.624927 0.281250 
0.625000 0.281216 

0.592758 -0.093750 
0.593750 -0.095576 

0.656250 -0.118081 
0.671875 -0.114348 

0.671875 -0.114156 
0.687500 -0.109700 

0.734397 -0.453125 
0.734375 -0.453103 

0.444468 -0.250000 
0.453125 -0.248536 

0.453574 -0.250000 
0.453125 -0.248258 

-0.003105 0.109375 
0.000000 0.112480 

0.689353 0.296875 
0.687500 0.296828 

0.688837 0.296875 
0.687500 0.302561 

0.673582 0.156250 
0.674085 0.171875 

0.674033 0.171875 
0.674082 0.187500 

0.076947 -0.140625 
0.078125 -0.141230 

0.080031 -0.140625 
0.078125 -0.141327 

0.077094 -0.140625 
0.078125 -0.138437 

0.079710 -0.140625 
0.078125 -0.138184 

0.001852 0.109375 
0.000000 0.106682 

0.753096 0.343750 
0.750000 0.347386 

0.670524 0.125000 
0.671875 0.136806 

0.672180 0.140625 
0.671875 0.137199 

0.672503 0.140625 
0.673602 0.156250 

0.658563 0.328125 
0.656250 0.334805 

0.786312 0.015625 
0.781250 0.001427 

0.791899 0.031250 
0.786376 0.015625 

0.265333 -0.234375 
0.265625 -0.234603 

0.268222 -0.234375 
0.265625 -0.234560 

0.265379 -0.234375 
0.265625 -0.226099 

0.267487 -0.234375 
0.265625 -0.228943 

0.530466 0.156250 
0.531250 0.157033 

0.691442 -0.421875 
0.687500 -0.417933 

0.810309 0.156250 
0.809409 0.171875 

0.809389 0.171875 
0.807923 0.187500 

0.588172 -0.062500 
0.590065 -0.046875 

0.590234 -0.046875 
0.593750 -0.031929 

0.402406 0.312500 
0.406250 0.308656 

0.718750 -0.093170 
0.734375 -0.080489 

0.736490 -0.078125 
0.734375 -0.080198 

0.736814 -0.078125 
0.750000 -0.062515 

0.803422 0.078125 
0.800297 0.062500 

0.806312 0.093750 
0.803499 0.078125 

0.623503 0.031250 
0.625000 0.032973 

0.803226 0.218750 
0.799869 0.234375 

0.796136 0.250000 
0.796875 0.246337 

0.799518 0.234375 
0.796875 0.246723 

0.773646 -0.015625 
0.767525 -0.031250 

0.779584 0.000000 
0.773580 -0.015625 

0.718504 -0.093750 
0.718750 -0.093595 

0.779618 0.000000 
0.781250 0.004740 

0.671220 0.234375 
0.671875 0.226371 

0.672469 0.218750 
0.671875 0.226635 

0.669042 0.250000 
0.671130 0.234375 

0.672007 0.234375 
0.671875 0.236008 

0.637639 0.031250 
0.640625 0.037614 

0.645074 0.046875 
0.640625 0.037077 

0.645321 0.046875 
0.652058 0.062500 

0.590524 0.281250 
0.593750 0.284476 

0.450893 -0.484375 
0.453125 -0.485621 

0.453876 -0.484375 
0.453125 -0.485167 

0.451632 -0.484375 
0.453125 -0.482977 

0.454340 -0.484375 
0.453125 -0.482247 

0.655067 0.109375 
0.656250 0.111917 

0.006678 -0.015625 
0.000000 -0.016032 

0.000470 -0.015625 
0.000000 -0.015129 

0.442860 -0.250000 
0.453125 -0.250513 

0.453558 -0.250000 
0.453125 -0.250605 

0.031375 -0.046875 
0.031250 -0.046999 

0.031253 -0.046875 
0.031250 -0.046271 

0.017311 -0.031250 
0.015625 -0.032933 

-0.001564 -0.015625 
0.000000 -0.013791 

-0.000190 0.000000 
0.000000 0.000007 

0.030068 -0.125000 
0.031250 -0.124176 

0.060794 -0.140625 
0.062500 -0.140931 

0.031250 -0.125116 
0.046875 -0.125046 

0.059329 -0.140625 
0.062500 -0.140376 

0.140056 -0.140625 
0.140625 -0.145836 

0.142547 -0.140625 
0.140625 -0.145651 

0.139697 -0.140625 
0.140625 -0.139938 

0.142844 -0.140625 
0.140625 -0.140203 

