-2.356194 7.506099 5.000000 
-1.975688 4.416591 5.000000 
-1.849096 3.743408 5.000000 
-1.712693 4.568443 5.000000 
-2.158799 5.572469 5.000000 
-2.034444 7.699399 5.000000 
-2.245537 5.940415 5.000000 
-2.736701 4.416591 5.000000 
-2.553590 5.572469 5.000000 
-2.466852 5.940415 5.000000 
-2.677945 7.699399 5.000000 
-2.863293 3.743408 5.000000 
-2.999696 4.568443 5.000000 
3.141593 4.567079 5.000000 
2.999696 3.697778 5.000000 
2.863293 4.136783 5.000000 
2.819842 8.028204 5.000000 
2.677945 5.989261 5.000000 
2.601173 5.602092 5.000000 
2.466852 7.504633 5.000000 
2.356194 5.998440 5.000000 
2.245537 5.260128 5.000000 
2.111216 7.364597 5.000000 
2.034444 4.334331 5.000000 
1.892547 3.502833 5.000000 
1.735945 4.560845 5.000000 
-1.570796 4.567079 5.000000 
-1.428899 3.697778 5.000000 
-1.292497 4.136783 5.000000 
-1.249046 8.028204 5.000000 
-1.107149 5.989261 5.000000 
-1.030377 5.602092 5.000000 
-0.896055 7.504633 5.000000 
-0.785398 5.998440 5.000000 
-0.674741 5.260128 5.000000 
-0.540420 7.364597 5.000000 
-0.463648 4.334331 5.000000 
-0.321751 3.502833 5.000000 
-0.165149 4.560845 5.000000 
0.000000 4.555158 5.000000 
0.165149 3.438819 5.000000 
0.380506 7.668128 5.000000 
0.643501 5.708305 5.000000 
0.540420 5.657592 5.000000 
0.321751 3.990748 5.000000 
0.927295 5.708305 5.000000 
1.190290 7.668128 5.000000 
1.030377 5.657592 5.000000 
1.570796 4.555158 5.000000 
1.405648 3.438819 5.000000 
1.249046 3.990748 5.000000 
0.785398 7.495647 5.000000 

