0 0.75
0.25 0.75
0.25 1
0 1
0 0.75

0.25 0.5
0.375 0.5
0.375 0.625
0.25 0.625
0.25 0.5

0.375 0.5
0.5 0.5
0.5 0.625
0.375 0.625
0.375 0.5

0.25 0.625
0.375 0.625
0.375 0.75
0.25 0.75
0.25 0.625

0.375 0.625
0.5 0.625
0.5 0.75
0.375 0.75
0.375 0.625

0.25 0.75
0.375 0.75
0.375 0.875
0.25 0.875
0.25 0.75

0.375 0.75
0.5 0.75
0.5 0.875
0.375 0.875
0.375 0.75

0.25 0.875
0.375 0.875
0.375 1
0.25 1
0.25 0.875

0.375 0.875
0.5 0.875
0.5 1
0.375 1
0.375 0.875

0.5 0.625
0.625 0.625
0.625 0.75
0.5 0.75
0.5 0.625

0.5 0.75
0.625 0.75
0.625 0.875
0.5 0.875
0.5 0.75

0.625 0.75
0.75 0.75
0.75 0.875
0.625 0.875
0.625 0.75

0.5 0.875
0.625 0.875
0.625 1
0.5 1
0.5 0.875

0.625 0.875
0.75 0.875
0.75 1
0.625 1
0.625 0.875

2.5 0
2.75 0
2.75 0.25
2.5 0.25
2.5 0

2.75 0
3 0
3 0.25
2.75 0.25
2.75 0

2.5 0.25
2.75 0.25
2.75 0.5
2.5 0.5
2.5 0.25

2.75 0.25
3 0.25
3 0.5
2.75 0.5
2.75 0.25

0.375 0.25
0.4375 0.25
0.4375 0.3125
0.375 0.3125
0.375 0.25

0.4375 0.25
0.5 0.25
0.5 0.3125
0.4375 0.3125
0.4375 0.25

0.375 0.3125
0.4375 0.3125
0.4375 0.375
0.375 0.375
0.375 0.3125

0.4375 0.3125
0.5 0.3125
0.5 0.375
0.4375 0.375
0.4375 0.3125

1.0625 0.1875
1.09375 0.1875
1.09375 0.21875
1.0625 0.21875
1.0625 0.1875

1.09375 0.1875
1.125 0.1875
1.125 0.21875
1.09375 0.21875
1.09375 0.1875

1.0625 0.21875
1.09375 0.21875
1.09375 0.25
1.0625 0.25
1.0625 0.21875

1.09375 0.21875
1.125 0.21875
1.125 0.25
1.09375 0.25
1.09375 0.21875

1 0.125
1.03125 0.125
1.03125 0.15625
1 0.15625
1 0.125

1.03125 0.125
1.0625 0.125
1.0625 0.15625
1.03125 0.15625
1.03125 0.125

1 0.15625
1.03125 0.15625
1.03125 0.1875
1 0.1875
1 0.15625

1.03125 0.15625
1.0625 0.15625
1.0625 0.1875
1.03125 0.1875
1.03125 0.15625

0.90625 0.359375
0.921875 0.359375
0.921875 0.375
0.90625 0.375
0.90625 0.359375

0.75 0.0625
0.78125 0.0625
0.78125 0.09375
0.75 0.09375
0.75 0.0625

0.78125 0.0625
0.8125 0.0625
0.8125 0.09375
0.78125 0.09375
0.78125 0.0625

0.75 0.09375
0.78125 0.09375
0.78125 0.125
0.75 0.125
0.75 0.09375

0.78125 0.09375
0.8125 0.09375
0.8125 0.125
0.78125 0.125
0.78125 0.09375

0.8125 0.125
0.84375 0.125
0.84375 0.15625
0.8125 0.15625
0.8125 0.125

0.84375 0.125
0.875 0.125
0.875 0.15625
0.84375 0.15625
0.84375 0.125

0.84375 0.15625
0.875 0.15625
0.875 0.1875
0.84375 0.1875
0.84375 0.15625

1.0625 0.3125
1.09375 0.3125
1.09375 0.34375
1.0625 0.34375
1.0625 0.3125

1.09375 0.3125
1.125 0.3125
1.125 0.34375
1.09375 0.34375
1.09375 0.3125

1.0625 0.34375
1.09375 0.34375
1.09375 0.375
1.0625 0.375
1.0625 0.34375

1.09375 0.34375
1.125 0.34375
1.125 0.375
1.09375 0.375
1.09375 0.34375

0.84375 0.34375
0.859375 0.34375
0.859375 0.359375
0.84375 0.359375
0.84375 0.34375

0.859375 0.34375
0.875 0.34375
0.875 0.359375
0.859375 0.359375
0.859375 0.34375

0.84375 0.359375
0.859375 0.359375
0.859375 0.375
0.84375 0.375
0.84375 0.359375

0.859375 0.359375
0.875 0.359375
0.875 0.375
0.859375 0.375
0.859375 0.359375

1.125 0
1.1875 0
1.1875 0.0625
1.125 0.0625
1.125 0

1.1875 0
1.25 0
1.25 0.0625
1.1875 0.0625
1.1875 0

1.125 0.0625
1.1875 0.0625
1.1875 0.125
1.125 0.125
1.125 0.0625

1.1875 0.0625
1.25 0.0625
1.25 0.125
1.1875 0.125
1.1875 0.0625

0.875 0.125
0.90625 0.125
0.90625 0.15625
0.875 0.15625
0.875 0.125

0.90625 0.125
0.9375 0.125
0.9375 0.15625
0.90625 0.15625
0.90625 0.125

0.875 0.15625
0.90625 0.15625
0.90625 0.1875
0.875 0.1875
0.875 0.15625

0.90625 0.15625
0.9375 0.15625
0.9375 0.1875
0.90625 0.1875
0.90625 0.15625

1.03125 0.3125
1.04688 0.3125
1.04688 0.328125
1.03125 0.328125
1.03125 0.3125

1.04688 0.3125
1.0625 0.3125
1.0625 0.328125
1.04688 0.328125
1.04688 0.3125

1.03125 0.328125
1.04688 0.328125
1.04688 0.34375
1.03125 0.34375
1.03125 0.328125

1.04688 0.328125
1.0625 0.328125
1.0625 0.34375
1.04688 0.34375
1.04688 0.328125

0.78125 0.125
0.796875 0.125
0.796875 0.140625
0.78125 0.140625
0.78125 0.125

0.796875 0.125
0.8125 0.125
0.8125 0.140625
0.796875 0.140625
0.796875 0.125

0.78125 0.140625
0.796875 0.140625
0.796875 0.15625
0.78125 0.15625
0.78125 0.140625

0.796875 0.140625
0.8125 0.140625
0.8125 0.15625
0.796875 0.15625
0.796875 0.140625

1 0.28125
1.01562 0.28125
1.01562 0.296875
1 0.296875
1 0.28125

1.01562 0.28125
1.03125 0.28125
1.03125 0.296875
1.01562 0.296875
1.01562 0.28125

1 0.296875
1.01562 0.296875
1.01562 0.3125
1 0.3125
1 0.296875

1.01562 0.296875
1.03125 0.296875
1.03125 0.3125
1.01562 0.3125
1.01562 0.296875

1 0.3125
1.01562 0.3125
1.01562 0.328125
1 0.328125
1 0.3125

1.01562 0.3125
1.03125 0.3125
1.03125 0.328125
1.01562 0.328125
1.01562 0.3125

1 0.328125
1.01562 0.328125
1.01562 0.34375
1 0.34375
1 0.328125

1.01562 0.328125
1.03125 0.328125
1.03125 0.34375
1.01562 0.34375
1.01562 0.328125

0.9375 0.40625
0.953125 0.40625
0.953125 0.421875
0.9375 0.421875
0.9375 0.40625

0.953125 0.40625
0.96875 0.40625
0.96875 0.421875
0.953125 0.421875
0.953125 0.40625

0.9375 0.421875
0.953125 0.421875
0.953125 0.4375
0.9375 0.4375
0.9375 0.421875

0.953125 0.421875
0.96875 0.421875
0.96875 0.4375
0.953125 0.4375
0.953125 0.421875

0.90625 0.28125
0.921875 0.28125
0.921875 0.296875
0.90625 0.296875
0.90625 0.28125

0.96875 0.25
0.984375 0.25
0.984375 0.265625
0.96875 0.265625
0.96875 0.25

0.984375 0.25
1 0.25
1 0.265625
0.984375 0.265625
0.984375 0.25

0.96875 0.265625
0.984375 0.265625
0.984375 0.28125
0.96875 0.28125
0.96875 0.265625

0.984375 0.265625
1 0.265625
1 0.28125
0.984375 0.28125
0.984375 0.265625

0.84375 0.28125
0.859375 0.28125
0.859375 0.296875
0.84375 0.296875
0.84375 0.28125

0.859375 0.28125
0.875 0.28125
0.875 0.296875
0.859375 0.296875
0.859375 0.28125

0.84375 0.296875
0.859375 0.296875
0.859375 0.3125
0.84375 0.3125
0.84375 0.296875

0.859375 0.296875
0.875 0.296875
0.875 0.3125
0.859375 0.3125
0.859375 0.296875

0.875 0.21875
0.890625 0.21875
0.890625 0.234375
0.875 0.234375
0.875 0.21875

0.890625 0.21875
0.90625 0.21875
0.90625 0.234375
0.890625 0.234375
0.890625 0.21875

0.875 0.234375
0.890625 0.234375
0.890625 0.25
0.875 0.25
0.875 0.234375

0.890625 0.234375
0.90625 0.234375
0.90625 0.25
0.890625 0.25
0.890625 0.234375

0.9375 0.21875
0.953125 0.21875
0.953125 0.234375
0.9375 0.234375
0.9375 0.21875

0.953125 0.21875
0.96875 0.21875
0.96875 0.234375
0.953125 0.234375
0.953125 0.21875

0.9375 0.234375
0.953125 0.234375
0.953125 0.25
0.9375 0.25
0.9375 0.234375

0.953125 0.234375
0.96875 0.234375
0.96875 0.25
0.953125 0.25
0.953125 0.234375

0.828125 0.25
0.84375 0.25
0.84375 0.265625
0.828125 0.265625
0.828125 0.25

0.828125 0.265625
0.84375 0.265625
0.84375 0.28125
0.828125 0.28125
0.828125 0.265625

0.8125 0.28125
0.828125 0.28125
0.828125 0.296875
0.8125 0.296875
0.8125 0.28125

0.828125 0.28125
0.84375 0.28125
0.84375 0.296875
0.828125 0.296875
0.828125 0.28125

0.8125 0.296875
0.828125 0.296875
0.828125 0.3125
0.8125 0.3125
0.8125 0.296875

0.828125 0.296875
0.84375 0.296875
0.84375 0.3125
0.828125 0.3125
0.828125 0.296875

0.6875 0.25
0.703125 0.25
0.703125 0.265625
0.6875 0.265625
0.6875 0.25

0.703125 0.25
0.71875 0.25
0.71875 0.265625
0.703125 0.265625
0.703125 0.25

0.6875 0.265625
0.703125 0.265625
0.703125 0.28125
0.6875 0.28125
0.6875 0.265625

0.703125 0.265625
0.71875 0.265625
0.71875 0.28125
0.703125 0.28125
0.703125 0.265625

1.5 1.5
1.75 1.5
1.75 1.75
1.5 1.75
1.5 1.5

1.75 1.5
2 1.5
2 1.75
1.75 1.75
1.75 1.5

1.5 1.75
1.75 1.75
1.75 2
1.5 2
1.5 1.75

1.75 1.75
2 1.75
2 2
1.75 2
1.75 1.75

-1 0
-0.75 0
-0.75 0.25
-1 0.25
-1 0

-0.75 0
-0.5 0
-0.5 0.25
-0.75 0.25
-0.75 0

-1 0.25
-0.75 0.25
-0.75 0.5
-1 0.5
-1 0.25

-0.75 0.25
-0.5 0.25
-0.5 0.5
-0.75 0.5
-0.75 0.25

0.796875 0.21875
0.804688 0.21875
0.804688 0.226562
0.796875 0.226562
0.796875 0.21875

0.804688 0.21875
0.8125 0.21875
0.8125 0.226562
0.804688 0.226562
0.804688 0.21875

0.796875 0.226562
0.804688 0.226562
0.804688 0.234375
0.796875 0.234375
0.796875 0.226562

0.804688 0.226562
0.8125 0.226562
0.8125 0.234375
0.804688 0.234375
0.804688 0.226562

0.5 1.5
0.75 1.5
0.75 1.75
0.5 1.75
0.5 1.5

0.75 1.5
1 1.5
1 1.75
0.75 1.75
0.75 1.5

0.5 1.75
0.75 1.75
0.75 2
0.5 2
0.5 1.75

0.75 1.75
1 1.75
1 2
0.75 2
0.75 1.75

0 1.5
0.25 1.5
0.25 1.75
0 1.75
0 1.5

0.25 1.5
0.5 1.5
0.5 1.75
0.25 1.75
0.25 1.5

0 1.75
0.25 1.75
0.25 2
0 2
0 1.75

0.25 1.75
0.5 1.75
0.5 2
0.25 2
0.25 1.75

0.84375 0.3125
0.859375 0.3125
0.859375 0.328125
0.84375 0.328125
0.84375 0.3125

0.859375 0.3125
0.875 0.3125
0.875 0.328125
0.859375 0.328125
0.859375 0.3125

0.84375 0.328125
0.859375 0.328125
0.859375 0.34375
0.84375 0.34375
0.84375 0.328125

0.859375 0.328125
0.875 0.328125
0.875 0.34375
0.859375 0.34375
0.859375 0.328125

0.5 -0.75
0.625 -0.75
0.625 -0.625
0.5 -0.625
0.5 -0.75

0.625 -0.75
0.75 -0.75
0.75 -0.625
0.625 -0.625
0.625 -0.75

0.5 -0.625
0.625 -0.625
0.625 -0.5
0.5 -0.5
0.5 -0.625

0.625 -0.625
0.75 -0.625
0.75 -0.5
0.625 -0.5
0.625 -0.625

1.25 0.75
1.375 0.75
1.375 0.875
1.25 0.875
1.25 0.75

1.375 0.75
1.5 0.75
1.5 0.875
1.375 0.875
1.375 0.75

1.25 0.875
1.375 0.875
1.375 1
1.25 1
1.25 0.875

1.375 0.875
1.5 0.875
1.5 1
1.375 1
1.375 0.875

0.828125 0.21875
0.84375 0.21875
0.84375 0.234375
0.828125 0.234375
0.828125 0.21875

0.828125 0.234375
0.84375 0.234375
0.84375 0.25
0.828125 0.25
0.828125 0.234375

1.25 0.5
1.375 0.5
1.375 0.625
1.25 0.625
1.25 0.5

1.375 0.5
1.5 0.5
1.5 0.625
1.375 0.625
1.375 0.5

1.25 0.625
1.375 0.625
1.375 0.75
1.25 0.75
1.25 0.625

1.375 0.625
1.5 0.625
1.5 0.75
1.375 0.75
1.375 0.625

2 0
2.25 0
2.25 0.25
2 0.25
2 0

2.25 0
2.5 0
2.5 0.25
2.25 0.25
2.25 0

2 0.25
2.25 0.25
2.25 0.5
2 0.5
2 0.25

2.25 0.25
2.5 0.25
2.5 0.5
2.25 0.5
2.25 0.25

0.90625 0.25
0.921875 0.25
0.921875 0.265625
0.90625 0.265625
0.90625 0.25

0.921875 0.25
0.9375 0.25
0.9375 0.265625
0.921875 0.265625
0.921875 0.25

0.90625 0.265625
0.921875 0.265625
0.921875 0.28125
0.90625 0.28125
0.90625 0.265625

0.921875 0.265625
0.9375 0.265625
0.9375 0.28125
0.921875 0.28125
0.921875 0.265625

1.03125 0.28125
1.04688 0.28125
1.04688 0.296875
1.03125 0.296875
1.03125 0.28125

1.04688 0.28125
1.0625 0.28125
1.0625 0.296875
1.04688 0.296875
1.04688 0.28125

1.03125 0.296875
1.04688 0.296875
1.04688 0.3125
1.03125 0.3125
1.03125 0.296875

1.04688 0.296875
1.0625 0.296875
1.0625 0.3125
1.04688 0.3125
1.04688 0.296875

0.875 0.28125
0.890625 0.28125
0.890625 0.296875
0.875 0.296875
0.875 0.28125

0.890625 0.28125
0.90625 0.28125
0.90625 0.296875
0.890625 0.296875
0.890625 0.28125

0.875 0.296875
0.890625 0.296875
0.890625 0.3125
0.875 0.3125
0.875 0.296875

0.890625 0.296875
0.90625 0.296875
0.90625 0.3125
0.890625 0.3125
0.890625 0.296875

0.953125 0.28125
0.960938 0.28125
0.960938 0.289062
0.953125 0.289062
0.953125 0.28125

0.960938 0.28125
0.96875 0.28125
0.96875 0.289062
0.960938 0.289062
0.960938 0.28125

0.953125 0.289062
0.960938 0.289062
0.960938 0.296875
0.953125 0.296875
0.953125 0.289062

0.960938 0.289062
0.96875 0.289062
0.96875 0.296875
0.960938 0.296875
0.960938 0.289062

1.125 0.25
1.15625 0.25
1.15625 0.28125
1.125 0.28125
1.125 0.25

1.15625 0.25
1.1875 0.25
1.1875 0.28125
1.15625 0.28125
1.15625 0.25

1.125 0.28125
1.15625 0.28125
1.15625 0.3125
1.125 0.3125
1.125 0.28125

1.15625 0.28125
1.1875 0.28125
1.1875 0.3125
1.15625 0.3125
1.15625 0.28125

0.78125 0.203125
0.789062 0.203125
0.789062 0.210938
0.78125 0.210938
0.78125 0.203125

0.789062 0.203125
0.796875 0.203125
0.796875 0.210938
0.789062 0.210938
0.789062 0.203125

0.78125 0.210938
0.789062 0.210938
0.789062 0.21875
0.78125 0.21875
0.78125 0.210938

0.789062 0.210938
0.796875 0.210938
0.796875 0.21875
0.789062 0.21875
0.789062 0.210938

0.9375 0.265625
0.945312 0.265625
0.945312 0.273438
0.9375 0.273438
0.9375 0.265625

0.945312 0.265625
0.953125 0.265625
0.953125 0.273438
0.945312 0.273438
0.945312 0.265625

0.9375 0.273438
0.945312 0.273438
0.945312 0.28125
0.9375 0.28125
0.9375 0.273438

0.945312 0.273438
0.953125 0.273438
0.953125 0.28125
0.945312 0.28125
0.945312 0.273438

0.796875 0.234375
0.804688 0.234375
0.804688 0.242188
0.796875 0.242188
0.796875 0.234375

0.804688 0.234375
0.8125 0.234375
0.8125 0.242188
0.804688 0.242188
0.804688 0.234375

0.796875 0.242188
0.804688 0.242188
0.804688 0.25
0.796875 0.25
0.796875 0.242188

0.804688 0.242188
0.8125 0.242188
0.8125 0.25
0.804688 0.25
0.804688 0.242188

0.78125 0.21875
0.789062 0.21875
0.789062 0.226562
0.78125 0.226562
0.78125 0.21875

0.789062 0.21875
0.796875 0.21875
0.796875 0.226562
0.789062 0.226562
0.789062 0.21875

0.78125 0.226562
0.789062 0.226562
0.789062 0.234375
0.78125 0.234375
0.78125 0.226562

0.789062 0.226562
0.796875 0.226562
0.796875 0.234375
0.789062 0.234375
0.789062 0.226562

0.9375 0.296875
0.945312 0.296875
0.945312 0.304688
0.9375 0.304688
0.9375 0.296875

0.945312 0.296875
0.953125 0.296875
0.953125 0.304688
0.945312 0.304688
0.945312 0.296875

0.9375 0.304688
0.945312 0.304688
0.945312 0.3125
0.9375 0.3125
0.9375 0.304688

0.945312 0.304688
0.953125 0.304688
0.953125 0.3125
0.945312 0.3125
0.945312 0.304688

0.765625 0.28125
0.773438 0.28125
0.773438 0.289062
0.765625 0.289062
0.765625 0.28125

0.773438 0.28125
0.78125 0.28125
0.78125 0.289062
0.773438 0.289062
0.773438 0.28125

0.765625 0.289062
0.773438 0.289062
0.773438 0.296875
0.765625 0.296875
0.765625 0.289062

0.773438 0.289062
0.78125 0.289062
0.78125 0.296875
0.773438 0.296875
0.773438 0.289062

0.75 0.25
0.757812 0.25
0.757812 0.257812
0.75 0.257812
0.75 0.25

0.757812 0.25
0.765625 0.25
0.765625 0.257812
0.757812 0.257812
0.757812 0.25

0.75 0.257812
0.757812 0.257812
0.757812 0.265625
0.75 0.265625
0.75 0.257812

0.757812 0.257812
0.765625 0.257812
0.765625 0.265625
0.757812 0.265625
0.757812 0.257812

0.953125 0.296875
0.960938 0.296875
0.960938 0.304688
0.953125 0.304688
0.953125 0.296875

0.960938 0.296875
0.96875 0.296875
0.96875 0.304688
0.960938 0.304688
0.960938 0.296875

0.953125 0.304688
0.960938 0.304688
0.960938 0.3125
0.953125 0.3125
0.953125 0.304688

0.960938 0.304688
0.96875 0.304688
0.96875 0.3125
0.960938 0.3125
0.960938 0.304688

0.78125 0.28125
0.789062 0.28125
0.789062 0.289062
0.78125 0.289062
0.78125 0.28125

0.789062 0.28125
0.796875 0.28125
0.796875 0.289062
0.789062 0.289062
0.789062 0.28125

0.78125 0.289062
0.789062 0.289062
0.789062 0.296875
0.78125 0.296875
0.78125 0.289062

0.789062 0.289062
0.796875 0.289062
0.796875 0.296875
0.789062 0.296875
0.789062 0.289062

0.796875 0.28125
0.804688 0.28125
0.804688 0.289062
0.796875 0.289062
0.796875 0.28125

0.804688 0.28125
0.8125 0.28125
0.8125 0.289062
0.804688 0.289062
0.804688 0.28125

0.796875 0.289062
0.804688 0.289062
0.804688 0.296875
0.796875 0.296875
0.796875 0.289062

0.804688 0.289062
0.8125 0.289062
0.8125 0.296875
0.804688 0.296875
0.804688 0.289062

0.9375 0.34375
0.945312 0.34375
0.945312 0.351562
0.9375 0.351562
0.9375 0.34375

0.945312 0.34375
0.953125 0.34375
0.953125 0.351562
0.945312 0.351562
0.945312 0.34375

0.9375 0.351562
0.945312 0.351562
0.945312 0.359375
0.9375 0.359375
0.9375 0.351562

0.945312 0.351562
0.953125 0.351562
0.953125 0.359375
0.945312 0.359375
0.945312 0.351562

0.796875 0.265625
0.804688 0.265625
0.804688 0.273438
0.796875 0.273438
0.796875 0.265625

0.804688 0.265625
0.8125 0.265625
0.8125 0.273438
0.804688 0.273438
0.804688 0.265625

0.796875 0.273438
0.804688 0.273438
0.804688 0.28125
0.796875 0.28125
0.796875 0.273438

0.804688 0.273438
0.8125 0.273438
0.8125 0.28125
0.804688 0.28125
0.804688 0.273438

0.9375 0.28125
0.945312 0.28125
0.945312 0.289062
0.9375 0.289062
0.9375 0.28125

0.945312 0.28125
0.953125 0.28125
0.953125 0.289062
0.945312 0.289062
0.945312 0.28125

0.9375 0.289062
0.945312 0.289062
0.945312 0.296875
0.9375 0.296875
0.9375 0.289062

0.945312 0.289062
0.953125 0.289062
0.953125 0.296875
0.945312 0.296875
0.945312 0.289062

0.9375 0.328125
0.945312 0.328125
0.945312 0.335938
0.9375 0.335938
0.9375 0.328125

0.945312 0.328125
0.953125 0.328125
0.953125 0.335938
0.945312 0.335938
0.945312 0.328125

0.9375 0.335938
0.945312 0.335938
0.945312 0.34375
0.9375 0.34375
0.9375 0.335938

0.945312 0.335938
0.953125 0.335938
0.953125 0.34375
0.945312 0.34375
0.945312 0.335938

0.96875 0.3125
0.976562 0.3125
0.976562 0.320312
0.96875 0.320312
0.96875 0.3125

0.976562 0.3125
0.984375 0.3125
0.984375 0.320312
0.976562 0.320312
0.976562 0.3125

0.96875 0.320312
0.976562 0.320312
0.976562 0.328125
0.96875 0.328125
0.96875 0.320312

0.976562 0.320312
0.984375 0.320312
0.984375 0.328125
0.976562 0.328125
0.976562 0.320312

0.890625 0.328125
0.898438 0.328125
0.898438 0.335938
0.890625 0.335938
0.890625 0.328125

0.898438 0.328125
0.90625 0.328125
0.90625 0.335938
0.898438 0.335938
0.898438 0.328125

0.890625 0.335938
0.898438 0.335938
0.898438 0.34375
0.890625 0.34375
0.890625 0.335938

0.898438 0.335938
0.90625 0.335938
0.90625 0.34375
0.898438 0.34375
0.898438 0.335938

0.78125 0.265625
0.789062 0.265625
0.789062 0.273438
0.78125 0.273438
0.78125 0.265625

0.789062 0.265625
0.796875 0.265625
0.796875 0.273438
0.789062 0.273438
0.789062 0.265625

0.78125 0.273438
0.789062 0.273438
0.789062 0.28125
0.78125 0.28125
0.78125 0.273438

0.789062 0.273438
0.796875 0.273438
0.796875 0.28125
0.789062 0.28125
0.789062 0.273438

0.8125 0.234375
0.820312 0.234375
0.820312 0.242188
0.8125 0.242188
0.8125 0.234375

0.820312 0.234375
0.828125 0.234375
0.828125 0.242188
0.820312 0.242188
0.820312 0.234375

0.8125 0.242188
0.820312 0.242188
0.820312 0.25
0.8125 0.25
0.8125 0.242188

0.820312 0.242188
0.828125 0.242188
0.828125 0.25
0.820312 0.25
0.820312 0.242188

0.953125 0.3125
0.960938 0.3125
0.960938 0.320312
0.953125 0.320312
0.953125 0.3125

0.960938 0.3125
0.96875 0.3125
0.96875 0.320312
0.960938 0.320312
0.960938 0.3125

0.953125 0.320312
0.960938 0.320312
0.960938 0.328125
0.953125 0.328125
0.953125 0.320312

0.960938 0.320312
0.96875 0.320312
0.96875 0.328125
0.960938 0.328125
0.960938 0.320312

0.78125 0.296875
0.789062 0.296875
0.789062 0.304688
0.78125 0.304688
0.78125 0.296875

0.789062 0.296875
0.796875 0.296875
0.796875 0.304688
0.789062 0.304688
0.789062 0.296875

0.78125 0.304688
0.789062 0.304688
0.789062 0.3125
0.78125 0.3125
0.78125 0.304688

0.789062 0.304688
0.796875 0.304688
0.796875 0.3125
0.789062 0.3125
0.789062 0.304688

0.921875 0.3125
0.929688 0.3125
0.929688 0.320312
0.921875 0.320312
0.921875 0.3125

0.929688 0.3125
0.9375 0.3125
0.9375 0.320312
0.929688 0.320312
0.929688 0.3125

0.921875 0.320312
0.929688 0.320312
0.929688 0.328125
0.921875 0.328125
0.921875 0.320312

0.929688 0.320312
0.9375 0.320312
0.9375 0.328125
0.929688 0.328125
0.929688 0.320312

0.78125 0.25
0.789062 0.25
0.789062 0.257812
0.78125 0.257812
0.78125 0.25

0.789062 0.25
0.796875 0.25
0.796875 0.257812
0.789062 0.257812
0.789062 0.25

0.78125 0.257812
0.789062 0.257812
0.789062 0.265625
0.78125 0.265625
0.78125 0.257812

0.789062 0.257812
0.796875 0.257812
0.796875 0.265625
0.789062 0.265625
0.789062 0.257812

0.796875 0.203125
0.804688 0.203125
0.804688 0.210938
0.796875 0.210938
0.796875 0.203125

0.804688 0.203125
0.8125 0.203125
0.8125 0.210938
0.804688 0.210938
0.804688 0.203125

0.796875 0.210938
0.804688 0.210938
0.804688 0.21875
0.796875 0.21875
0.796875 0.210938

0.804688 0.210938
0.8125 0.210938
0.8125 0.21875
0.804688 0.21875
0.804688 0.210938

0.96875 0.296875
0.976562 0.296875
0.976562 0.304688
0.96875 0.304688
0.96875 0.296875

0.976562 0.296875
0.984375 0.296875
0.984375 0.304688
0.976562 0.304688
0.976562 0.296875

0.96875 0.304688
0.976562 0.304688
0.976562 0.3125
0.96875 0.3125
0.96875 0.304688

0.976562 0.304688
0.984375 0.304688
0.984375 0.3125
0.976562 0.3125
0.976562 0.304688

0.796875 0.25
0.804688 0.25
0.804688 0.257812
0.796875 0.257812
0.796875 0.25

0.804688 0.25
0.8125 0.25
0.8125 0.257812
0.804688 0.257812
0.804688 0.25

0.796875 0.257812
0.804688 0.257812
0.804688 0.265625
0.796875 0.265625
0.796875 0.257812

0.804688 0.257812
0.8125 0.257812
0.8125 0.265625
0.804688 0.265625
0.804688 0.257812

0.75 0.265625
0.757812 0.265625
0.757812 0.273438
0.75 0.273438
0.75 0.265625

0.757812 0.265625
0.765625 0.265625
0.765625 0.273438
0.757812 0.273438
0.757812 0.265625

0.75 0.273438
0.757812 0.273438
0.757812 0.28125
0.75 0.28125
0.75 0.273438

0.757812 0.273438
0.765625 0.273438
0.765625 0.28125
0.757812 0.28125
0.757812 0.273438

0.765625 0.265625
0.773438 0.265625
0.773438 0.273438
0.765625 0.273438
0.765625 0.265625

0.773438 0.265625
0.78125 0.265625
0.78125 0.273438
0.773438 0.273438
0.773438 0.265625

0.765625 0.273438
0.773438 0.273438
0.773438 0.28125
0.765625 0.28125
0.765625 0.273438

0.773438 0.273438
0.78125 0.273438
0.78125 0.28125
0.773438 0.28125
0.773438 0.273438

0.8125 0.21875
0.820312 0.21875
0.820312 0.226562
0.8125 0.226562
0.8125 0.21875

0.820312 0.21875
0.828125 0.21875
0.828125 0.226562
0.820312 0.226562
0.820312 0.21875

0.8125 0.226562
0.820312 0.226562
0.820312 0.234375
0.8125 0.234375
0.8125 0.226562

0.820312 0.226562
0.828125 0.226562
0.828125 0.234375
0.820312 0.234375
0.820312 0.226562

0.765625 0.21875
0.773438 0.21875
0.773438 0.226562
0.765625 0.226562
0.765625 0.21875

0.773438 0.21875
0.78125 0.21875
0.78125 0.226562
0.773438 0.226562
0.773438 0.21875

0.765625 0.226562
0.773438 0.226562
0.773438 0.234375
0.765625 0.234375
0.765625 0.226562

0.773438 0.226562
0.78125 0.226562
0.78125 0.234375
0.773438 0.234375
0.773438 0.226562

0 -1
0.25 -1
0.25 -0.75
0 -0.75
0 -1

0.25 -1
0.5 -1
0.5 -0.75
0.25 -0.75
0.25 -1

0 -0.75
0.25 -0.75
0.25 -0.5
0 -0.5
0 -0.75

0.25 -0.75
0.5 -0.75
0.5 -0.5
0.25 -0.5
0.25 -0.75

0.25 0.25
0.3125 0.25
0.3125 0.3125
0.25 0.3125
0.25 0.25

0.3125 0.25
0.375 0.25
0.375 0.3125
0.3125 0.3125
0.3125 0.25

0.25 0.3125
0.3125 0.3125
0.3125 0.375
0.25 0.375
0.25 0.3125

0.3125 0.3125
0.375 0.3125
0.375 0.375
0.3125 0.375
0.3125 0.3125

0.8125 0.25
0.820312 0.25
0.820312 0.257812
0.8125 0.257812
0.8125 0.25

0.820312 0.25
0.828125 0.25
0.828125 0.257812
0.820312 0.257812
0.820312 0.25

0.8125 0.257812
0.820312 0.257812
0.820312 0.265625
0.8125 0.265625
0.8125 0.257812

0.820312 0.257812
0.828125 0.257812
0.828125 0.265625
0.820312 0.265625
0.820312 0.257812

0.765625 0.25
0.773438 0.25
0.773438 0.257812
0.765625 0.257812
0.765625 0.25

0.773438 0.25
0.78125 0.25
0.78125 0.257812
0.773438 0.257812
0.773438 0.25

0.765625 0.257812
0.773438 0.257812
0.773438 0.265625
0.765625 0.265625
0.765625 0.257812

0.773438 0.257812
0.78125 0.257812
0.78125 0.265625
0.773438 0.265625
0.773438 0.257812

1 -0.125
1.0625 -0.125
1.0625 -0.0625
1 -0.0625
1 -0.125

1.0625 -0.125
1.125 -0.125
1.125 -0.0625
1.0625 -0.0625
1.0625 -0.125

1 -0.0625
1.0625 -0.0625
1.0625 0
1 0
1 -0.0625

1.0625 -0.0625
1.125 -0.0625
1.125 0
1.0625 0
1.0625 -0.0625

0.6875 0.0625
0.71875 0.0625
0.71875 0.09375
0.6875 0.09375
0.6875 0.0625

0.71875 0.0625
0.75 0.0625
0.75 0.09375
0.71875 0.09375
0.71875 0.0625

0.6875 0.09375
0.71875 0.09375
0.71875 0.125
0.6875 0.125
0.6875 0.09375

0.71875 0.09375
0.75 0.09375
0.75 0.125
0.71875 0.125
0.71875 0.09375

0.90625 0.296875
0.914062 0.296875
0.914062 0.304688
0.90625 0.304688
0.90625 0.296875

0.914062 0.296875
0.921875 0.296875
0.921875 0.304688
0.914062 0.304688
0.914062 0.296875

0.90625 0.304688
0.914062 0.304688
0.914062 0.3125
0.90625 0.3125
0.90625 0.304688

0.914062 0.304688
0.921875 0.304688
0.921875 0.3125
0.914062 0.3125
0.914062 0.304688

0.78125 0.234375
0.789062 0.234375
0.789062 0.242188
0.78125 0.242188
0.78125 0.234375

0.789062 0.234375
0.796875 0.234375
0.796875 0.242188
0.789062 0.242188
0.789062 0.234375

0.78125 0.242188
0.789062 0.242188
0.789062 0.25
0.78125 0.25
0.78125 0.242188

0.789062 0.242188
0.796875 0.242188
0.796875 0.25
0.789062 0.25
0.789062 0.242188

0.625 0.1875
0.65625 0.1875
0.65625 0.21875
0.625 0.21875
0.625 0.1875

0.65625 0.1875
0.6875 0.1875
0.6875 0.21875
0.65625 0.21875
0.65625 0.1875

0.625 0.21875
0.65625 0.21875
0.65625 0.25
0.625 0.25
0.625 0.21875

0.65625 0.21875
0.6875 0.21875
0.6875 0.25
0.65625 0.25
0.65625 0.21875

2 0.5
2.25 0.5
2.25 0.75
2 0.75
2 0.5

2.25 0.5
2.5 0.5
2.5 0.75
2.25 0.75
2.25 0.5

2 0.75
2.25 0.75
2.25 1
2 1
2 0.75

2.25 0.75
2.5 0.75
2.5 1
2.25 1
2.25 0.75

0.953125 0.328125
0.960938 0.328125
0.960938 0.335938
0.953125 0.335938
0.953125 0.328125

0.960938 0.328125
0.96875 0.328125
0.96875 0.335938
0.960938 0.335938
0.960938 0.328125

0.953125 0.335938
0.960938 0.335938
0.960938 0.34375
0.953125 0.34375
0.953125 0.335938

0.960938 0.335938
0.96875 0.335938
0.96875 0.34375
0.960938 0.34375
0.960938 0.335938

0.921875 0.359375
0.929688 0.359375
0.929688 0.367188
0.921875 0.367188
0.921875 0.359375

0.929688 0.359375
0.9375 0.359375
0.9375 0.367188
0.929688 0.367188
0.929688 0.359375

0.921875 0.367188
0.929688 0.367188
0.929688 0.375
0.921875 0.375
0.921875 0.367188

0.929688 0.367188
0.9375 0.367188
0.9375 0.375
0.929688 0.375
0.929688 0.367188

0.96875 0.1875
1 0.1875
1 0.21875
0.96875 0.21875
0.96875 0.1875

0.875 -0.25
0.9375 -0.25
0.9375 -0.1875
0.875 -0.1875
0.875 -0.25

0.9375 -0.25
1 -0.25
1 -0.1875
0.9375 -0.1875
0.9375 -0.25

0.875 -0.1875
0.9375 -0.1875
0.9375 -0.125
0.875 -0.125
0.875 -0.1875

0.9375 -0.1875
1 -0.1875
1 -0.125
0.9375 -0.125
0.9375 -0.1875

0.5 0
0.5625 0
0.5625 0.0625
0.5 0.0625
0.5 0

0.5625 0
0.625 0
0.625 0.0625
0.5625 0.0625
0.5625 0

0.5 0.0625
0.5625 0.0625
0.5625 0.125
0.5 0.125
0.5 0.0625

0.5625 0.0625
0.625 0.0625
0.625 0.125
0.5625 0.125
0.5625 0.0625

1.5 -1
1.75 -1
1.75 -0.75
1.5 -0.75
1.5 -1

1.75 -1
2 -1
2 -0.75
1.75 -0.75
1.75 -1

1.5 -0.75
1.75 -0.75
1.75 -0.5
1.5 -0.5
1.5 -0.75

1.75 -0.75
2 -0.75
2 -0.5
1.75 -0.5
1.75 -0.75

0.9375 0.3125
0.945312 0.3125
0.945312 0.320312
0.9375 0.320312
0.9375 0.3125

0.945312 0.3125
0.953125 0.3125
0.953125 0.320312
0.945312 0.320312
0.945312 0.3125

0.9375 0.320312
0.945312 0.320312
0.945312 0.328125
0.9375 0.328125
0.9375 0.320312

0.945312 0.320312
0.953125 0.320312
0.953125 0.328125
0.945312 0.328125
0.945312 0.320312

1.0625 0.4375
1.125 0.4375
1.125 0.5
1.0625 0.5
1.0625 0.4375

0.625 0.375
0.65625 0.375
0.65625 0.40625
0.625 0.40625
0.625 0.375

0.65625 0.375
0.6875 0.375
0.6875 0.40625
0.65625 0.40625
0.65625 0.375

0.625 0.40625
0.65625 0.40625
0.65625 0.4375
0.625 0.4375
0.625 0.40625

0.65625 0.40625
0.6875 0.40625
0.6875 0.4375
0.65625 0.4375
0.65625 0.40625

0.875 0.25
0.890625 0.25
0.890625 0.265625
0.875 0.265625
0.875 0.25

0.890625 0.25
0.90625 0.25
0.90625 0.265625
0.890625 0.265625
0.890625 0.25

0.875 0.265625
0.890625 0.265625
0.890625 0.28125
0.875 0.28125
0.875 0.265625

0.890625 0.265625
0.90625 0.265625
0.90625 0.28125
0.890625 0.28125
0.890625 0.265625

0.921875 0.328125
0.929688 0.328125
0.929688 0.335938
0.921875 0.335938
0.921875 0.328125

0.929688 0.328125
0.9375 0.328125
0.9375 0.335938
0.929688 0.335938
0.929688 0.328125

0.921875 0.335938
0.929688 0.335938
0.929688 0.34375
0.921875 0.34375
0.921875 0.335938

0.929688 0.335938
0.9375 0.335938
0.9375 0.34375
0.929688 0.34375
0.929688 0.335938

1 0.5
1.0625 0.5
1.0625 0.5625
1 0.5625
1 0.5

1.0625 0.5
1.125 0.5
1.125 0.5625
1.0625 0.5625
1.0625 0.5

1 0.5625
1.0625 0.5625
1.0625 0.625
1 0.625
1 0.5625

1.0625 0.5625
1.125 0.5625
1.125 0.625
1.0625 0.625
1.0625 0.5625

0.90625 0.3125
0.914062 0.3125
0.914062 0.320312
0.90625 0.320312
0.90625 0.3125

0.914062 0.3125
0.921875 0.3125
0.921875 0.320312
0.914062 0.320312
0.914062 0.3125

0.90625 0.320312
0.914062 0.320312
0.914062 0.328125
0.90625 0.328125
0.90625 0.320312

0.914062 0.320312
0.921875 0.320312
0.921875 0.328125
0.914062 0.328125
0.914062 0.320312

2.5 -0.5
2.75 -0.5
2.75 -0.25
2.5 -0.25
2.5 -0.5

2.75 -0.5
3 -0.5
3 -0.25
2.75 -0.25
2.75 -0.5

2.5 -0.25
2.75 -0.25
2.75 0
2.5 0
2.5 -0.25

2.75 -0.25
3 -0.25
3 0
2.75 0
2.75 -0.25

0.90625 0.34375
0.914062 0.34375
0.914062 0.351562
0.90625 0.351562
0.90625 0.34375

0.914062 0.34375
0.921875 0.34375
0.921875 0.351562
0.914062 0.351562
0.914062 0.34375

0.90625 0.351562
0.914062 0.351562
0.914062 0.359375
0.90625 0.359375
0.90625 0.351562

0.914062 0.351562
0.921875 0.351562
0.921875 0.359375
0.914062 0.359375
0.914062 0.351562

1 0.25
1.01562 0.25
1.01562 0.265625
1 0.265625
1 0.25

1.01562 0.25
1.03125 0.25
1.03125 0.265625
1.01562 0.265625
1.01562 0.25

1 0.265625
1.01562 0.265625
1.01562 0.28125
1 0.28125
1 0.265625

1.01562 0.265625
1.03125 0.265625
1.03125 0.28125
1.01562 0.28125
1.01562 0.265625

1 0.34375
1.01562 0.34375
1.01562 0.359375
1 0.359375
1 0.34375

1.01562 0.34375
1.03125 0.34375
1.03125 0.359375
1.01562 0.359375
1.01562 0.34375

1 0.359375
1.01562 0.359375
1.01562 0.375
1 0.375
1 0.359375

1.01562 0.359375
1.03125 0.359375
1.03125 0.375
1.01562 0.375
1.01562 0.359375

0.71875 0.25
0.734375 0.25
0.734375 0.265625
0.71875 0.265625
0.71875 0.25

0.734375 0.25
0.75 0.25
0.75 0.265625
0.734375 0.265625
0.734375 0.25

0.71875 0.265625
0.734375 0.265625
0.734375 0.28125
0.71875 0.28125
0.71875 0.265625

0.734375 0.265625
0.75 0.265625
0.75 0.28125
0.734375 0.28125
0.734375 0.265625

0.5 -1
0.75 -1
0.75 -0.75
0.5 -0.75
0.5 -1

0.75 -1
1 -1
1 -0.75
0.75 -0.75
0.75 -1

0.6875 0.3125
0.71875 0.3125
0.71875 0.34375
0.6875 0.34375
0.6875 0.3125

0.6875 0.34375
0.71875 0.34375
0.71875 0.375
0.6875 0.375
0.6875 0.34375

0.71875 0.34375
0.75 0.34375
0.75 0.375
0.71875 0.375
0.71875 0.34375

0.796875 0.296875
0.8125 0.296875
0.8125 0.3125
0.796875 0.3125
0.796875 0.296875

0.75 0.4375
0.78125 0.4375
0.78125 0.46875
0.75 0.46875
0.75 0.4375

0.78125 0.4375
0.8125 0.4375
0.8125 0.46875
0.78125 0.46875
0.78125 0.4375

0.75 0.46875
0.78125 0.46875
0.78125 0.5
0.75 0.5
0.75 0.46875

0.78125 0.46875
0.8125 0.46875
0.8125 0.5
0.78125 0.5
0.78125 0.46875

1.5 1
1.75 1
1.75 1.25
1.5 1.25
1.5 1

1.75 1
2 1
2 1.25
1.75 1.25
1.75 1

1.5 1.25
1.75 1.25
1.75 1.5
1.5 1.5
1.5 1.25

1.75 1.25
2 1.25
2 1.5
1.75 1.5
1.75 1.25

2 2
2.5 2
2.5 2.5
2 2.5
2 2

2.5 2
3 2
3 2.5
2.5 2.5
2.5 2

2 2.5
2.5 2.5
2.5 3
2 3
2 2.5

2.5 2.5
3 2.5
3 3
2.5 3
2.5 2.5

2.5 1
3 1
3 1.5
2.5 1.5
2.5 1

2 1.5
2.5 1.5
2.5 2
2 2
2 1.5

2.5 1.5
3 1.5
3 2
2.5 2
2.5 1.5

0.84375 0.1875
0.859375 0.1875
0.859375 0.203125
0.84375 0.203125
0.84375 0.1875

0.859375 0.1875
0.875 0.1875
0.875 0.203125
0.859375 0.203125
0.859375 0.1875

0.84375 0.203125
0.859375 0.203125
0.859375 0.21875
0.84375 0.21875
0.84375 0.203125

0.859375 0.203125
0.875 0.203125
0.875 0.21875
0.859375 0.21875
0.859375 0.203125

0.5625 0.3125
0.59375 0.3125
0.59375 0.34375
0.5625 0.34375
0.5625 0.3125

0.59375 0.3125
0.625 0.3125
0.625 0.34375
0.59375 0.34375
0.59375 0.3125

0.5625 0.34375
0.59375 0.34375
0.59375 0.375
0.5625 0.375
0.5625 0.34375

0.59375 0.34375
0.625 0.34375
0.625 0.375
0.59375 0.375
0.59375 0.34375

0.875 0.5625
0.9375 0.5625
0.9375 0.625
0.875 0.625
0.875 0.5625

0.9375 0.5625
1 0.5625
1 0.625
0.9375 0.625
0.9375 0.5625

0.921875 0.28125
0.929688 0.28125
0.929688 0.289062
0.921875 0.289062
0.921875 0.28125

0.929688 0.28125
0.9375 0.28125
0.9375 0.289062
0.929688 0.289062
0.929688 0.28125

0.921875 0.289062
0.929688 0.289062
0.929688 0.296875
0.921875 0.296875
0.921875 0.289062

0.929688 0.289062
0.9375 0.289062
0.9375 0.296875
0.929688 0.296875
0.929688 0.289062

0.90625 0.328125
0.914062 0.328125
0.914062 0.335938
0.90625 0.335938
0.90625 0.328125

0.914062 0.328125
0.921875 0.328125
0.921875 0.335938
0.914062 0.335938
0.914062 0.328125

0.90625 0.335938
0.914062 0.335938
0.914062 0.34375
0.90625 0.34375
0.90625 0.335938

0.914062 0.335938
0.921875 0.335938
0.921875 0.34375
0.914062 0.34375
0.914062 0.335938

0.625 0.25
0.65625 0.25
0.65625 0.28125
0.625 0.28125
0.625 0.25

0.65625 0.25
0.6875 0.25
0.6875 0.28125
0.65625 0.28125
0.65625 0.25

0.625 0.28125
0.65625 0.28125
0.65625 0.3125
0.625 0.3125
0.625 0.28125

0.65625 0.28125
0.6875 0.28125
0.6875 0.3125
0.65625 0.3125
0.65625 0.28125

0.75 1.25
0.875 1.25
0.875 1.375
0.75 1.375
0.75 1.25

0.875 1.25
1 1.25
1 1.375
0.875 1.375
0.875 1.25

0.75 1.375
0.875 1.375
0.875 1.5
0.75 1.5
0.75 1.375

0.875 1.375
1 1.375
1 1.5
0.875 1.5
0.875 1.375

0.96875 0.28125
0.984375 0.28125
0.984375 0.296875
0.96875 0.296875
0.96875 0.28125

0.984375 0.28125
1 0.28125
1 0.296875
0.984375 0.296875
0.984375 0.28125

0.984375 0.296875
1 0.296875
1 0.3125
0.984375 0.3125
0.984375 0.296875

0.75 0.21875
0.765625 0.21875
0.765625 0.234375
0.75 0.234375
0.75 0.21875

0.75 0.234375
0.765625 0.234375
0.765625 0.25
0.75 0.25
0.75 0.234375

0 -0.25
0.125 -0.25
0.125 -0.125
0 -0.125
0 -0.25

0.125 -0.25
0.25 -0.25
0.25 -0.125
0.125 -0.125
0.125 -0.25

0 -0.125
0.125 -0.125
0.125 0
0 0
0 -0.125

0.125 -0.125
0.25 -0.125
0.25 0
0.125 0
0.125 -0.125

1.75 0.25
1.875 0.25
1.875 0.375
1.75 0.375
1.75 0.25

1.875 0.25
2 0.25
2 0.375
1.875 0.375
1.875 0.25

1.75 0.375
1.875 0.375
1.875 0.5
1.75 0.5
1.75 0.375

1.875 0.375
2 0.375
2 0.5
1.875 0.5
1.875 0.375

0.8125 0.375
0.84375 0.375
0.84375 0.40625
0.8125 0.40625
0.8125 0.375

0.84375 0.375
0.875 0.375
0.875 0.40625
0.84375 0.40625
0.84375 0.375

0.8125 0.40625
0.84375 0.40625
0.84375 0.4375
0.8125 0.4375
0.8125 0.40625

0.84375 0.40625
0.875 0.40625
0.875 0.4375
0.84375 0.4375
0.84375 0.40625

0.8125 0.4375
0.84375 0.4375
0.84375 0.46875
0.8125 0.46875
0.8125 0.4375

0.84375 0.4375
0.875 0.4375
0.875 0.46875
0.84375 0.46875
0.84375 0.4375

0.8125 0.46875
0.84375 0.46875
0.84375 0.5
0.8125 0.5
0.8125 0.46875

0.84375 0.46875
0.875 0.46875
0.875 0.5
0.84375 0.5
0.84375 0.46875

0.25 -0.5
0.375 -0.5
0.375 -0.375
0.25 -0.375
0.25 -0.5

0.375 -0.5
0.5 -0.5
0.5 -0.375
0.375 -0.375
0.375 -0.5

0.25 -0.375
0.375 -0.375
0.375 -0.25
0.25 -0.25
0.25 -0.375

0.375 -0.375
0.5 -0.375
0.5 -0.25
0.375 -0.25
0.375 -0.375

2 1
2.25 1
2.25 1.25
2 1.25
2 1

2.25 1
2.5 1
2.5 1.25
2.25 1.25
2.25 1

2 1.25
2.25 1.25
2.25 1.5
2 1.5
2 1.25

2.25 1.25
2.5 1.25
2.5 1.5
2.25 1.5
2.25 1.25

0.78125 0.1875
0.796875 0.1875
0.796875 0.203125
0.78125 0.203125
0.78125 0.1875

0.796875 0.1875
0.8125 0.1875
0.8125 0.203125
0.796875 0.203125
0.796875 0.1875

1.5 0.25
1.625 0.25
1.625 0.375
1.5 0.375
1.5 0.25

1.625 0.25
1.75 0.25
1.75 0.375
1.625 0.375
1.625 0.25

1.5 0.375
1.625 0.375
1.625 0.5
1.5 0.5
1.5 0.375

1.625 0.375
1.75 0.375
1.75 0.5
1.625 0.5
1.625 0.375

0.75 -0.75
0.875 -0.75
0.875 -0.625
0.75 -0.625
0.75 -0.75

0.875 -0.75
1 -0.75
1 -0.625
0.875 -0.625
0.875 -0.75

0.75 -0.625
0.875 -0.625
0.875 -0.5
0.75 -0.5
0.75 -0.625

0.875 -0.625
1 -0.625
1 -0.5
0.875 -0.5
0.875 -0.625

0.875 0.4375
0.90625 0.4375
0.90625 0.46875
0.875 0.46875
0.875 0.4375

0.90625 0.4375
0.9375 0.4375
0.9375 0.46875
0.90625 0.46875
0.90625 0.4375

0.875 0.46875
0.90625 0.46875
0.90625 0.5
0.875 0.5
0.875 0.46875

0.90625 0.46875
0.9375 0.46875
0.9375 0.5
0.90625 0.5
0.90625 0.46875

0.8125 0.265625
0.820312 0.265625
0.820312 0.273438
0.8125 0.273438
0.8125 0.265625

0.820312 0.265625
0.828125 0.265625
0.828125 0.273438
0.820312 0.273438
0.820312 0.265625

0.8125 0.273438
0.820312 0.273438
0.820312 0.28125
0.8125 0.28125
0.8125 0.273438

0.820312 0.273438
0.828125 0.273438
0.828125 0.28125
0.820312 0.28125
0.820312 0.273438

0.921875 0.296875
0.929688 0.296875
0.929688 0.304688
0.921875 0.304688
0.921875 0.296875

0.929688 0.296875
0.9375 0.296875
0.9375 0.304688
0.929688 0.304688
0.929688 0.296875

0.921875 0.304688
0.929688 0.304688
0.929688 0.3125
0.921875 0.3125
0.921875 0.304688

0.929688 0.304688
0.9375 0.304688
0.9375 0.3125
0.929688 0.3125
0.929688 0.304688

0.375 0
0.4375 0
0.4375 0.0625
0.375 0.0625
0.375 0

0.4375 0
0.5 0
0.5 0.0625
0.4375 0.0625
0.4375 0

0.375 0.0625
0.4375 0.0625
0.4375 0.125
0.375 0.125
0.375 0.0625

0.4375 0.0625
0.5 0.0625
0.5 0.125
0.4375 0.125
0.4375 0.0625

0.765625 0.234375
0.773438 0.234375
0.773438 0.242188
0.765625 0.242188
0.765625 0.234375

0.773438 0.234375
0.78125 0.234375
0.78125 0.242188
0.773438 0.242188
0.773438 0.234375

0.765625 0.242188
0.773438 0.242188
0.773438 0.25
0.765625 0.25
0.765625 0.242188

0.773438 0.242188
0.78125 0.242188
0.78125 0.25
0.773438 0.25
0.773438 0.242188

0.921875 0.34375
0.929688 0.34375
0.929688 0.351562
0.921875 0.351562
0.921875 0.34375

0.929688 0.34375
0.9375 0.34375
0.9375 0.351562
0.929688 0.351562
0.929688 0.34375

0.921875 0.351562
0.929688 0.351562
0.929688 0.359375
0.921875 0.359375
0.921875 0.351562

0.929688 0.351562
0.9375 0.351562
0.9375 0.359375
0.929688 0.359375
0.929688 0.351562

0.625 0
0.6875 0
0.6875 0.0625
0.625 0.0625
0.625 0

0.6875 0
0.75 0
0.75 0.0625
0.6875 0.0625
0.6875 0

0.625 0.0625
0.6875 0.0625
0.6875 0.125
0.625 0.125
0.625 0.0625

0.875 0.0625
0.90625 0.0625
0.90625 0.09375
0.875 0.09375
0.875 0.0625

0.90625 0.0625
0.9375 0.0625
0.9375 0.09375
0.90625 0.09375
0.90625 0.0625

0.875 0.09375
0.90625 0.09375
0.90625 0.125
0.875 0.125
0.875 0.09375

0.90625 0.09375
0.9375 0.09375
0.9375 0.125
0.90625 0.125
0.90625 0.09375

1.1875 0.25
1.25 0.25
1.25 0.3125
1.1875 0.3125
1.1875 0.25

1.1875 0.3125
1.25 0.3125
1.25 0.375
1.1875 0.375
1.1875 0.3125

0.8125 0
0.84375 0
0.84375 0.03125
0.8125 0.03125
0.8125 0

0.84375 0
0.875 0
0.875 0.03125
0.84375 0.03125
0.84375 0

0.8125 0.03125
0.84375 0.03125
0.84375 0.0625
0.8125 0.0625
0.8125 0.03125

0.84375 0.03125
0.875 0.03125
0.875 0.0625
0.84375 0.0625
0.84375 0.03125

1 0.1875
1.03125 0.1875
1.03125 0.21875
1 0.21875
1 0.1875

1.03125 0.1875
1.0625 0.1875
1.0625 0.21875
1.03125 0.21875
1.03125 0.1875

1 0.21875
1.03125 0.21875
1.03125 0.25
1 0.25
1 0.21875

1.03125 0.21875
1.0625 0.21875
1.0625 0.25
1.03125 0.25
1.03125 0.21875

0.875 0.34375
0.890625 0.34375
0.890625 0.359375
0.875 0.359375
0.875 0.34375

0.890625 0.34375
0.90625 0.34375
0.90625 0.359375
0.890625 0.359375
0.890625 0.34375

0.875 0.359375
0.890625 0.359375
0.890625 0.375
0.875 0.375
0.875 0.359375

0.890625 0.359375
0.90625 0.359375
0.90625 0.375
0.890625 0.375
0.890625 0.359375

0.8125 0.1875
0.828125 0.1875
0.828125 0.203125
0.8125 0.203125
0.8125 0.1875

0.828125 0.1875
0.84375 0.1875
0.84375 0.203125
0.828125 0.203125
0.828125 0.1875

0.8125 0.203125
0.828125 0.203125
0.828125 0.21875
0.8125 0.21875
0.8125 0.203125

0.828125 0.203125
0.84375 0.203125
0.84375 0.21875
0.828125 0.21875
0.828125 0.203125

1.5 0
1.625 0
1.625 0.125
1.5 0.125
1.5 0

1.625 0
1.75 0
1.75 0.125
1.625 0.125
1.625 0

1.5 0.125
1.625 0.125
1.625 0.25
1.5 0.25
1.5 0.125

1.625 0.125
1.75 0.125
1.75 0.25
1.625 0.25
1.625 0.125

1 -0.75
1.125 -0.75
1.125 -0.625
1 -0.625
1 -0.75

1.125 -0.75
1.25 -0.75
1.25 -0.625
1.125 -0.625
1.125 -0.75

1 -0.625
1.125 -0.625
1.125 -0.5
1 -0.5
1 -0.625

1.125 -0.625
1.25 -0.625
1.25 -0.5
1.125 -0.5
1.125 -0.625

2.5 -1
3 -1
3 -0.5
2.5 -0.5
2.5 -1

0.5 0.125
0.5625 0.125
0.5625 0.1875
0.5 0.1875
0.5 0.125

0.5625 0.125
0.625 0.125
0.625 0.1875
0.5625 0.1875
0.5625 0.125

0.5 0.1875
0.5625 0.1875
0.5625 0.25
0.5 0.25
0.5 0.1875

-0.25 0
-0.125 0
-0.125 0.125
-0.25 0.125
-0.25 0

-0.125 0
0 0
0 0.125
-0.125 0.125
-0.125 0

-0.25 0.125
-0.125 0.125
-0.125 0.25
-0.25 0.25
-0.25 0.125

-0.125 0.125
0 0.125
0 0.25
-0.125 0.25
-0.125 0.125

0.5625 0.1875
0.59375 0.1875
0.59375 0.21875
0.5625 0.21875
0.5625 0.1875

0.59375 0.1875
0.625 0.1875
0.625 0.21875
0.59375 0.21875
0.59375 0.1875

0.5625 0.21875
0.59375 0.21875
0.59375 0.25
0.5625 0.25
0.5625 0.21875

0.59375 0.21875
0.625 0.21875
0.625 0.25
0.59375 0.25
0.59375 0.21875

0.6875 0.375
0.71875 0.375
0.71875 0.40625
0.6875 0.40625
0.6875 0.375

0.71875 0.375
0.75 0.375
0.75 0.40625
0.71875 0.40625
0.71875 0.375

0.6875 0.40625
0.71875 0.40625
0.71875 0.4375
0.6875 0.4375
0.6875 0.40625

0.71875 0.40625
0.75 0.40625
0.75 0.4375
0.71875 0.4375
0.71875 0.40625

1.25 -0.25
1.375 -0.25
1.375 -0.125
1.25 -0.125
1.25 -0.25

1.375 -0.25
1.5 -0.25
1.5 -0.125
1.375 -0.125
1.375 -0.25

1.25 -0.125
1.375 -0.125
1.375 0
1.25 0
1.25 -0.125

1.375 -0.125
1.5 -0.125
1.5 0
1.375 0
1.375 -0.125

0.96875 0.40625
1 0.40625
1 0.4375
0.96875 0.4375
0.96875 0.40625

0.75 0.3125
0.765625 0.3125
0.765625 0.328125
0.75 0.328125
0.75 0.3125

0.765625 0.3125
0.78125 0.3125
0.78125 0.328125
0.765625 0.328125
0.765625 0.3125

0.75 0.328125
0.765625 0.328125
0.765625 0.34375
0.75 0.34375
0.75 0.328125

0.765625 0.328125
0.78125 0.328125
0.78125 0.34375
0.765625 0.34375
0.765625 0.328125

0 0
0.125 0
0.125 0.125
0 0.125
0 0

0.125 0
0.25 0
0.25 0.125
0.125 0.125
0.125 0

0 0.125
0.125 0.125
0.125 0.25
0 0.25
0 0.125

0.125 0.125
0.25 0.125
0.25 0.25
0.125 0.25
0.125 0.125

1.75 0.5
2 0.5
2 0.75
1.75 0.75
1.75 0.5

1.5 0.75
1.75 0.75
1.75 1
1.5 1
1.5 0.75

1.75 0.75
2 0.75
2 1
1.75 1
1.75 0.75

1 0.4375
1.03125 0.4375
1.03125 0.46875
1 0.46875
1 0.4375

1.03125 0.4375
1.0625 0.4375
1.0625 0.46875
1.03125 0.46875
1.03125 0.4375

1 0.46875
1.03125 0.46875
1.03125 0.5
1 0.5
1 0.46875

1.03125 0.46875
1.0625 0.46875
1.0625 0.5
1.03125 0.5
1.03125 0.46875

0.5 -0.125
0.5625 -0.125
0.5625 -0.0625
0.5 -0.0625
0.5 -0.125

0.5625 -0.125
0.625 -0.125
0.625 -0.0625
0.5625 -0.0625
0.5625 -0.125

0.5 -0.0625
0.5625 -0.0625
0.5625 0
0.5 0
0.5 -0.0625

0.5625 -0.0625
0.625 -0.0625
0.625 0
0.5625 0
0.5625 -0.0625

0.78125 0.3125
0.796875 0.3125
0.796875 0.328125
0.78125 0.328125
0.78125 0.3125

0.796875 0.3125
0.8125 0.3125
0.8125 0.328125
0.796875 0.328125
0.796875 0.3125

0.78125 0.328125
0.796875 0.328125
0.796875 0.34375
0.78125 0.34375
0.78125 0.328125

0.796875 0.328125
0.8125 0.328125
0.8125 0.34375
0.796875 0.34375
0.796875 0.328125

2.5 0.5
2.75 0.5
2.75 0.75
2.5 0.75
2.5 0.5

2.75 0.5
3 0.5
3 0.75
2.75 0.75
2.75 0.5

2.5 0.75
2.75 0.75
2.75 1
2.5 1
2.5 0.75

2.75 0.75
3 0.75
3 1
2.75 1
2.75 0.75

1.125 0.5
1.1875 0.5
1.1875 0.5625
1.125 0.5625
1.125 0.5

1.1875 0.5
1.25 0.5
1.25 0.5625
1.1875 0.5625
1.1875 0.5

1.125 0.5625
1.1875 0.5625
1.1875 0.625
1.125 0.625
1.125 0.5625

1.1875 0.5625
1.25 0.5625
1.25 0.625
1.1875 0.625
1.1875 0.5625

1 0
1.0625 0
1.0625 0.0625
1 0.0625
1 0

1.0625 0
1.125 0
1.125 0.0625
1.0625 0.0625
1.0625 0

1 0.0625
1.0625 0.0625
1.0625 0.125
1 0.125
1 0.0625

1.0625 0.0625
1.125 0.0625
1.125 0.125
1.0625 0.125
1.0625 0.0625

0.96875 0.21875
0.984375 0.21875
0.984375 0.234375
0.96875 0.234375
0.96875 0.21875

0.984375 0.21875
1 0.21875
1 0.234375
0.984375 0.234375
0.984375 0.21875

0.96875 0.234375
0.984375 0.234375
0.984375 0.25
0.96875 0.25
0.96875 0.234375

0.984375 0.234375
1 0.234375
1 0.25
0.984375 0.25
0.984375 0.234375

0.75 0.28125
0.765625 0.28125
0.765625 0.296875
0.75 0.296875
0.75 0.28125

0.75 0.296875
0.765625 0.296875
0.765625 0.3125
0.75 0.3125
0.75 0.296875

0.765625 0.296875
0.78125 0.296875
0.78125 0.3125
0.765625 0.3125
0.765625 0.296875

0.9375 0.375
0.953125 0.375
0.953125 0.390625
0.9375 0.390625
0.9375 0.375

0.953125 0.375
0.96875 0.375
0.96875 0.390625
0.953125 0.390625
0.953125 0.375

0.9375 0.390625
0.953125 0.390625
0.953125 0.40625
0.9375 0.40625
0.9375 0.390625

0.953125 0.390625
0.96875 0.390625
0.96875 0.40625
0.953125 0.40625
0.953125 0.390625

0.6875 0.4375
0.71875 0.4375
0.71875 0.46875
0.6875 0.46875
0.6875 0.4375

0.71875 0.4375
0.75 0.4375
0.75 0.46875
0.71875 0.46875
0.71875 0.4375

0.6875 0.46875
0.71875 0.46875
0.71875 0.5
0.6875 0.5
0.6875 0.46875

0.71875 0.46875
0.75 0.46875
0.75 0.5
0.71875 0.5
0.71875 0.46875

0.6875 0.125
0.71875 0.125
0.71875 0.15625
0.6875 0.15625
0.6875 0.125

0.71875 0.125
0.75 0.125
0.75 0.15625
0.71875 0.15625
0.71875 0.125

0.6875 0.15625
0.71875 0.15625
0.71875 0.1875
0.6875 0.1875
0.6875 0.15625

0.71875 0.15625
0.75 0.15625
0.75 0.1875
0.71875 0.1875
0.71875 0.15625

0.9375 0.125
0.96875 0.125
0.96875 0.15625
0.9375 0.15625
0.9375 0.125

0.96875 0.125
1 0.125
1 0.15625
0.96875 0.15625
0.96875 0.125

0.9375 0.15625
0.96875 0.15625
0.96875 0.1875
0.9375 0.1875
0.9375 0.15625

0.96875 0.15625
1 0.15625
1 0.1875
0.96875 0.1875
0.96875 0.15625

0.6875 0.28125
0.703125 0.28125
0.703125 0.296875
0.6875 0.296875
0.6875 0.28125

0.703125 0.28125
0.71875 0.28125
0.71875 0.296875
0.703125 0.296875
0.703125 0.28125

0.6875 0.296875
0.703125 0.296875
0.703125 0.3125
0.6875 0.3125
0.6875 0.296875

0.703125 0.296875
0.71875 0.296875
0.71875 0.3125
0.703125 0.3125
0.703125 0.296875

0.90625 0.375
0.921875 0.375
0.921875 0.390625
0.90625 0.390625
0.90625 0.375

0.921875 0.375
0.9375 0.375
0.9375 0.390625
0.921875 0.390625
0.921875 0.375

0.90625 0.390625
0.921875 0.390625
0.921875 0.40625
0.90625 0.40625
0.90625 0.390625

0.921875 0.390625
0.9375 0.390625
0.9375 0.40625
0.921875 0.40625
0.921875 0.390625

0.8125 0.15625
0.828125 0.15625
0.828125 0.171875
0.8125 0.171875
0.8125 0.15625

0.828125 0.15625
0.84375 0.15625
0.84375 0.171875
0.828125 0.171875
0.828125 0.15625

0.8125 0.171875
0.828125 0.171875
0.828125 0.1875
0.8125 0.1875
0.8125 0.171875

0.828125 0.171875
0.84375 0.171875
0.84375 0.1875
0.828125 0.1875
0.828125 0.171875

0.875 0.1875
0.90625 0.1875
0.90625 0.21875
0.875 0.21875
0.875 0.1875

0.90625 0.1875
0.9375 0.1875
0.9375 0.21875
0.90625 0.21875
0.90625 0.1875

0.625 0.3125
0.65625 0.3125
0.65625 0.34375
0.625 0.34375
0.625 0.3125

0.65625 0.3125
0.6875 0.3125
0.6875 0.34375
0.65625 0.34375
0.65625 0.3125

0.625 0.34375
0.65625 0.34375
0.65625 0.375
0.625 0.375
0.625 0.34375

0.65625 0.34375
0.6875 0.34375
0.6875 0.375
0.65625 0.375
0.65625 0.34375

0.875 0.3125
0.890625 0.3125
0.890625 0.328125
0.875 0.328125
0.875 0.3125

0.890625 0.3125
0.90625 0.3125
0.90625 0.328125
0.890625 0.328125
0.890625 0.3125

0.875 0.328125
0.890625 0.328125
0.890625 0.34375
0.875 0.34375
0.875 0.328125

0.875 0.75
0.9375 0.75
0.9375 0.8125
0.875 0.8125
0.875 0.75

0.9375 0.75
1 0.75
1 0.8125
0.9375 0.8125
0.9375 0.75

0.875 0.8125
0.9375 0.8125
0.9375 0.875
0.875 0.875
0.875 0.8125

0.9375 0.8125
1 0.8125
1 0.875
0.9375 0.875
0.9375 0.8125

0.75 0.1875
0.765625 0.1875
0.765625 0.203125
0.75 0.203125
0.75 0.1875

0.765625 0.1875
0.78125 0.1875
0.78125 0.203125
0.765625 0.203125
0.765625 0.1875

0.75 0.203125
0.765625 0.203125
0.765625 0.21875
0.75 0.21875
0.75 0.203125

0.765625 0.203125
0.78125 0.203125
0.78125 0.21875
0.765625 0.21875
0.765625 0.203125

0.8125 0.0625
0.84375 0.0625
0.84375 0.09375
0.8125 0.09375
0.8125 0.0625

0.84375 0.0625
0.875 0.0625
0.875 0.09375
0.84375 0.09375
0.84375 0.0625

0.8125 0.09375
0.84375 0.09375
0.84375 0.125
0.8125 0.125
0.8125 0.09375

0.84375 0.09375
0.875 0.09375
0.875 0.125
0.84375 0.125
0.84375 0.09375

0.96875 0.375
0.984375 0.375
0.984375 0.390625
0.96875 0.390625
0.96875 0.375

0.984375 0.375
1 0.375
1 0.390625
0.984375 0.390625
0.984375 0.375

0.96875 0.390625
0.984375 0.390625
0.984375 0.40625
0.96875 0.40625
0.96875 0.390625

0.984375 0.390625
1 0.390625
1 0.40625
0.984375 0.40625
0.984375 0.390625

1.03125 0.34375
1.0625 0.34375
1.0625 0.375
1.03125 0.375
1.03125 0.34375

0.5 2
0.75 2
0.75 2.25
0.5 2.25
0.5 2

0.75 2
1 2
1 2.25
0.75 2.25
0.75 2

0.5 2.25
0.75 2.25
0.75 2.5
0.5 2.5
0.5 2.25

0.75 2.25
1 2.25
1 2.5
0.75 2.5
0.75 2.25

0.875 0.625
0.9375 0.625
0.9375 0.6875
0.875 0.6875
0.875 0.625

0.9375 0.625
1 0.625
1 0.6875
0.9375 0.6875
0.9375 0.625

0.875 0.6875
0.9375 0.6875
0.9375 0.75
0.875 0.75
0.875 0.6875

0.9375 0.6875
1 0.6875
1 0.75
0.9375 0.75
0.9375 0.6875

0.75 0.5
0.8125 0.5
0.8125 0.5625
0.75 0.5625
0.75 0.5

0.8125 0.5
0.875 0.5
0.875 0.5625
0.8125 0.5625
0.8125 0.5

0.75 0.5625
0.8125 0.5625
0.8125 0.625
0.75 0.625
0.75 0.5625

0.8125 0.5625
0.875 0.5625
0.875 0.625
0.8125 0.625
0.8125 0.5625

0.84375 0.25
0.859375 0.25
0.859375 0.265625
0.84375 0.265625
0.84375 0.25

0.859375 0.25
0.875 0.25
0.875 0.265625
0.859375 0.265625
0.859375 0.25

0.84375 0.265625
0.859375 0.265625
0.859375 0.28125
0.84375 0.28125
0.84375 0.265625

0.859375 0.265625
0.875 0.265625
0.875 0.28125
0.859375 0.28125
0.859375 0.265625

0.71875 0.3125
0.734375 0.3125
0.734375 0.328125
0.71875 0.328125
0.71875 0.3125

0.734375 0.3125
0.75 0.3125
0.75 0.328125
0.734375 0.328125
0.734375 0.3125

0.71875 0.328125
0.734375 0.328125
0.734375 0.34375
0.71875 0.34375
0.71875 0.328125

0.734375 0.328125
0.75 0.328125
0.75 0.34375
0.734375 0.34375
0.734375 0.328125

0.75 0.375
0.78125 0.375
0.78125 0.40625
0.75 0.40625
0.75 0.375

0.78125 0.375
0.8125 0.375
0.8125 0.40625
0.78125 0.40625
0.78125 0.375

0.75 0.40625
0.78125 0.40625
0.78125 0.4375
0.75 0.4375
0.75 0.40625

0.78125 0.40625
0.8125 0.40625
0.8125 0.4375
0.78125 0.4375
0.78125 0.40625

1.5 0.5
1.625 0.5
1.625 0.625
1.5 0.625
1.5 0.5

1.625 0.5
1.75 0.5
1.75 0.625
1.625 0.625
1.625 0.5

1.5 0.625
1.625 0.625
1.625 0.75
1.5 0.75
1.5 0.625

1.625 0.625
1.75 0.625
1.75 0.75
1.625 0.75
1.625 0.625

0.5 0.5
0.5625 0.5
0.5625 0.5625
0.5 0.5625
0.5 0.5

0.5625 0.5
0.625 0.5
0.625 0.5625
0.5625 0.5625
0.5625 0.5

0.5 0.5625
0.5625 0.5625
0.5625 0.625
0.5 0.625
0.5 0.5625

0.5625 0.5625
0.625 0.5625
0.625 0.625
0.5625 0.625
0.5625 0.5625

1.03125 0.25
1.0625 0.25
1.0625 0.28125
1.03125 0.28125
1.03125 0.25

0.625 -0.25
0.6875 -0.25
0.6875 -0.1875
0.625 -0.1875
0.625 -0.25

0.6875 -0.25
0.75 -0.25
0.75 -0.1875
0.6875 -0.1875
0.6875 -0.25

0.625 -0.1875
0.6875 -0.1875
0.6875 -0.125
0.625 -0.125
0.625 -0.1875

0.6875 -0.1875
0.75 -0.1875
0.75 -0.125
0.6875 -0.125
0.6875 -0.1875

0.625 0.4375
0.6875 0.4375
0.6875 0.5
0.625 0.5
0.625 0.4375

0.625 -0.125
0.6875 -0.125
0.6875 -0.0625
0.625 -0.0625
0.625 -0.125

0.6875 -0.125
0.75 -0.125
0.75 -0.0625
0.6875 -0.0625
0.6875 -0.125

0.625 -0.0625
0.6875 -0.0625
0.6875 0
0.625 0
0.625 -0.0625

0.6875 -0.0625
0.75 -0.0625
0.75 0
0.6875 0
0.6875 -0.0625

2 -0.5
2.25 -0.5
2.25 -0.25
2 -0.25
2 -0.5

2.25 -0.5
2.5 -0.5
2.5 -0.25
2.25 -0.25
2.25 -0.5

2 -0.25
2.25 -0.25
2.25 0
2 0
2 -0.25

2.25 -0.25
2.5 -0.25
2.5 0
2.25 0
2.25 -0.25

0.9375 0.25
0.953125 0.25
0.953125 0.265625
0.9375 0.265625
0.9375 0.25

0.953125 0.25
0.96875 0.25
0.96875 0.265625
0.953125 0.265625
0.953125 0.25

0.953125 0.265625
0.96875 0.265625
0.96875 0.28125
0.953125 0.28125
0.953125 0.265625

0.625 0.625
0.6875 0.625
0.6875 0.6875
0.625 0.6875
0.625 0.625

0.6875 0.625
0.75 0.625
0.75 0.6875
0.6875 0.6875
0.6875 0.625

0.625 0.6875
0.6875 0.6875
0.6875 0.75
0.625 0.75
0.625 0.6875

0.6875 0.6875
0.75 0.6875
0.75 0.75
0.6875 0.75
0.6875 0.6875

1.25 -0.5
1.375 -0.5
1.375 -0.375
1.25 -0.375
1.25 -0.5

1.375 -0.5
1.5 -0.5
1.5 -0.375
1.375 -0.375
1.375 -0.5

1.25 -0.375
1.375 -0.375
1.375 -0.25
1.25 -0.25
1.25 -0.375

1.375 -0.375
1.5 -0.375
1.5 -0.25
1.375 -0.25
1.375 -0.375

0.984375 0.3125
1 0.3125
1 0.328125
0.984375 0.328125
0.984375 0.3125

0.96875 0.328125
0.984375 0.328125
0.984375 0.34375
0.96875 0.34375
0.96875 0.328125

0.984375 0.328125
1 0.328125
1 0.34375
0.984375 0.34375
0.984375 0.328125

1.375 0.25
1.4375 0.25
1.4375 0.3125
1.375 0.3125
1.375 0.25

1.4375 0.25
1.5 0.25
1.5 0.3125
1.4375 0.3125
1.4375 0.25

1.375 0.3125
1.4375 0.3125
1.4375 0.375
1.375 0.375
1.375 0.3125

1.4375 0.3125
1.5 0.3125
1.5 0.375
1.4375 0.375
1.4375 0.3125

1.5 -0.25
1.625 -0.25
1.625 -0.125
1.5 -0.125
1.5 -0.25

1.625 -0.25
1.75 -0.25
1.75 -0.125
1.625 -0.125
1.625 -0.25

1.5 -0.125
1.625 -0.125
1.625 0
1.5 0
1.5 -0.125

1.625 -0.125
1.75 -0.125
1.75 0
1.625 0
1.625 -0.125

0.75 0.125
0.78125 0.125
0.78125 0.15625
0.75 0.15625
0.75 0.125

0.875 0.375
0.890625 0.375
0.890625 0.390625
0.875 0.390625
0.875 0.375

0.890625 0.375
0.90625 0.375
0.90625 0.390625
0.890625 0.390625
0.890625 0.375

0.875 0.390625
0.890625 0.390625
0.890625 0.40625
0.875 0.40625
0.875 0.390625

0.890625 0.390625
0.90625 0.390625
0.90625 0.40625
0.890625 0.40625
0.890625 0.390625

0.9375 0.0625
0.96875 0.0625
0.96875 0.09375
0.9375 0.09375
0.9375 0.0625

0.96875 0.0625
1 0.0625
1 0.09375
0.96875 0.09375
0.96875 0.0625

0.9375 0.09375
0.96875 0.09375
0.96875 0.125
0.9375 0.125
0.9375 0.09375

0.96875 0.09375
1 0.09375
1 0.125
0.96875 0.125
0.96875 0.09375

1.5 -0.5
1.75 -0.5
1.75 -0.25
1.5 -0.25
1.5 -0.5

1.75 -0.5
2 -0.5
2 -0.25
1.75 -0.25
1.75 -0.5

1.75 -0.25
2 -0.25
2 0
1.75 0
1.75 -0.25

0.90625 0.40625
0.921875 0.40625
0.921875 0.421875
0.90625 0.421875
0.90625 0.40625

0.921875 0.40625
0.9375 0.40625
0.9375 0.421875
0.921875 0.421875
0.921875 0.40625

0.90625 0.421875
0.921875 0.421875
0.921875 0.4375
0.90625 0.4375
0.90625 0.421875

0.921875 0.421875
0.9375 0.421875
0.9375 0.4375
0.921875 0.4375
0.921875 0.421875

1.125 0.375
1.1875 0.375
1.1875 0.4375
1.125 0.4375
1.125 0.375

1.1875 0.375
1.25 0.375
1.25 0.4375
1.1875 0.4375
1.1875 0.375

1.125 0.4375
1.1875 0.4375
1.1875 0.5
1.125 0.5
1.125 0.4375

1.1875 0.4375
1.25 0.4375
1.25 0.5
1.1875 0.5
1.1875 0.4375

0.71875 0.21875
0.734375 0.21875
0.734375 0.234375
0.71875 0.234375
0.71875 0.21875

0.734375 0.21875
0.75 0.21875
0.75 0.234375
0.734375 0.234375
0.734375 0.21875

0.71875 0.234375
0.734375 0.234375
0.734375 0.25
0.71875 0.25
0.71875 0.234375

0.734375 0.234375
0.75 0.234375
0.75 0.25
0.734375 0.25
0.734375 0.234375

0.875 0.5
0.90625 0.5
0.90625 0.53125
0.875 0.53125
0.875 0.5

0.90625 0.5
0.9375 0.5
0.9375 0.53125
0.90625 0.53125
0.90625 0.5

0.875 0.53125
0.90625 0.53125
0.90625 0.5625
0.875 0.5625
0.875 0.53125

0.90625 0.53125
0.9375 0.53125
0.9375 0.5625
0.90625 0.5625
0.90625 0.53125

0.71875 0.28125
0.734375 0.28125
0.734375 0.296875
0.71875 0.296875
0.71875 0.28125

0.734375 0.28125
0.75 0.28125
0.75 0.296875
0.734375 0.296875
0.734375 0.28125

0.71875 0.296875
0.734375 0.296875
0.734375 0.3125
0.71875 0.3125
0.71875 0.296875

0.734375 0.296875
0.75 0.296875
0.75 0.3125
0.734375 0.3125
0.734375 0.296875

0.625 0.125
0.65625 0.125
0.65625 0.15625
0.625 0.15625
0.625 0.125

0.65625 0.125
0.6875 0.125
0.6875 0.15625
0.65625 0.15625
0.65625 0.125

0.625 0.15625
0.65625 0.15625
0.65625 0.1875
0.625 0.1875
0.625 0.15625

0.65625 0.15625
0.6875 0.15625
0.6875 0.1875
0.65625 0.1875
0.65625 0.15625

0.75 0.34375
0.765625 0.34375
0.765625 0.359375
0.75 0.359375
0.75 0.34375

0.765625 0.34375
0.78125 0.34375
0.78125 0.359375
0.765625 0.359375
0.765625 0.34375

0.75 0.359375
0.765625 0.359375
0.765625 0.375
0.75 0.375
0.75 0.359375

0.765625 0.359375
0.78125 0.359375
0.78125 0.375
0.765625 0.375
0.765625 0.359375

1 2
1.25 2
1.25 2.25
1 2.25
1 2

1.25 2
1.5 2
1.5 2.25
1.25 2.25
1.25 2

1 2.25
1.25 2.25
1.25 2.5
1 2.5
1 2.25

1.25 2.25
1.5 2.25
1.5 2.5
1.25 2.5
1.25 2.25

1 -1
1.25 -1
1.25 -0.75
1 -0.75
1 -1

1.25 -1
1.5 -1
1.5 -0.75
1.25 -0.75
1.25 -1

1.25 -0.75
1.5 -0.75
1.5 -0.5
1.25 -0.5
1.25 -0.75

0.25 0.125
0.3125 0.125
0.3125 0.1875
0.25 0.1875
0.25 0.125

0.3125 0.125
0.375 0.125
0.375 0.1875
0.3125 0.1875
0.3125 0.125

0.25 0.1875
0.3125 0.1875
0.3125 0.25
0.25 0.25
0.25 0.1875

0.3125 0.1875
0.375 0.1875
0.375 0.25
0.3125 0.25
0.3125 0.1875

1.25 0.25
1.3125 0.25
1.3125 0.3125
1.25 0.3125
1.25 0.25

1.3125 0.25
1.375 0.25
1.375 0.3125
1.3125 0.3125
1.3125 0.25

1.25 0.3125
1.3125 0.3125
1.3125 0.375
1.25 0.375
1.25 0.3125

1.3125 0.3125
1.375 0.3125
1.375 0.375
1.3125 0.375
1.3125 0.3125

0.75 0.15625
0.765625 0.15625
0.765625 0.171875
0.75 0.171875
0.75 0.15625

0.765625 0.15625
0.78125 0.15625
0.78125 0.171875
0.765625 0.171875
0.765625 0.15625

0.75 0.171875
0.765625 0.171875
0.765625 0.1875
0.75 0.1875
0.75 0.171875

0.765625 0.171875
0.78125 0.171875
0.78125 0.1875
0.765625 0.1875
0.765625 0.171875

0.5 -0.5
0.625 -0.5
0.625 -0.375
0.5 -0.375
0.5 -0.5

0.625 -0.5
0.75 -0.5
0.75 -0.375
0.625 -0.375
0.625 -0.5

0.5 -0.375
0.625 -0.375
0.625 -0.25
0.5 -0.25
0.5 -0.375

0.625 -0.375
0.75 -0.375
0.75 -0.25
0.625 -0.25
0.625 -0.375

1.375 0.375
1.5 0.375
1.5 0.5
1.375 0.5
1.375 0.375

0.9375 0.5
0.96875 0.5
0.96875 0.53125
0.9375 0.53125
0.9375 0.5

0.96875 0.5
1 0.5
1 0.53125
0.96875 0.53125
0.96875 0.5

0.9375 0.53125
0.96875 0.53125
0.96875 0.5625
0.9375 0.5625
0.9375 0.53125

0.96875 0.53125
1 0.53125
1 0.5625
0.96875 0.5625
0.96875 0.53125

0.5 0.25
0.5625 0.25
0.5625 0.3125
0.5 0.3125
0.5 0.25

0.5 0.3125
0.5625 0.3125
0.5625 0.375
0.5 0.375
0.5 0.3125

0.6875 0.1875
0.71875 0.1875
0.71875 0.21875
0.6875 0.21875
0.6875 0.1875

1.0625 0.125
1.125 0.125
1.125 0.1875
1.0625 0.1875
1.0625 0.125

1.75 0
1.875 0
1.875 0.125
1.75 0.125
1.75 0

1.875 0
2 0
2 0.125
1.875 0.125
1.875 0

1.75 0.125
1.875 0.125
1.875 0.25
1.75 0.25
1.75 0.125

1.875 0.125
2 0.125
2 0.25
1.875 0.25
1.875 0.125

1 0.625
1.0625 0.625
1.0625 0.6875
1 0.6875
1 0.625

1.0625 0.625
1.125 0.625
1.125 0.6875
1.0625 0.6875
1.0625 0.625

1 0.6875
1.0625 0.6875
1.0625 0.75
1 0.75
1 0.6875

1.0625 0.6875
1.125 0.6875
1.125 0.75
1.0625 0.75
1.0625 0.6875

0.9375 0.1875
0.953125 0.1875
0.953125 0.203125
0.9375 0.203125
0.9375 0.1875

0.953125 0.1875
0.96875 0.1875
0.96875 0.203125
0.953125 0.203125
0.953125 0.1875

0.9375 0.203125
0.953125 0.203125
0.953125 0.21875
0.9375 0.21875
0.9375 0.203125

0.953125 0.203125
0.96875 0.203125
0.96875 0.21875
0.953125 0.21875
0.953125 0.203125

0.25 0.375
0.375 0.375
0.375 0.5
0.25 0.5
0.25 0.375

0.375 0.375
0.4375 0.375
0.4375 0.4375
0.375 0.4375
0.375 0.375

0.4375 0.375
0.5 0.375
0.5 0.4375
0.4375 0.4375
0.4375 0.375

0.375 0.4375
0.4375 0.4375
0.4375 0.5
0.375 0.5
0.375 0.4375

0.4375 0.4375
0.5 0.4375
0.5 0.5
0.4375 0.5
0.4375 0.4375

0.96875 0.34375
0.984375 0.34375
0.984375 0.359375
0.96875 0.359375
0.96875 0.34375

0.984375 0.34375
1 0.34375
1 0.359375
0.984375 0.359375
0.984375 0.34375

0.96875 0.359375
0.984375 0.359375
0.984375 0.375
0.96875 0.375
0.96875 0.359375

0.984375 0.359375
1 0.359375
1 0.375
0.984375 0.375
0.984375 0.359375

0 0.5
0.125 0.5
0.125 0.625
0 0.625
0 0.5

0.125 0.5
0.25 0.5
0.25 0.625
0.125 0.625
0.125 0.5

0 0.625
0.125 0.625
0.125 0.75
0 0.75
0 0.625

0.125 0.625
0.25 0.625
0.25 0.75
0.125 0.75
0.125 0.625

0.75 -0.25
0.8125 -0.25
0.8125 -0.1875
0.75 -0.1875
0.75 -0.25

0.8125 -0.25
0.875 -0.25
0.875 -0.1875
0.8125 -0.1875
0.8125 -0.25

0.75 -0.1875
0.8125 -0.1875
0.8125 -0.125
0.75 -0.125
0.75 -0.1875

0.8125 -0.1875
0.875 -0.1875
0.875 -0.125
0.8125 -0.125
0.8125 -0.1875

0.75 -0.5
0.875 -0.5
0.875 -0.375
0.75 -0.375
0.75 -0.5

0.875 -0.5
1 -0.5
1 -0.375
0.875 -0.375
0.875 -0.5

0.75 -0.375
0.875 -0.375
0.875 -0.25
0.75 -0.25
0.75 -0.375

0.875 -0.375
1 -0.375
1 -0.25
0.875 -0.25
0.875 -0.375

1 0.375
1.03125 0.375
1.03125 0.40625
1 0.40625
1 0.375

1.03125 0.375
1.0625 0.375
1.0625 0.40625
1.03125 0.40625
1.03125 0.375

1 0.40625
1.03125 0.40625
1.03125 0.4375
1 0.4375
1 0.40625

1.03125 0.40625
1.0625 0.40625
1.0625 0.4375
1.03125 0.4375
1.03125 0.40625

0.6875 0.21875
0.703125 0.21875
0.703125 0.234375
0.6875 0.234375
0.6875 0.21875

0.703125 0.21875
0.71875 0.21875
0.71875 0.234375
0.703125 0.234375
0.703125 0.21875

0.6875 0.234375
0.703125 0.234375
0.703125 0.25
0.6875 0.25
0.6875 0.234375

0.703125 0.234375
0.71875 0.234375
0.71875 0.25
0.703125 0.25
0.703125 0.234375

0 1
0.25 1
0.25 1.25
0 1.25
0 1

0.25 1
0.5 1
0.5 1.25
0.25 1.25
0.25 1

0 1.25
0.25 1.25
0.25 1.5
0 1.5
0 1.25

0.25 1.25
0.5 1.25
0.5 1.5
0.25 1.5
0.25 1.25

1 1.5
1.25 1.5
1.25 1.75
1 1.75
1 1.5

1.25 1.5
1.5 1.5
1.5 1.75
1.25 1.75
1.25 1.5

1 1.75
1.25 1.75
1.25 2
1 2
1 1.75

1.25 1.75
1.5 1.75
1.5 2
1.25 2
1.25 1.75

0.953125 0.34375
0.96875 0.34375
0.96875 0.359375
0.953125 0.359375
0.953125 0.34375

0.9375 0.359375
0.953125 0.359375
0.953125 0.375
0.9375 0.375
0.9375 0.359375

0.953125 0.359375
0.96875 0.359375
0.96875 0.375
0.953125 0.375
0.953125 0.359375

0.625 0.5
0.6875 0.5
0.6875 0.5625
0.625 0.5625
0.625 0.5

0.6875 0.5
0.75 0.5
0.75 0.5625
0.6875 0.5625
0.6875 0.5

0.625 0.5625
0.6875 0.5625
0.6875 0.625
0.625 0.625
0.625 0.5625

0.6875 0.5625
0.75 0.5625
0.75 0.625
0.6875 0.625
0.6875 0.5625

0.5 0.375
0.5625 0.375
0.5625 0.4375
0.5 0.4375
0.5 0.375

0.5625 0.375
0.625 0.375
0.625 0.4375
0.5625 0.4375
0.5625 0.375

0.5 0.4375
0.5625 0.4375
0.5625 0.5
0.5 0.5
0.5 0.4375

0.5625 0.4375
0.625 0.4375
0.625 0.5
0.5625 0.5
0.5625 0.4375

0.75 0.625
0.8125 0.625
0.8125 0.6875
0.75 0.6875
0.75 0.625

0.8125 0.625
0.875 0.625
0.875 0.6875
0.8125 0.6875
0.8125 0.625

0.75 0.6875
0.8125 0.6875
0.8125 0.75
0.75 0.75
0.75 0.6875

0.8125 0.6875
0.875 0.6875
0.875 0.75
0.8125 0.75
0.8125 0.6875

0.75 0.75
0.875 0.75
0.875 0.875
0.75 0.875
0.75 0.75

0.75 0.875
0.875 0.875
0.875 1
0.75 1
0.75 0.875

0.875 0.875
1 0.875
1 1
0.875 1
0.875 0.875

0.78125 0.34375
0.796875 0.34375
0.796875 0.359375
0.78125 0.359375
0.78125 0.34375

0.796875 0.34375
0.8125 0.34375
0.8125 0.359375
0.796875 0.359375
0.796875 0.34375

0.78125 0.359375
0.796875 0.359375
0.796875 0.375
0.78125 0.375
0.78125 0.359375

0.796875 0.359375
0.8125 0.359375
0.8125 0.375
0.796875 0.375
0.796875 0.359375

0.875 -0.125
0.9375 -0.125
0.9375 -0.0625
0.875 -0.0625
0.875 -0.125

0.9375 -0.125
1 -0.125
1 -0.0625
0.9375 -0.0625
0.9375 -0.125

0.875 -0.0625
0.9375 -0.0625
0.9375 0
0.875 0
0.875 -0.0625

0.9375 -0.0625
1 -0.0625
1 0
0.9375 0
0.9375 -0.0625

0.5 1.25
0.75 1.25
0.75 1.5
0.5 1.5
0.5 1.25

0.5 1
0.625 1
0.625 1.125
0.5 1.125
0.5 1

0.625 1
0.75 1
0.75 1.125
0.625 1.125
0.625 1

0.5 1.125
0.625 1.125
0.625 1.25
0.5 1.25
0.5 1.125

0.625 1.125
0.75 1.125
0.75 1.25
0.625 1.25
0.625 1.125

0.75 0
0.78125 0
0.78125 0.03125
0.75 0.03125
0.75 0

0.78125 0
0.8125 0
0.8125 0.03125
0.78125 0.03125
0.78125 0

0.75 0.03125
0.78125 0.03125
0.78125 0.0625
0.75 0.0625
0.75 0.03125

0.78125 0.03125
0.8125 0.03125
0.8125 0.0625
0.78125 0.0625
0.78125 0.03125

0 0.25
0.125 0.25
0.125 0.375
0 0.375
0 0.25

0.125 0.25
0.25 0.25
0.25 0.375
0.125 0.375
0.125 0.25

0 0.375
0.125 0.375
0.125 0.5
0 0.5
0 0.375

0.125 0.375
0.25 0.375
0.25 0.5
0.125 0.5
0.125 0.375

-0.5 0.5
-0.25 0.5
-0.25 0.75
-0.5 0.75
-0.5 0.5

-0.25 0.5
0 0.5
0 0.75
-0.25 0.75
-0.25 0.5

-0.5 0.75
-0.25 0.75
-0.25 1
-0.5 1
-0.5 0.75

-0.25 0.75
0 0.75
0 1
-0.25 1
-0.25 0.75

0.90625 0.21875
0.921875 0.21875
0.921875 0.234375
0.90625 0.234375
0.90625 0.21875

0.921875 0.21875
0.9375 0.21875
0.9375 0.234375
0.921875 0.234375
0.921875 0.21875

0.90625 0.234375
0.921875 0.234375
0.921875 0.25
0.90625 0.25
0.90625 0.234375

0.921875 0.234375
0.9375 0.234375
0.9375 0.25
0.921875 0.25
0.921875 0.234375

1 -0.25
1.125 -0.25
1.125 -0.125
1 -0.125
1 -0.25

1.125 -0.25
1.25 -0.25
1.25 -0.125
1.125 -0.125
1.125 -0.25

1.125 -0.125
1.25 -0.125
1.25 0
1.125 0
1.125 -0.125

1.25 0
1.375 0
1.375 0.125
1.25 0.125
1.25 0

1.375 0
1.5 0
1.5 0.125
1.375 0.125
1.375 0

1.375 0.125
1.5 0.125
1.5 0.25
1.375 0.25
1.375 0.125

1.125 0.625
1.25 0.625
1.25 0.75
1.125 0.75
1.125 0.625

1 0.75
1.125 0.75
1.125 0.875
1 0.875
1 0.75

1.125 0.75
1.25 0.75
1.25 0.875
1.125 0.875
1.125 0.75

1 0.875
1.125 0.875
1.125 1
1 1
1 0.875

1.125 0.875
1.25 0.875
1.25 1
1.125 1
1.125 0.875

0.75 1
0.875 1
0.875 1.125
0.75 1.125
0.75 1

0.875 1
1 1
1 1.125
0.875 1.125
0.875 1

0.75 1.125
0.875 1.125
0.875 1.25
0.75 1.25
0.75 1.125

0.875 1.125
1 1.125
1 1.25
0.875 1.25
0.875 1.125

0.25 0
0.375 0
0.375 0.125
0.25 0.125
0.25 0

0 -0.5
0.25 -0.5
0.25 -0.25
0 -0.25
0 -0.5

-0.5 0
-0.25 0
-0.25 0.25
-0.5 0.25
-0.5 0

-0.5 0.25
-0.25 0.25
-0.25 0.5
-0.5 0.5
-0.5 0.25

-0.25 0.25
-0.125 0.25
-0.125 0.375
-0.25 0.375
-0.25 0.25

-0.125 0.25
0 0.25
0 0.375
-0.125 0.375
-0.125 0.25

-0.25 0.375
-0.125 0.375
-0.125 0.5
-0.25 0.5
-0.25 0.375

-0.125 0.375
0 0.375
0 0.5
-0.125 0.5
-0.125 0.375

-1 1
-0.5 1
-0.5 1.5
-1 1.5
-1 1

-1 1.5
-0.5 1.5
-0.5 2
-1 2
-1 1.5

-0.5 1.5
0 1.5
0 2
-0.5 2
-0.5 1.5

0.25 -0.25
0.375 -0.25
0.375 -0.125
0.25 -0.125
0.25 -0.25

0.375 -0.25
0.5 -0.25
0.5 -0.125
0.375 -0.125
0.375 -0.25

0.25 -0.125
0.375 -0.125
0.375 0
0.25 0
0.25 -0.125

0.375 -0.125
0.5 -0.125
0.5 0
0.375 0
0.375 -0.125

0.5 -0.25
0.625 -0.25
0.625 -0.125
0.5 -0.125
0.5 -0.25

0 2
0.5 2
0.5 2.5
0 2.5
0 2

0 2.5
0.5 2.5
0.5 3
0 3
0 2.5

0.5 2.5
1 2.5
1 3
0.5 3
0.5 2.5

-1 -1
-0.5 -1
-0.5 -0.5
-1 -0.5
-1 -1

-1 2
-0.5 2
-0.5 2.5
-1 2.5
-1 2

-0.5 2
0 2
0 2.5
-0.5 2.5
-0.5 2

-1 2.5
-0.5 2.5
-0.5 3
-1 3
-1 2.5

-0.5 2.5
0 2.5
0 3
-0.5 3
-0.5 2.5

1.5 2
2 2
2 2.5
1.5 2.5
1.5 2

1 2.5
1.5 2.5
1.5 3
1 3
1 2.5

1.5 2.5
2 2.5
2 3
1.5 3
1.5 2.5

-0.5 1
-0.25 1
-0.25 1.25
-0.5 1.25
-0.5 1

-0.25 1
0 1
0 1.25
-0.25 1.25
-0.25 1

-0.5 1.25
-0.25 1.25
-0.25 1.5
-0.5 1.5
-0.5 1.25

-0.25 1.25
0 1.25
0 1.5
-0.25 1.5
-0.25 1.25

1.25 1
1.5 1
1.5 1.25
1.25 1.25
1.25 1

1 1.25
1.25 1.25
1.25 1.5
1 1.5
1 1.25

1.25 1.25
1.5 1.25
1.5 1.5
1.25 1.5
1.25 1.25

-0.5 -0.5
-0.25 -0.5
-0.25 -0.25
-0.5 -0.25
-0.5 -0.5

-0.25 -0.5
0 -0.5
0 -0.25
-0.25 -0.25
-0.25 -0.5

-0.5 -0.25
-0.25 -0.25
-0.25 0
-0.5 0
-0.5 -0.25

-0.25 -0.25
0 -0.25
0 0
-0.25 0
-0.25 -0.25

1 1
1.125 1
1.125 1.125
1 1.125
1 1

1.125 1
1.25 1
1.25 1.125
1.125 1.125
1.125 1

1 1.125
1.125 1.125
1.125 1.25
1 1.25
1 1.125

1.125 1.125
1.25 1.125
1.25 1.25
1.125 1.25
1.125 1.125

0.8125 0.3125
0.828125 0.3125
0.828125 0.328125
0.8125 0.328125
0.8125 0.3125

0.828125 0.3125
0.84375 0.3125
0.84375 0.328125
0.828125 0.328125
0.828125 0.3125

0.8125 0.328125
0.828125 0.328125
0.828125 0.34375
0.8125 0.34375
0.8125 0.328125

0.828125 0.328125
0.84375 0.328125
0.84375 0.34375
0.828125 0.34375
0.828125 0.328125

-1 0.5
-0.75 0.5
-0.75 0.75
-1 0.75
-1 0.5

-0.75 0.5
-0.5 0.5
-0.5 0.75
-0.75 0.75
-0.75 0.5

-1 0.75
-0.75 0.75
-0.75 1
-1 1
-1 0.75

-0.75 0.75
-0.5 0.75
-0.5 1
-0.75 1
-0.75 0.75

0.9375 0.4375
0.96875 0.4375
0.96875 0.46875
0.9375 0.46875
0.9375 0.4375

0.96875 0.4375
1 0.4375
1 0.46875
0.96875 0.46875
0.96875 0.4375

0.9375 0.46875
0.96875 0.46875
0.96875 0.5
0.9375 0.5
0.9375 0.46875

0.96875 0.46875
1 0.46875
1 0.5
0.96875 0.5
0.96875 0.46875

0.875 0.40625
0.90625 0.40625
0.90625 0.4375
0.875 0.4375
0.875 0.40625

1.125 0.3125
1.15625 0.3125
1.15625 0.34375
1.125 0.34375
1.125 0.3125

1.15625 0.3125
1.1875 0.3125
1.1875 0.34375
1.15625 0.34375
1.15625 0.3125

1.125 0.34375
1.15625 0.34375
1.15625 0.375
1.125 0.375
1.125 0.34375

1.15625 0.34375
1.1875 0.34375
1.1875 0.375
1.15625 0.375
1.15625 0.34375

0.5625 0.25
0.59375 0.25
0.59375 0.28125
0.5625 0.28125
0.5625 0.25

0.59375 0.25
0.625 0.25
0.625 0.28125
0.59375 0.28125
0.59375 0.25

0.5625 0.28125
0.59375 0.28125
0.59375 0.3125
0.5625 0.3125
0.5625 0.28125

0.59375 0.28125
0.625 0.28125
0.625 0.3125
0.59375 0.3125
0.59375 0.28125

1.25 0.125
1.3125 0.125
1.3125 0.1875
1.25 0.1875
1.25 0.125

1.3125 0.125
1.375 0.125
1.375 0.1875
1.3125 0.1875
1.3125 0.125

1.25 0.1875
1.3125 0.1875
1.3125 0.25
1.25 0.25
1.25 0.1875

1.3125 0.1875
1.375 0.1875
1.375 0.25
1.3125 0.25
1.3125 0.1875

0.8125 0.34375
0.84375 0.34375
0.84375 0.375
0.8125 0.375
0.8125 0.34375

-1 -0.5
-0.75 -0.5
-0.75 -0.25
-1 -0.25
-1 -0.5

-0.75 -0.5
-0.5 -0.5
-0.5 -0.25
-0.75 -0.25
-0.75 -0.5

-1 -0.25
-0.75 -0.25
-0.75 0
-1 0
-1 -0.25

-0.75 -0.25
-0.5 -0.25
-0.5 0
-0.75 0
-0.75 -0.25

1.125 0.125
1.1875 0.125
1.1875 0.1875
1.125 0.1875
1.125 0.125

1.1875 0.125
1.25 0.125
1.25 0.1875
1.1875 0.1875
1.1875 0.125

1.125 0.1875
1.1875 0.1875
1.1875 0.25
1.125 0.25
1.125 0.1875

1.1875 0.1875
1.25 0.1875
1.25 0.25
1.1875 0.25
1.1875 0.1875

-0.5 -1
-0.25 -1
-0.25 -0.75
-0.5 -0.75
-0.5 -1

-0.25 -1
0 -1
0 -0.75
-0.25 -0.75
-0.25 -1

-0.5 -0.75
-0.25 -0.75
-0.25 -0.5
-0.5 -0.5
-0.5 -0.75

-0.25 -0.75
0 -0.75
0 -0.5
-0.25 -0.5
-0.25 -0.75

1.0625 0.25
1.09375 0.25
1.09375 0.28125
1.0625 0.28125
1.0625 0.25

1.09375 0.25
1.125 0.25
1.125 0.28125
1.09375 0.28125
1.09375 0.25

1.0625 0.28125
1.09375 0.28125
1.09375 0.3125
1.0625 0.3125
1.0625 0.28125

1.09375 0.28125
1.125 0.28125
1.125 0.3125
1.09375 0.3125
1.09375 0.28125

0.75 -0.125
0.8125 -0.125
0.8125 -0.0625
0.75 -0.0625
0.75 -0.125

0.8125 -0.125
0.875 -0.125
0.875 -0.0625
0.8125 -0.0625
0.8125 -0.125

0.75 -0.0625
0.8125 -0.0625
0.8125 0
0.75 0
0.75 -0.0625

0.8125 -0.0625
0.875 -0.0625
0.875 0
0.8125 0
0.8125 -0.0625

1.25 0.375
1.3125 0.375
1.3125 0.4375
1.25 0.4375
1.25 0.375

1.3125 0.375
1.375 0.375
1.375 0.4375
1.3125 0.4375
1.3125 0.375

1.25 0.4375
1.3125 0.4375
1.3125 0.5
1.25 0.5
1.25 0.4375

1.3125 0.4375
1.375 0.4375
1.375 0.5
1.3125 0.5
1.3125 0.4375

1.0625 0.375
1.09375 0.375
1.09375 0.40625
1.0625 0.40625
1.0625 0.375

1.09375 0.375
1.125 0.375
1.125 0.40625
1.09375 0.40625
1.09375 0.375

1.0625 0.40625
1.09375 0.40625
1.09375 0.4375
1.0625 0.4375
1.0625 0.40625

1.09375 0.40625
1.125 0.40625
1.125 0.4375
1.09375 0.4375
1.09375 0.40625

2 -1
2.25 -1
2.25 -0.75
2 -0.75
2 -1

2.25 -1
2.5 -1
2.5 -0.75
2.25 -0.75
2.25 -1

2 -0.75
2.25 -0.75
2.25 -0.5
2 -0.5
2 -0.75

2.25 -0.75
2.5 -0.75
2.5 -0.5
2.25 -0.5
2.25 -0.75

0.78125 0.15625
0.796875 0.15625
0.796875 0.171875
0.78125 0.171875
0.78125 0.15625

0.796875 0.15625
0.8125 0.15625
0.8125 0.171875
0.796875 0.171875
0.796875 0.15625

0.78125 0.171875
0.796875 0.171875
0.796875 0.1875
0.78125 0.1875
0.78125 0.171875

0.796875 0.171875
0.8125 0.171875
0.8125 0.1875
0.796875 0.1875
0.796875 0.171875

0.71875 0.1875
0.734375 0.1875
0.734375 0.203125
0.71875 0.203125
0.71875 0.1875

0.734375 0.1875
0.75 0.1875
0.75 0.203125
0.734375 0.203125
0.734375 0.1875

0.71875 0.203125
0.734375 0.203125
0.734375 0.21875
0.71875 0.21875
0.71875 0.203125

0.734375 0.203125
0.75 0.203125
0.75 0.21875
0.734375 0.21875
0.734375 0.203125

0.875 0
0.9375 0
0.9375 0.0625
0.875 0.0625
0.875 0

0.9375 0
1 0
1 0.0625
0.9375 0.0625
0.9375 0

0.375 0.125
0.4375 0.125
0.4375 0.1875
0.375 0.1875
0.375 0.125

0.4375 0.125
0.5 0.125
0.5 0.1875
0.4375 0.1875
0.4375 0.125

0.375 0.1875
0.4375 0.1875
0.4375 0.25
0.375 0.25
0.375 0.1875

0.4375 0.1875
0.5 0.1875
0.5 0.25
0.4375 0.25
0.4375 0.1875

1 -0.5
1.125 -0.5
1.125 -0.375
1 -0.375
1 -0.5

1.125 -0.5
1.25 -0.5
1.25 -0.375
1.125 -0.375
1.125 -0.5

1 -0.375
1.125 -0.375
1.125 -0.25
1 -0.25
1 -0.375

1.125 -0.375
1.25 -0.375
1.25 -0.25
1.125 -0.25
1.125 -0.375

0.84375 0.21875
0.859375 0.21875
0.859375 0.234375
0.84375 0.234375
0.84375 0.21875

0.859375 0.21875
0.875 0.21875
0.875 0.234375
0.859375 0.234375
0.859375 0.21875

0.84375 0.234375
0.859375 0.234375
0.859375 0.25
0.84375 0.25
0.84375 0.234375

0.859375 0.234375
0.875 0.234375
0.875 0.25
0.859375 0.25
0.859375 0.234375

