3 -1
4.5 -1
4.5 0
3 0
3 -1

3 2
4.5 2
4.5 3
3 3
3 2

0 0
0.375 0
0.375 0.25
0 0.25
0 0

0.375 0
0.75 0
0.75 0.25
0.375 0.25
0.375 0

0 0.25
0.375 0.25
0.375 0.5
0 0.5
0 0.25

0.375 0.25
0.75 0.25
0.75 0.5
0.375 0.5
0.375 0.25

0 1.25
0.1875 1.25
0.1875 1.375
0 1.375
0 1.25

0.1875 1.25
0.375 1.25
0.375 1.375
0.1875 1.375
0.1875 1.25

0 1.375
0.1875 1.375
0.1875 1.5
0 1.5
0 1.375

0.1875 1.375
0.375 1.375
0.375 1.5
0.1875 1.5
0.1875 1.375

0 1.75
0.375 1.75
0.375 2
0 2
0 1.75

0 1
0.1875 1
0.1875 1.125
0 1.125
0 1

0.1875 1
0.375 1
0.375 1.125
0.1875 1.125
0.1875 1

0 1.125
0.1875 1.125
0.1875 1.25
0 1.25
0 1.125

0.1875 1.125
0.375 1.125
0.375 1.25
0.1875 1.25
0.1875 1.125

0.5625 1.1875
0.609375 1.1875
0.609375 1.21875
0.5625 1.21875
0.5625 1.1875

0.609375 1.1875
0.65625 1.1875
0.65625 1.21875
0.609375 1.21875
0.609375 1.1875

0.5625 1.21875
0.609375 1.21875
0.609375 1.25
0.5625 1.25
0.5625 1.21875

0.609375 1.21875
0.65625 1.21875
0.65625 1.25
0.609375 1.25
0.609375 1.21875

0.84375 1.1875
0.890625 1.1875
0.890625 1.21875
0.84375 1.21875
0.84375 1.1875

0.890625 1.1875
0.9375 1.1875
0.9375 1.21875
0.890625 1.21875
0.890625 1.1875

0.84375 1.21875
0.890625 1.21875
0.890625 1.25
0.84375 1.25
0.84375 1.21875

0.890625 1.21875
0.9375 1.21875
0.9375 1.25
0.890625 1.25
0.890625 1.21875

0.9375 1.1875
0.984375 1.1875
0.984375 1.21875
0.9375 1.21875
0.9375 1.1875

0.984375 1.1875
1.03125 1.1875
1.03125 1.21875
0.984375 1.21875
0.984375 1.1875

0.9375 1.21875
0.984375 1.21875
0.984375 1.25
0.9375 1.25
0.9375 1.21875

0.984375 1.21875
1.03125 1.21875
1.03125 1.25
0.984375 1.25
0.984375 1.21875

0.75 1.1875
0.796875 1.1875
0.796875 1.21875
0.75 1.21875
0.75 1.1875

0.796875 1.1875
0.84375 1.1875
0.84375 1.21875
0.796875 1.21875
0.796875 1.1875

0.75 1.21875
0.796875 1.21875
0.796875 1.25
0.75 1.25
0.75 1.21875

0.796875 1.21875
0.84375 1.21875
0.84375 1.25
0.796875 1.25
0.796875 1.21875

0.75 1
0.84375 1
0.84375 1.0625
0.75 1.0625
0.75 1

0.84375 1
0.9375 1
0.9375 1.0625
0.84375 1.0625
0.84375 1

0.75 1.375
0.796875 1.375
0.796875 1.40625
0.75 1.40625
0.75 1.375

0.796875 1.375
0.84375 1.375
0.84375 1.40625
0.796875 1.40625
0.796875 1.375

0.75 1.40625
0.796875 1.40625
0.796875 1.4375
0.75 1.4375
0.75 1.40625

0.796875 1.40625
0.84375 1.40625
0.84375 1.4375
0.796875 1.4375
0.796875 1.40625

0.375 1
0.46875 1
0.46875 1.0625
0.375 1.0625
0.375 1

0.46875 1
0.5625 1
0.5625 1.0625
0.46875 1.0625
0.46875 1

0.375 1.0625
0.46875 1.0625
0.46875 1.125
0.375 1.125
0.375 1.0625

0.46875 1.0625
0.5625 1.0625
0.5625 1.125
0.46875 1.125
0.46875 1.0625

0.375 1.25
0.46875 1.25
0.46875 1.3125
0.375 1.3125
0.375 1.25

0.46875 1.25
0.5625 1.25
0.5625 1.3125
0.46875 1.3125
0.46875 1.25

0.375 1.3125
0.46875 1.3125
0.46875 1.375
0.375 1.375
0.375 1.3125

0.46875 1.3125
0.5625 1.3125
0.5625 1.375
0.46875 1.375
0.46875 1.3125

0.65625 1.0625
0.703125 1.0625
0.703125 1.09375
0.65625 1.09375
0.65625 1.0625

0.703125 1.0625
0.75 1.0625
0.75 1.09375
0.703125 1.09375
0.703125 1.0625

0.65625 1.09375
0.703125 1.09375
0.703125 1.125
0.65625 1.125
0.65625 1.09375

0.703125 1.09375
0.75 1.09375
0.75 1.125
0.703125 1.125
0.703125 1.09375

0.75 0.875
0.84375 0.875
0.84375 0.9375
0.75 0.9375
0.75 0.875

0.84375 0.875
0.9375 0.875
0.9375 0.9375
0.84375 0.9375
0.84375 0.875

0.75 0.9375
0.84375 0.9375
0.84375 1
0.75 1
0.75 0.9375

0.84375 0.9375
0.9375 0.9375
0.9375 1
0.84375 1
0.84375 0.9375

0.5625 1.3125
0.609375 1.3125
0.609375 1.34375
0.5625 1.34375
0.5625 1.3125

0.609375 1.3125
0.65625 1.3125
0.65625 1.34375
0.609375 1.34375
0.609375 1.3125

0.5625 1.34375
0.609375 1.34375
0.609375 1.375
0.5625 1.375
0.5625 1.34375

0.609375 1.34375
0.65625 1.34375
0.65625 1.375
0.609375 1.375
0.609375 1.34375

0.65625 1.125
0.703125 1.125
0.703125 1.15625
0.65625 1.15625
0.65625 1.125

0.703125 1.125
0.75 1.125
0.75 1.15625
0.703125 1.15625
0.703125 1.125

0.65625 1.15625
0.703125 1.15625
0.703125 1.1875
0.65625 1.1875
0.65625 1.15625

0.703125 1.15625
0.75 1.15625
0.75 1.1875
0.703125 1.1875
0.703125 1.15625

0.65625 1.375
0.703125 1.375
0.703125 1.40625
0.65625 1.40625
0.65625 1.375

0.703125 1.375
0.75 1.375
0.75 1.40625
0.703125 1.40625
0.703125 1.375

0.65625 1.40625
0.703125 1.40625
0.703125 1.4375
0.65625 1.4375
0.65625 1.40625

0.703125 1.40625
0.75 1.40625
0.75 1.4375
0.703125 1.4375
0.703125 1.40625

1.5 2
2.25 2
2.25 2.5
1.5 2.5
1.5 2

2.25 2
3 2
3 2.5
2.25 2.5
2.25 2

1.5 2.5
2.25 2.5
2.25 3
1.5 3
1.5 2.5

2.25 2.5
3 2.5
3 3
2.25 3
2.25 2.5

1.125 1.25
1.21875 1.25
1.21875 1.3125
1.125 1.3125
1.125 1.25

1.21875 1.25
1.3125 1.25
1.3125 1.3125
1.21875 1.3125
1.21875 1.25

1.125 1.3125
1.21875 1.3125
1.21875 1.375
1.125 1.375
1.125 1.3125

1.21875 1.3125
1.3125 1.3125
1.3125 1.375
1.21875 1.375
1.21875 1.3125

3 1
3.75 1
3.75 1.5
3 1.5
3 1

3.75 1
4.5 1
4.5 1.5
3.75 1.5
3.75 1

3 1.5
3.75 1.5
3.75 2
3 2
3 1.5

3.75 1.5
4.5 1.5
4.5 2
3.75 2
3.75 1.5

1.5 1.5
1.875 1.5
1.875 1.75
1.5 1.75
1.5 1.5

1.875 1.5
2.25 1.5
2.25 1.75
1.875 1.75
1.875 1.5

1.5 1.75
1.875 1.75
1.875 2
1.5 2
1.5 1.75

1.875 1.75
2.25 1.75
2.25 2
1.875 2
1.875 1.75

1.125 1.75
1.5 1.75
1.5 2
1.125 2
1.125 1.75

0 2.5
0.75 2.5
0.75 3
0 3
0 2.5

0.75 2.5
1.5 2.5
1.5 3
0.75 3
0.75 2.5

1.125 1.125
1.21875 1.125
1.21875 1.1875
1.125 1.1875
1.125 1.125

1.21875 1.125
1.3125 1.125
1.3125 1.1875
1.21875 1.1875
1.21875 1.125

1.125 1.1875
1.21875 1.1875
1.21875 1.25
1.125 1.25
1.125 1.1875

1.21875 1.1875
1.3125 1.1875
1.3125 1.25
1.21875 1.25
1.21875 1.1875

2.25 1
2.625 1
2.625 1.25
2.25 1.25
2.25 1

2.625 1
3 1
3 1.25
2.625 1.25
2.625 1

2.25 1.25
2.625 1.25
2.625 1.5
2.25 1.5
2.25 1.25

2.625 1.25
3 1.25
3 1.5
2.625 1.5
2.625 1.25

1.03125 1.125
1.125 1.125
1.125 1.1875
1.03125 1.1875
1.03125 1.125

1.03125 1.1875
1.125 1.1875
1.125 1.25
1.03125 1.25
1.03125 1.1875

0.65625 1.3125
0.703125 1.3125
0.703125 1.34375
0.65625 1.34375
0.65625 1.3125

0.703125 1.3125
0.75 1.3125
0.75 1.34375
0.703125 1.34375
0.703125 1.3125

0.65625 1.34375
0.703125 1.34375
0.703125 1.375
0.65625 1.375
0.65625 1.34375

0.703125 1.34375
0.75 1.34375
0.75 1.375
0.703125 1.375
0.703125 1.34375

0.5625 1.125
0.609375 1.125
0.609375 1.15625
0.5625 1.15625
0.5625 1.125

0.609375 1.125
0.65625 1.125
0.65625 1.15625
0.609375 1.15625
0.609375 1.125

0.5625 1.15625
0.609375 1.15625
0.609375 1.1875
0.5625 1.1875
0.5625 1.15625

0.609375 1.15625
0.65625 1.15625
0.65625 1.1875
0.609375 1.1875
0.609375 1.15625

0.5625 0.875
0.65625 0.875
0.65625 0.9375
0.5625 0.9375
0.5625 0.875

0.65625 0.875
0.75 0.875
0.75 0.9375
0.65625 0.9375
0.65625 0.875

0.5625 0.9375
0.65625 0.9375
0.65625 1
0.5625 1
0.5625 0.9375

0.65625 0.9375
0.75 0.9375
0.75 1
0.65625 1
0.65625 0.9375

0.5625 1.25
0.609375 1.25
0.609375 1.28125
0.5625 1.28125
0.5625 1.25

0.609375 1.25
0.65625 1.25
0.65625 1.28125
0.609375 1.28125
0.609375 1.25

0.5625 1.28125
0.609375 1.28125
0.609375 1.3125
0.5625 1.3125
0.5625 1.28125

0.609375 1.28125
0.65625 1.28125
0.65625 1.3125
0.609375 1.3125
0.609375 1.28125

0.9375 1.125
0.984375 1.125
0.984375 1.15625
0.9375 1.15625
0.9375 1.125

0.984375 1.125
1.03125 1.125
1.03125 1.15625
0.984375 1.15625
0.984375 1.125

0.9375 1.15625
0.984375 1.15625
0.984375 1.1875
0.9375 1.1875
0.9375 1.15625

0.984375 1.15625
1.03125 1.15625
1.03125 1.1875
0.984375 1.1875
0.984375 1.15625

0 0.5
0.375 0.5
0.375 0.75
0 0.75
0 0.5

0.375 0.5
0.5625 0.5
0.5625 0.625
0.375 0.625
0.375 0.5

0.5625 0.5
0.75 0.5
0.75 0.625
0.5625 0.625
0.5625 0.5

0.375 0.625
0.5625 0.625
0.5625 0.75
0.375 0.75
0.375 0.625

0.5625 0.625
0.75 0.625
0.75 0.75
0.5625 0.75
0.5625 0.625

0.65625 1.25
0.703125 1.25
0.703125 1.28125
0.65625 1.28125
0.65625 1.25

0.703125 1.25
0.75 1.25
0.75 1.28125
0.703125 1.28125
0.703125 1.25

0.65625 1.28125
0.703125 1.28125
0.703125 1.3125
0.65625 1.3125
0.65625 1.28125

0.703125 1.28125
0.75 1.28125
0.75 1.3125
0.703125 1.3125
0.703125 1.28125

0.75 2
1.125 2
1.125 2.25
0.75 2.25
0.75 2

1.125 2
1.5 2
1.5 2.25
1.125 2.25
1.125 2

0.75 2.25
1.125 2.25
1.125 2.5
0.75 2.5
0.75 2.25

1.125 2.25
1.5 2.25
1.5 2.5
1.125 2.5
1.125 2.25

1.3125 1.25
1.5 1.25
1.5 1.375
1.3125 1.375
1.3125 1.25

1.125 1.375
1.3125 1.375
1.3125 1.5
1.125 1.5
1.125 1.375

1.3125 1.375
1.5 1.375
1.5 1.5
1.3125 1.5
1.3125 1.375

1.125 1
1.3125 1
1.3125 1.125
1.125 1.125
1.125 1

1.3125 1
1.5 1
1.5 1.125
1.3125 1.125
1.3125 1

1.3125 1.125
1.5 1.125
1.5 1.25
1.3125 1.25
1.3125 1.125

-0.75 1
-0.375 1
-0.375 1.25
-0.75 1.25
-0.75 1

-0.375 1
0 1
0 1.25
-0.375 1.25
-0.375 1

-0.75 1.25
-0.375 1.25
-0.375 1.5
-0.75 1.5
-0.75 1.25

-0.375 1.25
0 1.25
0 1.5
-0.375 1.5
-0.375 1.25

0.5625 1.375
0.65625 1.375
0.65625 1.4375
0.5625 1.4375
0.5625 1.375

0.5625 1.4375
0.65625 1.4375
0.65625 1.5
0.5625 1.5
0.5625 1.4375

0.65625 1.4375
0.75 1.4375
0.75 1.5
0.65625 1.5
0.65625 1.4375

2.25 1.5
3 1.5
3 2
2.25 2
2.25 1.5

0.75 0
1.125 0
1.125 0.25
0.75 0.25
0.75 0

1.125 0
1.5 0
1.5 0.25
1.125 0.25
1.125 0

0.75 0.25
1.125 0.25
1.125 0.5
0.75 0.5
0.75 0.25

1.125 0.25
1.5 0.25
1.5 0.5
1.125 0.5
1.125 0.25

3 0
3.75 0
3.75 0.5
3 0.5
3 0

3.75 0
4.5 0
4.5 0.5
3.75 0.5
3.75 0

3 0.5
3.75 0.5
3.75 1
3 1
3 0.5

3.75 0.5
4.5 0.5
4.5 1
3.75 1
3.75 0.5

1.5 -1
2.25 -1
2.25 -0.5
1.5 -0.5
1.5 -1

2.25 -1
3 -1
3 -0.5
2.25 -0.5
2.25 -1

1.5 -0.5
2.25 -0.5
2.25 0
1.5 0
1.5 -0.5

2.25 -0.5
3 -0.5
3 0
2.25 0
2.25 -0.5

0.75 1.125
0.796875 1.125
0.796875 1.15625
0.75 1.15625
0.75 1.125

0.796875 1.125
0.84375 1.125
0.84375 1.15625
0.796875 1.15625
0.796875 1.125

0.75 1.15625
0.796875 1.15625
0.796875 1.1875
0.75 1.1875
0.75 1.15625

0.796875 1.15625
0.84375 1.15625
0.84375 1.1875
0.796875 1.1875
0.796875 1.15625

1.5 1
1.6875 1
1.6875 1.125
1.5 1.125
1.5 1

1.6875 1
1.875 1
1.875 1.125
1.6875 1.125
1.6875 1

1.5 1.125
1.6875 1.125
1.6875 1.25
1.5 1.25
1.5 1.125

1.6875 1.125
1.875 1.125
1.875 1.25
1.6875 1.25
1.6875 1.125

1.875 1
2.25 1
2.25 1.25
1.875 1.25
1.875 1

1.875 1.25
2.25 1.25
2.25 1.5
1.875 1.5
1.875 1.25

0.375 1.125
0.46875 1.125
0.46875 1.1875
0.375 1.1875
0.375 1.125

0.46875 1.125
0.5625 1.125
0.5625 1.1875
0.46875 1.1875
0.46875 1.125

0.375 1.1875
0.46875 1.1875
0.46875 1.25
0.375 1.25
0.375 1.1875

0.46875 1.1875
0.5625 1.1875
0.5625 1.25
0.46875 1.25
0.46875 1.1875

0.9375 1.25
0.984375 1.25
0.984375 1.28125
0.9375 1.28125
0.9375 1.25

0.984375 1.25
1.03125 1.25
1.03125 1.28125
0.984375 1.28125
0.984375 1.25

0.9375 1.28125
0.984375 1.28125
0.984375 1.3125
0.9375 1.3125
0.9375 1.28125

0.984375 1.28125
1.03125 1.28125
1.03125 1.3125
0.984375 1.3125
0.984375 1.28125

0.75 1.0625
0.796875 1.0625
0.796875 1.09375
0.75 1.09375
0.75 1.0625

0.796875 1.0625
0.84375 1.0625
0.84375 1.09375
0.796875 1.09375
0.796875 1.0625

0.75 1.09375
0.796875 1.09375
0.796875 1.125
0.75 1.125
0.75 1.09375

0.796875 1.09375
0.84375 1.09375
0.84375 1.125
0.796875 1.125
0.796875 1.09375

0.84375 1.3125
0.890625 1.3125
0.890625 1.34375
0.84375 1.34375
0.84375 1.3125

0.890625 1.3125
0.9375 1.3125
0.9375 1.34375
0.890625 1.34375
0.890625 1.3125

0.84375 1.34375
0.890625 1.34375
0.890625 1.375
0.84375 1.375
0.84375 1.34375

0.890625 1.34375
0.9375 1.34375
0.9375 1.375
0.890625 1.375
0.890625 1.34375

0.9375 1.5
1.125 1.5
1.125 1.625
0.9375 1.625
0.9375 1.5

0.75 1.625
0.9375 1.625
0.9375 1.75
0.75 1.75
0.75 1.625

0.9375 1.625
1.125 1.625
1.125 1.75
0.9375 1.75
0.9375 1.625

0 -1
0.75 -1
0.75 -0.5
0 -0.5
0 -1

0.75 -1
1.5 -1
1.5 -0.5
0.75 -0.5
0.75 -1

0 -0.5
0.75 -0.5
0.75 0
0 0
0 -0.5

0.75 -0.5
1.5 -0.5
1.5 0
0.75 0
0.75 -0.5

1.5 1.25
1.6875 1.25
1.6875 1.375
1.5 1.375
1.5 1.25

1.6875 1.25
1.875 1.25
1.875 1.375
1.6875 1.375
1.6875 1.25

1.5 1.375
1.6875 1.375
1.6875 1.5
1.5 1.5
1.5 1.375

1.6875 1.375
1.875 1.375
1.875 1.5
1.6875 1.5
1.6875 1.375

0.65625 1.1875
0.703125 1.1875
0.703125 1.21875
0.65625 1.21875
0.65625 1.1875

0.703125 1.1875
0.75 1.1875
0.75 1.21875
0.703125 1.21875
0.703125 1.1875

0.65625 1.21875
0.703125 1.21875
0.703125 1.25
0.65625 1.25
0.65625 1.21875

0.703125 1.21875
0.75 1.21875
0.75 1.25
0.703125 1.25
0.703125 1.21875

-1.5 0
-0.75 0
-0.75 0.5
-1.5 0.5
-1.5 0

-0.75 0
0 0
0 0.5
-0.75 0.5
-0.75 0

-1.5 0.5
-0.75 0.5
-0.75 1
-1.5 1
-1.5 0.5

0.84375 1.375
0.9375 1.375
0.9375 1.4375
0.84375 1.4375
0.84375 1.375

0.75 1.4375
0.84375 1.4375
0.84375 1.5
0.75 1.5
0.75 1.4375

0.84375 1.4375
0.9375 1.4375
0.9375 1.5
0.84375 1.5
0.84375 1.4375

0.75 1.3125
0.796875 1.3125
0.796875 1.34375
0.75 1.34375
0.75 1.3125

0.796875 1.3125
0.84375 1.3125
0.84375 1.34375
0.796875 1.34375
0.796875 1.3125

0.75 1.34375
0.796875 1.34375
0.796875 1.375
0.75 1.375
0.75 1.34375

0.796875 1.34375
0.84375 1.34375
0.84375 1.375
0.796875 1.375
0.796875 1.34375

0.84375 1.125
0.890625 1.125
0.890625 1.15625
0.84375 1.15625
0.84375 1.125

0.890625 1.125
0.9375 1.125
0.9375 1.15625
0.890625 1.15625
0.890625 1.125

0.84375 1.15625
0.890625 1.15625
0.890625 1.1875
0.84375 1.1875
0.84375 1.15625

0.890625 1.15625
0.9375 1.15625
0.9375 1.1875
0.890625 1.1875
0.890625 1.15625

-0.75 1.5
-0.375 1.5
-0.375 1.75
-0.75 1.75
-0.75 1.5

-0.375 1.5
0 1.5
0 1.75
-0.375 1.75
-0.375 1.5

-0.75 1.75
-0.375 1.75
-0.375 2
-0.75 2
-0.75 1.75

-0.375 1.75
0 1.75
0 2
-0.375 2
-0.375 1.75

-0.75 0.5
-0.375 0.5
-0.375 0.75
-0.75 0.75
-0.75 0.5

-0.375 0.5
0 0.5
0 0.75
-0.375 0.75
-0.375 0.5

-0.75 0.75
-0.375 0.75
-0.375 1
-0.75 1
-0.75 0.75

-0.375 0.75
0 0.75
0 1
-0.375 1
-0.375 0.75

0 0.75
0.1875 0.75
0.1875 0.875
0 0.875
0 0.75

0.1875 0.75
0.375 0.75
0.375 0.875
0.1875 0.875
0.1875 0.75

0 0.875
0.1875 0.875
0.1875 1
0 1
0 0.875

0.1875 0.875
0.375 0.875
0.375 1
0.1875 1
0.1875 0.875

1.125 0.5
1.5 0.5
1.5 0.75
1.125 0.75
1.125 0.5

0.75 0.5
0.9375 0.5
0.9375 0.625
0.75 0.625
0.75 0.5

0.9375 0.5
1.125 0.5
1.125 0.625
0.9375 0.625
0.9375 0.5

0.75 0.625
0.9375 0.625
0.9375 0.75
0.75 0.75
0.75 0.625

0.9375 0.625
1.125 0.625
1.125 0.75
0.9375 0.75
0.9375 0.625

0.375 0.75
0.5625 0.75
0.5625 0.875
0.375 0.875
0.375 0.75

0.5625 0.75
0.75 0.75
0.75 0.875
0.5625 0.875
0.5625 0.75

0.375 0.875
0.5625 0.875
0.5625 1
0.375 1
0.375 0.875

-1.5 2
-0.75 2
-0.75 2.5
-1.5 2.5
-1.5 2

-0.75 2
0 2
0 2.5
-0.75 2.5
-0.75 2

-1.5 2.5
-0.75 2.5
-0.75 3
-1.5 3
-1.5 2.5

-0.75 2.5
0 2.5
0 3
-0.75 3
-0.75 2.5

0 2
0.375 2
0.375 2.25
0 2.25
0 2

0.375 2
0.75 2
0.75 2.25
0.375 2.25
0.375 2

0 2.25
0.375 2.25
0.375 2.5
0 2.5
0 2.25

0.375 2.25
0.75 2.25
0.75 2.5
0.375 2.5
0.375 2.25

-1.5 -1
-0.75 -1
-0.75 -0.5
-1.5 -0.5
-1.5 -1

-0.75 -1
0 -1
0 -0.5
-0.75 -0.5
-0.75 -1

-1.5 -0.5
-0.75 -0.5
-0.75 0
-1.5 0
-1.5 -0.5

-0.75 -0.5
0 -0.5
0 0
-0.75 0
-0.75 -0.5

1.125 0.75
1.3125 0.75
1.3125 0.875
1.125 0.875
1.125 0.75

1.3125 0.75
1.5 0.75
1.5 0.875
1.3125 0.875
1.3125 0.75

1.125 0.875
1.3125 0.875
1.3125 1
1.125 1
1.125 0.875

1.3125 0.875
1.5 0.875
1.5 1
1.3125 1
1.3125 0.875

1.5 0
2.25 0
2.25 0.5
1.5 0.5
1.5 0

2.25 0
3 0
3 0.5
2.25 0.5
2.25 0

2.25 0.5
3 0.5
3 1
2.25 1
2.25 0.5

0.375 1.5
0.5625 1.5
0.5625 1.625
0.375 1.625
0.375 1.5

0.375 1.625
0.5625 1.625
0.5625 1.75
0.375 1.75
0.375 1.625

0.5625 1.625
0.75 1.625
0.75 1.75
0.5625 1.75
0.5625 1.625

1.5 0.5
1.875 0.5
1.875 0.75
1.5 0.75
1.5 0.5

1.875 0.5
2.25 0.5
2.25 0.75
1.875 0.75
1.875 0.5

1.5 0.75
1.875 0.75
1.875 1
1.5 1
1.5 0.75

1.875 0.75
2.25 0.75
2.25 1
1.875 1
1.875 0.75

1.125 1.5
1.3125 1.5
1.3125 1.625
1.125 1.625
1.125 1.5

1.3125 1.5
1.5 1.5
1.5 1.625
1.3125 1.625
1.3125 1.5

1.125 1.625
1.3125 1.625
1.3125 1.75
1.125 1.75
1.125 1.625

1.3125 1.625
1.5 1.625
1.5 1.75
1.3125 1.75
1.3125 1.625

0.75 0.75
0.9375 0.75
0.9375 0.875
0.75 0.875
0.75 0.75

0.9375 0.75
1.125 0.75
1.125 0.875
0.9375 0.875
0.9375 0.75

0.9375 0.875
1.125 0.875
1.125 1
0.9375 1
0.9375 0.875

-1.5 1
-0.75 1
-0.75 1.5
-1.5 1.5
-1.5 1

-1.5 1.5
-0.75 1.5
-0.75 2
-1.5 2
-1.5 1.5

0.84375 1.0625
0.890625 1.0625
0.890625 1.09375
0.84375 1.09375
0.84375 1.0625

0.890625 1.0625
0.9375 1.0625
0.9375 1.09375
0.890625 1.09375
0.890625 1.0625

0.84375 1.09375
0.890625 1.09375
0.890625 1.125
0.84375 1.125
0.84375 1.09375

0.890625 1.09375
0.9375 1.09375
0.9375 1.125
0.890625 1.125
0.890625 1.09375

0.75 1.25
0.796875 1.25
0.796875 1.28125
0.75 1.28125
0.75 1.25

0.796875 1.25
0.84375 1.25
0.84375 1.28125
0.796875 1.28125
0.796875 1.25

0.75 1.28125
0.796875 1.28125
0.796875 1.3125
0.75 1.3125
0.75 1.28125

0.796875 1.28125
0.84375 1.28125
0.84375 1.3125
0.796875 1.3125
0.796875 1.28125

0.84375 1.25
0.890625 1.25
0.890625 1.28125
0.84375 1.28125
0.84375 1.25

0.890625 1.25
0.9375 1.25
0.9375 1.28125
0.890625 1.28125
0.890625 1.25

0.84375 1.28125
0.890625 1.28125
0.890625 1.3125
0.84375 1.3125
0.84375 1.28125

0.890625 1.28125
0.9375 1.28125
0.9375 1.3125
0.890625 1.3125
0.890625 1.28125

0.5625 1
0.65625 1
0.65625 1.0625
0.5625 1.0625
0.5625 1

0.65625 1
0.75 1
0.75 1.0625
0.65625 1.0625
0.65625 1

0.5625 1.0625
0.65625 1.0625
0.65625 1.125
0.5625 1.125
0.5625 1.0625

0.9375 1
1.03125 1
1.03125 1.0625
0.9375 1.0625
0.9375 1

1.03125 1
1.125 1
1.125 1.0625
1.03125 1.0625
1.03125 1

0.9375 1.0625
1.03125 1.0625
1.03125 1.125
0.9375 1.125
0.9375 1.0625

1.03125 1.0625
1.125 1.0625
1.125 1.125
1.03125 1.125
1.03125 1.0625

1.03125 1.25
1.125 1.25
1.125 1.3125
1.03125 1.3125
1.03125 1.25

0.9375 1.3125
1.03125 1.3125
1.03125 1.375
0.9375 1.375
0.9375 1.3125

1.03125 1.3125
1.125 1.3125
1.125 1.375
1.03125 1.375
1.03125 1.3125

0.9375 1.375
1.03125 1.375
1.03125 1.4375
0.9375 1.4375
0.9375 1.375

1.03125 1.375
1.125 1.375
1.125 1.4375
1.03125 1.4375
1.03125 1.375

0.9375 1.4375
1.03125 1.4375
1.03125 1.5
0.9375 1.5
0.9375 1.4375

1.03125 1.4375
1.125 1.4375
1.125 1.5
1.03125 1.5
1.03125 1.4375

0.75 1.5
0.84375 1.5
0.84375 1.5625
0.75 1.5625
0.75 1.5

0.84375 1.5
0.9375 1.5
0.9375 1.5625
0.84375 1.5625
0.84375 1.5

0.75 1.5625
0.84375 1.5625
0.84375 1.625
0.75 1.625
0.75 1.5625

0.84375 1.5625
0.9375 1.5625
0.9375 1.625
0.84375 1.625
0.84375 1.5625

0.375 1.375
0.46875 1.375
0.46875 1.4375
0.375 1.4375
0.375 1.375

0.46875 1.375
0.5625 1.375
0.5625 1.4375
0.46875 1.4375
0.46875 1.375

0.375 1.4375
0.46875 1.4375
0.46875 1.5
0.375 1.5
0.375 1.4375

0.46875 1.4375
0.5625 1.4375
0.5625 1.5
0.46875 1.5
0.46875 1.4375

0.5625 1.5
0.65625 1.5
0.65625 1.5625
0.5625 1.5625
0.5625 1.5

0.65625 1.5
0.75 1.5
0.75 1.5625
0.65625 1.5625
0.65625 1.5

0.5625 1.5625
0.65625 1.5625
0.65625 1.625
0.5625 1.625
0.5625 1.5625

0.65625 1.5625
0.75 1.5625
0.75 1.625
0.65625 1.625
0.65625 1.5625

0 1.5
0.1875 1.5
0.1875 1.625
0 1.625
0 1.5

0.1875 1.5
0.375 1.5
0.375 1.625
0.1875 1.625
0.1875 1.5

0 1.625
0.1875 1.625
0.1875 1.75
0 1.75
0 1.625

0.1875 1.625
0.375 1.625
0.375 1.75
0.1875 1.75
0.1875 1.625

0.375 1.75
0.5625 1.75
0.5625 1.875
0.375 1.875
0.375 1.75

0.5625 1.75
0.75 1.75
0.75 1.875
0.5625 1.875
0.5625 1.75

0.375 1.875
0.5625 1.875
0.5625 2
0.375 2
0.375 1.875

0.5625 1.875
0.75 1.875
0.75 2
0.5625 2
0.5625 1.875

0.75 1.75
0.9375 1.75
0.9375 1.875
0.75 1.875
0.75 1.75

0.9375 1.75
1.125 1.75
1.125 1.875
0.9375 1.875
0.9375 1.75

0.75 1.875
0.9375 1.875
0.9375 2
0.75 2
0.75 1.875

0.9375 1.875
1.125 1.875
1.125 2
0.9375 2
0.9375 1.875

