-1.5 -1
0 -1
0 0
-1.5 0
-1.5 -1

0 -1
1.5 -1
1.5 0
0 0
0 -1

-1.5 0
0 0
0 1
-1.5 1
-1.5 0

1.5 -1
3 -1
3 0
1.5 0
1.5 -1

3 -1
4.5 -1
4.5 0
3 0
3 -1

3 0
4.5 0
4.5 1
3 1
3 0

0 0
0.75 0
0.75 0.5
0 0.5
0 0

0.75 0
1.5 0
1.5 0.5
0.75 0.5
0.75 0

0 0.5
0.75 0.5
0.75 1
0 1
0 0.5

0.75 0.5
1.5 0.5
1.5 1
0.75 1
0.75 0.5

0.9375 2.625
1.03125 2.625
1.03125 2.6875
0.9375 2.6875
0.9375 2.625

0.9375 2.6875
1.03125 2.6875
1.03125 2.75
0.9375 2.75
0.9375 2.6875

1.03125 2.6875
1.125 2.6875
1.125 2.75
1.03125 2.75
1.03125 2.6875

1.5 2.25
1.6875 2.25
1.6875 2.375
1.5 2.375
1.5 2.25

1.6875 2.25
1.875 2.25
1.875 2.375
1.6875 2.375
1.6875 2.25

1.6875 2.375
1.875 2.375
1.875 2.5
1.6875 2.5
1.6875 2.375

0.9375 2.5625
0.984375 2.5625
0.984375 2.59375
0.9375 2.59375
0.9375 2.5625

0.984375 2.5625
1.03125 2.5625
1.03125 2.59375
0.984375 2.59375
0.984375 2.5625

0.9375 2.59375
0.984375 2.59375
0.984375 2.625
0.9375 2.625
0.9375 2.59375

0.984375 2.59375
1.03125 2.59375
1.03125 2.625
0.984375 2.625
0.984375 2.59375

0 1.5
0.375 1.5
0.375 1.75
0 1.75
0 1.5

0.375 1.5
0.75 1.5
0.75 1.75
0.375 1.75
0.375 1.5

0 1.75
0.375 1.75
0.375 2
0 2
0 1.75

0.375 1.75
0.75 1.75
0.75 2
0.375 2
0.375 1.75

2.25 2.5
2.625 2.5
2.625 2.75
2.25 2.75
2.25 2.5

2.625 2.5
3 2.5
3 2.75
2.625 2.75
2.625 2.5

2.25 2.75
2.625 2.75
2.625 3
2.25 3
2.25 2.75

2.625 2.75
3 2.75
3 3
2.625 3
2.625 2.75

0.9375 2.75
1.03125 2.75
1.03125 2.8125
0.9375 2.8125
0.9375 2.75

1.03125 2.75
1.125 2.75
1.125 2.8125
1.03125 2.8125
1.03125 2.75

0.9375 2.8125
1.03125 2.8125
1.03125 2.875
0.9375 2.875
0.9375 2.8125

1.03125 2.8125
1.125 2.8125
1.125 2.875
1.03125 2.875
1.03125 2.8125

1.21875 2.625
1.26562 2.625
1.26562 2.65625
1.21875 2.65625
1.21875 2.625

1.26562 2.625
1.3125 2.625
1.3125 2.65625
1.26562 2.65625
1.26562 2.625

1.21875 2.65625
1.26562 2.65625
1.26562 2.6875
1.21875 2.6875
1.21875 2.65625

1.26562 2.65625
1.3125 2.65625
1.3125 2.6875
1.26562 2.6875
1.26562 2.65625

1.21875 2.5625
1.26562 2.5625
1.26562 2.59375
1.21875 2.59375
1.21875 2.5625

1.26562 2.5625
1.3125 2.5625
1.3125 2.59375
1.26562 2.59375
1.26562 2.5625

1.21875 2.59375
1.26562 2.59375
1.26562 2.625
1.21875 2.625
1.21875 2.59375

1.26562 2.59375
1.3125 2.59375
1.3125 2.625
1.26562 2.625
1.26562 2.59375

0.9375 2.375
1.03125 2.375
1.03125 2.4375
0.9375 2.4375
0.9375 2.375

1.03125 2.5625
1.07812 2.5625
1.07812 2.59375
1.03125 2.59375
1.03125 2.5625

1.07812 2.5625
1.125 2.5625
1.125 2.59375
1.07812 2.59375
1.07812 2.5625

1.03125 2.59375
1.07812 2.59375
1.07812 2.625
1.03125 2.625
1.03125 2.59375

1.07812 2.59375
1.125 2.59375
1.125 2.625
1.07812 2.625
1.07812 2.59375

1.3125 2.375
1.40625 2.375
1.40625 2.4375
1.3125 2.4375
1.3125 2.375

1.40625 2.375
1.5 2.375
1.5 2.4375
1.40625 2.4375
1.40625 2.375

1.40625 2.4375
1.5 2.4375
1.5 2.5
1.40625 2.5
1.40625 2.4375

1.5 2
1.6875 2
1.6875 2.125
1.5 2.125
1.5 2

1.6875 2
1.875 2
1.875 2.125
1.6875 2.125
1.6875 2

1.5 2.125
1.6875 2.125
1.6875 2.25
1.5 2.25
1.5 2.125

1.6875 2.125
1.875 2.125
1.875 2.25
1.6875 2.25
1.6875 2.125

1.125 2
1.3125 2
1.3125 2.125
1.125 2.125
1.125 2

1.3125 2
1.5 2
1.5 2.125
1.3125 2.125
1.3125 2

1.125 2.125
1.3125 2.125
1.3125 2.25
1.125 2.25
1.125 2.125

1.3125 2.125
1.5 2.125
1.5 2.25
1.3125 2.25
1.3125 2.125

0.9375 2.5
0.984375 2.5
0.984375 2.53125
0.9375 2.53125
0.9375 2.5

0.984375 2.5
1.03125 2.5
1.03125 2.53125
0.984375 2.53125
0.984375 2.5

0.9375 2.53125
0.984375 2.53125
0.984375 2.5625
0.9375 2.5625
0.9375 2.53125

0.984375 2.53125
1.03125 2.53125
1.03125 2.5625
0.984375 2.5625
0.984375 2.53125

0.75 2.5
0.84375 2.5
0.84375 2.5625
0.75 2.5625
0.75 2.5

0.84375 2.5
0.9375 2.5
0.9375 2.5625
0.84375 2.5625
0.84375 2.5

0.75 2.5625
0.84375 2.5625
0.84375 2.625
0.75 2.625
0.75 2.5625

0.84375 2.5625
0.9375 2.5625
0.9375 2.625
0.84375 2.625
0.84375 2.5625

3 2
3.75 2
3.75 2.5
3 2.5
3 2

3.75 2
4.5 2
4.5 2.5
3.75 2.5
3.75 2

3 2.5
3.75 2.5
3.75 3
3 3
3 2.5

3.75 2.5
4.5 2.5
4.5 3
3.75 3
3.75 2.5

0.375 2.25
0.5625 2.25
0.5625 2.375
0.375 2.375
0.375 2.25

0.5625 2.25
0.75 2.25
0.75 2.375
0.5625 2.375
0.5625 2.25

0.375 2.375
0.5625 2.375
0.5625 2.5
0.375 2.5
0.375 2.375

0.5625 2.375
0.75 2.375
0.75 2.5
0.5625 2.5
0.5625 2.375

1.125 2.6875
1.17188 2.6875
1.17188 2.71875
1.125 2.71875
1.125 2.6875

1.17188 2.6875
1.21875 2.6875
1.21875 2.71875
1.17188 2.71875
1.17188 2.6875

1.125 2.71875
1.17188 2.71875
1.17188 2.75
1.125 2.75
1.125 2.71875

1.17188 2.71875
1.21875 2.71875
1.21875 2.75
1.17188 2.75
1.17188 2.71875

1.5 2.75
1.6875 2.75
1.6875 2.875
1.5 2.875
1.5 2.75

1.6875 2.75
1.875 2.75
1.875 2.875
1.6875 2.875
1.6875 2.75

1.5 2.875
1.6875 2.875
1.6875 3
1.5 3
1.5 2.875

1.6875 2.875
1.875 2.875
1.875 3
1.6875 3
1.6875 2.875

1.875 2.5
2.0625 2.5
2.0625 2.625
1.875 2.625
1.875 2.5

2.0625 2.5
2.25 2.5
2.25 2.625
2.0625 2.625
2.0625 2.5

1.875 2.625
2.0625 2.625
2.0625 2.75
1.875 2.75
1.875 2.625

2.0625 2.625
2.25 2.625
2.25 2.75
2.0625 2.75
2.0625 2.625

3 1
3.75 1
3.75 1.5
3 1.5
3 1

3.75 1
4.5 1
4.5 1.5
3.75 1.5
3.75 1

3 1.5
3.75 1.5
3.75 2
3 2
3 1.5

3.75 1.5
4.5 1.5
4.5 2
3.75 2
3.75 1.5

1.5 1.5
1.875 1.5
1.875 1.75
1.5 1.75
1.5 1.5

1.875 1.5
2.25 1.5
2.25 1.75
1.875 1.75
1.875 1.5

1.5 1.75
1.875 1.75
1.875 2
1.5 2
1.5 1.75

1.875 1.75
2.25 1.75
2.25 2
1.875 2
1.875 1.75

0.75 1.5
1.125 1.5
1.125 1.75
0.75 1.75
0.75 1.5

1.125 1.5
1.5 1.5
1.5 1.75
1.125 1.75
1.125 1.5

0.75 1.75
1.125 1.75
1.125 2
0.75 2
0.75 1.75

1.125 1.75
1.5 1.75
1.5 2
1.125 2
1.125 1.75

0 2.5
0.375 2.5
0.375 2.75
0 2.75
0 2.5

0 2.75
0.375 2.75
0.375 3
0 3
0 2.75

0.75 2.375
0.84375 2.375
0.84375 2.4375
0.75 2.4375
0.75 2.375

0.84375 2.375
0.9375 2.375
0.9375 2.4375
0.84375 2.4375
0.84375 2.375

0.75 2.4375
0.84375 2.4375
0.84375 2.5
0.75 2.5
0.75 2.4375

0.84375 2.4375
0.9375 2.4375
0.9375 2.5
0.84375 2.5
0.84375 2.4375

1.3125 2.5625
1.35938 2.5625
1.35938 2.59375
1.3125 2.59375
1.3125 2.5625

1.35938 2.5625
1.40625 2.5625
1.40625 2.59375
1.35938 2.59375
1.35938 2.5625

1.3125 2.59375
1.35938 2.59375
1.35938 2.625
1.3125 2.625
1.3125 2.59375

1.35938 2.59375
1.40625 2.59375
1.40625 2.625
1.35938 2.625
1.35938 2.59375

1.03125 2.625
1.07812 2.625
1.07812 2.65625
1.03125 2.65625
1.03125 2.625

1.07812 2.625
1.125 2.625
1.125 2.65625
1.07812 2.65625
1.07812 2.625

1.03125 2.65625
1.07812 2.65625
1.07812 2.6875
1.03125 2.6875
1.03125 2.65625

1.07812 2.65625
1.125 2.65625
1.125 2.6875
1.07812 2.6875
1.07812 2.65625

0.375 2.5
0.5625 2.5
0.5625 2.625
0.375 2.625
0.375 2.5

0.5625 2.5
0.75 2.5
0.75 2.625
0.5625 2.625
0.5625 2.5

0.375 2.625
0.5625 2.625
0.5625 2.75
0.375 2.75
0.375 2.625

0.5625 2.625
0.75 2.625
0.75 2.75
0.5625 2.75
0.5625 2.625

1.40625 2.5
1.5 2.5
1.5 2.5625
1.40625 2.5625
1.40625 2.5

1.40625 2.5625
1.5 2.5625
1.5 2.625
1.40625 2.625
1.40625 2.5625

-0.75 2.5
-0.375 2.5
-0.375 2.75
-0.75 2.75
-0.75 2.5

-0.375 2.5
0 2.5
0 2.75
-0.375 2.75
-0.375 2.5

-0.75 2.75
-0.375 2.75
-0.375 3
-0.75 3
-0.75 2.75

-0.375 2.75
0 2.75
0 3
-0.375 3
-0.375 2.75

1.3125 2.4375
1.35938 2.4375
1.35938 2.46875
1.3125 2.46875
1.3125 2.4375

1.35938 2.4375
1.40625 2.4375
1.40625 2.46875
1.35938 2.46875
1.35938 2.4375

1.3125 2.46875
1.35938 2.46875
1.35938 2.5
1.3125 2.5
1.3125 2.46875

1.35938 2.46875
1.40625 2.46875
1.40625 2.5
1.35938 2.5
1.35938 2.46875

2.25 2
2.625 2
2.625 2.25
2.25 2.25
2.25 2

2.625 2
3 2
3 2.25
2.625 2.25
2.625 2

2.25 2.25
2.625 2.25
2.625 2.5
2.25 2.5
2.25 2.25

2.625 2.25
3 2.25
3 2.5
2.625 2.5
2.625 2.25

0.375 2.75
0.5625 2.75
0.5625 2.875
0.375 2.875
0.375 2.75

0.5625 2.75
0.75 2.75
0.75 2.875
0.5625 2.875
0.5625 2.75

0.375 2.875
0.5625 2.875
0.5625 3
0.375 3
0.375 2.875

0.5625 2.875
0.75 2.875
0.75 3
0.5625 3
0.5625 2.875

1.125 2.5625
1.17188 2.5625
1.17188 2.59375
1.125 2.59375
1.125 2.5625

1.17188 2.5625
1.21875 2.5625
1.21875 2.59375
1.17188 2.59375
1.17188 2.5625

1.125 2.59375
1.17188 2.59375
1.17188 2.625
1.125 2.625
1.125 2.59375

1.17188 2.59375
1.21875 2.59375
1.21875 2.625
1.17188 2.625
1.17188 2.59375

1.6875 2.5
1.875 2.5
1.875 2.625
1.6875 2.625
1.6875 2.5

1.5 2.625
1.6875 2.625
1.6875 2.75
1.5 2.75
1.5 2.625

1.6875 2.625
1.875 2.625
1.875 2.75
1.6875 2.75
1.6875 2.625

1.3125 2.5
1.35938 2.5
1.35938 2.53125
1.3125 2.53125
1.3125 2.5

1.35938 2.5
1.40625 2.5
1.40625 2.53125
1.35938 2.53125
1.35938 2.5

1.3125 2.53125
1.35938 2.53125
1.35938 2.5625
1.3125 2.5625
1.3125 2.53125

1.35938 2.53125
1.40625 2.53125
1.40625 2.5625
1.35938 2.5625
1.35938 2.53125

1.3125 2.625
1.40625 2.625
1.40625 2.6875
1.3125 2.6875
1.3125 2.625

1.40625 2.625
1.5 2.625
1.5 2.6875
1.40625 2.6875
1.40625 2.625

1.3125 2.6875
1.40625 2.6875
1.40625 2.75
1.3125 2.75
1.3125 2.6875

1.40625 2.6875
1.5 2.6875
1.5 2.75
1.40625 2.75
1.40625 2.6875

1.5 1
2.25 1
2.25 1.5
1.5 1.5
1.5 1

2.25 1
3 1
3 1.5
2.25 1.5
2.25 1

2.25 1.5
3 1.5
3 2
2.25 2
2.25 1.5

-0.75 2
-0.375 2
-0.375 2.25
-0.75 2.25
-0.75 2

-0.375 2
0 2
0 2.25
-0.375 2.25
-0.375 2

-0.75 2.25
-0.375 2.25
-0.375 2.5
-0.75 2.5
-0.75 2.25

-0.375 2.25
0 2.25
0 2.5
-0.375 2.5
-0.375 2.25

1.125 2.75
1.21875 2.75
1.21875 2.8125
1.125 2.8125
1.125 2.75

1.21875 2.75
1.3125 2.75
1.3125 2.8125
1.21875 2.8125
1.21875 2.75

1.125 2.8125
1.21875 2.8125
1.21875 2.875
1.125 2.875
1.125 2.8125

1.21875 2.8125
1.3125 2.8125
1.3125 2.875
1.21875 2.875
1.21875 2.8125

1.5 2.5
1.59375 2.5
1.59375 2.5625
1.5 2.5625
1.5 2.5

1.59375 2.5
1.6875 2.5
1.6875 2.5625
1.59375 2.5625
1.59375 2.5

1.5 2.5625
1.59375 2.5625
1.59375 2.625
1.5 2.625
1.5 2.5625

1.59375 2.5625
1.6875 2.5625
1.6875 2.625
1.59375 2.625
1.59375 2.5625

1.03125 2.5
1.07812 2.5
1.07812 2.53125
1.03125 2.53125
1.03125 2.5

1.07812 2.5
1.125 2.5
1.125 2.53125
1.07812 2.53125
1.07812 2.5

1.03125 2.53125
1.07812 2.53125
1.07812 2.5625
1.03125 2.5625
1.03125 2.53125

1.07812 2.53125
1.125 2.53125
1.125 2.5625
1.07812 2.5625
1.07812 2.53125

0.75 2
0.9375 2
0.9375 2.125
0.75 2.125
0.75 2

0.9375 2
1.125 2
1.125 2.125
0.9375 2.125
0.9375 2

0.75 2.125
0.9375 2.125
0.9375 2.25
0.75 2.25
0.75 2.125

0.9375 2.125
1.125 2.125
1.125 2.25
0.9375 2.25
0.9375 2.125

0.75 2.75
0.9375 2.75
0.9375 2.875
0.75 2.875
0.75 2.75

0.75 2.875
0.9375 2.875
0.9375 3
0.75 3
0.75 2.875

0.9375 2.875
1.125 2.875
1.125 3
0.9375 3
0.9375 2.875

1.21875 2.5
1.26562 2.5
1.26562 2.53125
1.21875 2.53125
1.21875 2.5

1.26562 2.5
1.3125 2.5
1.3125 2.53125
1.26562 2.53125
1.26562 2.5

1.21875 2.53125
1.26562 2.53125
1.26562 2.5625
1.21875 2.5625
1.21875 2.53125

1.26562 2.53125
1.3125 2.53125
1.3125 2.5625
1.26562 2.5625
1.26562 2.53125

1.125 2.4375
1.17188 2.4375
1.17188 2.46875
1.125 2.46875
1.125 2.4375

1.17188 2.4375
1.21875 2.4375
1.21875 2.46875
1.17188 2.46875
1.17188 2.4375

1.125 2.46875
1.17188 2.46875
1.17188 2.5
1.125 2.5
1.125 2.46875

1.17188 2.46875
1.21875 2.46875
1.21875 2.5
1.17188 2.5
1.17188 2.46875

0.75 2.25
0.9375 2.25
0.9375 2.375
0.75 2.375
0.75 2.25

1.3125 2.25
1.40625 2.25
1.40625 2.3125
1.3125 2.3125
1.3125 2.25

1.40625 2.25
1.5 2.25
1.5 2.3125
1.40625 2.3125
1.40625 2.25

1.3125 2.3125
1.40625 2.3125
1.40625 2.375
1.3125 2.375
1.3125 2.3125

1.40625 2.3125
1.5 2.3125
1.5 2.375
1.40625 2.375
1.40625 2.3125

1.3125 2.75
1.5 2.75
1.5 2.875
1.3125 2.875
1.3125 2.75

1.125 2.875
1.3125 2.875
1.3125 3
1.125 3
1.125 2.875

1.3125 2.875
1.5 2.875
1.5 3
1.3125 3
1.3125 2.875

1.125 2.5
1.17188 2.5
1.17188 2.53125
1.125 2.53125
1.125 2.5

1.17188 2.5
1.21875 2.5
1.21875 2.53125
1.17188 2.53125
1.17188 2.5

1.125 2.53125
1.17188 2.53125
1.17188 2.5625
1.125 2.5625
1.125 2.53125

1.17188 2.53125
1.21875 2.53125
1.21875 2.5625
1.17188 2.5625
1.17188 2.53125

1.21875 2.375
1.26562 2.375
1.26562 2.40625
1.21875 2.40625
1.21875 2.375

1.26562 2.375
1.3125 2.375
1.3125 2.40625
1.26562 2.40625
1.26562 2.375

1.21875 2.40625
1.26562 2.40625
1.26562 2.4375
1.21875 2.4375
1.21875 2.40625

1.26562 2.40625
1.3125 2.40625
1.3125 2.4375
1.26562 2.4375
1.26562 2.40625

1.875 2.25
2.0625 2.25
2.0625 2.375
1.875 2.375
1.875 2.25

2.0625 2.25
2.25 2.25
2.25 2.375
2.0625 2.375
2.0625 2.25

1.875 2.375
2.0625 2.375
2.0625 2.5
1.875 2.5
1.875 2.375

2.0625 2.375
2.25 2.375
2.25 2.5
2.0625 2.5
2.0625 2.375

-1.5 1
-0.75 1
-0.75 1.5
-1.5 1.5
-1.5 1

-0.75 1
0 1
0 1.5
-0.75 1.5
-0.75 1

-1.5 1.5
-0.75 1.5
-0.75 2
-1.5 2
-1.5 1.5

-0.75 1.5
0 1.5
0 2
-0.75 2
-0.75 1.5

1.21875 2.4375
1.26562 2.4375
1.26562 2.46875
1.21875 2.46875
1.21875 2.4375

1.26562 2.4375
1.3125 2.4375
1.3125 2.46875
1.26562 2.46875
1.26562 2.4375

1.21875 2.46875
1.26562 2.46875
1.26562 2.5
1.21875 2.5
1.21875 2.46875

1.26562 2.46875
1.3125 2.46875
1.3125 2.5
1.26562 2.5
1.26562 2.46875

0.75 2.625
0.84375 2.625
0.84375 2.6875
0.75 2.6875
0.75 2.625

0.84375 2.625
0.9375 2.625
0.9375 2.6875
0.84375 2.6875
0.84375 2.625

0.75 2.6875
0.84375 2.6875
0.84375 2.75
0.75 2.75
0.75 2.6875

0.84375 2.6875
0.9375 2.6875
0.9375 2.75
0.84375 2.75
0.84375 2.6875

1.125 2.625
1.17188 2.625
1.17188 2.65625
1.125 2.65625
1.125 2.625

1.17188 2.625
1.21875 2.625
1.21875 2.65625
1.17188 2.65625
1.17188 2.625

1.125 2.65625
1.17188 2.65625
1.17188 2.6875
1.125 2.6875
1.125 2.65625

1.17188 2.65625
1.21875 2.65625
1.21875 2.6875
1.17188 2.6875
1.17188 2.65625

1.03125 2.4375
1.07812 2.4375
1.07812 2.46875
1.03125 2.46875
1.03125 2.4375

1.07812 2.4375
1.125 2.4375
1.125 2.46875
1.07812 2.46875
1.07812 2.4375

1.03125 2.46875
1.07812 2.46875
1.07812 2.5
1.03125 2.5
1.03125 2.46875

1.07812 2.46875
1.125 2.46875
1.125 2.5
1.07812 2.5
1.07812 2.46875

0.9375 2.4375
0.984375 2.4375
0.984375 2.46875
0.9375 2.46875
0.9375 2.4375

0.984375 2.4375
1.03125 2.4375
1.03125 2.46875
0.984375 2.46875
0.984375 2.4375

0.9375 2.46875
0.984375 2.46875
0.984375 2.5
0.9375 2.5
0.9375 2.46875

0.984375 2.46875
1.03125 2.46875
1.03125 2.5
0.984375 2.5
0.984375 2.46875

1.03125 2.375
1.07812 2.375
1.07812 2.40625
1.03125 2.40625
1.03125 2.375

1.07812 2.375
1.125 2.375
1.125 2.40625
1.07812 2.40625
1.07812 2.375

1.03125 2.40625
1.07812 2.40625
1.07812 2.4375
1.03125 2.4375
1.03125 2.40625

1.07812 2.40625
1.125 2.40625
1.125 2.4375
1.07812 2.4375
1.07812 2.40625

1.875 2
2.25 2
2.25 2.25
1.875 2.25
1.875 2

-1.5 2
-0.75 2
-0.75 2.5
-1.5 2.5
-1.5 2

-1.5 2.5
-0.75 2.5
-0.75 3
-1.5 3
-1.5 2.5

0 2
0.375 2
0.375 2.25
0 2.25
0 2

0.375 2
0.75 2
0.75 2.25
0.375 2.25
0.375 2

0 2.25
0.375 2.25
0.375 2.5
0 2.5
0 2.25

1.125 2.25
1.21875 2.25
1.21875 2.3125
1.125 2.3125
1.125 2.25

1.21875 2.25
1.3125 2.25
1.3125 2.3125
1.21875 2.3125
1.21875 2.25

1.125 2.3125
1.21875 2.3125
1.21875 2.375
1.125 2.375
1.125 2.3125

1.21875 2.3125
1.3125 2.3125
1.3125 2.375
1.21875 2.375
1.21875 2.3125

1.875 2.75
2.25 2.75
2.25 3
1.875 3
1.875 2.75

1.5 0
2.25 0
2.25 0.5
1.5 0.5
1.5 0

2.25 0
3 0
3 0.5
2.25 0.5
2.25 0

1.5 0.5
2.25 0.5
2.25 1
1.5 1
1.5 0.5

2.25 0.5
3 0.5
3 1
2.25 1
2.25 0.5

0.9375 2.25
1.03125 2.25
1.03125 2.3125
0.9375 2.3125
0.9375 2.25

1.03125 2.25
1.125 2.25
1.125 2.3125
1.03125 2.3125
1.03125 2.25

0.9375 2.3125
1.03125 2.3125
1.03125 2.375
0.9375 2.375
0.9375 2.3125

1.03125 2.3125
1.125 2.3125
1.125 2.375
1.03125 2.375
1.03125 2.3125

0 1
0.75 1
0.75 1.5
0 1.5
0 1

0.75 1
1.5 1
1.5 1.5
0.75 1.5
0.75 1

1.5 2.375
1.59375 2.375
1.59375 2.4375
1.5 2.4375
1.5 2.375

1.59375 2.375
1.6875 2.375
1.6875 2.4375
1.59375 2.4375
1.59375 2.375

1.5 2.4375
1.59375 2.4375
1.59375 2.5
1.5 2.5
1.5 2.4375

1.59375 2.4375
1.6875 2.4375
1.6875 2.5
1.59375 2.5
1.59375 2.4375

1.125 2.375
1.17188 2.375
1.17188 2.40625
1.125 2.40625
1.125 2.375

1.17188 2.375
1.21875 2.375
1.21875 2.40625
1.17188 2.40625
1.17188 2.375

1.125 2.40625
1.17188 2.40625
1.17188 2.4375
1.125 2.4375
1.125 2.40625

1.17188 2.40625
1.21875 2.40625
1.21875 2.4375
1.17188 2.4375
1.17188 2.40625

1.21875 2.6875
1.3125 2.6875
1.3125 2.75
1.21875 2.75
1.21875 2.6875

