2 -1
3 -1
3 0
2 0
2 -1

2 0
3 0
3 1
2 1
2 0

2 1
3 1
3 2
2 2
2 1

2 2
3 2
3 3
2 3
2 2

0.25 0.875
0.375 0.875
0.375 1
0.25 1
0.25 0.875

0.375 0.625
0.4375 0.625
0.4375 0.6875
0.375 0.6875
0.375 0.625

0.375 0.6875
0.4375 0.6875
0.4375 0.75
0.375 0.75
0.375 0.6875

0.4375 0.6875
0.5 0.6875
0.5 0.75
0.4375 0.75
0.4375 0.6875

0.375 0.75
0.4375 0.75
0.4375 0.8125
0.375 0.8125
0.375 0.75

0.4375 0.75
0.5 0.75
0.5 0.8125
0.4375 0.8125
0.4375 0.75

0.375 0.8125
0.4375 0.8125
0.4375 0.875
0.375 0.875
0.375 0.8125

0.4375 0.8125
0.5 0.8125
0.5 0.875
0.4375 0.875
0.4375 0.8125

0.5 0.75
0.5625 0.75
0.5625 0.8125
0.5 0.8125
0.5 0.75

0.5 0.8125
0.5625 0.8125
0.5625 0.875
0.5 0.875
0.5 0.8125

0.5625 0.8125
0.625 0.8125
0.625 0.875
0.5625 0.875
0.5625 0.8125

0.4375 0.625
0.46875 0.625
0.46875 0.65625
0.4375 0.65625
0.4375 0.625

0.46875 0.625
0.5 0.625
0.5 0.65625
0.46875 0.65625
0.46875 0.625

0.4375 0.65625
0.46875 0.65625
0.46875 0.6875
0.4375 0.6875
0.4375 0.65625

0.46875 0.65625
0.5 0.65625
0.5 0.6875
0.46875 0.6875
0.46875 0.65625

0.75 0.75
0.8125 0.75
0.8125 0.8125
0.75 0.8125
0.75 0.75

0.8125 0.75
0.875 0.75
0.875 0.8125
0.8125 0.8125
0.8125 0.75

0.75 0.8125
0.8125 0.8125
0.8125 0.875
0.75 0.875
0.75 0.8125

0.8125 0.8125
0.875 0.8125
0.875 0.875
0.8125 0.875
0.8125 0.8125

0.25 1
0.375 1
0.375 1.125
0.25 1.125
0.25 1

0.375 1
0.5 1
0.5 1.125
0.375 1.125
0.375 1

0.25 1.125
0.375 1.125
0.375 1.25
0.25 1.25
0.25 1.125

0.375 1.125
0.5 1.125
0.5 1.25
0.375 1.25
0.375 1.125

0.59375 0.59375
0.609375 0.59375
0.609375 0.609375
0.59375 0.609375
0.59375 0.59375

0.609375 0.59375
0.625 0.59375
0.625 0.609375
0.609375 0.609375
0.609375 0.59375

0.59375 0.609375
0.609375 0.609375
0.609375 0.625
0.59375 0.625
0.59375 0.609375

0.609375 0.609375
0.625 0.609375
0.625 0.625
0.609375 0.625
0.609375 0.609375

0 1.25
0.25 1.25
0.25 1.5
0 1.5
0 1.25

0.5 0.625
0.53125 0.625
0.53125 0.65625
0.5 0.65625
0.5 0.625

0.53125 0.625
0.5625 0.625
0.5625 0.65625
0.53125 0.65625
0.53125 0.625

0.5 0.65625
0.53125 0.65625
0.53125 0.6875
0.5 0.6875
0.5 0.65625

0.53125 0.65625
0.5625 0.65625
0.5625 0.6875
0.53125 0.6875
0.53125 0.65625

0.5625 0.65625
0.59375 0.65625
0.59375 0.6875
0.5625 0.6875
0.5625 0.65625

0.59375 0.65625
0.625 0.65625
0.625 0.6875
0.59375 0.6875
0.59375 0.65625

0.5625 0.6875
0.59375 0.6875
0.59375 0.71875
0.5625 0.71875
0.5625 0.6875

0.59375 0.6875
0.625 0.6875
0.625 0.71875
0.59375 0.71875
0.59375 0.6875

0.5625 0.71875
0.59375 0.71875
0.59375 0.75
0.5625 0.75
0.5625 0.71875

0.59375 0.71875
0.625 0.71875
0.625 0.75
0.59375 0.75
0.59375 0.71875

0.5625 0.75
0.59375 0.75
0.59375 0.78125
0.5625 0.78125
0.5625 0.75

0.59375 0.75
0.625 0.75
0.625 0.78125
0.59375 0.78125
0.59375 0.75

0.5625 0.78125
0.59375 0.78125
0.59375 0.8125
0.5625 0.8125
0.5625 0.78125

0.59375 0.78125
0.625 0.78125
0.625 0.8125
0.59375 0.8125
0.59375 0.78125

0.5 0.5625
0.515625 0.5625
0.515625 0.578125
0.5 0.578125
0.5 0.5625

0.515625 0.5625
0.53125 0.5625
0.53125 0.578125
0.515625 0.578125
0.515625 0.5625

0.5 0.578125
0.515625 0.578125
0.515625 0.59375
0.5 0.59375
0.5 0.578125

0.515625 0.578125
0.53125 0.578125
0.53125 0.59375
0.515625 0.59375
0.515625 0.578125

0.6875 0.4375
0.71875 0.4375
0.71875 0.46875
0.6875 0.46875
0.6875 0.4375

0.71875 0.4375
0.75 0.4375
0.75 0.46875
0.71875 0.46875
0.71875 0.4375

0.6875 0.46875
0.71875 0.46875
0.71875 0.5
0.6875 0.5
0.6875 0.46875

0.71875 0.46875
0.75 0.46875
0.75 0.5
0.71875 0.5
0.71875 0.46875

0.75 1.25
0.875 1.25
0.875 1.375
0.75 1.375
0.75 1.25

0.875 1.25
1 1.25
1 1.375
0.875 1.375
0.875 1.25

0.75 1.375
0.875 1.375
0.875 1.5
0.75 1.5
0.75 1.375

0.875 1.375
1 1.375
1 1.5
0.875 1.5
0.875 1.375

0.5 0.6875
0.53125 0.6875
0.53125 0.71875
0.5 0.71875
0.5 0.6875

0.53125 0.6875
0.5625 0.6875
0.5625 0.71875
0.53125 0.71875
0.53125 0.6875

0.5 0.71875
0.53125 0.71875
0.53125 0.75
0.5 0.75
0.5 0.71875

0.53125 0.71875
0.5625 0.71875
0.5625 0.75
0.53125 0.75
0.53125 0.71875

0.53125 0.59375
0.546875 0.59375
0.546875 0.609375
0.53125 0.609375
0.53125 0.59375

0.546875 0.59375
0.5625 0.59375
0.5625 0.609375
0.546875 0.609375
0.546875 0.59375

0.53125 0.609375
0.546875 0.609375
0.546875 0.625
0.53125 0.625
0.53125 0.609375

0.546875 0.609375
0.5625 0.609375
0.5625 0.625
0.546875 0.625
0.546875 0.609375

0.53125 0.53125
0.546875 0.53125
0.546875 0.546875
0.53125 0.546875
0.53125 0.53125

0.546875 0.53125
0.5625 0.53125
0.5625 0.546875
0.546875 0.546875
0.546875 0.53125

0.53125 0.546875
0.546875 0.546875
0.546875 0.5625
0.53125 0.5625
0.53125 0.546875

0.546875 0.546875
0.5625 0.546875
0.5625 0.5625
0.546875 0.5625
0.546875 0.546875

0.75 0.25
0.8125 0.25
0.8125 0.3125
0.75 0.3125
0.75 0.25

0.8125 0.25
0.875 0.25
0.875 0.3125
0.8125 0.3125
0.8125 0.25

0.75 0.3125
0.8125 0.3125
0.8125 0.375
0.75 0.375
0.75 0.3125

0.8125 0.3125
0.875 0.3125
0.875 0.375
0.8125 0.375
0.8125 0.3125

0.5 1.25
0.625 1.25
0.625 1.375
0.5 1.375
0.5 1.25

0.625 1.25
0.75 1.25
0.75 1.375
0.625 1.375
0.625 1.25

0.5 1.375
0.625 1.375
0.625 1.5
0.5 1.5
0.5 1.375

0.625 1.375
0.75 1.375
0.75 1.5
0.625 1.5
0.625 1.375

0.609375 0.546875
0.617188 0.546875
0.617188 0.554688
0.609375 0.554688
0.609375 0.546875

0.617188 0.546875
0.625 0.546875
0.625 0.554688
0.617188 0.554688
0.617188 0.546875

0.609375 0.554688
0.617188 0.554688
0.617188 0.5625
0.609375 0.5625
0.609375 0.554688

0.617188 0.554688
0.625 0.554688
0.625 0.5625
0.617188 0.5625
0.617188 0.554688

0.75 0
0.875 0
0.875 0.125
0.75 0.125
0.75 0

0.875 0
1 0
1 0.125
0.875 0.125
0.875 0

0.875 0.125
1 0.125
1 0.25
0.875 0.25
0.875 0.125

0.5625 0.5625
0.578125 0.5625
0.578125 0.578125
0.5625 0.578125
0.5625 0.5625

0.5625 0.578125
0.578125 0.578125
0.578125 0.59375
0.5625 0.59375
0.5625 0.578125

0.578125 0.578125
0.59375 0.578125
0.59375 0.59375
0.578125 0.59375
0.578125 0.578125

1 1
1.125 1
1.125 1.125
1 1.125
1 1

1.125 1
1.25 1
1.25 1.125
1.125 1.125
1.125 1

1 1.125
1.125 1.125
1.125 1.25
1 1.25
1 1.125

1.125 1.125
1.25 1.125
1.25 1.25
1.125 1.25
1.125 1.125

0.5 -0.5
0.625 -0.5
0.625 -0.375
0.5 -0.375
0.5 -0.5

0.625 -0.5
0.75 -0.5
0.75 -0.375
0.625 -0.375
0.625 -0.5

0.5 -0.375
0.625 -0.375
0.625 -0.25
0.5 -0.25
0.5 -0.375

0.625 -0.375
0.75 -0.375
0.75 -0.25
0.625 -0.25
0.625 -0.375

0.25 1.25
0.375 1.25
0.375 1.375
0.25 1.375
0.25 1.25

0.375 1.25
0.5 1.25
0.5 1.375
0.375 1.375
0.375 1.25

0.25 1.375
0.375 1.375
0.375 1.5
0.25 1.5
0.25 1.375

0.375 1.375
0.5 1.375
0.5 1.5
0.375 1.5
0.375 1.375

-1 -0.5
-0.75 -0.5
-0.75 -0.25
-1 -0.25
-1 -0.5

-0.75 -0.5
-0.5 -0.5
-0.5 -0.25
-0.75 -0.25
-0.75 -0.5

-1 -0.25
-0.75 -0.25
-0.75 0
-1 0
-1 -0.25

-0.75 -0.25
-0.5 -0.25
-0.5 0
-0.75 0
-0.75 -0.25

1.25 0.25
1.375 0.25
1.375 0.375
1.25 0.375
1.25 0.25

1.375 0.25
1.5 0.25
1.5 0.375
1.375 0.375
1.375 0.25

1.25 0.375
1.375 0.375
1.375 0.5
1.25 0.5
1.25 0.375

1.375 0.375
1.5 0.375
1.5 0.5
1.375 0.5
1.375 0.375

1 -0.5
1.25 -0.5
1.25 -0.25
1 -0.25
1 -0.5

1.25 -0.5
1.5 -0.5
1.5 -0.25
1.25 -0.25
1.25 -0.5

1.25 -0.25
1.5 -0.25
1.5 0
1.25 0
1.25 -0.25

-0.5 -0.5
-0.25 -0.5
-0.25 -0.25
-0.5 -0.25
-0.5 -0.5

-0.25 -0.5
0 -0.5
0 -0.25
-0.25 -0.25
-0.25 -0.5

-0.5 -0.25
-0.25 -0.25
-0.25 0
-0.5 0
-0.5 -0.25

-0.25 -0.25
0 -0.25
0 0
-0.25 0
-0.25 -0.25

1.25 1
1.5 1
1.5 1.25
1.25 1.25
1.25 1

1 1.25
1.25 1.25
1.25 1.5
1 1.5
1 1.25

1.25 1.25
1.5 1.25
1.5 1.5
1.25 1.5
1.25 1.25

-0.5 1
-0.25 1
-0.25 1.25
-0.5 1.25
-0.5 1

-0.25 1
0 1
0 1.25
-0.25 1.25
-0.25 1

-0.5 1.25
-0.25 1.25
-0.25 1.5
-0.5 1.5
-0.5 1.25

-0.25 1.25
0 1.25
0 1.5
-0.25 1.5
-0.25 1.25

1.5 2
2 2
2 2.5
1.5 2.5
1.5 2

1 2.5
1.5 2.5
1.5 3
1 3
1 2.5

1.5 2.5
2 2.5
2 3
1.5 3
1.5 2.5

-1 2
-0.5 2
-0.5 2.5
-1 2.5
-1 2

-0.5 2
0 2
0 2.5
-0.5 2.5
-0.5 2

-1 2.5
-0.5 2.5
-0.5 3
-1 3
-1 2.5

-0.5 2.5
0 2.5
0 3
-0.5 3
-0.5 2.5

-1 -1
-0.5 -1
-0.5 -0.5
-1 -0.5
-1 -1

0 2.5
0.5 2.5
0.5 3
0 3
0 2.5

0.625 0.5625
0.640625 0.5625
0.640625 0.578125
0.625 0.578125
0.625 0.5625

0.640625 0.5625
0.65625 0.5625
0.65625 0.578125
0.640625 0.578125
0.640625 0.5625

0.625 0.578125
0.640625 0.578125
0.640625 0.59375
0.625 0.59375
0.625 0.578125

0.640625 0.578125
0.65625 0.578125
0.65625 0.59375
0.640625 0.59375
0.640625 0.578125

0 0
0.125 0
0.125 0.125
0 0.125
0 0

0.125 0
0.25 0
0.25 0.125
0.125 0.125
0.125 0

0 0.125
0.125 0.125
0.125 0.25
0 0.25
0 0.125

0.125 0.125
0.25 0.125
0.25 0.25
0.125 0.25
0.125 0.125

0.125 0.375
0.1875 0.375
0.1875 0.4375
0.125 0.4375
0.125 0.375

0.1875 0.375
0.25 0.375
0.25 0.4375
0.1875 0.4375
0.1875 0.375

0.125 0.4375
0.1875 0.4375
0.1875 0.5
0.125 0.5
0.125 0.4375

0.1875 0.4375
0.25 0.4375
0.25 0.5
0.1875 0.5
0.1875 0.4375

0.5 -0.25
0.625 -0.25
0.625 -0.125
0.5 -0.125
0.5 -0.25

0.625 -0.25
0.75 -0.25
0.75 -0.125
0.625 -0.125
0.625 -0.25

0.5 -0.125
0.625 -0.125
0.625 0
0.5 0
0.5 -0.125

0.625 -0.125
0.75 -0.125
0.75 0
0.625 0
0.625 -0.125

0.59375 0.53125
0.601562 0.53125
0.601562 0.539062
0.59375 0.539062
0.59375 0.53125

0.601562 0.53125
0.609375 0.53125
0.609375 0.539062
0.601562 0.539062
0.601562 0.53125

0.59375 0.539062
0.601562 0.539062
0.601562 0.546875
0.59375 0.546875
0.59375 0.539062

0.601562 0.539062
0.609375 0.539062
0.609375 0.546875
0.601562 0.546875
0.601562 0.539062

0.25 -0.25
0.375 -0.25
0.375 -0.125
0.25 -0.125
0.25 -0.25

0.375 -0.25
0.5 -0.25
0.5 -0.125
0.375 -0.125
0.375 -0.25

0.25 -0.125
0.375 -0.125
0.375 0
0.25 0
0.25 -0.125

0.375 -0.125
0.5 -0.125
0.5 0
0.375 0
0.375 -0.125

0.59375 0.5625
0.601562 0.5625
0.601562 0.570312
0.59375 0.570312
0.59375 0.5625

0.601562 0.5625
0.609375 0.5625
0.609375 0.570312
0.601562 0.570312
0.601562 0.5625

0.59375 0.570312
0.601562 0.570312
0.601562 0.578125
0.59375 0.578125
0.59375 0.570312

0.601562 0.570312
0.609375 0.570312
0.609375 0.578125
0.601562 0.578125
0.601562 0.570312

0.25 0.25
0.3125 0.25
0.3125 0.3125
0.25 0.3125
0.25 0.25

0.3125 0.25
0.375 0.25
0.375 0.3125
0.3125 0.3125
0.3125 0.25

0.25 0.3125
0.3125 0.3125
0.3125 0.375
0.25 0.375
0.25 0.3125

0.3125 0.3125
0.375 0.3125
0.375 0.375
0.3125 0.375
0.3125 0.3125

0.5 0.875
0.5625 0.875
0.5625 0.9375
0.5 0.9375
0.5 0.875

0.5625 0.875
0.625 0.875
0.625 0.9375
0.5625 0.9375
0.5625 0.875

0.5 0.9375
0.5625 0.9375
0.5625 1
0.5 1
0.5 0.9375

0.5625 0.9375
0.625 0.9375
0.625 1
0.5625 1
0.5625 0.9375

0.578125 0.546875
0.585938 0.546875
0.585938 0.554688
0.578125 0.554688
0.578125 0.546875

0.585938 0.546875
0.59375 0.546875
0.59375 0.554688
0.585938 0.554688
0.585938 0.546875

0.578125 0.554688
0.585938 0.554688
0.585938 0.5625
0.578125 0.5625
0.578125 0.554688

0.585938 0.554688
0.59375 0.554688
0.59375 0.5625
0.585938 0.5625
0.585938 0.554688

-0.5 -1
-0.25 -1
-0.25 -0.75
-0.5 -0.75
-0.5 -1

-0.25 -1
0 -1
0 -0.75
-0.25 -0.75
-0.25 -1

-0.5 -0.75
-0.25 -0.75
-0.25 -0.5
-0.5 -0.5
-0.5 -0.75

-0.25 -0.75
0 -0.75
0 -0.5
-0.25 -0.5
-0.25 -0.75

0.5625 0.625
0.578125 0.625
0.578125 0.640625
0.5625 0.640625
0.5625 0.625

0.578125 0.625
0.59375 0.625
0.59375 0.640625
0.578125 0.640625
0.578125 0.625

0.5625 0.640625
0.578125 0.640625
0.578125 0.65625
0.5625 0.65625
0.5625 0.640625

0.578125 0.640625
0.59375 0.640625
0.59375 0.65625
0.578125 0.65625
0.578125 0.640625

0.5 0.25
0.5625 0.25
0.5625 0.3125
0.5 0.3125
0.5 0.25

0.5625 0.25
0.625 0.25
0.625 0.3125
0.5625 0.3125
0.5625 0.25

0.5 0.3125
0.5625 0.3125
0.5625 0.375
0.5 0.375
0.5 0.3125

0.5 2.5
0.75 2.5
0.75 2.75
0.5 2.75
0.5 2.5

0.75 2.5
1 2.5
1 2.75
0.75 2.75
0.75 2.5

0.5 2.75
0.75 2.75
0.75 3
0.5 3
0.5 2.75

0.75 2.75
1 2.75
1 3
0.75 3
0.75 2.75

0.609375 0.5625
0.617188 0.5625
0.617188 0.570312
0.609375 0.570312
0.609375 0.5625

0.617188 0.5625
0.625 0.5625
0.625 0.570312
0.617188 0.570312
0.617188 0.5625

0.609375 0.570312
0.617188 0.570312
0.617188 0.578125
0.609375 0.578125
0.609375 0.570312

0.617188 0.570312
0.625 0.570312
0.625 0.578125
0.617188 0.578125
0.617188 0.570312

0.59375 0.546875
0.601562 0.546875
0.601562 0.554688
0.59375 0.554688
0.59375 0.546875

0.601562 0.546875
0.609375 0.546875
0.609375 0.554688
0.601562 0.554688
0.601562 0.546875

0.59375 0.554688
0.601562 0.554688
0.601562 0.5625
0.59375 0.5625
0.59375 0.554688

0.601562 0.554688
0.609375 0.554688
0.609375 0.5625
0.601562 0.5625
0.601562 0.554688

0.625 0.375
0.65625 0.375
0.65625 0.40625
0.625 0.40625
0.625 0.375

0.65625 0.375
0.6875 0.375
0.6875 0.40625
0.65625 0.40625
0.65625 0.375

0.625 0.40625
0.65625 0.40625
0.65625 0.4375
0.625 0.4375
0.625 0.40625

0.65625 0.40625
0.6875 0.40625
0.6875 0.4375
0.65625 0.4375
0.65625 0.40625

0.4375 0.4375
0.46875 0.4375
0.46875 0.46875
0.4375 0.46875
0.4375 0.4375

0.46875 0.4375
0.5 0.4375
0.5 0.46875
0.46875 0.46875
0.46875 0.4375

0.4375 0.46875
0.46875 0.46875
0.46875 0.5
0.4375 0.5
0.4375 0.46875

0.46875 0.46875
0.5 0.46875
0.5 0.5
0.46875 0.5
0.46875 0.46875

0.5625 0.546875
0.570312 0.546875
0.570312 0.554688
0.5625 0.554688
0.5625 0.546875

0.570312 0.546875
0.578125 0.546875
0.578125 0.554688
0.570312 0.554688
0.570312 0.546875

0.5625 0.554688
0.570312 0.554688
0.570312 0.5625
0.5625 0.5625
0.5625 0.554688

0.570312 0.554688
0.578125 0.554688
0.578125 0.5625
0.570312 0.5625
0.570312 0.554688

0.5 0.53125
0.515625 0.53125
0.515625 0.546875
0.5 0.546875
0.5 0.53125

0.515625 0.53125
0.53125 0.53125
0.53125 0.546875
0.515625 0.546875
0.515625 0.53125

0.5 0.546875
0.515625 0.546875
0.515625 0.5625
0.5 0.5625
0.5 0.546875

0.515625 0.546875
0.53125 0.546875
0.53125 0.5625
0.515625 0.5625
0.515625 0.546875

0.5 0.4375
0.53125 0.4375
0.53125 0.46875
0.5 0.46875
0.5 0.4375

0.53125 0.4375
0.5625 0.4375
0.5625 0.46875
0.53125 0.46875
0.53125 0.4375

0.5 0.46875
0.53125 0.46875
0.53125 0.5
0.5 0.5
0.5 0.46875

0.53125 0.46875
0.5625 0.46875
0.5625 0.5
0.53125 0.5
0.53125 0.46875

0.578125 0.53125
0.585938 0.53125
0.585938 0.539062
0.578125 0.539062
0.578125 0.53125

0.585938 0.53125
0.59375 0.53125
0.59375 0.539062
0.585938 0.539062
0.585938 0.53125

0.578125 0.539062
0.585938 0.539062
0.585938 0.546875
0.578125 0.546875
0.578125 0.539062

0.585938 0.539062
0.59375 0.539062
0.59375 0.546875
0.585938 0.546875
0.585938 0.539062

0.578125 0.5625
0.585938 0.5625
0.585938 0.570312
0.578125 0.570312
0.578125 0.5625

0.585938 0.5625
0.59375 0.5625
0.59375 0.570312
0.585938 0.570312
0.585938 0.5625

0.578125 0.570312
0.585938 0.570312
0.585938 0.578125
0.578125 0.578125
0.578125 0.570312

0.585938 0.570312
0.59375 0.570312
0.59375 0.578125
0.585938 0.578125
0.585938 0.570312

0.59375 0.578125
0.601562 0.578125
0.601562 0.585938
0.59375 0.585938
0.59375 0.578125

0.601562 0.578125
0.609375 0.578125
0.609375 0.585938
0.601562 0.585938
0.601562 0.578125

0.59375 0.585938
0.601562 0.585938
0.601562 0.59375
0.59375 0.59375
0.59375 0.585938

0.601562 0.585938
0.609375 0.585938
0.609375 0.59375
0.601562 0.59375
0.601562 0.585938

0.65625 0.59375
0.6875 0.59375
0.6875 0.625
0.65625 0.625
0.65625 0.59375

0.75 0.375
0.8125 0.375
0.8125 0.4375
0.75 0.4375
0.75 0.375

0.8125 0.375
0.875 0.375
0.875 0.4375
0.8125 0.4375
0.8125 0.375

0.8125 0.4375
0.875 0.4375
0.875 0.5
0.8125 0.5
0.8125 0.4375

0.53125 0.5625
0.546875 0.5625
0.546875 0.578125
0.53125 0.578125
0.53125 0.5625

0.546875 0.5625
0.5625 0.5625
0.5625 0.578125
0.546875 0.578125
0.546875 0.5625

0.53125 0.578125
0.546875 0.578125
0.546875 0.59375
0.53125 0.59375
0.53125 0.578125

0.546875 0.578125
0.5625 0.578125
0.5625 0.59375
0.546875 0.59375
0.546875 0.578125

0.75 0.5625
0.78125 0.5625
0.78125 0.59375
0.75 0.59375
0.75 0.5625

0.78125 0.5625
0.8125 0.5625
0.8125 0.59375
0.78125 0.59375
0.78125 0.5625

0.75 0.59375
0.78125 0.59375
0.78125 0.625
0.75 0.625
0.75 0.59375

0.78125 0.59375
0.8125 0.59375
0.8125 0.625
0.78125 0.625
0.78125 0.59375

0.6875 0.5625
0.71875 0.5625
0.71875 0.59375
0.6875 0.59375
0.6875 0.5625

0.71875 0.5625
0.75 0.5625
0.75 0.59375
0.71875 0.59375
0.71875 0.5625

0.6875 0.59375
0.71875 0.59375
0.71875 0.625
0.6875 0.625
0.6875 0.59375

0.71875 0.59375
0.75 0.59375
0.75 0.625
0.71875 0.625
0.71875 0.59375

1 0.25
1.125 0.25
1.125 0.375
1 0.375
1 0.25

1.125 0.25
1.25 0.25
1.25 0.375
1.125 0.375
1.125 0.25

1.125 0.375
1.25 0.375
1.25 0.5
1.125 0.5
1.125 0.375

0 0.75
0.125 0.75
0.125 0.875
0 0.875
0 0.75

0.125 0.75
0.25 0.75
0.25 0.875
0.125 0.875
0.125 0.75

0 0.875
0.125 0.875
0.125 1
0 1
0 0.875

0.125 0.875
0.25 0.875
0.25 1
0.125 1
0.125 0.875

0.59375 0.5
0.609375 0.5
0.609375 0.515625
0.59375 0.515625
0.59375 0.5

0.609375 0.5
0.625 0.5
0.625 0.515625
0.609375 0.515625
0.609375 0.5

0.609375 0.515625
0.625 0.515625
0.625 0.53125
0.609375 0.53125
0.609375 0.515625

0.625 1
0.75 1
0.75 1.125
0.625 1.125
0.625 1

0.5 1.125
0.625 1.125
0.625 1.25
0.5 1.25
0.5 1.125

0.625 1.125
0.75 1.125
0.75 1.25
0.625 1.25
0.625 1.125

0.625 0.4375
0.65625 0.4375
0.65625 0.46875
0.625 0.46875
0.625 0.4375

0.65625 0.4375
0.6875 0.4375
0.6875 0.46875
0.65625 0.46875
0.65625 0.4375

0.65625 0.46875
0.6875 0.46875
0.6875 0.5
0.65625 0.5
0.65625 0.46875

1 0.5
1.0625 0.5
1.0625 0.5625
1 0.5625
1 0.5

1.0625 0.5
1.125 0.5
1.125 0.5625
1.0625 0.5625
1.0625 0.5

1 0.5625
1.0625 0.5625
1.0625 0.625
1 0.625
1 0.5625

1.0625 0.5625
1.125 0.5625
1.125 0.625
1.0625 0.625
1.0625 0.5625

0.75 -0.25
0.875 -0.25
0.875 -0.125
0.75 -0.125
0.75 -0.25

0.875 -0.25
1 -0.25
1 -0.125
0.875 -0.125
0.875 -0.25

0.75 -0.125
0.875 -0.125
0.875 0
0.75 0
0.75 -0.125

0.875 -0.125
1 -0.125
1 0
0.875 0
0.875 -0.125

0.625 0.53125
0.640625 0.53125
0.640625 0.546875
0.625 0.546875
0.625 0.53125

0.640625 0.53125
0.65625 0.53125
0.65625 0.546875
0.640625 0.546875
0.640625 0.53125

0.640625 0.546875
0.65625 0.546875
0.65625 0.5625
0.640625 0.5625
0.640625 0.546875

-1 1.5
-0.5 1.5
-0.5 2
-1 2
-1 1.5

0.125 0.625
0.1875 0.625
0.1875 0.6875
0.125 0.6875
0.125 0.625

0.1875 0.625
0.25 0.625
0.25 0.6875
0.1875 0.6875
0.1875 0.625

0.125 0.6875
0.1875 0.6875
0.1875 0.75
0.125 0.75
0.125 0.6875

0.1875 0.6875
0.25 0.6875
0.25 0.75
0.1875 0.75
0.1875 0.6875

1 2
1.25 2
1.25 2.25
1 2.25
1 2

1.25 2
1.5 2
1.5 2.25
1.25 2.25
1.25 2

1 2.25
1.25 2.25
1.25 2.5
1 2.5
1 2.25

1.25 2.25
1.5 2.25
1.5 2.5
1.25 2.5
1.25 2.25

0 0.5
0.125 0.5
0.125 0.625
0 0.625
0 0.5

0 0.625
0.125 0.625
0.125 0.75
0 0.75
0 0.625

0.25 0.5
0.3125 0.5
0.3125 0.5625
0.25 0.5625
0.25 0.5

0.3125 0.5
0.375 0.5
0.375 0.5625
0.3125 0.5625
0.3125 0.5

0.25 0.5625
0.3125 0.5625
0.3125 0.625
0.25 0.625
0.25 0.5625

0.3125 0.5625
0.375 0.5625
0.375 0.625
0.3125 0.625
0.3125 0.5625

-0.5 0.5
-0.375 0.5
-0.375 0.625
-0.5 0.625
-0.5 0.5

-0.375 0.5
-0.25 0.5
-0.25 0.625
-0.375 0.625
-0.375 0.5

-0.5 0.625
-0.375 0.625
-0.375 0.75
-0.5 0.75
-0.5 0.625

-0.375 0.625
-0.25 0.625
-0.25 0.75
-0.375 0.75
-0.375 0.625

-0.25 0.25
-0.125 0.25
-0.125 0.375
-0.25 0.375
-0.25 0.25

-0.125 0.25
0 0.25
0 0.375
-0.125 0.375
-0.125 0.25

-0.25 0.375
-0.125 0.375
-0.125 0.5
-0.25 0.5
-0.25 0.375

-0.125 0.375
0 0.375
0 0.5
-0.125 0.5
-0.125 0.375

0.5625 0.59375
0.578125 0.59375
0.578125 0.609375
0.5625 0.609375
0.5625 0.59375

0.578125 0.59375
0.59375 0.59375
0.59375 0.609375
0.578125 0.609375
0.578125 0.59375

0.5625 0.609375
0.578125 0.609375
0.578125 0.625
0.5625 0.625
0.5625 0.609375

0.578125 0.609375
0.59375 0.609375
0.59375 0.625
0.578125 0.625
0.578125 0.609375

0.5625 0.3125
0.59375 0.3125
0.59375 0.34375
0.5625 0.34375
0.5625 0.3125

0.59375 0.3125
0.625 0.3125
0.625 0.34375
0.59375 0.34375
0.59375 0.3125

0.5625 0.34375
0.59375 0.34375
0.59375 0.375
0.5625 0.375
0.5625 0.34375

0.59375 0.34375
0.625 0.34375
0.625 0.375
0.59375 0.375
0.59375 0.34375

0.375 0.375
0.4375 0.375
0.4375 0.4375
0.375 0.4375
0.375 0.375

0.4375 0.375
0.5 0.375
0.5 0.4375
0.4375 0.4375
0.4375 0.375

0.375 0.4375
0.4375 0.4375
0.4375 0.5
0.375 0.5
0.375 0.4375

1 1.5
1.25 1.5
1.25 1.75
1 1.75
1 1.5

1.25 1.5
1.5 1.5
1.5 1.75
1.25 1.75
1.25 1.5

1 1.75
1.25 1.75
1.25 2
1 2
1 1.75

1.25 1.75
1.5 1.75
1.5 2
1.25 2
1.25 1.75

-0.5 0
-0.25 0
-0.25 0.25
-0.5 0.25
-0.5 0

0.625 0.75
0.6875 0.75
0.6875 0.8125
0.625 0.8125
0.625 0.75

0.6875 0.75
0.75 0.75
0.75 0.8125
0.6875 0.8125
0.6875 0.75

0.625 0.8125
0.6875 0.8125
0.6875 0.875
0.625 0.875
0.625 0.8125

0.6875 0.8125
0.75 0.8125
0.75 0.875
0.6875 0.875
0.6875 0.8125

0 -0.5
0.25 -0.5
0.25 -0.25
0 -0.25
0 -0.5

0.625 0.5
0.640625 0.5
0.640625 0.515625
0.625 0.515625
0.625 0.5

0.640625 0.5
0.65625 0.5
0.65625 0.515625
0.640625 0.515625
0.640625 0.5

0.625 0.515625
0.640625 0.515625
0.640625 0.53125
0.625 0.53125
0.625 0.515625

0.640625 0.515625
0.65625 0.515625
0.65625 0.53125
0.640625 0.53125
0.640625 0.515625

1.5 1
1.75 1
1.75 1.25
1.5 1.25
1.5 1

1.75 1
2 1
2 1.25
1.75 1.25
1.75 1

1.5 1.25
1.75 1.25
1.75 1.5
1.5 1.5
1.5 1.25

1.75 1.25
2 1.25
2 1.5
1.75 1.5
1.75 1.25

-0.5 1.5
-0.25 1.5
-0.25 1.75
-0.5 1.75
-0.5 1.5

-0.25 1.5
0 1.5
0 1.75
-0.25 1.75
-0.25 1.5

-0.5 1.75
-0.25 1.75
-0.25 2
-0.5 2
-0.5 1.75

-0.25 1.75
0 1.75
0 2
-0.25 2
-0.25 1.75

0.875 0.75
1 0.75
1 0.875
0.875 0.875
0.875 0.75

0.75 0.875
0.875 0.875
0.875 1
0.75 1
0.75 0.875

0.875 0.875
1 0.875
1 1
0.875 1
0.875 0.875

0.65625 0.5625
0.671875 0.5625
0.671875 0.578125
0.65625 0.578125
0.65625 0.5625

0.671875 0.5625
0.6875 0.5625
0.6875 0.578125
0.671875 0.578125
0.671875 0.5625

0.65625 0.578125
0.671875 0.578125
0.671875 0.59375
0.65625 0.59375
0.65625 0.578125

0.671875 0.578125
0.6875 0.578125
0.6875 0.59375
0.671875 0.59375
0.671875 0.578125

0.375 0.5
0.40625 0.5
0.40625 0.53125
0.375 0.53125
0.375 0.5

0.40625 0.5
0.4375 0.5
0.4375 0.53125
0.40625 0.53125
0.40625 0.5

0.375 0.53125
0.40625 0.53125
0.40625 0.5625
0.375 0.5625
0.375 0.53125

0.40625 0.53125
0.4375 0.53125
0.4375 0.5625
0.40625 0.5625
0.40625 0.53125

0.59375 0.46875
0.609375 0.46875
0.609375 0.484375
0.59375 0.484375
0.59375 0.46875

0.609375 0.46875
0.625 0.46875
0.625 0.484375
0.609375 0.484375
0.609375 0.46875

0.59375 0.484375
0.609375 0.484375
0.609375 0.5
0.59375 0.5
0.59375 0.484375

0.609375 0.484375
0.625 0.484375
0.625 0.5
0.609375 0.5
0.609375 0.484375

-1 1
-0.75 1
-0.75 1.25
-1 1.25
-1 1

-0.75 1
-0.5 1
-0.5 1.25
-0.75 1.25
-0.75 1

-1 1.25
-0.75 1.25
-0.75 1.5
-1 1.5
-1 1.25

-0.75 1.25
-0.5 1.25
-0.5 1.5
-0.75 1.5
-0.75 1.25

0.5625 0.46875
0.578125 0.46875
0.578125 0.484375
0.5625 0.484375
0.5625 0.46875

0.578125 0.46875
0.59375 0.46875
0.59375 0.484375
0.578125 0.484375
0.578125 0.46875

0.5625 0.484375
0.578125 0.484375
0.578125 0.5
0.5625 0.5
0.5625 0.484375

0.578125 0.484375
0.59375 0.484375
0.59375 0.5
0.578125 0.5
0.578125 0.484375

0.625 0.59375
0.640625 0.59375
0.640625 0.609375
0.625 0.609375
0.625 0.59375

0.640625 0.59375
0.65625 0.59375
0.65625 0.609375
0.640625 0.609375
0.640625 0.59375

0.625 0.609375
0.640625 0.609375
0.640625 0.625
0.625 0.625
0.625 0.609375

0.640625 0.609375
0.65625 0.609375
0.65625 0.625
0.640625 0.625
0.640625 0.609375

0.5 -1
0.75 -1
0.75 -0.75
0.5 -0.75
0.5 -1

0.75 -1
1 -1
1 -0.75
0.75 -0.75
0.75 -1

0.5 -0.75
0.75 -0.75
0.75 -0.5
0.5 -0.5
0.5 -0.75

0.75 -0.75
1 -0.75
1 -0.5
0.75 -0.5
0.75 -0.75

0.75 0.5
0.78125 0.5
0.78125 0.53125
0.75 0.53125
0.75 0.5

0.78125 0.5
0.8125 0.5
0.8125 0.53125
0.78125 0.53125
0.78125 0.5

0.75 0.53125
0.78125 0.53125
0.78125 0.5625
0.75 0.5625
0.75 0.53125

0.78125 0.53125
0.8125 0.53125
0.8125 0.5625
0.78125 0.5625
0.78125 0.53125

0 -1
0.25 -1
0.25 -0.75
0 -0.75
0 -1

0.25 -1
0.5 -1
0.5 -0.75
0.25 -0.75
0.25 -1

0 -0.75
0.25 -0.75
0.25 -0.5
0 -0.5
0 -0.75

0.25 -0.75
0.5 -0.75
0.5 -0.5
0.25 -0.5
0.25 -0.75

1.75 0.5
2 0.5
2 0.75
1.75 0.75
1.75 0.5

1.5 0.75
1.75 0.75
1.75 1
1.5 1
1.5 0.75

1.75 0.75
2 0.75
2 1
1.75 1
1.75 0.75

0.25 0
0.375 0
0.375 0.125
0.25 0.125
0.25 0

0.375 0
0.5 0
0.5 0.125
0.375 0.125
0.375 0

0.25 0.125
0.375 0.125
0.375 0.25
0.25 0.25
0.25 0.125

0.5 0.59375
0.53125 0.59375
0.53125 0.625
0.5 0.625
0.5 0.59375

1.5 0
1.75 0
1.75 0.25
1.5 0.25
1.5 0

1.75 0
2 0
2 0.25
1.75 0.25
1.75 0

1.75 0.25
2 0.25
2 0.5
1.75 0.5
1.75 0.25

-1 0.5
-0.75 0.5
-0.75 0.75
-1 0.75
-1 0.5

-0.75 0.5
-0.5 0.5
-0.5 0.75
-0.75 0.75
-0.75 0.5

-1 0.75
-0.75 0.75
-0.75 1
-1 1
-1 0.75

-0.75 0.75
-0.5 0.75
-0.5 1
-0.75 1
-0.75 0.75

1.5 0.5
1.625 0.5
1.625 0.625
1.5 0.625
1.5 0.5

1.625 0.5
1.75 0.5
1.75 0.625
1.625 0.625
1.625 0.5

1.5 0.625
1.625 0.625
1.625 0.75
1.5 0.75
1.5 0.625

1.625 0.625
1.75 0.625
1.75 0.75
1.625 0.75
1.625 0.625

-1 0
-0.75 0
-0.75 0.25
-1 0.25
-1 0

-0.75 0
-0.5 0
-0.5 0.25
-0.75 0.25
-0.75 0

-1 0.25
-0.75 0.25
-0.75 0.5
-1 0.5
-1 0.25

-0.75 0.25
-0.5 0.25
-0.5 0.5
-0.75 0.5
-0.75 0.25

1 0
1.125 0
1.125 0.125
1 0.125
1 0

1.125 0
1.25 0
1.25 0.125
1.125 0.125
1.125 0

1 0.125
1.125 0.125
1.125 0.25
1 0.25
1 0.125

1.125 0.125
1.25 0.125
1.25 0.25
1.125 0.25
1.125 0.125

-0.5 0.25
-0.375 0.25
-0.375 0.375
-0.5 0.375
-0.5 0.25

-0.375 0.25
-0.25 0.25
-0.25 0.375
-0.375 0.375
-0.375 0.25

-0.5 0.375
-0.375 0.375
-0.375 0.5
-0.5 0.5
-0.5 0.375

-0.375 0.375
-0.25 0.375
-0.25 0.5
-0.375 0.5
-0.375 0.375

0.5 0.5
0.53125 0.5
0.53125 0.53125
0.5 0.53125
0.5 0.5

0.625 0.875
0.6875 0.875
0.6875 0.9375
0.625 0.9375
0.625 0.875

0.6875 0.875
0.75 0.875
0.75 0.9375
0.6875 0.9375
0.6875 0.875

0.625 0.9375
0.6875 0.9375
0.6875 1
0.625 1
0.625 0.9375

0.6875 0.9375
0.75 0.9375
0.75 1
0.6875 1
0.6875 0.9375

0.5625 0.5
0.578125 0.5
0.578125 0.515625
0.5625 0.515625
0.5625 0.5

0.578125 0.5
0.59375 0.5
0.59375 0.515625
0.578125 0.515625
0.578125 0.5

0.5625 0.515625
0.578125 0.515625
0.578125 0.53125
0.5625 0.53125
0.5625 0.515625

0.578125 0.515625
0.59375 0.515625
0.59375 0.53125
0.578125 0.53125
0.578125 0.515625

0.75 1.5
1 1.5
1 1.75
0.75 1.75
0.75 1.5

0.5 1.75
0.75 1.75
0.75 2
0.5 2
0.5 1.75

0.75 1.75
1 1.75
1 2
0.75 2
0.75 1.75

0.5 0
0.5625 0
0.5625 0.0625
0.5 0.0625
0.5 0

0.5625 0
0.625 0
0.625 0.0625
0.5625 0.0625
0.5625 0

0.5 0.0625
0.5625 0.0625
0.5625 0.125
0.5 0.125
0.5 0.0625

0.5625 0.0625
0.625 0.0625
0.625 0.125
0.5625 0.125
0.5625 0.0625

0.75 1
0.875 1
0.875 1.125
0.75 1.125
0.75 1

0.875 1
1 1
1 1.125
0.875 1.125
0.875 1

0.75 1.125
0.875 1.125
0.875 1.25
0.75 1.25
0.75 1.125

0.875 1.125
1 1.125
1 1.25
0.875 1.25
0.875 1.125

1 0.75
1.125 0.75
1.125 0.875
1 0.875
1 0.75

1.125 0.75
1.25 0.75
1.25 0.875
1.125 0.875
1.125 0.75

1 0.875
1.125 0.875
1.125 1
1 1
1 0.875

1.125 0.875
1.25 0.875
1.25 1
1.125 1
1.125 0.875

0.875 0.5
0.9375 0.5
0.9375 0.5625
0.875 0.5625
0.875 0.5

0.9375 0.5
1 0.5
1 0.5625
0.9375 0.5625
0.9375 0.5

0.875 0.5625
0.9375 0.5625
0.9375 0.625
0.875 0.625
0.875 0.5625

0.9375 0.5625
1 0.5625
1 0.625
0.9375 0.625
0.9375 0.5625

0.4375 0.5
0.46875 0.5
0.46875 0.53125
0.4375 0.53125
0.4375 0.5

0.46875 0.5
0.5 0.5
0.5 0.53125
0.46875 0.53125
0.46875 0.5

0.4375 0.53125
0.46875 0.53125
0.46875 0.5625
0.4375 0.5625
0.4375 0.53125

0.46875 0.53125
0.5 0.53125
0.5 0.5625
0.46875 0.5625
0.46875 0.53125

0.5 2
0.75 2
0.75 2.25
0.5 2.25
0.5 2

0.75 2
1 2
1 2.25
0.75 2.25
0.75 2

0.5 2.25
0.75 2.25
0.75 2.5
0.5 2.5
0.5 2.25

0.75 2.25
1 2.25
1 2.5
0.75 2.5
0.75 2.25

0 2
0.25 2
0.25 2.25
0 2.25
0 2

0.25 2
0.5 2
0.5 2.25
0.25 2.25
0.25 2

0 2.25
0.25 2.25
0.25 2.5
0 2.5
0 2.25

0.25 2.25
0.5 2.25
0.5 2.5
0.25 2.5
0.25 2.25

0 1.5
0.25 1.5
0.25 1.75
0 1.75
0 1.5

0.25 1.5
0.5 1.5
0.5 1.75
0.25 1.75
0.25 1.5

0 1.75
0.25 1.75
0.25 2
0 2
0 1.75

0.25 1.75
0.5 1.75
0.5 2
0.25 2
0.25 1.75

0.5625 0.375
0.59375 0.375
0.59375 0.40625
0.5625 0.40625
0.5625 0.375

0.59375 0.375
0.625 0.375
0.625 0.40625
0.59375 0.40625
0.59375 0.375

0.5625 0.40625
0.59375 0.40625
0.59375 0.4375
0.5625 0.4375
0.5625 0.40625

0.59375 0.40625
0.625 0.40625
0.625 0.4375
0.59375 0.4375
0.59375 0.40625

0.5 1.5
0.625 1.5
0.625 1.625
0.5 1.625
0.5 1.5

0.625 1.5
0.75 1.5
0.75 1.625
0.625 1.625
0.625 1.5

0.5 1.625
0.625 1.625
0.625 1.75
0.5 1.75
0.5 1.625

0.625 1.625
0.75 1.625
0.75 1.75
0.625 1.75
0.625 1.625

0.6875 0.5
0.71875 0.5
0.71875 0.53125
0.6875 0.53125
0.6875 0.5

0.71875 0.5
0.75 0.5
0.75 0.53125
0.71875 0.53125
0.71875 0.5

0.71875 0.53125
0.75 0.53125
0.75 0.5625
0.71875 0.5625
0.71875 0.53125

1.5 1.5
1.75 1.5
1.75 1.75
1.5 1.75
1.5 1.5

1.75 1.5
2 1.5
2 1.75
1.75 1.75
1.75 1.5

1.5 1.75
1.75 1.75
1.75 2
1.5 2
1.5 1.75

1.75 1.75
2 1.75
2 2
1.75 2
1.75 1.75

0.5625 0.4375
0.59375 0.4375
0.59375 0.46875
0.5625 0.46875
0.5625 0.4375

1.125 0.5
1.25 0.5
1.25 0.625
1.125 0.625
1.125 0.5

1 0.625
1.125 0.625
1.125 0.75
1 0.75
1 0.625

1.125 0.625
1.25 0.625
1.25 0.75
1.125 0.75
1.125 0.625

1.25 0.75
1.375 0.75
1.375 0.875
1.25 0.875
1.25 0.75

1.375 0.75
1.5 0.75
1.5 0.875
1.375 0.875
1.375 0.75

1.25 0.875
1.375 0.875
1.375 1
1.25 1
1.25 0.875

1.375 0.875
1.5 0.875
1.5 1
1.375 1
1.375 0.875

0.875 0.375
0.9375 0.375
0.9375 0.4375
0.875 0.4375
0.875 0.375

0.9375 0.375
1 0.375
1 0.4375
0.9375 0.4375
0.9375 0.375

0.875 0.4375
0.9375 0.4375
0.9375 0.5
0.875 0.5
0.875 0.4375

0.9375 0.4375
1 0.4375
1 0.5
0.9375 0.5
0.9375 0.4375

0.5 0.375
0.53125 0.375
0.53125 0.40625
0.5 0.40625
0.5 0.375

0.53125 0.375
0.5625 0.375
0.5625 0.40625
0.53125 0.40625
0.53125 0.375

0.5 0.40625
0.53125 0.40625
0.53125 0.4375
0.5 0.4375
0.5 0.40625

0.53125 0.40625
0.5625 0.40625
0.5625 0.4375
0.53125 0.4375
0.53125 0.40625

1.25 0.5
1.375 0.5
1.375 0.625
1.25 0.625
1.25 0.5

1.375 0.5
1.5 0.5
1.5 0.625
1.375 0.625
1.375 0.5

1.25 0.625
1.375 0.625
1.375 0.75
1.25 0.75
1.25 0.625

1.375 0.625
1.5 0.625
1.5 0.75
1.375 0.75
1.375 0.625

0.6875 0.625
0.71875 0.625
0.71875 0.65625
0.6875 0.65625
0.6875 0.625

0.71875 0.625
0.75 0.625
0.75 0.65625
0.71875 0.65625
0.71875 0.625

0.6875 0.65625
0.71875 0.65625
0.71875 0.6875
0.6875 0.6875
0.6875 0.65625

0.71875 0.65625
0.75 0.65625
0.75 0.6875
0.71875 0.6875
0.71875 0.65625

0 1
0.125 1
0.125 1.125
0 1.125
0 1

0.125 1
0.25 1
0.25 1.125
0.125 1.125
0.125 1

0 1.125
0.125 1.125
0.125 1.25
0 1.25
0 1.125

0.125 1.125
0.25 1.125
0.25 1.25
0.125 1.25
0.125 1.125

0.65625 0.53125
0.671875 0.53125
0.671875 0.546875
0.65625 0.546875
0.65625 0.53125

0.671875 0.53125
0.6875 0.53125
0.6875 0.546875
0.671875 0.546875
0.671875 0.53125

0.65625 0.546875
0.671875 0.546875
0.671875 0.5625
0.65625 0.5625
0.65625 0.546875

0.671875 0.546875
0.6875 0.546875
0.6875 0.5625
0.671875 0.5625
0.671875 0.546875

-0.25 0.75
-0.125 0.75
-0.125 0.875
-0.25 0.875
-0.25 0.75

-0.125 0.75
0 0.75
0 0.875
-0.125 0.875
-0.125 0.75

-0.25 0.875
-0.125 0.875
-0.125 1
-0.25 1
-0.25 0.875

-0.125 0.875
0 0.875
0 1
-0.125 1
-0.125 0.875

0.625 0.625
0.65625 0.625
0.65625 0.65625
0.625 0.65625
0.625 0.625

0.65625 0.625
0.6875 0.625
0.6875 0.65625
0.65625 0.65625
0.65625 0.625

0.625 0.65625
0.65625 0.65625
0.65625 0.6875
0.625 0.6875
0.625 0.65625

0.65625 0.65625
0.6875 0.65625
0.6875 0.6875
0.65625 0.6875
0.65625 0.65625

0.25 0.375
0.3125 0.375
0.3125 0.4375
0.25 0.4375
0.25 0.375

0.3125 0.375
0.375 0.375
0.375 0.4375
0.3125 0.4375
0.3125 0.375

0.25 0.4375
0.3125 0.4375
0.3125 0.5
0.25 0.5
0.25 0.4375

0.3125 0.4375
0.375 0.4375
0.375 0.5
0.3125 0.5
0.3125 0.4375

-0.25 0.5
-0.125 0.5
-0.125 0.625
-0.25 0.625
-0.25 0.5

-0.125 0.5
0 0.5
0 0.625
-0.125 0.625
-0.125 0.5

-0.25 0.625
-0.125 0.625
-0.125 0.75
-0.25 0.75
-0.25 0.625

-0.125 0.625
0 0.625
0 0.75
-0.125 0.75
-0.125 0.625

0.5625 0.53125
0.578125 0.53125
0.578125 0.546875
0.5625 0.546875
0.5625 0.53125

0.53125 0.5
0.546875 0.5
0.546875 0.515625
0.53125 0.515625
0.53125 0.5

0.546875 0.5
0.5625 0.5
0.5625 0.515625
0.546875 0.515625
0.546875 0.5

0.53125 0.515625
0.546875 0.515625
0.546875 0.53125
0.53125 0.53125
0.53125 0.515625

0.546875 0.515625
0.5625 0.515625
0.5625 0.53125
0.546875 0.53125
0.546875 0.515625

-0.25 0
-0.125 0
-0.125 0.125
-0.25 0.125
-0.25 0

-0.125 0
0 0
0 0.125
-0.125 0.125
-0.125 0

-0.25 0.125
-0.125 0.125
-0.125 0.25
-0.25 0.25
-0.25 0.125

-0.125 0.125
0 0.125
0 0.25
-0.125 0.25
-0.125 0.125

1.5 -0.5
1.75 -0.5
1.75 -0.25
1.5 -0.25
1.5 -0.5

1.75 -0.5
2 -0.5
2 -0.25
1.75 -0.25
1.75 -0.5

1.5 -0.25
1.75 -0.25
1.75 0
1.5 0
1.5 -0.25

1.75 -0.25
2 -0.25
2 0
1.75 0
1.75 -0.25

0.59375 0.625
0.609375 0.625
0.609375 0.640625
0.59375 0.640625
0.59375 0.625

0.609375 0.625
0.625 0.625
0.625 0.640625
0.609375 0.640625
0.609375 0.625

0.59375 0.640625
0.609375 0.640625
0.609375 0.65625
0.59375 0.65625
0.59375 0.640625

0.609375 0.640625
0.625 0.640625
0.625 0.65625
0.609375 0.65625
0.609375 0.640625

0 -0.25
0.125 -0.25
0.125 -0.125
0 -0.125
0 -0.25

0.125 -0.25
0.25 -0.25
0.25 -0.125
0.125 -0.125
0.125 -0.25

0 -0.125
0.125 -0.125
0.125 0
0 0
0 -0.125

0.125 -0.125
0.25 -0.125
0.25 0
0.125 0
0.125 -0.125

-0.5 0.75
-0.25 0.75
-0.25 1
-0.5 1
-0.5 0.75

0 0.25
0.125 0.25
0.125 0.375
0 0.375
0 0.25

0.125 0.25
0.25 0.25
0.25 0.375
0.125 0.375
0.125 0.25

0 0.375
0.125 0.375
0.125 0.5
0 0.5
0 0.375

0.25 -0.5
0.375 -0.5
0.375 -0.375
0.25 -0.375
0.25 -0.5

0.375 -0.5
0.5 -0.5
0.5 -0.375
0.375 -0.375
0.375 -0.5

0.25 -0.375
0.375 -0.375
0.375 -0.25
0.25 -0.25
0.25 -0.375

0.375 -0.375
0.5 -0.375
0.5 -0.25
0.375 -0.25
0.375 -0.375

0.4375 0.5625
0.46875 0.5625
0.46875 0.59375
0.4375 0.59375
0.4375 0.5625

0.46875 0.5625
0.5 0.5625
0.5 0.59375
0.46875 0.59375
0.46875 0.5625

0.4375 0.59375
0.46875 0.59375
0.46875 0.625
0.4375 0.625
0.4375 0.59375

0.46875 0.59375
0.5 0.59375
0.5 0.625
0.46875 0.625
0.46875 0.59375

0.5 1
0.5625 1
0.5625 1.0625
0.5 1.0625
0.5 1

0.5625 1
0.625 1
0.625 1.0625
0.5625 1.0625
0.5625 1

0.5 1.0625
0.5625 1.0625
0.5625 1.125
0.5 1.125
0.5 1.0625

0.5625 1.0625
0.625 1.0625
0.625 1.125
0.5625 1.125
0.5625 1.0625

0.625 0.6875
0.65625 0.6875
0.65625 0.71875
0.625 0.71875
0.625 0.6875

0.65625 0.6875
0.6875 0.6875
0.6875 0.71875
0.65625 0.71875
0.65625 0.6875

0.625 0.71875
0.65625 0.71875
0.65625 0.75
0.625 0.75
0.625 0.71875

0.65625 0.71875
0.6875 0.71875
0.6875 0.75
0.65625 0.75
0.65625 0.71875

0.6875 0.6875
0.75 0.6875
0.75 0.75
0.6875 0.75
0.6875 0.6875

0.25 0.625
0.3125 0.625
0.3125 0.6875
0.25 0.6875
0.25 0.625

0.3125 0.625
0.375 0.625
0.375 0.6875
0.3125 0.6875
0.3125 0.625

0.25 0.6875
0.3125 0.6875
0.3125 0.75
0.25 0.75
0.25 0.6875

0.3125 0.6875
0.375 0.6875
0.375 0.75
0.3125 0.75
0.3125 0.6875

0.75 0.625
0.8125 0.625
0.8125 0.6875
0.75 0.6875
0.75 0.625

0.8125 0.625
0.875 0.625
0.875 0.6875
0.8125 0.6875
0.8125 0.625

0.75 0.6875
0.8125 0.6875
0.8125 0.75
0.75 0.75
0.75 0.6875

0.8125 0.6875
0.875 0.6875
0.875 0.75
0.8125 0.75
0.8125 0.6875

0.625 0.125
0.6875 0.125
0.6875 0.1875
0.625 0.1875
0.625 0.125

0.6875 0.125
0.75 0.125
0.75 0.1875
0.6875 0.1875
0.6875 0.125

0.625 0.1875
0.6875 0.1875
0.6875 0.25
0.625 0.25
0.625 0.1875

0.6875 0.1875
0.75 0.1875
0.75 0.25
0.6875 0.25
0.6875 0.1875

0.5 0.125
0.5625 0.125
0.5625 0.1875
0.5 0.1875
0.5 0.125

0.5625 0.125
0.625 0.125
0.625 0.1875
0.5625 0.1875
0.5625 0.125

0.5 0.1875
0.5625 0.1875
0.5625 0.25
0.5 0.25
0.5 0.1875

0.5625 0.1875
0.625 0.1875
0.625 0.25
0.5625 0.25
0.5625 0.1875

0.25 0.75
0.3125 0.75
0.3125 0.8125
0.25 0.8125
0.25 0.75

0.3125 0.75
0.375 0.75
0.375 0.8125
0.3125 0.8125
0.3125 0.75

0.25 0.8125
0.3125 0.8125
0.3125 0.875
0.25 0.875
0.25 0.8125

0.3125 0.8125
0.375 0.8125
0.375 0.875
0.3125 0.875
0.3125 0.8125

0.609375 0.578125
0.625 0.578125
0.625 0.59375
0.609375 0.59375
0.609375 0.578125

0.375 0.5625
0.40625 0.5625
0.40625 0.59375
0.375 0.59375
0.375 0.5625

0.40625 0.5625
0.4375 0.5625
0.4375 0.59375
0.40625 0.59375
0.40625 0.5625

0.375 0.59375
0.40625 0.59375
0.40625 0.625
0.375 0.625
0.375 0.59375

0.40625 0.59375
0.4375 0.59375
0.4375 0.625
0.40625 0.625
0.40625 0.59375

1 -1
1.25 -1
1.25 -0.75
1 -0.75
1 -1

1.25 -1
1.5 -1
1.5 -0.75
1.25 -0.75
1.25 -1

1 -0.75
1.25 -0.75
1.25 -0.5
1 -0.5
1 -0.75

1.25 -0.75
1.5 -0.75
1.5 -0.5
1.25 -0.5
1.25 -0.75

0.875 0.625
0.9375 0.625
0.9375 0.6875
0.875 0.6875
0.875 0.625

0.9375 0.625
1 0.625
1 0.6875
0.9375 0.6875
0.9375 0.625

0.875 0.6875
0.9375 0.6875
0.9375 0.75
0.875 0.75
0.875 0.6875

0.9375 0.6875
1 0.6875
1 0.75
0.9375 0.75
0.9375 0.6875

0.8125 0.5625
0.875 0.5625
0.875 0.625
0.8125 0.625
0.8125 0.5625

0.375 0.125
0.4375 0.125
0.4375 0.1875
0.375 0.1875
0.375 0.125

0.4375 0.125
0.5 0.125
0.5 0.1875
0.4375 0.1875
0.4375 0.125

0.375 0.1875
0.4375 0.1875
0.4375 0.25
0.375 0.25
0.375 0.1875

0.4375 0.1875
0.5 0.1875
0.5 0.25
0.4375 0.25
0.4375 0.1875

0.125 0.5
0.1875 0.5
0.1875 0.5625
0.125 0.5625
0.125 0.5

0.1875 0.5
0.25 0.5
0.25 0.5625
0.1875 0.5625
0.1875 0.5

0.125 0.5625
0.1875 0.5625
0.1875 0.625
0.125 0.625
0.125 0.5625

0.1875 0.5625
0.25 0.5625
0.25 0.625
0.1875 0.625
0.1875 0.5625

0.375 0.25
0.4375 0.25
0.4375 0.3125
0.375 0.3125
0.375 0.25

0.4375 0.25
0.5 0.25
0.5 0.3125
0.4375 0.3125
0.4375 0.25

0.375 0.3125
0.4375 0.3125
0.4375 0.375
0.375 0.375
0.375 0.3125

0.4375 0.3125
0.5 0.3125
0.5 0.375
0.4375 0.375
0.4375 0.3125

0.625 0.25
0.6875 0.25
0.6875 0.3125
0.625 0.3125
0.625 0.25

0.6875 0.25
0.75 0.25
0.75 0.3125
0.6875 0.3125
0.6875 0.25

0.6875 0.3125
0.75 0.3125
0.75 0.375
0.6875 0.375
0.6875 0.3125

0.375 0.875
0.4375 0.875
0.4375 0.9375
0.375 0.9375
0.375 0.875

0.4375 0.875
0.5 0.875
0.5 0.9375
0.4375 0.9375
0.4375 0.875

0.375 0.9375
0.4375 0.9375
0.4375 1
0.375 1
0.375 0.9375

0.4375 0.9375
0.5 0.9375
0.5 1
0.4375 1
0.4375 0.9375

0.59375 0.515625
0.601562 0.515625
0.601562 0.523438
0.59375 0.523438
0.59375 0.515625

0.601562 0.515625
0.609375 0.515625
0.609375 0.523438
0.601562 0.523438
0.601562 0.515625

0.59375 0.523438
0.601562 0.523438
0.601562 0.53125
0.59375 0.53125
0.59375 0.523438

0.601562 0.523438
0.609375 0.523438
0.609375 0.53125
0.601562 0.53125
0.601562 0.523438

0.625 0.546875
0.632812 0.546875
0.632812 0.554688
0.625 0.554688
0.625 0.546875

0.632812 0.546875
0.640625 0.546875
0.640625 0.554688
0.632812 0.554688
0.632812 0.546875

0.625 0.554688
0.632812 0.554688
0.632812 0.5625
0.625 0.5625
0.625 0.554688

0.632812 0.554688
0.640625 0.554688
0.640625 0.5625
0.632812 0.5625
0.632812 0.554688

0.609375 0.53125
0.617188 0.53125
0.617188 0.539062
0.609375 0.539062
0.609375 0.53125

0.617188 0.53125
0.625 0.53125
0.625 0.539062
0.617188 0.539062
0.617188 0.53125

0.609375 0.539062
0.617188 0.539062
0.617188 0.546875
0.609375 0.546875
0.609375 0.539062

0.617188 0.539062
0.625 0.539062
0.625 0.546875
0.617188 0.546875
0.617188 0.539062

0.65625 0.5
0.671875 0.5
0.671875 0.515625
0.65625 0.515625
0.65625 0.5

0.671875 0.5
0.6875 0.5
0.6875 0.515625
0.671875 0.515625
0.671875 0.5

0.65625 0.515625
0.671875 0.515625
0.671875 0.53125
0.65625 0.53125
0.65625 0.515625

0.671875 0.515625
0.6875 0.515625
0.6875 0.53125
0.671875 0.53125
0.671875 0.515625

0.625 0.46875
0.640625 0.46875
0.640625 0.484375
0.625 0.484375
0.625 0.46875

0.640625 0.46875
0.65625 0.46875
0.65625 0.484375
0.640625 0.484375
0.640625 0.46875

0.625 0.484375
0.640625 0.484375
0.640625 0.5
0.625 0.5
0.625 0.484375

0.640625 0.484375
0.65625 0.484375
0.65625 0.5
0.640625 0.5
0.640625 0.484375

0.6875 0.53125
0.703125 0.53125
0.703125 0.546875
0.6875 0.546875
0.6875 0.53125

0.703125 0.53125
0.71875 0.53125
0.71875 0.546875
0.703125 0.546875
0.703125 0.53125

0.6875 0.546875
0.703125 0.546875
0.703125 0.5625
0.6875 0.5625
0.6875 0.546875

0.703125 0.546875
0.71875 0.546875
0.71875 0.5625
0.703125 0.5625
0.703125 0.546875

0.59375 0.4375
0.609375 0.4375
0.609375 0.453125
0.59375 0.453125
0.59375 0.4375

0.609375 0.4375
0.625 0.4375
0.625 0.453125
0.609375 0.453125
0.609375 0.4375

0.59375 0.453125
0.609375 0.453125
0.609375 0.46875
0.59375 0.46875
0.59375 0.453125

0.609375 0.453125
0.625 0.453125
0.625 0.46875
0.609375 0.46875
0.609375 0.453125

0.75 0.4375
0.78125 0.4375
0.78125 0.46875
0.75 0.46875
0.75 0.4375

0.78125 0.4375
0.8125 0.4375
0.8125 0.46875
0.78125 0.46875
0.78125 0.4375

0.75 0.46875
0.78125 0.46875
0.78125 0.5
0.75 0.5
0.75 0.46875

0.78125 0.46875
0.8125 0.46875
0.8125 0.5
0.78125 0.5
0.78125 0.46875

0.6875 0.375
0.71875 0.375
0.71875 0.40625
0.6875 0.40625
0.6875 0.375

0.71875 0.375
0.75 0.375
0.75 0.40625
0.71875 0.40625
0.71875 0.375

0.6875 0.40625
0.71875 0.40625
0.71875 0.4375
0.6875 0.4375
0.6875 0.40625

0.71875 0.40625
0.75 0.40625
0.75 0.4375
0.71875 0.4375
0.71875 0.40625

0.8125 0.5
0.84375 0.5
0.84375 0.53125
0.8125 0.53125
0.8125 0.5

0.84375 0.5
0.875 0.5
0.875 0.53125
0.84375 0.53125
0.84375 0.5

0.8125 0.53125
0.84375 0.53125
0.84375 0.5625
0.8125 0.5625
0.8125 0.53125

0.84375 0.53125
0.875 0.53125
0.875 0.5625
0.84375 0.5625
0.84375 0.53125

0.625 0.3125
0.65625 0.3125
0.65625 0.34375
0.625 0.34375
0.625 0.3125

0.65625 0.3125
0.6875 0.3125
0.6875 0.34375
0.65625 0.34375
0.65625 0.3125

0.625 0.34375
0.65625 0.34375
0.65625 0.375
0.625 0.375
0.625 0.34375

0.65625 0.34375
0.6875 0.34375
0.6875 0.375
0.65625 0.375
0.65625 0.34375

0.75 0.125
0.8125 0.125
0.8125 0.1875
0.75 0.1875
0.75 0.125

0.8125 0.125
0.875 0.125
0.875 0.1875
0.8125 0.1875
0.8125 0.125

0.75 0.1875
0.8125 0.1875
0.8125 0.25
0.75 0.25
0.75 0.1875

0.8125 0.1875
0.875 0.1875
0.875 0.25
0.8125 0.25
0.8125 0.1875

1 0.375
1.0625 0.375
1.0625 0.4375
1 0.4375
1 0.375

1.0625 0.375
1.125 0.375
1.125 0.4375
1.0625 0.4375
1.0625 0.375

1 0.4375
1.0625 0.4375
1.0625 0.5
1 0.5
1 0.4375

1.0625 0.4375
1.125 0.4375
1.125 0.5
1.0625 0.5
1.0625 0.4375

0.625 0
0.6875 0
0.6875 0.0625
0.625 0.0625
0.625 0

0.6875 0
0.75 0
0.75 0.0625
0.6875 0.0625
0.6875 0

0.625 0.0625
0.6875 0.0625
0.6875 0.125
0.625 0.125
0.625 0.0625

0.6875 0.0625
0.75 0.0625
0.75 0.125
0.6875 0.125
0.6875 0.0625

0.875 0.25
0.9375 0.25
0.9375 0.3125
0.875 0.3125
0.875 0.25

0.9375 0.25
1 0.25
1 0.3125
0.9375 0.3125
0.9375 0.25

0.875 0.3125
0.9375 0.3125
0.9375 0.375
0.875 0.375
0.875 0.3125

0.9375 0.3125
1 0.3125
1 0.375
0.9375 0.375
0.9375 0.3125

1 -0.25
1.125 -0.25
1.125 -0.125
1 -0.125
1 -0.25

1.125 -0.25
1.25 -0.25
1.25 -0.125
1.125 -0.125
1.125 -0.25

1 -0.125
1.125 -0.125
1.125 0
1 0
1 -0.125

1.125 -0.125
1.25 -0.125
1.25 0
1.125 0
1.125 -0.125

0.75 -0.5
0.875 -0.5
0.875 -0.375
0.75 -0.375
0.75 -0.5

0.875 -0.5
1 -0.5
1 -0.375
0.875 -0.375
0.875 -0.5

0.75 -0.375
0.875 -0.375
0.875 -0.25
0.75 -0.25
0.75 -0.375

0.875 -0.375
1 -0.375
1 -0.25
0.875 -0.25
0.875 -0.375

1.25 0
1.375 0
1.375 0.125
1.25 0.125
1.25 0

1.375 0
1.5 0
1.5 0.125
1.375 0.125
1.375 0

1.25 0.125
1.375 0.125
1.375 0.25
1.25 0.25
1.25 0.125

1.375 0.125
1.5 0.125
1.5 0.25
1.375 0.25
1.375 0.125

1.5 0.25
1.625 0.25
1.625 0.375
1.5 0.375
1.5 0.25

1.625 0.25
1.75 0.25
1.75 0.375
1.625 0.375
1.625 0.25

1.5 0.375
1.625 0.375
1.625 0.5
1.5 0.5
1.5 0.375

1.625 0.375
1.75 0.375
1.75 0.5
1.625 0.5
1.625 0.375

1.5 -1
1.75 -1
1.75 -0.75
1.5 -0.75
1.5 -1

1.75 -1
2 -1
2 -0.75
1.75 -0.75
1.75 -1

1.5 -0.75
1.75 -0.75
1.75 -0.5
1.5 -0.5
1.5 -0.75

1.75 -0.75
2 -0.75
2 -0.5
1.75 -0.5
1.75 -0.75

