-1.5 -1
0 -1
0 0
-1.5 0
-1.5 -1

0 -1
1.5 -1
1.5 0
0 0
0 -1

1.5 -1
3 -1
3 0
1.5 0
1.5 -1

3 -1
4.5 -1
4.5 0
3 0
3 -1

3 0
4.5 0
4.5 1
3 1
3 0

0 0
0.75 0
0.75 0.5
0 0.5
0 0

0.75 0
1.5 0
1.5 0.5
0.75 0.5
0.75 0

0 0.5
0.75 0.5
0.75 1
0 1
0 0.5

0.75 0.5
1.5 0.5
1.5 1
0.75 1
0.75 0.5

1.125 1.75
1.3125 1.75
1.3125 1.875
1.125 1.875
1.125 1.75

1.3125 1.75
1.5 1.75
1.5 1.875
1.3125 1.875
1.3125 1.75

1.3125 1.875
1.5 1.875
1.5 2
1.3125 2
1.3125 1.875

1.5 2.25
1.6875 2.25
1.6875 2.375
1.5 2.375
1.5 2.25

1.6875 2.25
1.875 2.25
1.875 2.375
1.6875 2.375
1.6875 2.25

1.5 2.375
1.6875 2.375
1.6875 2.5
1.5 2.5
1.5 2.375

1.6875 2.375
1.875 2.375
1.875 2.5
1.6875 2.5
1.6875 2.375

0 1.5
0.375 1.5
0.375 1.75
0 1.75
0 1.5

0.375 1.5
0.75 1.5
0.75 1.75
0.375 1.75
0.375 1.5

0 1.75
0.375 1.75
0.375 2
0 2
0 1.75

0.9375 2.0625
0.984375 2.0625
0.984375 2.09375
0.9375 2.09375
0.9375 2.0625

0.984375 2.0625
1.03125 2.0625
1.03125 2.09375
0.984375 2.09375
0.984375 2.0625

0.9375 2.09375
0.984375 2.09375
0.984375 2.125
0.9375 2.125
0.9375 2.09375

0.984375 2.09375
1.03125 2.09375
1.03125 2.125
0.984375 2.125
0.984375 2.09375

1.03125 2.3125
1.07812 2.3125
1.07812 2.34375
1.03125 2.34375
1.03125 2.3125

1.07812 2.3125
1.125 2.3125
1.125 2.34375
1.07812 2.34375
1.07812 2.3125

1.03125 2.34375
1.07812 2.34375
1.07812 2.375
1.03125 2.375
1.03125 2.34375

1.07812 2.34375
1.125 2.34375
1.125 2.375
1.07812 2.375
1.07812 2.34375

0.9375 2.125
0.984375 2.125
0.984375 2.15625
0.9375 2.15625
0.9375 2.125

0.984375 2.125
1.03125 2.125
1.03125 2.15625
0.984375 2.15625
0.984375 2.125

0.9375 2.15625
0.984375 2.15625
0.984375 2.1875
0.9375 2.1875
0.9375 2.15625

0.984375 2.15625
1.03125 2.15625
1.03125 2.1875
0.984375 2.1875
0.984375 2.15625

0.9375 2.375
1.03125 2.375
1.03125 2.4375
0.9375 2.4375
0.9375 2.375

0.9375 2.4375
1.03125 2.4375
1.03125 2.5
0.9375 2.5
0.9375 2.4375

1.03125 2.4375
1.125 2.4375
1.125 2.5
1.03125 2.5
1.03125 2.4375

0.9375 2
1.03125 2
1.03125 2.0625
0.9375 2.0625
0.9375 2

1.03125 2
1.125 2
1.125 2.0625
1.03125 2.0625
1.03125 2

1.3125 2
1.40625 2
1.40625 2.0625
1.3125 2.0625
1.3125 2

1.40625 2
1.5 2
1.5 2.0625
1.40625 2.0625
1.40625 2

1.3125 2.0625
1.40625 2.0625
1.40625 2.125
1.3125 2.125
1.3125 2.0625

1.40625 2.0625
1.5 2.0625
1.5 2.125
1.40625 2.125
1.40625 2.0625

1.5 2
1.6875 2
1.6875 2.125
1.5 2.125
1.5 2

1.6875 2
1.875 2
1.875 2.125
1.6875 2.125
1.6875 2

1.5 2.125
1.6875 2.125
1.6875 2.25
1.5 2.25
1.5 2.125

1.6875 2.125
1.875 2.125
1.875 2.25
1.6875 2.25
1.6875 2.125

1.5 1.75
1.6875 1.75
1.6875 1.875
1.5 1.875
1.5 1.75

1.6875 1.75
1.875 1.75
1.875 1.875
1.6875 1.875
1.6875 1.75

1.5 1.875
1.6875 1.875
1.6875 2
1.5 2
1.5 1.875

1.6875 1.875
1.875 1.875
1.875 2
1.6875 2
1.6875 1.875

0.75 2
0.84375 2
0.84375 2.0625
0.75 2.0625
0.75 2

0.84375 2
0.9375 2
0.9375 2.0625
0.84375 2.0625
0.84375 2

0.75 2.0625
0.84375 2.0625
0.84375 2.125
0.75 2.125
0.75 2.0625

0.84375 2.0625
0.9375 2.0625
0.9375 2.125
0.84375 2.125
0.84375 2.0625

3 2
3.75 2
3.75 2.5
3 2.5
3 2

3.75 2
4.5 2
4.5 2.5
3.75 2.5
3.75 2

3 2.5
3.75 2.5
3.75 3
3 3
3 2.5

3.75 2.5
4.5 2.5
4.5 3
3.75 3
3.75 2.5

0.375 2.25
0.5625 2.25
0.5625 2.375
0.375 2.375
0.375 2.25

0.375 2.375
0.5625 2.375
0.5625 2.5
0.375 2.5
0.375 2.375

0.5625 2.375
0.75 2.375
0.75 2.5
0.5625 2.5
0.5625 2.375

1.125 2.3125
1.17188 2.3125
1.17188 2.34375
1.125 2.34375
1.125 2.3125

1.17188 2.3125
1.21875 2.3125
1.21875 2.34375
1.17188 2.34375
1.17188 2.3125

1.125 2.34375
1.17188 2.34375
1.17188 2.375
1.125 2.375
1.125 2.34375

1.17188 2.34375
1.21875 2.34375
1.21875 2.375
1.17188 2.375
1.17188 2.34375

1.21875 2.25
1.26562 2.25
1.26562 2.28125
1.21875 2.28125
1.21875 2.25

1.26562 2.25
1.3125 2.25
1.3125 2.28125
1.26562 2.28125
1.26562 2.25

1.21875 2.28125
1.26562 2.28125
1.26562 2.3125
1.21875 2.3125
1.21875 2.28125

1.26562 2.28125
1.3125 2.28125
1.3125 2.3125
1.26562 2.3125
1.26562 2.28125

2.25 2.5
3 2.5
3 3
2.25 3
2.25 2.5

0.9375 2.3125
0.984375 2.3125
0.984375 2.34375
0.9375 2.34375
0.9375 2.3125

0.984375 2.3125
1.03125 2.3125
1.03125 2.34375
0.984375 2.34375
0.984375 2.3125

0.9375 2.34375
0.984375 2.34375
0.984375 2.375
0.9375 2.375
0.9375 2.34375

0.984375 2.34375
1.03125 2.34375
1.03125 2.375
0.984375 2.375
0.984375 2.34375

3 1
3.75 1
3.75 1.5
3 1.5
3 1

3.75 1
4.5 1
4.5 1.5
3.75 1.5
3.75 1

3 1.5
3.75 1.5
3.75 2
3 2
3 1.5

3.75 1.5
4.5 1.5
4.5 2
3.75 2
3.75 1.5

1.5 1.5
1.875 1.5
1.875 1.75
1.5 1.75
1.5 1.5

1.875 1.5
2.25 1.5
2.25 1.75
1.875 1.75
1.875 1.5

1.875 1.75
2.25 1.75
2.25 2
1.875 2
1.875 1.75

0 2.5
0.375 2.5
0.375 2.75
0 2.75
0 2.5

0 2.75
0.375 2.75
0.375 3
0 3
0 2.75

0.375 2.75
0.75 2.75
0.75 3
0.375 3
0.375 2.75

0.75 2.375
0.84375 2.375
0.84375 2.4375
0.75 2.4375
0.75 2.375

0.84375 2.375
0.9375 2.375
0.9375 2.4375
0.84375 2.4375
0.84375 2.375

0.75 2.4375
0.84375 2.4375
0.84375 2.5
0.75 2.5
0.75 2.4375

0.84375 2.4375
0.9375 2.4375
0.9375 2.5
0.84375 2.5
0.84375 2.4375

0.84375 2.25
0.890625 2.25
0.890625 2.28125
0.84375 2.28125
0.84375 2.25

0.890625 2.25
0.9375 2.25
0.9375 2.28125
0.890625 2.28125
0.890625 2.25

0.84375 2.28125
0.890625 2.28125
0.890625 2.3125
0.84375 2.3125
0.84375 2.28125

0.890625 2.28125
0.9375 2.28125
0.9375 2.3125
0.890625 2.3125
0.890625 2.28125

1.125 2.75
1.5 2.75
1.5 3
1.125 3
1.125 2.75

0.75 1.75
0.9375 1.75
0.9375 1.875
0.75 1.875
0.75 1.75

0.9375 1.75
1.125 1.75
1.125 1.875
0.9375 1.875
0.9375 1.75

0.75 1.875
0.9375 1.875
0.9375 2
0.75 2
0.75 1.875

0.375 2.5
0.5625 2.5
0.5625 2.625
0.375 2.625
0.375 2.5

0.5625 2.5
0.75 2.5
0.75 2.625
0.5625 2.625
0.5625 2.5

0.375 2.625
0.5625 2.625
0.5625 2.75
0.375 2.75
0.375 2.625

0.5625 2.625
0.75 2.625
0.75 2.75
0.5625 2.75
0.5625 2.625

0.75 2.125
0.84375 2.125
0.84375 2.1875
0.75 2.1875
0.75 2.125

0.75 2.1875
0.84375 2.1875
0.84375 2.25
0.75 2.25
0.75 2.1875

-0.75 2.5
-0.375 2.5
-0.375 2.75
-0.75 2.75
-0.75 2.5

-0.375 2.5
0 2.5
0 2.75
-0.375 2.75
-0.375 2.5

-0.75 2.75
-0.375 2.75
-0.375 3
-0.75 3
-0.75 2.75

-0.375 2.75
0 2.75
0 3
-0.375 3
-0.375 2.75

1.125 2
1.21875 2
1.21875 2.0625
1.125 2.0625
1.125 2

1.21875 2
1.3125 2
1.3125 2.0625
1.21875 2.0625
1.21875 2

1.21875 2.0625
1.3125 2.0625
1.3125 2.125
1.21875 2.125
1.21875 2.0625

2.25 2
2.625 2
2.625 2.25
2.25 2.25
2.25 2

2.625 2
3 2
3 2.25
2.625 2.25
2.625 2

2.25 2.25
2.625 2.25
2.625 2.5
2.25 2.5
2.25 2.25

2.625 2.25
3 2.25
3 2.5
2.625 2.5
2.625 2.25

2.25 1.5
2.625 1.5
2.625 1.75
2.25 1.75
2.25 1.5

2.625 1.5
3 1.5
3 1.75
2.625 1.75
2.625 1.5

2.25 1.75
2.625 1.75
2.625 2
2.25 2
2.25 1.75

2.625 1.75
3 1.75
3 2
2.625 2
2.625 1.75

1.03125 2.1875
1.07812 2.1875
1.07812 2.21875
1.03125 2.21875
1.03125 2.1875

1.07812 2.1875
1.125 2.1875
1.125 2.21875
1.07812 2.21875
1.07812 2.1875

1.03125 2.21875
1.07812 2.21875
1.07812 2.25
1.03125 2.25
1.03125 2.21875

1.07812 2.21875
1.125 2.21875
1.125 2.25
1.07812 2.25
1.07812 2.21875

1.125 2.0625
1.17188 2.0625
1.17188 2.09375
1.125 2.09375
1.125 2.0625

1.17188 2.0625
1.21875 2.0625
1.21875 2.09375
1.17188 2.09375
1.17188 2.0625

1.125 2.09375
1.17188 2.09375
1.17188 2.125
1.125 2.125
1.125 2.09375

1.17188 2.09375
1.21875 2.09375
1.21875 2.125
1.17188 2.125
1.17188 2.09375

0.5625 2.125
0.65625 2.125
0.65625 2.1875
0.5625 2.1875
0.5625 2.125

0.65625 2.125
0.75 2.125
0.75 2.1875
0.65625 2.1875
0.65625 2.125

0.5625 2.1875
0.65625 2.1875
0.65625 2.25
0.5625 2.25
0.5625 2.1875

0.65625 2.1875
0.75 2.1875
0.75 2.25
0.65625 2.25
0.65625 2.1875

1.125 2.25
1.17188 2.25
1.17188 2.28125
1.125 2.28125
1.125 2.25

1.17188 2.25
1.21875 2.25
1.21875 2.28125
1.17188 2.28125
1.17188 2.25

1.125 2.28125
1.17188 2.28125
1.17188 2.3125
1.125 2.3125
1.125 2.28125

1.17188 2.28125
1.21875 2.28125
1.21875 2.3125
1.17188 2.3125
1.17188 2.28125

1.125 2.375
1.21875 2.375
1.21875 2.4375
1.125 2.4375
1.125 2.375

1.21875 2.375
1.3125 2.375
1.3125 2.4375
1.21875 2.4375
1.21875 2.375

1.125 2.4375
1.21875 2.4375
1.21875 2.5
1.125 2.5
1.125 2.4375

1.21875 2.4375
1.3125 2.4375
1.3125 2.5
1.21875 2.5
1.21875 2.4375

2.25 1
3 1
3 1.5
2.25 1.5
2.25 1

-0.75 2
-0.375 2
-0.375 2.25
-0.75 2.25
-0.75 2

-0.375 2
0 2
0 2.25
-0.375 2.25
-0.375 2

-0.75 2.25
-0.375 2.25
-0.375 2.5
-0.75 2.5
-0.75 2.25

-0.375 2.25
0 2.25
0 2.5
-0.375 2.5
-0.375 2.25

1.125 1.875
1.21875 1.875
1.21875 1.9375
1.125 1.9375
1.125 1.875

1.21875 1.875
1.3125 1.875
1.3125 1.9375
1.21875 1.9375
1.21875 1.875

1.125 1.9375
1.21875 1.9375
1.21875 2
1.125 2
1.125 1.9375

1.21875 1.9375
1.3125 1.9375
1.3125 2
1.21875 2
1.21875 1.9375

1.03125 2.25
1.07812 2.25
1.07812 2.28125
1.03125 2.28125
1.03125 2.25

1.07812 2.25
1.125 2.25
1.125 2.28125
1.07812 2.28125
1.07812 2.25

1.03125 2.28125
1.07812 2.28125
1.07812 2.3125
1.03125 2.3125
1.03125 2.28125

1.07812 2.28125
1.125 2.28125
1.125 2.3125
1.07812 2.3125
1.07812 2.28125

1.03125 2.125
1.07812 2.125
1.07812 2.15625
1.03125 2.15625
1.03125 2.125

1.07812 2.125
1.125 2.125
1.125 2.15625
1.07812 2.15625
1.07812 2.125

1.03125 2.15625
1.07812 2.15625
1.07812 2.1875
1.03125 2.1875
1.03125 2.15625

1.07812 2.15625
1.125 2.15625
1.125 2.1875
1.07812 2.1875
1.07812 2.15625

0.75 2.5
0.9375 2.5
0.9375 2.625
0.75 2.625
0.75 2.5

0.75 2.625
0.9375 2.625
0.9375 2.75
0.75 2.75
0.75 2.625

0.9375 2.625
1.125 2.625
1.125 2.75
0.9375 2.75
0.9375 2.625

1.5 1
1.875 1
1.875 1.25
1.5 1.25
1.5 1

1.875 1
2.25 1
2.25 1.25
1.875 1.25
1.875 1

1.5 1.25
1.875 1.25
1.875 1.5
1.5 1.5
1.5 1.25

1.875 1.25
2.25 1.25
2.25 1.5
1.875 1.5
1.875 1.25

0.9375 1.875
1.03125 1.875
1.03125 1.9375
0.9375 1.9375
0.9375 1.875

1.03125 1.875
1.125 1.875
1.125 1.9375
1.03125 1.9375
1.03125 1.875

0.9375 1.9375
1.03125 1.9375
1.03125 2
0.9375 2
0.9375 1.9375

1.03125 1.9375
1.125 1.9375
1.125 2
1.03125 2
1.03125 1.9375

1.125 2.1875
1.17188 2.1875
1.17188 2.21875
1.125 2.21875
1.125 2.1875

1.17188 2.1875
1.21875 2.1875
1.21875 2.21875
1.17188 2.21875
1.17188 2.1875

1.125 2.21875
1.17188 2.21875
1.17188 2.25
1.125 2.25
1.125 2.21875

1.17188 2.21875
1.21875 2.21875
1.21875 2.25
1.17188 2.25
1.17188 2.21875

0.375 1.75
0.5625 1.75
0.5625 1.875
0.375 1.875
0.375 1.75

0.5625 1.75
0.75 1.75
0.75 1.875
0.5625 1.875
0.5625 1.75

0.375 1.875
0.5625 1.875
0.5625 2
0.375 2
0.375 1.875

0.5625 1.875
0.75 1.875
0.75 2
0.5625 2
0.5625 1.875

0.75 1.5
0.9375 1.5
0.9375 1.625
0.75 1.625
0.75 1.5

0.9375 1.5
1.125 1.5
1.125 1.625
0.9375 1.625
0.9375 1.5

0.75 1.625
0.9375 1.625
0.9375 1.75
0.75 1.75
0.75 1.625

0.9375 1.625
1.125 1.625
1.125 1.75
0.9375 1.75
0.9375 1.625

0.84375 2.125
0.890625 2.125
0.890625 2.15625
0.84375 2.15625
0.84375 2.125

0.890625 2.125
0.9375 2.125
0.9375 2.15625
0.890625 2.15625
0.890625 2.125

0.84375 2.15625
0.890625 2.15625
0.890625 2.1875
0.84375 2.1875
0.84375 2.15625

0.890625 2.15625
0.9375 2.15625
0.9375 2.1875
0.890625 2.1875
0.890625 2.15625

1.3125 2.125
1.40625 2.125
1.40625 2.1875
1.3125 2.1875
1.3125 2.125

1.40625 2.125
1.5 2.125
1.5 2.1875
1.40625 2.1875
1.40625 2.125

1.3125 2.1875
1.40625 2.1875
1.40625 2.25
1.3125 2.25
1.3125 2.1875

1.40625 2.1875
1.5 2.1875
1.5 2.25
1.40625 2.25
1.40625 2.1875

0 2
0.1875 2
0.1875 2.125
0 2.125
0 2

0.1875 2
0.375 2
0.375 2.125
0.1875 2.125
0.1875 2

0 2.125
0.1875 2.125
0.1875 2.25
0 2.25
0 2.125

0.1875 2.125
0.375 2.125
0.375 2.25
0.1875 2.25
0.1875 2.125

0.9375 2.1875
0.984375 2.1875
0.984375 2.21875
0.9375 2.21875
0.9375 2.1875

0.984375 2.1875
1.03125 2.1875
1.03125 2.21875
0.984375 2.21875
0.984375 2.1875

0.9375 2.21875
0.984375 2.21875
0.984375 2.25
0.9375 2.25
0.9375 2.21875

0.984375 2.21875
1.03125 2.21875
1.03125 2.25
0.984375 2.25
0.984375 2.21875

-1.5 0
-0.75 0
-0.75 0.5
-1.5 0.5
-1.5 0

-0.75 0
0 0
0 0.5
-0.75 0.5
-0.75 0

-1.5 0.5
-0.75 0.5
-0.75 1
-1.5 1
-1.5 0.5

-0.75 0.5
0 0.5
0 1
-0.75 1
-0.75 0.5

0 2.25
0.1875 2.25
0.1875 2.375
0 2.375
0 2.25

0.1875 2.25
0.375 2.25
0.375 2.375
0.1875 2.375
0.1875 2.25

0 2.375
0.1875 2.375
0.1875 2.5
0 2.5
0 2.375

0.1875 2.375
0.375 2.375
0.375 2.5
0.1875 2.5
0.1875 2.375

1.21875 2.125
1.26562 2.125
1.26562 2.15625
1.21875 2.15625
1.21875 2.125

1.26562 2.125
1.3125 2.125
1.3125 2.15625
1.26562 2.15625
1.26562 2.125

1.21875 2.15625
1.26562 2.15625
1.26562 2.1875
1.21875 2.1875
1.21875 2.15625

1.26562 2.15625
1.3125 2.15625
1.3125 2.1875
1.26562 2.1875
1.26562 2.15625

0.75 2.25
0.84375 2.25
0.84375 2.3125
0.75 2.3125
0.75 2.25

0.75 2.3125
0.84375 2.3125
0.84375 2.375
0.75 2.375
0.75 2.3125

0.84375 2.3125
0.9375 2.3125
0.9375 2.375
0.84375 2.375
0.84375 2.3125

-0.75 1.5
-0.375 1.5
-0.375 1.75
-0.75 1.75
-0.75 1.5

-0.375 1.5
0 1.5
0 1.75
-0.375 1.75
-0.375 1.5

-0.75 1.75
-0.375 1.75
-0.375 2
-0.75 2
-0.75 1.75

-0.375 1.75
0 1.75
0 2
-0.375 2
-0.375 1.75

1.03125 2.0625
1.07812 2.0625
1.07812 2.09375
1.03125 2.09375
1.03125 2.0625

1.07812 2.0625
1.125 2.0625
1.125 2.09375
1.07812 2.09375
1.07812 2.0625

1.03125 2.09375
1.07812 2.09375
1.07812 2.125
1.03125 2.125
1.03125 2.09375

1.07812 2.09375
1.125 2.09375
1.125 2.125
1.07812 2.125
1.07812 2.09375

1.3125 2.375
1.5 2.375
1.5 2.5
1.3125 2.5
1.3125 2.375

0.84375 2.1875
0.890625 2.1875
0.890625 2.21875
0.84375 2.21875
0.84375 2.1875

0.890625 2.1875
0.9375 2.1875
0.9375 2.21875
0.890625 2.21875
0.890625 2.1875

0.84375 2.21875
0.890625 2.21875
0.890625 2.25
0.84375 2.25
0.84375 2.21875

0.890625 2.21875
0.9375 2.21875
0.9375 2.25
0.890625 2.25
0.890625 2.21875

1.125 2.5
1.3125 2.5
1.3125 2.625
1.125 2.625
1.125 2.5

1.3125 2.5
1.5 2.5
1.5 2.625
1.3125 2.625
1.3125 2.5

1.125 2.625
1.3125 2.625
1.3125 2.75
1.125 2.75
1.125 2.625

1.3125 2.625
1.5 2.625
1.5 2.75
1.3125 2.75
1.3125 2.625

1.03125 2.375
1.07812 2.375
1.07812 2.40625
1.03125 2.40625
1.03125 2.375

1.07812 2.375
1.125 2.375
1.125 2.40625
1.07812 2.40625
1.07812 2.375

1.03125 2.40625
1.07812 2.40625
1.07812 2.4375
1.03125 2.4375
1.03125 2.40625

1.07812 2.40625
1.125 2.40625
1.125 2.4375
1.07812 2.4375
1.07812 2.40625

1.875 2
2.25 2
2.25 2.25
1.875 2.25
1.875 2

1.875 2.25
2.25 2.25
2.25 2.5
1.875 2.5
1.875 2.25

-1.5 2
-0.75 2
-0.75 2.5
-1.5 2.5
-1.5 2

-1.5 2.5
-0.75 2.5
-0.75 3
-1.5 3
-1.5 2.5

1.21875 2.3125
1.3125 2.3125
1.3125 2.375
1.21875 2.375
1.21875 2.3125

1.5 2.5
1.875 2.5
1.875 2.75
1.5 2.75
1.5 2.5

1.875 2.5
2.25 2.5
2.25 2.75
1.875 2.75
1.875 2.5

1.5 2.75
1.875 2.75
1.875 3
1.5 3
1.5 2.75

1.875 2.75
2.25 2.75
2.25 3
1.875 3
1.875 2.75

1.5 0
2.25 0
2.25 0.5
1.5 0.5
1.5 0

2.25 0
3 0
3 0.5
2.25 0.5
2.25 0

1.5 0.5
2.25 0.5
2.25 1
1.5 1
1.5 0.5

2.25 0.5
3 0.5
3 1
2.25 1
2.25 0.5

0 1
0.375 1
0.375 1.25
0 1.25
0 1

0.375 1
0.75 1
0.75 1.25
0.375 1.25
0.375 1

0 1.25
0.375 1.25
0.375 1.5
0 1.5
0 1.25

0.375 1.25
0.75 1.25
0.75 1.5
0.375 1.5
0.375 1.25

1.125 2.125
1.17188 2.125
1.17188 2.15625
1.125 2.15625
1.125 2.125

1.17188 2.125
1.21875 2.125
1.21875 2.15625
1.17188 2.15625
1.17188 2.125

1.125 2.15625
1.17188 2.15625
1.17188 2.1875
1.125 2.1875
1.125 2.15625

1.17188 2.15625
1.21875 2.15625
1.21875 2.1875
1.17188 2.1875
1.17188 2.15625

0.75 1
1.125 1
1.125 1.25
0.75 1.25
0.75 1

1.125 1
1.5 1
1.5 1.25
1.125 1.25
1.125 1

0.75 1.25
1.125 1.25
1.125 1.5
0.75 1.5
0.75 1.25

1.125 1.25
1.5 1.25
1.5 1.5
1.125 1.5
1.125 1.25

0.5625 2.25
0.65625 2.25
0.65625 2.3125
0.5625 2.3125
0.5625 2.25

0.65625 2.25
0.75 2.25
0.75 2.3125
0.65625 2.3125
0.65625 2.25

0.5625 2.3125
0.65625 2.3125
0.65625 2.375
0.5625 2.375
0.5625 2.3125

0.65625 2.3125
0.75 2.3125
0.75 2.375
0.65625 2.375
0.65625 2.3125

1.125 1.5
1.3125 1.5
1.3125 1.625
1.125 1.625
1.125 1.5

1.3125 1.5
1.5 1.5
1.5 1.625
1.3125 1.625
1.3125 1.5

1.125 1.625
1.3125 1.625
1.3125 1.75
1.125 1.75
1.125 1.625

1.3125 1.625
1.5 1.625
1.5 1.75
1.3125 1.75
1.3125 1.625

0.375 2
0.5625 2
0.5625 2.125
0.375 2.125
0.375 2

0.5625 2
0.75 2
0.75 2.125
0.5625 2.125
0.5625 2

0.375 2.125
0.5625 2.125
0.5625 2.25
0.375 2.25
0.375 2.125

-1.5 1
-0.75 1
-0.75 1.5
-1.5 1.5
-1.5 1

-0.75 1
0 1
0 1.5
-0.75 1.5
-0.75 1

-1.5 1.5
-0.75 1.5
-0.75 2
-1.5 2
-1.5 1.5

0.9375 2.25
0.984375 2.25
0.984375 2.28125
0.9375 2.28125
0.9375 2.25

0.984375 2.25
1.03125 2.25
1.03125 2.28125
0.984375 2.28125
0.984375 2.25

0.9375 2.28125
0.984375 2.28125
0.984375 2.3125
0.9375 2.3125
0.9375 2.28125

0.984375 2.28125
1.03125 2.28125
1.03125 2.3125
0.984375 2.3125
0.984375 2.28125

1.21875 2.1875
1.26562 2.1875
1.26562 2.21875
1.21875 2.21875
1.21875 2.1875

1.26562 2.1875
1.3125 2.1875
1.3125 2.21875
1.26562 2.21875
1.26562 2.1875

1.21875 2.21875
1.26562 2.21875
1.26562 2.25
1.21875 2.25
1.21875 2.21875

1.26562 2.21875
1.3125 2.21875
1.3125 2.25
1.26562 2.25
1.26562 2.21875

1.3125 2.25
1.40625 2.25
1.40625 2.3125
1.3125 2.3125
1.3125 2.25

1.40625 2.25
1.5 2.25
1.5 2.3125
1.40625 2.3125
1.40625 2.25

1.3125 2.3125
1.40625 2.3125
1.40625 2.375
1.3125 2.375
1.3125 2.3125

1.40625 2.3125
1.5 2.3125
1.5 2.375
1.40625 2.375
1.40625 2.3125

0.9375 2.5
1.03125 2.5
1.03125 2.5625
0.9375 2.5625
0.9375 2.5

1.03125 2.5
1.125 2.5
1.125 2.5625
1.03125 2.5625
1.03125 2.5

0.9375 2.5625
1.03125 2.5625
1.03125 2.625
0.9375 2.625
0.9375 2.5625

1.03125 2.5625
1.125 2.5625
1.125 2.625
1.03125 2.625
1.03125 2.5625

0.75 2.75
0.9375 2.75
0.9375 2.875
0.75 2.875
0.75 2.75

0.9375 2.75
1.125 2.75
1.125 2.875
0.9375 2.875
0.9375 2.75

0.75 2.875
0.9375 2.875
0.9375 3
0.75 3
0.75 2.875

0.9375 2.875
1.125 2.875
1.125 3
0.9375 3
0.9375 2.875

