-1.5 -1
0 -1
0 0
-1.5 0
-1.5 -1

0 -1
1.5 -1
1.5 0
0 0
0 -1

-1.5 0
0 0
0 1
-1.5 1
-1.5 0

0 0
1.5 0
1.5 1
0 1
0 0

1.5 -1
3 -1
3 0
1.5 0
1.5 -1

3 -1
4.5 -1
4.5 0
3 0
3 -1

1.5 0
3 0
3 1
1.5 1
1.5 0

3 0
4.5 0
4.5 1
3 1
3 0

3 1
4.5 1
4.5 2
3 2
3 1

1.5 1
2.25 1
2.25 1.5
1.5 1.5
1.5 1

2.25 1
3 1
3 1.5
2.25 1.5
2.25 1

1.5 1.5
2.25 1.5
2.25 2
1.5 2
1.5 1.5

2.25 1.5
3 1.5
3 2
2.25 2
2.25 1.5

1.125 2.75
1.21875 2.75
1.21875 2.8125
1.125 2.8125
1.125 2.75

1.21875 2.75
1.3125 2.75
1.3125 2.8125
1.21875 2.8125
1.21875 2.75

1.125 2.8125
1.21875 2.8125
1.21875 2.875
1.125 2.875
1.125 2.8125

1.21875 2.8125
1.3125 2.8125
1.3125 2.875
1.21875 2.875
1.21875 2.8125

1.875 2.75
2.0625 2.75
2.0625 2.875
1.875 2.875
1.875 2.75

2.0625 2.75
2.25 2.75
2.25 2.875
2.0625 2.875
2.0625 2.75

1.875 2.875
2.0625 2.875
2.0625 3
1.875 3
1.875 2.875

2.0625 2.875
2.25 2.875
2.25 3
2.0625 3
2.0625 2.875

0 1
0.75 1
0.75 1.5
0 1.5
0 1

0.75 1
1.5 1
1.5 1.5
0.75 1.5
0.75 1

0 1.5
0.75 1.5
0.75 2
0 2
0 1.5

0.75 1.5
1.5 1.5
1.5 2
0.75 2
0.75 1.5

2.25 2.5
2.625 2.5
2.625 2.75
2.25 2.75
2.25 2.5

2.625 2.5
3 2.5
3 2.75
2.625 2.75
2.625 2.5

2.25 2.75
2.625 2.75
2.625 3
2.25 3
2.25 2.75

2.625 2.75
3 2.75
3 3
2.625 3
2.625 2.75

1.5 2.9375
1.54688 2.9375
1.54688 2.96875
1.5 2.96875
1.5 2.9375

1.54688 2.9375
1.59375 2.9375
1.59375 2.96875
1.54688 2.96875
1.54688 2.9375

1.5 2.96875
1.54688 2.96875
1.54688 3
1.5 3
1.5 2.96875

1.54688 2.96875
1.59375 2.96875
1.59375 3
1.54688 3
1.54688 2.96875

-1.5 2
-0.75 2
-0.75 2.5
-1.5 2.5
-1.5 2

-0.75 2
0 2
0 2.5
-0.75 2.5
-0.75 2

-1.5 2.5
-0.75 2.5
-0.75 3
-1.5 3
-1.5 2.5

1.5 2.875
1.59375 2.875
1.59375 2.9375
1.5 2.9375
1.5 2.875

1.59375 2.875
1.6875 2.875
1.6875 2.9375
1.59375 2.9375
1.59375 2.875

1.59375 2.9375
1.6875 2.9375
1.6875 3
1.59375 3
1.59375 2.9375

1.5 2.75
1.59375 2.75
1.59375 2.8125
1.5 2.8125
1.5 2.75

1.59375 2.75
1.6875 2.75
1.6875 2.8125
1.59375 2.8125
1.59375 2.75

1.5 2.8125
1.59375 2.8125
1.59375 2.875
1.5 2.875
1.5 2.8125

1.59375 2.8125
1.6875 2.8125
1.6875 2.875
1.59375 2.875
1.59375 2.8125

1.21875 2.875
1.26562 2.875
1.26562 2.90625
1.21875 2.90625
1.21875 2.875

1.26562 2.875
1.3125 2.875
1.3125 2.90625
1.26562 2.90625
1.26562 2.875

1.21875 2.90625
1.26562 2.90625
1.26562 2.9375
1.21875 2.9375
1.21875 2.90625

1.26562 2.90625
1.3125 2.90625
1.3125 2.9375
1.26562 2.9375
1.26562 2.90625

0.75 2.5
0.9375 2.5
0.9375 2.625
0.75 2.625
0.75 2.5

0.9375 2.5
1.125 2.5
1.125 2.625
0.9375 2.625
0.9375 2.5

0.75 2.625
0.9375 2.625
0.9375 2.75
0.75 2.75
0.75 2.625

0.9375 2.625
1.125 2.625
1.125 2.75
0.9375 2.75
0.9375 2.625

0 2
0.375 2
0.375 2.25
0 2.25
0 2

0.375 2
0.75 2
0.75 2.25
0.375 2.25
0.375 2

0 2.25
0.375 2.25
0.375 2.5
0 2.5
0 2.25

0.375 2.25
0.75 2.25
0.75 2.5
0.375 2.5
0.375 2.25

1.40625 2.9375
1.45312 2.9375
1.45312 2.96875
1.40625 2.96875
1.40625 2.9375

1.45312 2.9375
1.5 2.9375
1.5 2.96875
1.45312 2.96875
1.45312 2.9375

1.40625 2.96875
1.45312 2.96875
1.45312 3
1.40625 3
1.40625 2.96875

1.45312 2.96875
1.5 2.96875
1.5 3
1.45312 3
1.45312 2.96875

1.125 2.9375
1.17188 2.9375
1.17188 2.96875
1.125 2.96875
1.125 2.9375

1.17188 2.9375
1.21875 2.9375
1.21875 2.96875
1.17188 2.96875
1.17188 2.9375

1.125 2.96875
1.17188 2.96875
1.17188 3
1.125 3
1.125 2.96875

1.17188 2.96875
1.21875 2.96875
1.21875 3
1.17188 3
1.17188 2.96875

3 2
3.75 2
3.75 2.5
3 2.5
3 2

3.75 2
4.5 2
4.5 2.5
3.75 2.5
3.75 2

3 2.5
3.75 2.5
3.75 3
3 3
3 2.5

3.75 2.5
4.5 2.5
4.5 3
3.75 3
3.75 2.5

1.6875 2.875
1.78125 2.875
1.78125 2.9375
1.6875 2.9375
1.6875 2.875

1.78125 2.875
1.875 2.875
1.875 2.9375
1.78125 2.9375
1.78125 2.875

1.6875 2.9375
1.78125 2.9375
1.78125 3
1.6875 3
1.6875 2.9375

1.78125 2.9375
1.875 2.9375
1.875 3
1.78125 3
1.78125 2.9375

1.3125 2.9375
1.35938 2.9375
1.35938 2.96875
1.3125 2.96875
1.3125 2.9375

1.35938 2.9375
1.40625 2.9375
1.40625 2.96875
1.35938 2.96875
1.35938 2.9375

1.3125 2.96875
1.35938 2.96875
1.35938 3
1.3125 3
1.3125 2.96875

1.35938 2.96875
1.40625 2.96875
1.40625 3
1.35938 3
1.35938 2.96875

1.6875 2.75
1.875 2.75
1.875 2.875
1.6875 2.875
1.6875 2.75

2.25 2
3 2
3 2.5
2.25 2.5
2.25 2

1.3125 2.875
1.35938 2.875
1.35938 2.90625
1.3125 2.90625
1.3125 2.875

1.35938 2.875
1.40625 2.875
1.40625 2.90625
1.35938 2.90625
1.35938 2.875

1.3125 2.90625
1.35938 2.90625
1.35938 2.9375
1.3125 2.9375
1.3125 2.90625

1.35938 2.90625
1.40625 2.90625
1.40625 2.9375
1.35938 2.9375
1.35938 2.90625

-1.5 1
-0.75 1
-0.75 1.5
-1.5 1.5
-1.5 1

-0.75 1
0 1
0 1.5
-0.75 1.5
-0.75 1

-1.5 1.5
-0.75 1.5
-0.75 2
-1.5 2
-1.5 1.5

-0.75 1.5
0 1.5
0 2
-0.75 2
-0.75 1.5

1.5 2.5
1.6875 2.5
1.6875 2.625
1.5 2.625
1.5 2.5

1.6875 2.5
1.875 2.5
1.875 2.625
1.6875 2.625
1.6875 2.5

1.5 2.625
1.6875 2.625
1.6875 2.75
1.5 2.75
1.5 2.625

1.6875 2.625
1.875 2.625
1.875 2.75
1.6875 2.75
1.6875 2.625

1.40625 2.875
1.45312 2.875
1.45312 2.90625
1.40625 2.90625
1.40625 2.875

1.45312 2.875
1.5 2.875
1.5 2.90625
1.45312 2.90625
1.45312 2.875

1.40625 2.90625
1.45312 2.90625
1.45312 2.9375
1.40625 2.9375
1.40625 2.90625

1.45312 2.90625
1.5 2.90625
1.5 2.9375
1.45312 2.9375
1.45312 2.90625

0 2.5
0.375 2.5
0.375 2.75
0 2.75
0 2.5

0.375 2.5
0.75 2.5
0.75 2.75
0.375 2.75
0.375 2.5

0 2.75
0.375 2.75
0.375 3
0 3
0 2.75

0.9375 2.875
1.03125 2.875
1.03125 2.9375
0.9375 2.9375
0.9375 2.875

1.03125 2.875
1.125 2.875
1.125 2.9375
1.03125 2.9375
1.03125 2.875

0.9375 2.9375
1.03125 2.9375
1.03125 3
0.9375 3
0.9375 2.9375

1.03125 2.9375
1.125 2.9375
1.125 3
1.03125 3
1.03125 2.9375

1.5 2
1.875 2
1.875 2.25
1.5 2.25
1.5 2

1.875 2
2.25 2
2.25 2.25
1.875 2.25
1.875 2

1.5 2.25
1.875 2.25
1.875 2.5
1.5 2.5
1.5 2.25

1.875 2.25
2.25 2.25
2.25 2.5
1.875 2.5
1.875 2.25

1.125 2.875
1.21875 2.875
1.21875 2.9375
1.125 2.9375
1.125 2.875

1.21875 2.9375
1.26562 2.9375
1.26562 2.96875
1.21875 2.96875
1.21875 2.9375

1.26562 2.9375
1.3125 2.9375
1.3125 2.96875
1.26562 2.96875
1.26562 2.9375

1.21875 2.96875
1.26562 2.96875
1.26562 3
1.21875 3
1.21875 2.96875

1.26562 2.96875
1.3125 2.96875
1.3125 3
1.26562 3
1.26562 2.96875

1.125 2.5
1.3125 2.5
1.3125 2.625
1.125 2.625
1.125 2.5

1.3125 2.5
1.5 2.5
1.5 2.625
1.3125 2.625
1.3125 2.5

1.125 2.625
1.3125 2.625
1.3125 2.75
1.125 2.75
1.125 2.625

1.3125 2.625
1.5 2.625
1.5 2.75
1.3125 2.75
1.3125 2.625

-0.75 2.5
-0.375 2.5
-0.375 2.75
-0.75 2.75
-0.75 2.5

-0.375 2.5
0 2.5
0 2.75
-0.375 2.75
-0.375 2.5

-0.75 2.75
-0.375 2.75
-0.375 3
-0.75 3
-0.75 2.75

-0.375 2.75
0 2.75
0 3
-0.375 3
-0.375 2.75

1.3125 2.75
1.40625 2.75
1.40625 2.8125
1.3125 2.8125
1.3125 2.75

1.40625 2.75
1.5 2.75
1.5 2.8125
1.40625 2.8125
1.40625 2.75

1.3125 2.8125
1.40625 2.8125
1.40625 2.875
1.3125 2.875
1.3125 2.8125

1.40625 2.8125
1.5 2.8125
1.5 2.875
1.40625 2.875
1.40625 2.8125

0.75 2.75
0.9375 2.75
0.9375 2.875
0.75 2.875
0.75 2.75

0.9375 2.75
1.125 2.75
1.125 2.875
0.9375 2.875
0.9375 2.75

0.75 2.875
0.9375 2.875
0.9375 3
0.75 3
0.75 2.875

0.375 2.75
0.5625 2.75
0.5625 2.875
0.375 2.875
0.375 2.75

0.5625 2.75
0.75 2.75
0.75 2.875
0.5625 2.875
0.5625 2.75

0.375 2.875
0.5625 2.875
0.5625 3
0.375 3
0.375 2.875

0.5625 2.875
0.75 2.875
0.75 3
0.5625 3
0.5625 2.875

0.75 2
1.125 2
1.125 2.25
0.75 2.25
0.75 2

1.125 2
1.5 2
1.5 2.25
1.125 2.25
1.125 2

0.75 2.25
1.125 2.25
1.125 2.5
0.75 2.5
0.75 2.25

1.125 2.25
1.5 2.25
1.5 2.5
1.125 2.5
1.125 2.25

1.875 2.5
2.25 2.5
2.25 2.75
1.875 2.75
1.875 2.5

