0 0.75
0.25 0.75
0.25 1
0 1
0 0.75

0.25 0.5
0.375 0.5
0.375 0.625
0.25 0.625
0.25 0.5

0.375 0.5
0.5 0.5
0.5 0.625
0.375 0.625
0.375 0.5

0.25 0.625
0.375 0.625
0.375 0.75
0.25 0.75
0.25 0.625

0.375 0.625
0.5 0.625
0.5 0.75
0.375 0.75
0.375 0.625

0.25 0.75
0.375 0.75
0.375 0.875
0.25 0.875
0.25 0.75

0.375 0.75
0.5 0.75
0.5 0.875
0.375 0.875
0.375 0.75

0.25 0.875
0.375 0.875
0.375 1
0.25 1
0.25 0.875

0.375 0.875
0.5 0.875
0.5 1
0.375 1
0.375 0.875

0.5 0.5
0.625 0.5
0.625 0.625
0.5 0.625
0.5 0.5

0.5 0.625
0.625 0.625
0.625 0.75
0.5 0.75
0.5 0.625

0.625 0.625
0.75 0.625
0.75 0.75
0.625 0.75
0.625 0.625

0.5 0.75
0.625 0.75
0.625 0.875
0.5 0.875
0.5 0.75

0.625 0.75
0.75 0.75
0.75 0.875
0.625 0.875
0.625 0.75

0.5 0.875
0.625 0.875
0.625 1
0.5 1
0.5 0.875

0.625 0.875
0.75 0.875
0.75 1
0.625 1
0.625 0.875

2.5 0
2.75 0
2.75 0.25
2.5 0.25
2.5 0

2.75 0
3 0
3 0.25
2.75 0.25
2.75 0

2.5 0.25
2.75 0.25
2.75 0.5
2.5 0.5
2.5 0.25

2.75 0.25
3 0.25
3 0.5
2.75 0.5
2.75 0.25

0.875 0.25
0.90625 0.25
0.90625 0.28125
0.875 0.28125
0.875 0.25

0.875 0.28125
0.90625 0.28125
0.90625 0.3125
0.875 0.3125
0.875 0.28125

0.90625 0.28125
0.9375 0.28125
0.9375 0.3125
0.90625 0.3125
0.90625 0.28125

0.375 0.25
0.4375 0.25
0.4375 0.3125
0.375 0.3125
0.375 0.25

0.4375 0.25
0.5 0.25
0.5 0.3125
0.4375 0.3125
0.4375 0.25

0.375 0.3125
0.4375 0.3125
0.4375 0.375
0.375 0.375
0.375 0.3125

0.4375 0.3125
0.5 0.3125
0.5 0.375
0.4375 0.375
0.4375 0.3125

1.0625 0.1875
1.09375 0.1875
1.09375 0.21875
1.0625 0.21875
1.0625 0.1875

1.09375 0.1875
1.125 0.1875
1.125 0.21875
1.09375 0.21875
1.09375 0.1875

1.0625 0.21875
1.09375 0.21875
1.09375 0.25
1.0625 0.25
1.0625 0.21875

1.09375 0.21875
1.125 0.21875
1.125 0.25
1.09375 0.25
1.09375 0.21875

1 0.125
1.03125 0.125
1.03125 0.15625
1 0.15625
1 0.125

1.03125 0.125
1.0625 0.125
1.0625 0.15625
1.03125 0.15625
1.03125 0.125

1.03125 0.15625
1.0625 0.15625
1.0625 0.1875
1.03125 0.1875
1.03125 0.15625

0.8125 0.09375
0.828125 0.09375
0.828125 0.109375
0.8125 0.109375
0.8125 0.09375

0.828125 0.09375
0.84375 0.09375
0.84375 0.109375
0.828125 0.109375
0.828125 0.09375

0.8125 0.109375
0.828125 0.109375
0.828125 0.125
0.8125 0.125
0.8125 0.109375

0.828125 0.109375
0.84375 0.109375
0.84375 0.125
0.828125 0.125
0.828125 0.109375

0.75 0.0625
0.78125 0.0625
0.78125 0.09375
0.75 0.09375
0.75 0.0625

0.75 0.1875
0.78125 0.1875
0.78125 0.21875
0.75 0.21875
0.75 0.1875

0.75 0.21875
0.78125 0.21875
0.78125 0.25
0.75 0.25
0.75 0.21875

0.78125 0.21875
0.8125 0.21875
0.8125 0.25
0.78125 0.25
0.78125 0.21875

0.96875 0.125
0.984375 0.125
0.984375 0.140625
0.96875 0.140625
0.96875 0.125

0.984375 0.125
1 0.125
1 0.140625
0.984375 0.140625
0.984375 0.125

0.96875 0.140625
0.984375 0.140625
0.984375 0.15625
0.96875 0.15625
0.96875 0.140625

0.984375 0.140625
1 0.140625
1 0.15625
0.984375 0.15625
0.984375 0.140625

1.0625 0.3125
1.09375 0.3125
1.09375 0.34375
1.0625 0.34375
1.0625 0.3125

1.09375 0.3125
1.125 0.3125
1.125 0.34375
1.09375 0.34375
1.09375 0.3125

1.0625 0.34375
1.09375 0.34375
1.09375 0.375
1.0625 0.375
1.0625 0.34375

1.09375 0.34375
1.125 0.34375
1.125 0.375
1.09375 0.375
1.09375 0.34375

0.90625 0.1875
0.921875 0.1875
0.921875 0.203125
0.90625 0.203125
0.90625 0.1875

0.921875 0.1875
0.9375 0.1875
0.9375 0.203125
0.921875 0.203125
0.921875 0.1875

0.90625 0.203125
0.921875 0.203125
0.921875 0.21875
0.90625 0.21875
0.90625 0.203125

0.921875 0.203125
0.9375 0.203125
0.9375 0.21875
0.921875 0.21875
0.921875 0.203125

1.125 0
1.1875 0
1.1875 0.0625
1.125 0.0625
1.125 0

1.1875 0
1.25 0
1.25 0.0625
1.1875 0.0625
1.1875 0

1.125 0.0625
1.1875 0.0625
1.1875 0.125
1.125 0.125
1.125 0.0625

1.1875 0.0625
1.25 0.0625
1.25 0.125
1.1875 0.125
1.1875 0.0625

0.84375 0.0625
0.859375 0.0625
0.859375 0.078125
0.84375 0.078125
0.84375 0.0625

0.859375 0.0625
0.875 0.0625
0.875 0.078125
0.859375 0.078125
0.859375 0.0625

0.84375 0.078125
0.859375 0.078125
0.859375 0.09375
0.84375 0.09375
0.84375 0.078125

0.859375 0.078125
0.875 0.078125
0.875 0.09375
0.859375 0.09375
0.859375 0.078125

0.78125 0.125
0.796875 0.125
0.796875 0.140625
0.78125 0.140625
0.78125 0.125

0.796875 0.125
0.8125 0.125
0.8125 0.140625
0.796875 0.140625
0.796875 0.125

0.78125 0.140625
0.796875 0.140625
0.796875 0.15625
0.78125 0.15625
0.78125 0.140625

0.71875 0.125
0.734375 0.125
0.734375 0.140625
0.71875 0.140625
0.71875 0.125

0.734375 0.125
0.75 0.125
0.75 0.140625
0.734375 0.140625
0.734375 0.125

0.71875 0.140625
0.734375 0.140625
0.734375 0.15625
0.71875 0.15625
0.71875 0.140625

0.734375 0.140625
0.75 0.140625
0.75 0.15625
0.734375 0.15625
0.734375 0.140625

0.96875 0.15625
0.984375 0.15625
0.984375 0.171875
0.96875 0.171875
0.96875 0.15625

0.984375 0.15625
1 0.15625
1 0.171875
0.984375 0.171875
0.984375 0.15625

0.96875 0.171875
0.984375 0.171875
0.984375 0.1875
0.96875 0.1875
0.96875 0.171875

0.984375 0.171875
1 0.171875
1 0.1875
0.984375 0.1875
0.984375 0.171875

0.9375 0.15625
0.953125 0.15625
0.953125 0.171875
0.9375 0.171875
0.9375 0.15625

0.953125 0.15625
0.96875 0.15625
0.96875 0.171875
0.953125 0.171875
0.953125 0.15625

0.9375 0.171875
0.953125 0.171875
0.953125 0.1875
0.9375 0.1875
0.9375 0.171875

0.953125 0.171875
0.96875 0.171875
0.96875 0.1875
0.953125 0.1875
0.953125 0.171875

0.9375 0.125
0.953125 0.125
0.953125 0.140625
0.9375 0.140625
0.9375 0.125

0.953125 0.125
0.96875 0.125
0.96875 0.140625
0.953125 0.140625
0.953125 0.125

0.9375 0.140625
0.953125 0.140625
0.953125 0.15625
0.9375 0.15625
0.9375 0.140625

0.953125 0.140625
0.96875 0.140625
0.96875 0.15625
0.953125 0.15625
0.953125 0.140625

0.96875 0.25
0.984375 0.25
0.984375 0.265625
0.96875 0.265625
0.96875 0.25

0.984375 0.25
1 0.25
1 0.265625
0.984375 0.265625
0.984375 0.25

0.96875 0.265625
0.984375 0.265625
0.984375 0.28125
0.96875 0.28125
0.96875 0.265625

0.984375 0.265625
1 0.265625
1 0.28125
0.984375 0.28125
0.984375 0.265625

0.875 0.15625
0.890625 0.15625
0.890625 0.171875
0.875 0.171875
0.875 0.15625

0.890625 0.15625
0.90625 0.15625
0.90625 0.171875
0.890625 0.171875
0.890625 0.15625

0.875 0.171875
0.890625 0.171875
0.890625 0.1875
0.875 0.1875
0.875 0.171875

0.890625 0.171875
0.90625 0.171875
0.90625 0.1875
0.890625 0.1875
0.890625 0.171875

0.875 0.21875
0.890625 0.21875
0.890625 0.234375
0.875 0.234375
0.875 0.21875

0.890625 0.21875
0.90625 0.21875
0.90625 0.234375
0.890625 0.234375
0.890625 0.21875

0.875 0.234375
0.890625 0.234375
0.890625 0.25
0.875 0.25
0.875 0.234375

0.890625 0.234375
0.90625 0.234375
0.90625 0.25
0.890625 0.25
0.890625 0.234375

0.9375 0.21875
0.953125 0.21875
0.953125 0.234375
0.9375 0.234375
0.9375 0.21875

0.9375 0.234375
0.953125 0.234375
0.953125 0.25
0.9375 0.25
0.9375 0.234375

0.953125 0.234375
0.96875 0.234375
0.96875 0.25
0.953125 0.25
0.953125 0.234375

0.875 0.09375
0.890625 0.09375
0.890625 0.109375
0.875 0.109375
0.875 0.09375

0.890625 0.09375
0.90625 0.09375
0.90625 0.109375
0.890625 0.109375
0.890625 0.09375

0.875 0.109375
0.890625 0.109375
0.890625 0.125
0.875 0.125
0.875 0.109375

0.890625 0.109375
0.90625 0.109375
0.90625 0.125
0.890625 0.125
0.890625 0.109375

0.84375 0.09375
0.859375 0.09375
0.859375 0.109375
0.84375 0.109375
0.84375 0.09375

0.859375 0.09375
0.875 0.09375
0.875 0.109375
0.859375 0.109375
0.859375 0.09375

0.84375 0.109375
0.859375 0.109375
0.859375 0.125
0.84375 0.125
0.84375 0.109375

0.859375 0.109375
0.875 0.109375
0.875 0.125
0.859375 0.125
0.859375 0.109375

1 0.21875
1.01562 0.21875
1.01562 0.234375
1 0.234375
1 0.21875

1.01562 0.21875
1.03125 0.21875
1.03125 0.234375
1.01562 0.234375
1.01562 0.21875

1 0.234375
1.01562 0.234375
1.01562 0.25
1 0.25
1 0.234375

1.01562 0.234375
1.03125 0.234375
1.03125 0.25
1.01562 0.25
1.01562 0.234375

1.5 1.5
1.75 1.5
1.75 1.75
1.5 1.75
1.5 1.5

1.75 1.5
2 1.5
2 1.75
1.75 1.75
1.75 1.5

1.5 1.75
1.75 1.75
1.75 2
1.5 2
1.5 1.75

1.75 1.75
2 1.75
2 2
1.75 2
1.75 1.75

-1 0
-0.75 0
-0.75 0.25
-1 0.25
-1 0

-0.75 0
-0.5 0
-0.5 0.25
-0.75 0.25
-0.75 0

-1 0.25
-0.75 0.25
-0.75 0.5
-1 0.5
-1 0.25

-0.75 0.25
-0.5 0.25
-0.5 0.5
-0.75 0.5
-0.75 0.25

0.828125 0.171875
0.835938 0.171875
0.835938 0.179688
0.828125 0.179688
0.828125 0.171875

0.835938 0.171875
0.84375 0.171875
0.84375 0.179688
0.835938 0.179688
0.835938 0.171875

0.828125 0.179688
0.835938 0.179688
0.835938 0.1875
0.828125 0.1875
0.828125 0.179688

0.835938 0.179688
0.84375 0.179688
0.84375 0.1875
0.835938 0.1875
0.835938 0.179688

0.5 1.5
0.75 1.5
0.75 1.75
0.5 1.75
0.5 1.5

0.75 1.5
1 1.5
1 1.75
0.75 1.75
0.75 1.5

0.5 1.75
0.75 1.75
0.75 2
0.5 2
0.5 1.75

0.75 1.75
1 1.75
1 2
0.75 2
0.75 1.75

0 1.5
0.25 1.5
0.25 1.75
0 1.75
0 1.5

0.25 1.5
0.5 1.5
0.5 1.75
0.25 1.75
0.25 1.5

0 1.75
0.25 1.75
0.25 2
0 2
0 1.75

0.25 1.75
0.5 1.75
0.5 2
0.25 2
0.25 1.75

0.75 0.125
0.765625 0.125
0.765625 0.140625
0.75 0.140625
0.75 0.125

0.765625 0.125
0.78125 0.125
0.78125 0.140625
0.765625 0.140625
0.765625 0.125

0.75 0.140625
0.765625 0.140625
0.765625 0.15625
0.75 0.15625
0.75 0.140625

0.765625 0.140625
0.78125 0.140625
0.78125 0.15625
0.765625 0.15625
0.765625 0.140625

0.5 -0.75
0.625 -0.75
0.625 -0.625
0.5 -0.625
0.5 -0.75

0.625 -0.75
0.75 -0.75
0.75 -0.625
0.625 -0.625
0.625 -0.75

0.5 -0.625
0.625 -0.625
0.625 -0.5
0.5 -0.5
0.5 -0.625

0.625 -0.625
0.75 -0.625
0.75 -0.5
0.625 -0.5
0.625 -0.625

1.25 0.75
1.375 0.75
1.375 0.875
1.25 0.875
1.25 0.75

1.375 0.75
1.5 0.75
1.5 0.875
1.375 0.875
1.375 0.75

1.25 0.875
1.375 0.875
1.375 1
1.25 1
1.25 0.875

1.375 0.875
1.5 0.875
1.5 1
1.375 1
1.375 0.875

0.8125 0.21875
0.828125 0.21875
0.828125 0.234375
0.8125 0.234375
0.8125 0.21875

0.828125 0.21875
0.84375 0.21875
0.84375 0.234375
0.828125 0.234375
0.828125 0.21875

0.8125 0.234375
0.828125 0.234375
0.828125 0.25
0.8125 0.25
0.8125 0.234375

0.828125 0.234375
0.84375 0.234375
0.84375 0.25
0.828125 0.25
0.828125 0.234375

1.25 0.5
1.375 0.5
1.375 0.625
1.25 0.625
1.25 0.5

1.375 0.5
1.5 0.5
1.5 0.625
1.375 0.625
1.375 0.5

1.25 0.625
1.375 0.625
1.375 0.75
1.25 0.75
1.25 0.625

1.375 0.625
1.5 0.625
1.5 0.75
1.375 0.75
1.375 0.625

2 0
2.25 0
2.25 0.25
2 0.25
2 0

2.25 0
2.5 0
2.5 0.25
2.25 0.25
2.25 0

2 0.25
2.25 0.25
2.25 0.5
2 0.5
2 0.25

2.25 0.25
2.5 0.25
2.5 0.5
2.25 0.5
2.25 0.25

0.90625 0.25
0.921875 0.25
0.921875 0.265625
0.90625 0.265625
0.90625 0.25

0.921875 0.25
0.9375 0.25
0.9375 0.265625
0.921875 0.265625
0.921875 0.25

0.90625 0.265625
0.921875 0.265625
0.921875 0.28125
0.90625 0.28125
0.90625 0.265625

0.921875 0.265625
0.9375 0.265625
0.9375 0.28125
0.921875 0.28125
0.921875 0.265625

1.03125 0.21875
1.04688 0.21875
1.04688 0.234375
1.03125 0.234375
1.03125 0.21875

1.04688 0.21875
1.0625 0.21875
1.0625 0.234375
1.04688 0.234375
1.04688 0.21875

1.03125 0.234375
1.04688 0.234375
1.04688 0.25
1.03125 0.25
1.03125 0.234375

1.04688 0.234375
1.0625 0.234375
1.0625 0.25
1.04688 0.25
1.04688 0.234375

0.8125 0.0625
0.828125 0.0625
0.828125 0.078125
0.8125 0.078125
0.8125 0.0625

0.828125 0.0625
0.84375 0.0625
0.84375 0.078125
0.828125 0.078125
0.828125 0.0625

0.8125 0.078125
0.828125 0.078125
0.828125 0.09375
0.8125 0.09375
0.8125 0.078125

0.828125 0.078125
0.84375 0.078125
0.84375 0.09375
0.828125 0.09375
0.828125 0.078125

0.8125 0.140625
0.820312 0.140625
0.820312 0.148438
0.8125 0.148438
0.8125 0.140625

0.820312 0.140625
0.828125 0.140625
0.828125 0.148438
0.820312 0.148438
0.820312 0.140625

0.8125 0.148438
0.820312 0.148438
0.820312 0.15625
0.8125 0.15625
0.8125 0.148438

0.820312 0.148438
0.828125 0.148438
0.828125 0.15625
0.820312 0.15625
0.820312 0.148438

1.125 0.25
1.15625 0.25
1.15625 0.28125
1.125 0.28125
1.125 0.25

1.15625 0.25
1.1875 0.25
1.1875 0.28125
1.15625 0.28125
1.15625 0.25

1.125 0.28125
1.15625 0.28125
1.15625 0.3125
1.125 0.3125
1.125 0.28125

1.15625 0.28125
1.1875 0.28125
1.1875 0.3125
1.15625 0.3125
1.15625 0.28125

0.8125 0.15625
0.820312 0.15625
0.820312 0.164062
0.8125 0.164062
0.8125 0.15625

0.820312 0.15625
0.828125 0.15625
0.828125 0.164062
0.820312 0.164062
0.820312 0.15625

0.8125 0.164062
0.820312 0.164062
0.820312 0.171875
0.8125 0.171875
0.8125 0.164062

0.820312 0.164062
0.828125 0.164062
0.828125 0.171875
0.820312 0.171875
0.820312 0.164062

0.9375 0.203125
0.945312 0.203125
0.945312 0.210938
0.9375 0.210938
0.9375 0.203125

0.945312 0.203125
0.953125 0.203125
0.953125 0.210938
0.945312 0.210938
0.945312 0.203125

0.9375 0.210938
0.945312 0.210938
0.945312 0.21875
0.9375 0.21875
0.9375 0.210938

0.945312 0.210938
0.953125 0.210938
0.953125 0.21875
0.945312 0.21875
0.945312 0.210938

0.828125 0.15625
0.835938 0.15625
0.835938 0.164062
0.828125 0.164062
0.828125 0.15625

0.835938 0.15625
0.84375 0.15625
0.84375 0.164062
0.835938 0.164062
0.835938 0.15625

0.828125 0.164062
0.835938 0.164062
0.835938 0.171875
0.828125 0.171875
0.828125 0.164062

0.835938 0.164062
0.84375 0.164062
0.84375 0.171875
0.835938 0.171875
0.835938 0.164062

0.953125 0.1875
0.960938 0.1875
0.960938 0.195312
0.953125 0.195312
0.953125 0.1875

0.960938 0.1875
0.96875 0.1875
0.96875 0.195312
0.960938 0.195312
0.960938 0.1875

0.953125 0.195312
0.960938 0.195312
0.960938 0.203125
0.953125 0.203125
0.953125 0.195312

0.960938 0.195312
0.96875 0.195312
0.96875 0.203125
0.960938 0.203125
0.960938 0.195312

0.828125 0.125
0.835938 0.125
0.835938 0.132812
0.828125 0.132812
0.828125 0.125

0.835938 0.125
0.84375 0.125
0.84375 0.132812
0.835938 0.132812
0.835938 0.125

0.828125 0.132812
0.835938 0.132812
0.835938 0.140625
0.828125 0.140625
0.828125 0.132812

0.835938 0.132812
0.84375 0.132812
0.84375 0.140625
0.835938 0.140625
0.835938 0.132812

0.8125 0.125
0.820312 0.125
0.820312 0.132812
0.8125 0.132812
0.8125 0.125

0.820312 0.125
0.828125 0.125
0.828125 0.132812
0.820312 0.132812
0.820312 0.125

0.8125 0.132812
0.820312 0.132812
0.820312 0.140625
0.8125 0.140625
0.8125 0.132812

0.820312 0.132812
0.828125 0.132812
0.828125 0.140625
0.820312 0.140625
0.820312 0.132812

0.953125 0.203125
0.960938 0.203125
0.960938 0.210938
0.953125 0.210938
0.953125 0.203125

0.960938 0.203125
0.96875 0.203125
0.96875 0.210938
0.960938 0.210938
0.960938 0.203125

0.953125 0.210938
0.960938 0.210938
0.960938 0.21875
0.953125 0.21875
0.953125 0.210938

0.960938 0.210938
0.96875 0.210938
0.96875 0.21875
0.960938 0.21875
0.960938 0.210938

0.96875 0.234375
0.976562 0.234375
0.976562 0.242188
0.96875 0.242188
0.96875 0.234375

0.976562 0.234375
0.984375 0.234375
0.984375 0.242188
0.976562 0.242188
0.976562 0.234375

0.96875 0.242188
0.976562 0.242188
0.976562 0.25
0.96875 0.25
0.96875 0.242188

0.976562 0.242188
0.984375 0.242188
0.984375 0.25
0.976562 0.25
0.976562 0.242188

0.828125 0.140625
0.835938 0.140625
0.835938 0.148438
0.828125 0.148438
0.828125 0.140625

0.835938 0.140625
0.84375 0.140625
0.84375 0.148438
0.835938 0.148438
0.835938 0.140625

0.828125 0.148438
0.835938 0.148438
0.835938 0.15625
0.828125 0.15625
0.828125 0.148438

0.835938 0.148438
0.84375 0.148438
0.84375 0.15625
0.835938 0.15625
0.835938 0.148438

0.84375 0.15625
0.851562 0.15625
0.851562 0.164062
0.84375 0.164062
0.84375 0.15625

0.851562 0.15625
0.859375 0.15625
0.859375 0.164062
0.851562 0.164062
0.851562 0.15625

0.84375 0.164062
0.851562 0.164062
0.851562 0.171875
0.84375 0.171875
0.84375 0.164062

0.851562 0.164062
0.859375 0.164062
0.859375 0.171875
0.851562 0.171875
0.851562 0.164062

0.96875 0.21875
0.976562 0.21875
0.976562 0.226562
0.96875 0.226562
0.96875 0.21875

0.976562 0.21875
0.984375 0.21875
0.984375 0.226562
0.976562 0.226562
0.976562 0.21875

0.96875 0.226562
0.976562 0.226562
0.976562 0.234375
0.96875 0.234375
0.96875 0.226562

0.976562 0.226562
0.984375 0.226562
0.984375 0.234375
0.976562 0.234375
0.976562 0.226562

0.984375 0.21875
0.992188 0.21875
0.992188 0.226562
0.984375 0.226562
0.984375 0.21875

0.992188 0.21875
1 0.21875
1 0.226562
0.992188 0.226562
0.992188 0.21875

0.984375 0.226562
0.992188 0.226562
0.992188 0.234375
0.984375 0.234375
0.984375 0.226562

0.992188 0.226562
1 0.226562
1 0.234375
0.992188 0.234375
0.992188 0.226562

0.84375 0.140625
0.851562 0.140625
0.851562 0.148438
0.84375 0.148438
0.84375 0.140625

0.851562 0.140625
0.859375 0.140625
0.859375 0.148438
0.851562 0.148438
0.851562 0.140625

0.84375 0.148438
0.851562 0.148438
0.851562 0.15625
0.84375 0.15625
0.84375 0.148438

0.851562 0.148438
0.859375 0.148438
0.859375 0.15625
0.851562 0.15625
0.851562 0.148438

0.96875 0.203125
0.976562 0.203125
0.976562 0.210938
0.96875 0.210938
0.96875 0.203125

0.976562 0.203125
0.984375 0.203125
0.984375 0.210938
0.976562 0.210938
0.976562 0.203125

0.96875 0.210938
0.976562 0.210938
0.976562 0.21875
0.96875 0.21875
0.96875 0.210938

0.976562 0.210938
0.984375 0.210938
0.984375 0.21875
0.976562 0.21875
0.976562 0.210938

0.984375 0.203125
0.992188 0.203125
0.992188 0.210938
0.984375 0.210938
0.984375 0.203125

0.992188 0.203125
1 0.203125
1 0.210938
0.992188 0.210938
0.992188 0.203125

0.984375 0.210938
0.992188 0.210938
0.992188 0.21875
0.984375 0.21875
0.984375 0.210938

0.992188 0.210938
1 0.210938
1 0.21875
0.992188 0.21875
0.992188 0.210938

1.03125 0.1875
1.04688 0.1875
1.04688 0.203125
1.03125 0.203125
1.03125 0.1875

1.04688 0.1875
1.0625 0.1875
1.0625 0.203125
1.04688 0.203125
1.04688 0.1875

1.03125 0.203125
1.04688 0.203125
1.04688 0.21875
1.03125 0.21875
1.03125 0.203125

1.04688 0.203125
1.0625 0.203125
1.0625 0.21875
1.04688 0.21875
1.04688 0.203125

0.5 -0.25
0.625 -0.25
0.625 -0.125
0.5 -0.125
0.5 -0.25

0.96875 0.1875
0.976562 0.1875
0.976562 0.195312
0.96875 0.195312
0.96875 0.1875

0.976562 0.1875
0.984375 0.1875
0.984375 0.195312
0.976562 0.195312
0.976562 0.1875

0.96875 0.195312
0.976562 0.195312
0.976562 0.203125
0.96875 0.203125
0.96875 0.195312

0.976562 0.195312
0.984375 0.195312
0.984375 0.203125
0.976562 0.203125
0.976562 0.195312

-1 1
-0.5 1
-0.5 1.5
-1 1.5
-1 1

-1 1.5
-0.5 1.5
-0.5 2
-1 2
-1 1.5

-0.5 1.5
0 1.5
0 2
-0.5 2
-0.5 1.5

1.375 0.125
1.4375 0.125
1.4375 0.1875
1.375 0.1875
1.375 0.125

1.4375 0.125
1.5 0.125
1.5 0.1875
1.4375 0.1875
1.4375 0.125

1.375 0.1875
1.4375 0.1875
1.4375 0.25
1.375 0.25
1.375 0.1875

1.4375 0.1875
1.5 0.1875
1.5 0.25
1.4375 0.25
1.4375 0.1875

1.25 0
1.3125 0
1.3125 0.0625
1.25 0.0625
1.25 0

1.3125 0
1.375 0
1.375 0.0625
1.3125 0.0625
1.3125 0

1.25 0.0625
1.3125 0.0625
1.3125 0.125
1.25 0.125
1.25 0.0625

1.3125 0.0625
1.375 0.0625
1.375 0.125
1.3125 0.125
1.3125 0.0625

0.25 -0.25
0.375 -0.25
0.375 -0.125
0.25 -0.125
0.25 -0.25

0.375 -0.25
0.5 -0.25
0.5 -0.125
0.375 -0.125
0.375 -0.25

0.25 -0.125
0.375 -0.125
0.375 0
0.25 0
0.25 -0.125

0.375 -0.125
0.5 -0.125
0.5 0
0.375 0
0.375 -0.125

0.796875 0.140625
0.804688 0.140625
0.804688 0.148438
0.796875 0.148438
0.796875 0.140625

0.804688 0.140625
0.8125 0.140625
0.8125 0.148438
0.804688 0.148438
0.804688 0.140625

0.796875 0.148438
0.804688 0.148438
0.804688 0.15625
0.796875 0.15625
0.796875 0.148438

0.804688 0.148438
0.8125 0.148438
0.8125 0.15625
0.804688 0.15625
0.804688 0.148438

0.75 -1
0.875 -1
0.875 -0.875
0.75 -0.875
0.75 -1

0.875 -1
1 -1
1 -0.875
0.875 -0.875
0.875 -1

0.75 -0.875
0.875 -0.875
0.875 -0.75
0.75 -0.75
0.75 -0.875

0.875 -0.875
1 -0.875
1 -0.75
0.875 -0.75
0.875 -0.875

0.953125 0.21875
0.960938 0.21875
0.960938 0.226562
0.953125 0.226562
0.953125 0.21875

0.960938 0.21875
0.96875 0.21875
0.96875 0.226562
0.960938 0.226562
0.960938 0.21875

0.953125 0.226562
0.960938 0.226562
0.960938 0.234375
0.953125 0.234375
0.953125 0.226562

0.960938 0.226562
0.96875 0.226562
0.96875 0.234375
0.960938 0.234375
0.960938 0.226562

-0.25 0.25
-0.125 0.25
-0.125 0.375
-0.25 0.375
-0.25 0.25

-0.125 0.25
0 0.25
0 0.375
-0.125 0.375
-0.125 0.25

-0.25 0.375
-0.125 0.375
-0.125 0.5
-0.25 0.5
-0.25 0.375

-0.125 0.375
0 0.375
0 0.5
-0.125 0.5
-0.125 0.375

0.9375 0.28125
0.953125 0.28125
0.953125 0.296875
0.9375 0.296875
0.9375 0.28125

0.953125 0.28125
0.96875 0.28125
0.96875 0.296875
0.953125 0.296875
0.953125 0.28125

0.9375 0.296875
0.953125 0.296875
0.953125 0.3125
0.9375 0.3125
0.9375 0.296875

0.953125 0.296875
0.96875 0.296875
0.96875 0.3125
0.953125 0.3125
0.953125 0.296875

0 -1
0.25 -1
0.25 -0.75
0 -0.75
0 -1

0.25 -1
0.5 -1
0.5 -0.75
0.25 -0.75
0.25 -1

0 -0.75
0.25 -0.75
0.25 -0.5
0 -0.5
0 -0.75

0.25 -0.75
0.5 -0.75
0.5 -0.5
0.25 -0.5
0.25 -0.75

0.6875 0.25
0.71875 0.25
0.71875 0.28125
0.6875 0.28125
0.6875 0.25

0.71875 0.25
0.75 0.25
0.75 0.28125
0.71875 0.28125
0.71875 0.25

0.6875 0.28125
0.71875 0.28125
0.71875 0.3125
0.6875 0.3125
0.6875 0.28125

0.71875 0.28125
0.75 0.28125
0.75 0.3125
0.71875 0.3125
0.71875 0.28125

1.125 -0.125
1.1875 -0.125
1.1875 -0.0625
1.125 -0.0625
1.125 -0.125

1.1875 -0.125
1.25 -0.125
1.25 -0.0625
1.1875 -0.0625
1.1875 -0.125

1.125 -0.0625
1.1875 -0.0625
1.1875 0
1.125 0
1.125 -0.0625

1.1875 -0.0625
1.25 -0.0625
1.25 0
1.1875 0
1.1875 -0.0625

1 -0.125
1.0625 -0.125
1.0625 -0.0625
1 -0.0625
1 -0.125

1.0625 -0.125
1.125 -0.125
1.125 -0.0625
1.0625 -0.0625
1.0625 -0.125

1 -0.0625
1.0625 -0.0625
1.0625 0
1 0
1 -0.0625

1.0625 -0.0625
1.125 -0.0625
1.125 0
1.0625 0
1.0625 -0.0625

0.6875 0.0625
0.71875 0.0625
0.71875 0.09375
0.6875 0.09375
0.6875 0.0625

0.71875 0.0625
0.75 0.0625
0.75 0.09375
0.71875 0.09375
0.71875 0.0625

0.6875 0.09375
0.71875 0.09375
0.71875 0.125
0.6875 0.125
0.6875 0.09375

0.71875 0.09375
0.75 0.09375
0.75 0.125
0.71875 0.125
0.71875 0.09375

0.84375 0.21875
0.859375 0.21875
0.859375 0.234375
0.84375 0.234375
0.84375 0.21875

0.859375 0.21875
0.875 0.21875
0.875 0.234375
0.859375 0.234375
0.859375 0.21875

0.84375 0.234375
0.859375 0.234375
0.859375 0.25
0.84375 0.25
0.84375 0.234375

0.859375 0.234375
0.875 0.234375
0.875 0.25
0.859375 0.25
0.859375 0.234375

0.75 -0.375
0.8125 -0.375
0.8125 -0.3125
0.75 -0.3125
0.75 -0.375

0.8125 -0.375
0.875 -0.375
0.875 -0.3125
0.8125 -0.3125
0.8125 -0.375

0.75 -0.3125
0.8125 -0.3125
0.8125 -0.25
0.75 -0.25
0.75 -0.3125

0.8125 -0.3125
0.875 -0.3125
0.875 -0.25
0.8125 -0.25
0.8125 -0.3125

0.90625 0.125
0.921875 0.125
0.921875 0.140625
0.90625 0.140625
0.90625 0.125

0.921875 0.125
0.9375 0.125
0.9375 0.140625
0.921875 0.140625
0.921875 0.125

0.90625 0.140625
0.921875 0.140625
0.921875 0.15625
0.90625 0.15625
0.90625 0.140625

0.921875 0.140625
0.9375 0.140625
0.9375 0.15625
0.921875 0.15625
0.921875 0.140625

0.625 0.1875
0.65625 0.1875
0.65625 0.21875
0.625 0.21875
0.625 0.1875

0.65625 0.1875
0.6875 0.1875
0.6875 0.21875
0.65625 0.21875
0.65625 0.1875

0.625 0.21875
0.65625 0.21875
0.65625 0.25
0.625 0.25
0.625 0.21875

0.65625 0.21875
0.6875 0.21875
0.6875 0.25
0.65625 0.25
0.65625 0.21875

2 0.5
2.25 0.5
2.25 0.75
2 0.75
2 0.5

2.25 0.5
2.5 0.5
2.5 0.75
2.25 0.75
2.25 0.5

2 0.75
2.25 0.75
2.25 1
2 1
2 0.75

2.25 0.75
2.5 0.75
2.5 1
2.25 1
2.25 0.75

1 -0.25
1.0625 -0.25
1.0625 -0.1875
1 -0.1875
1 -0.25

1.0625 -0.25
1.125 -0.25
1.125 -0.1875
1.0625 -0.1875
1.0625 -0.25

1 -0.1875
1.0625 -0.1875
1.0625 -0.125
1 -0.125
1 -0.1875

1.0625 -0.1875
1.125 -0.1875
1.125 -0.125
1.0625 -0.125
1.0625 -0.1875

1 -0.5
1.125 -0.5
1.125 -0.375
1 -0.375
1 -0.5

1.125 -0.5
1.25 -0.5
1.25 -0.375
1.125 -0.375
1.125 -0.5

1 -0.375
1.125 -0.375
1.125 -0.25
1 -0.25
1 -0.375

1.125 -0.375
1.25 -0.375
1.25 -0.25
1.125 -0.25
1.125 -0.375

0.875 -0.25
0.9375 -0.25
0.9375 -0.1875
0.875 -0.1875
0.875 -0.25

0.9375 -0.25
1 -0.25
1 -0.1875
0.9375 -0.1875
0.9375 -0.25

0.875 -0.1875
0.9375 -0.1875
0.9375 -0.125
0.875 -0.125
0.875 -0.1875

0.9375 -0.1875
1 -0.1875
1 -0.125
0.9375 -0.125
0.9375 -0.1875

0.5 0
0.5625 0
0.5625 0.0625
0.5 0.0625
0.5 0

0.5625 0
0.625 0
0.625 0.0625
0.5625 0.0625
0.5625 0

0.5 0.0625
0.5625 0.0625
0.5625 0.125
0.5 0.125
0.5 0.0625

0.5625 0.0625
0.625 0.0625
0.625 0.125
0.5625 0.125
0.5625 0.0625

1.5 -1
1.75 -1
1.75 -0.75
1.5 -0.75
1.5 -1

1.75 -1
2 -1
2 -0.75
1.75 -0.75
1.75 -1

1.5 -0.75
1.75 -0.75
1.75 -0.5
1.5 -0.5
1.5 -0.75

1.75 -0.75
2 -0.75
2 -0.5
1.75 -0.5
1.75 -0.75

0.8125 0.3125
0.84375 0.3125
0.84375 0.34375
0.8125 0.34375
0.8125 0.3125

0.84375 0.3125
0.875 0.3125
0.875 0.34375
0.84375 0.34375
0.84375 0.3125

0.8125 0.34375
0.84375 0.34375
0.84375 0.375
0.8125 0.375
0.8125 0.34375

0.84375 0.34375
0.875 0.34375
0.875 0.375
0.84375 0.375
0.84375 0.34375

1.0625 0.375
1.125 0.375
1.125 0.4375
1.0625 0.4375
1.0625 0.375

1 0.4375
1.0625 0.4375
1.0625 0.5
1 0.5
1 0.4375

1.0625 0.4375
1.125 0.4375
1.125 0.5
1.0625 0.5
1.0625 0.4375

1.0625 0.125
1.09375 0.125
1.09375 0.15625
1.0625 0.15625
1.0625 0.125

1.09375 0.125
1.125 0.125
1.125 0.15625
1.09375 0.15625
1.09375 0.125

1.0625 0.15625
1.09375 0.15625
1.09375 0.1875
1.0625 0.1875
1.0625 0.15625

1.09375 0.15625
1.125 0.15625
1.125 0.1875
1.09375 0.1875
1.09375 0.15625

1 0.15625
1.01562 0.15625
1.01562 0.171875
1 0.171875
1 0.15625

1.01562 0.15625
1.03125 0.15625
1.03125 0.171875
1.01562 0.171875
1.01562 0.15625

1 0.171875
1.01562 0.171875
1.01562 0.1875
1 0.1875
1 0.171875

1.01562 0.171875
1.03125 0.171875
1.03125 0.1875
1.01562 0.1875
1.01562 0.171875

-1 2
-0.5 2
-0.5 2.5
-1 2.5
-1 2

-0.5 2
0 2
0 2.5
-0.5 2.5
-0.5 2

-1 2.5
-0.5 2.5
-0.5 3
-1 3
-1 2.5

-0.5 2.5
0 2.5
0 3
-0.5 3
-0.5 2.5

1 0.5
1.0625 0.5
1.0625 0.5625
1 0.5625
1 0.5

1.0625 0.5
1.125 0.5
1.125 0.5625
1.0625 0.5625
1.0625 0.5

1 0.5625
1.0625 0.5625
1.0625 0.625
1 0.625
1 0.5625

1.0625 0.5625
1.125 0.5625
1.125 0.625
1.0625 0.625
1.0625 0.5625

1.25 0.375
1.3125 0.375
1.3125 0.4375
1.25 0.4375
1.25 0.375

1.3125 0.375
1.375 0.375
1.375 0.4375
1.3125 0.4375
1.3125 0.375

1.25 0.4375
1.3125 0.4375
1.3125 0.5
1.25 0.5
1.25 0.4375

1.3125 0.4375
1.375 0.4375
1.375 0.5
1.3125 0.5
1.3125 0.4375

2.5 -0.5
2.75 -0.5
2.75 -0.25
2.5 -0.25
2.5 -0.5

2.75 -0.5
3 -0.5
3 -0.25
2.75 -0.25
2.75 -0.5

2.5 -0.25
2.75 -0.25
2.75 0
2.5 0
2.5 -0.25

2.75 -0.25
3 -0.25
3 0
2.75 0
2.75 -0.25

0.375 0.125
0.4375 0.125
0.4375 0.1875
0.375 0.1875
0.375 0.125

0.4375 0.125
0.5 0.125
0.5 0.1875
0.4375 0.1875
0.4375 0.125

0.375 0.1875
0.4375 0.1875
0.4375 0.25
0.375 0.25
0.375 0.1875

0.4375 0.1875
0.5 0.1875
0.5 0.25
0.4375 0.25
0.4375 0.1875

1 0.25
1.01562 0.25
1.01562 0.265625
1 0.265625
1 0.25

1.01562 0.25
1.03125 0.25
1.03125 0.265625
1.01562 0.265625
1.01562 0.25

1 0.265625
1.01562 0.265625
1.01562 0.28125
1 0.28125
1 0.265625

1.01562 0.265625
1.03125 0.265625
1.03125 0.28125
1.01562 0.28125
1.01562 0.265625

0.984375 0.1875
1 0.1875
1 0.203125
0.984375 0.203125
0.984375 0.1875

0.84375 0.125
0.859375 0.125
0.859375 0.140625
0.84375 0.140625
0.84375 0.125

0.859375 0.125
0.875 0.125
0.875 0.140625
0.859375 0.140625
0.859375 0.125

0.859375 0.140625
0.875 0.140625
0.875 0.15625
0.859375 0.15625
0.859375 0.140625

0.5 -1
0.75 -1
0.75 -0.75
0.5 -0.75
0.5 -1

1.125 0.125
1.15625 0.125
1.15625 0.15625
1.125 0.15625
1.125 0.125

1.15625 0.125
1.1875 0.125
1.1875 0.15625
1.15625 0.15625
1.15625 0.125

1.125 0.15625
1.15625 0.15625
1.15625 0.1875
1.125 0.1875
1.125 0.15625

1.15625 0.15625
1.1875 0.15625
1.1875 0.1875
1.15625 0.1875
1.15625 0.15625

1 0.1875
1.01562 0.1875
1.01562 0.203125
1 0.203125
1 0.1875

1.01562 0.1875
1.03125 0.1875
1.03125 0.203125
1.01562 0.203125
1.01562 0.1875

1 0.203125
1.01562 0.203125
1.01562 0.21875
1 0.21875
1 0.203125

1.01562 0.203125
1.03125 0.203125
1.03125 0.21875
1.01562 0.21875
1.01562 0.203125

0.8125 -0.0625
0.84375 -0.0625
0.84375 -0.03125
0.8125 -0.03125
0.8125 -0.0625

0.84375 -0.0625
0.875 -0.0625
0.875 -0.03125
0.84375 -0.03125
0.84375 -0.0625

0.8125 -0.03125
0.84375 -0.03125
0.84375 0
0.8125 0
0.8125 -0.03125

0.84375 -0.03125
0.875 -0.03125
0.875 0
0.84375 0
0.84375 -0.03125

1.5 1
1.75 1
1.75 1.25
1.5 1.25
1.5 1

1.75 1
2 1
2 1.25
1.75 1.25
1.75 1

1.5 1.25
1.75 1.25
1.75 1.5
1.5 1.5
1.5 1.25

1.75 1.25
2 1.25
2 1.5
1.75 1.5
1.75 1.25

2 2
2.5 2
2.5 2.5
2 2.5
2 2

2.5 2
3 2
3 2.5
2.5 2.5
2.5 2

2 2.5
2.5 2.5
2.5 3
2 3
2 2.5

2.5 2.5
3 2.5
3 3
2.5 3
2.5 2.5

2.5 1
3 1
3 1.5
2.5 1.5
2.5 1

2 1.5
2.5 1.5
2.5 2
2 2
2 1.5

2.5 1.5
3 1.5
3 2
2.5 2
2.5 1.5

0.84375 0.1875
0.859375 0.1875
0.859375 0.203125
0.84375 0.203125
0.84375 0.1875

0.859375 0.1875
0.875 0.1875
0.875 0.203125
0.859375 0.203125
0.859375 0.1875

0.84375 0.203125
0.859375 0.203125
0.859375 0.21875
0.84375 0.21875
0.84375 0.203125

0.859375 0.203125
0.875 0.203125
0.875 0.21875
0.859375 0.21875
0.859375 0.203125

1.125 0.1875
1.15625 0.1875
1.15625 0.21875
1.125 0.21875
1.125 0.1875

1.15625 0.1875
1.1875 0.1875
1.1875 0.21875
1.15625 0.21875
1.15625 0.1875

1.125 0.21875
1.15625 0.21875
1.15625 0.25
1.125 0.25
1.125 0.21875

1.15625 0.21875
1.1875 0.21875
1.1875 0.25
1.15625 0.25
1.15625 0.21875

0.875 0.5
0.9375 0.5
0.9375 0.5625
0.875 0.5625
0.875 0.5

0.9375 0.5
1 0.5
1 0.5625
0.9375 0.5625
0.9375 0.5

0.875 0.5625
0.9375 0.5625
0.9375 0.625
0.875 0.625
0.875 0.5625

0.9375 0.5625
1 0.5625
1 0.625
0.9375 0.625
0.9375 0.5625

0.6875 0
0.71875 0
0.71875 0.03125
0.6875 0.03125
0.6875 0

0.71875 0
0.75 0
0.75 0.03125
0.71875 0.03125
0.71875 0

0.6875 0.03125
0.71875 0.03125
0.71875 0.0625
0.6875 0.0625
0.6875 0.03125

0.71875 0.03125
0.75 0.03125
0.75 0.0625
0.71875 0.0625
0.71875 0.03125

1.0625 0.0625
1.09375 0.0625
1.09375 0.09375
1.0625 0.09375
1.0625 0.0625

1.09375 0.0625
1.125 0.0625
1.125 0.09375
1.09375 0.09375
1.09375 0.0625

1.0625 0.09375
1.09375 0.09375
1.09375 0.125
1.0625 0.125
1.0625 0.09375

1.09375 0.09375
1.125 0.09375
1.125 0.125
1.09375 0.125
1.09375 0.09375

1.25 1
1.5 1
1.5 1.25
1.25 1.25
1.25 1

1 1.25
1.25 1.25
1.25 1.5
1 1.5
1 1.25

1.25 1.25
1.5 1.25
1.5 1.5
1.25 1.5
1.25 1.25

0.96875 0.28125
0.984375 0.28125
0.984375 0.296875
0.96875 0.296875
0.96875 0.28125

0.984375 0.28125
1 0.28125
1 0.296875
0.984375 0.296875
0.984375 0.28125

0.96875 0.296875
0.984375 0.296875
0.984375 0.3125
0.96875 0.3125
0.96875 0.296875

0.984375 0.296875
1 0.296875
1 0.3125
0.984375 0.3125
0.984375 0.296875

0 -0.25
0.125 -0.25
0.125 -0.125
0 -0.125
0 -0.25

0.125 -0.25
0.25 -0.25
0.25 -0.125
0.125 -0.125
0.125 -0.25

0 -0.125
0.125 -0.125
0.125 0
0 0
0 -0.125

0.125 -0.125
0.25 -0.125
0.25 0
0.125 0
0.125 -0.125

1.75 0.25
1.875 0.25
1.875 0.375
1.75 0.375
1.75 0.25

1.875 0.25
2 0.25
2 0.375
1.875 0.375
1.875 0.25

1.75 0.375
1.875 0.375
1.875 0.5
1.75 0.5
1.75 0.375

1.875 0.375
2 0.375
2 0.5
1.875 0.5
1.875 0.375

0.875 0.3125
0.90625 0.3125
0.90625 0.34375
0.875 0.34375
0.875 0.3125

0.90625 0.3125
0.9375 0.3125
0.9375 0.34375
0.90625 0.34375
0.90625 0.3125

0.875 0.34375
0.90625 0.34375
0.90625 0.375
0.875 0.375
0.875 0.34375

0.90625 0.34375
0.9375 0.34375
0.9375 0.375
0.90625 0.375
0.90625 0.34375

0.875 -0.0625
0.90625 -0.0625
0.90625 -0.03125
0.875 -0.03125
0.875 -0.0625

0.90625 -0.0625
0.9375 -0.0625
0.9375 -0.03125
0.90625 -0.03125
0.90625 -0.0625

0.875 -0.03125
0.90625 -0.03125
0.90625 0
0.875 0
0.875 -0.03125

0.90625 -0.03125
0.9375 -0.03125
0.9375 0
0.90625 0
0.90625 -0.03125

0.5625 0.125
0.59375 0.125
0.59375 0.15625
0.5625 0.15625
0.5625 0.125

0.59375 0.125
0.625 0.125
0.625 0.15625
0.59375 0.15625
0.59375 0.125

0.5625 0.15625
0.59375 0.15625
0.59375 0.1875
0.5625 0.1875
0.5625 0.15625

0.59375 0.15625
0.625 0.15625
0.625 0.1875
0.59375 0.1875
0.59375 0.15625

0.25 -0.5
0.375 -0.5
0.375 -0.375
0.25 -0.375
0.25 -0.5

0.375 -0.5
0.5 -0.5
0.5 -0.375
0.375 -0.375
0.375 -0.5

0.25 -0.375
0.375 -0.375
0.375 -0.25
0.25 -0.25
0.25 -0.375

0.375 -0.375
0.5 -0.375
0.5 -0.25
0.375 -0.25
0.375 -0.375

2 1
2.25 1
2.25 1.25
2 1.25
2 1

2.25 1
2.5 1
2.5 1.25
2.25 1.25
2.25 1

2 1.25
2.25 1.25
2.25 1.5
2 1.5
2 1.25

2.25 1.25
2.5 1.25
2.5 1.5
2.25 1.5
2.25 1.25

0.78125 0.1875
0.796875 0.1875
0.796875 0.203125
0.78125 0.203125
0.78125 0.1875

0.796875 0.1875
0.8125 0.1875
0.8125 0.203125
0.796875 0.203125
0.796875 0.1875

0.78125 0.203125
0.796875 0.203125
0.796875 0.21875
0.78125 0.21875
0.78125 0.203125

0.796875 0.203125
0.8125 0.203125
0.8125 0.21875
0.796875 0.21875
0.796875 0.203125

1.5 0.25
1.625 0.25
1.625 0.375
1.5 0.375
1.5 0.25

1.625 0.25
1.75 0.25
1.75 0.375
1.625 0.375
1.625 0.25

1.5 0.375
1.625 0.375
1.625 0.5
1.5 0.5
1.5 0.375

1.625 0.375
1.75 0.375
1.75 0.5
1.625 0.5
1.625 0.375

0.75 -0.75
0.875 -0.75
0.875 -0.625
0.75 -0.625
0.75 -0.75

0.875 -0.75
1 -0.75
1 -0.625
0.875 -0.625
0.875 -0.75

0.75 -0.625
0.875 -0.625
0.875 -0.5
0.75 -0.5
0.75 -0.625

0.875 -0.625
1 -0.625
1 -0.5
0.875 -0.5
0.875 -0.625

-0.5 0
-0.25 0
-0.25 0.25
-0.5 0.25
-0.5 0

-0.5 0.25
-0.25 0.25
-0.25 0.5
-0.5 0.5
-0.5 0.25

0.75 -0.125
0.8125 -0.125
0.8125 -0.0625
0.75 -0.0625
0.75 -0.125

0.8125 -0.125
0.875 -0.125
0.875 -0.0625
0.8125 -0.0625
0.8125 -0.125

1.25 0.125
1.3125 0.125
1.3125 0.1875
1.25 0.1875
1.25 0.125

1.3125 0.125
1.375 0.125
1.375 0.1875
1.3125 0.1875
1.3125 0.125

1.25 0.1875
1.3125 0.1875
1.3125 0.25
1.25 0.25
1.25 0.1875

1.3125 0.1875
1.375 0.1875
1.375 0.25
1.3125 0.25
1.3125 0.1875

0.375 0
0.4375 0
0.4375 0.0625
0.375 0.0625
0.375 0

0.4375 0
0.5 0
0.5 0.0625
0.4375 0.0625
0.4375 0

0.375 0.0625
0.4375 0.0625
0.4375 0.125
0.375 0.125
0.375 0.0625

0.4375 0.0625
0.5 0.0625
0.5 0.125
0.4375 0.125
0.4375 0.0625

0 -0.5
0.25 -0.5
0.25 -0.25
0 -0.25
0 -0.5

0.78125 0.15625
0.796875 0.15625
0.796875 0.171875
0.78125 0.171875
0.78125 0.15625

0.796875 0.15625
0.8125 0.15625
0.8125 0.171875
0.796875 0.171875
0.796875 0.15625

0.78125 0.171875
0.796875 0.171875
0.796875 0.1875
0.78125 0.1875
0.78125 0.171875

0.796875 0.171875
0.8125 0.171875
0.8125 0.1875
0.796875 0.1875
0.796875 0.171875

0.625 0
0.6875 0
0.6875 0.0625
0.625 0.0625
0.625 0

0.875 0.0625
0.90625 0.0625
0.90625 0.09375
0.875 0.09375
0.875 0.0625

0.90625 0.0625
0.9375 0.0625
0.9375 0.09375
0.90625 0.09375
0.90625 0.0625

0.90625 0.09375
0.9375 0.09375
0.9375 0.125
0.90625 0.125
0.90625 0.09375

1.1875 0.25
1.25 0.25
1.25 0.3125
1.1875 0.3125
1.1875 0.25

1.125 0.3125
1.1875 0.3125
1.1875 0.375
1.125 0.375
1.125 0.3125

1.1875 0.3125
1.25 0.3125
1.25 0.375
1.1875 0.375
1.1875 0.3125

0.8125 0.25
0.84375 0.25
0.84375 0.28125
0.8125 0.28125
0.8125 0.25

0.84375 0.25
0.875 0.25
0.875 0.28125
0.84375 0.28125
0.84375 0.25

0.8125 0.28125
0.84375 0.28125
0.84375 0.3125
0.8125 0.3125
0.8125 0.28125

0.84375 0.28125
0.875 0.28125
0.875 0.3125
0.84375 0.3125
0.84375 0.28125

0.8125 0
0.84375 0
0.84375 0.03125
0.8125 0.03125
0.8125 0

0.84375 0
0.875 0
0.875 0.03125
0.84375 0.03125
0.84375 0

0.8125 0.03125
0.84375 0.03125
0.84375 0.0625
0.8125 0.0625
0.8125 0.03125

0.84375 0.03125
0.875 0.03125
0.875 0.0625
0.84375 0.0625
0.84375 0.03125

0.75 0.09375
0.765625 0.09375
0.765625 0.109375
0.75 0.109375
0.75 0.09375

0.765625 0.09375
0.78125 0.09375
0.78125 0.109375
0.765625 0.109375
0.765625 0.09375

0.75 0.109375
0.765625 0.109375
0.765625 0.125
0.75 0.125
0.75 0.109375

0.765625 0.109375
0.78125 0.109375
0.78125 0.125
0.765625 0.125
0.765625 0.109375

0.8125 0.1875
0.828125 0.1875
0.828125 0.203125
0.8125 0.203125
0.8125 0.1875

0.828125 0.1875
0.84375 0.1875
0.84375 0.203125
0.828125 0.203125
0.828125 0.1875

0.8125 0.203125
0.828125 0.203125
0.828125 0.21875
0.8125 0.21875
0.8125 0.203125

0.828125 0.203125
0.84375 0.203125
0.84375 0.21875
0.828125 0.21875
0.828125 0.203125

1.5 0
1.625 0
1.625 0.125
1.5 0.125
1.5 0

1.625 0
1.75 0
1.75 0.125
1.625 0.125
1.625 0

1.5 0.125
1.625 0.125
1.625 0.25
1.5 0.25
1.5 0.125

1.625 0.125
1.75 0.125
1.75 0.25
1.625 0.25
1.625 0.125

1 -0.75
1.125 -0.75
1.125 -0.625
1 -0.625
1 -0.75

1.125 -0.75
1.25 -0.75
1.25 -0.625
1.125 -0.625
1.125 -0.75

1 -0.625
1.125 -0.625
1.125 -0.5
1 -0.5
1 -0.625

1.125 -0.625
1.25 -0.625
1.25 -0.5
1.125 -0.5
1.125 -0.625

2.5 -1
3 -1
3 -0.5
2.5 -0.5
2.5 -1

0.5 0.125
0.5625 0.125
0.5625 0.1875
0.5 0.1875
0.5 0.125

0.5 0.1875
0.5625 0.1875
0.5625 0.25
0.5 0.25
0.5 0.1875

0.5625 0.1875
0.625 0.1875
0.625 0.25
0.5625 0.25
0.5625 0.1875

-0.25 0
-0.125 0
-0.125 0.125
-0.25 0.125
-0.25 0

-0.125 0
0 0
0 0.125
-0.125 0.125
-0.125 0

-0.25 0.125
-0.125 0.125
-0.125 0.25
-0.25 0.25
-0.25 0.125

-0.125 0.125
0 0.125
0 0.25
-0.125 0.25
-0.125 0.125

1 0
1.03125 0
1.03125 0.03125
1 0.03125
1 0

1.03125 0
1.0625 0
1.0625 0.03125
1.03125 0.03125
1.03125 0

1 0.03125
1.03125 0.03125
1.03125 0.0625
1 0.0625
1 0.03125

1.03125 0.03125
1.0625 0.03125
1.0625 0.0625
1.03125 0.0625
1.03125 0.03125

0.625 0.25
0.6875 0.25
0.6875 0.3125
0.625 0.3125
0.625 0.25

0.625 0.3125
0.6875 0.3125
0.6875 0.375
0.625 0.375
0.625 0.3125

0.6875 0.3125
0.75 0.3125
0.75 0.375
0.6875 0.375
0.6875 0.3125

0.9375 0
0.96875 0
0.96875 0.03125
0.9375 0.03125
0.9375 0

0.96875 0
1 0
1 0.03125
0.96875 0.03125
0.96875 0

0.9375 0.03125
0.96875 0.03125
0.96875 0.0625
0.9375 0.0625
0.9375 0.03125

0.96875 0.03125
1 0.03125
1 0.0625
0.96875 0.0625
0.96875 0.03125

1.25 -0.25
1.375 -0.25
1.375 -0.125
1.25 -0.125
1.25 -0.25

1.375 -0.25
1.5 -0.25
1.5 -0.125
1.375 -0.125
1.375 -0.25

1.25 -0.125
1.375 -0.125
1.375 0
1.25 0
1.25 -0.125

1.375 -0.125
1.5 -0.125
1.5 0
1.375 0
1.375 -0.125

0.9375 0.375
0.96875 0.375
0.96875 0.40625
0.9375 0.40625
0.9375 0.375

0.96875 0.375
1 0.375
1 0.40625
0.96875 0.40625
0.96875 0.375

0.9375 0.40625
0.96875 0.40625
0.96875 0.4375
0.9375 0.4375
0.9375 0.40625

0.96875 0.40625
1 0.40625
1 0.4375
0.96875 0.4375
0.96875 0.40625

0.75 0.375
0.8125 0.375
0.8125 0.4375
0.75 0.4375
0.75 0.375

0.8125 0.375
0.875 0.375
0.875 0.4375
0.8125 0.4375
0.8125 0.375

0.75 0.4375
0.8125 0.4375
0.8125 0.5
0.75 0.5
0.75 0.4375

0.8125 0.4375
0.875 0.4375
0.875 0.5
0.8125 0.5
0.8125 0.4375

1.0625 0.25
1.09375 0.25
1.09375 0.28125
1.0625 0.28125
1.0625 0.25

1.09375 0.25
1.125 0.25
1.125 0.28125
1.09375 0.28125
1.09375 0.25

1.0625 0.28125
1.09375 0.28125
1.09375 0.3125
1.0625 0.3125
1.0625 0.28125

1.09375 0.28125
1.125 0.28125
1.125 0.3125
1.09375 0.3125
1.09375 0.28125

0 0
0.125 0
0.125 0.125
0 0.125
0 0

0.125 0
0.25 0
0.25 0.125
0.125 0.125
0.125 0

0 0.125
0.125 0.125
0.125 0.25
0 0.25
0 0.125

0.125 0.125
0.25 0.125
0.25 0.25
0.125 0.25
0.125 0.125

1.75 0.5
2 0.5
2 0.75
1.75 0.75
1.75 0.5

1.5 0.75
1.75 0.75
1.75 1
1.5 1
1.5 0.75

1.75 0.75
2 0.75
2 1
1.75 1
1.75 0.75

-1 -1
-0.5 -1
-0.5 -0.5
-1 -0.5
-1 -1

0.5 -0.125
0.5625 -0.125
0.5625 -0.0625
0.5 -0.0625
0.5 -0.125

0.5625 -0.125
0.625 -0.125
0.625 -0.0625
0.5625 -0.0625
0.5625 -0.125

0.5 -0.0625
0.5625 -0.0625
0.5625 0
0.5 0
0.5 -0.0625

0.5625 -0.0625
0.625 -0.0625
0.625 0
0.5625 0
0.5625 -0.0625

0.75 -0.0625
0.78125 -0.0625
0.78125 -0.03125
0.75 -0.03125
0.75 -0.0625

0.78125 -0.0625
0.8125 -0.0625
0.8125 -0.03125
0.78125 -0.03125
0.78125 -0.0625

0.75 -0.03125
0.78125 -0.03125
0.78125 0
0.75 0
0.75 -0.03125

0.78125 -0.03125
0.8125 -0.03125
0.8125 0
0.78125 0
0.78125 -0.03125

2.5 0.5
2.75 0.5
2.75 0.75
2.5 0.75
2.5 0.5

2.75 0.5
3 0.5
3 0.75
2.75 0.75
2.75 0.5

2.5 0.75
2.75 0.75
2.75 1
2.5 1
2.5 0.75

2.75 0.75
3 0.75
3 1
2.75 1
2.75 0.75

1.125 0.5
1.1875 0.5
1.1875 0.5625
1.125 0.5625
1.125 0.5

1.1875 0.5
1.25 0.5
1.25 0.5625
1.1875 0.5625
1.1875 0.5

1.125 0.5625
1.1875 0.5625
1.1875 0.625
1.125 0.625
1.125 0.5625

1.1875 0.5625
1.25 0.5625
1.25 0.625
1.1875 0.625
1.1875 0.5625

1.0625 0
1.125 0
1.125 0.0625
1.0625 0.0625
1.0625 0

0.984375 0.234375
1 0.234375
1 0.25
0.984375 0.25
0.984375 0.234375

0 2
0.5 2
0.5 2.5
0 2.5
0 2

0 2.5
0.5 2.5
0.5 3
0 3
0 2.5

0.5 2.5
1 2.5
1 3
0.5 3
0.5 2.5

0.875 0.375
0.90625 0.375
0.90625 0.40625
0.875 0.40625
0.875 0.375

0.90625 0.375
0.9375 0.375
0.9375 0.40625
0.90625 0.40625
0.90625 0.375

0.875 0.40625
0.90625 0.40625
0.90625 0.4375
0.875 0.4375
0.875 0.40625

0.90625 0.40625
0.9375 0.40625
0.9375 0.4375
0.90625 0.4375
0.90625 0.40625

1 0.0625
1.03125 0.0625
1.03125 0.09375
1 0.09375
1 0.0625

1.03125 0.0625
1.0625 0.0625
1.0625 0.09375
1.03125 0.09375
1.03125 0.0625

1 0.09375
1.03125 0.09375
1.03125 0.125
1 0.125
1 0.09375

1.03125 0.09375
1.0625 0.09375
1.0625 0.125
1.03125 0.125
1.03125 0.09375

0.6875 0.125
0.71875 0.125
0.71875 0.15625
0.6875 0.15625
0.6875 0.125

0.6875 0.15625
0.71875 0.15625
0.71875 0.1875
0.6875 0.1875
0.6875 0.15625

0.71875 0.15625
0.75 0.15625
0.75 0.1875
0.71875 0.1875
0.71875 0.15625

-0.5 -1
-0.25 -1
-0.25 -0.75
-0.5 -0.75
-0.5 -1

-0.25 -1
0 -1
0 -0.75
-0.25 -0.75
-0.25 -1

-0.5 -0.75
-0.25 -0.75
-0.25 -0.5
-0.5 -0.5
-0.5 -0.75

-0.25 -0.75
0 -0.75
0 -0.5
-0.25 -0.5
-0.25 -0.75

0.78125 0.09375
0.796875 0.09375
0.796875 0.109375
0.78125 0.109375
0.78125 0.09375

0.796875 0.09375
0.8125 0.09375
0.8125 0.109375
0.796875 0.109375
0.796875 0.09375

0.78125 0.109375
0.796875 0.109375
0.796875 0.125
0.78125 0.125
0.78125 0.109375

0.796875 0.109375
0.8125 0.109375
0.8125 0.125
0.796875 0.125
0.796875 0.109375

0.8125 0.171875
0.828125 0.171875
0.828125 0.1875
0.8125 0.1875
0.8125 0.171875

0.875 0
0.90625 0
0.90625 0.03125
0.875 0.03125
0.875 0

0.90625 0
0.9375 0
0.9375 0.03125
0.90625 0.03125
0.90625 0

0.875 0.03125
0.90625 0.03125
0.90625 0.0625
0.875 0.0625
0.875 0.03125

0.90625 0.03125
0.9375 0.03125
0.9375 0.0625
0.90625 0.0625
0.90625 0.03125

1 0.75
1.125 0.75
1.125 0.875
1 0.875
1 0.75

1.125 0.75
1.25 0.75
1.25 0.875
1.125 0.875
1.125 0.75

1 0.875
1.125 0.875
1.125 1
1 1
1 0.875

1.125 0.875
1.25 0.875
1.25 1
1.125 1
1.125 0.875

1 1
1.125 1
1.125 1.125
1 1.125
1 1

1.125 1
1.25 1
1.25 1.125
1.125 1.125
1.125 1

1 1.125
1.125 1.125
1.125 1.25
1 1.25
1 1.125

1.125 1.125
1.25 1.125
1.25 1.25
1.125 1.25
1.125 1.125

0.75 0.3125
0.78125 0.3125
0.78125 0.34375
0.75 0.34375
0.75 0.3125

0.78125 0.3125
0.8125 0.3125
0.8125 0.34375
0.78125 0.34375
0.78125 0.3125

0.75 0.34375
0.78125 0.34375
0.78125 0.375
0.75 0.375
0.75 0.34375

0.78125 0.34375
0.8125 0.34375
0.8125 0.375
0.78125 0.375
0.78125 0.34375

0.875 0.4375
0.9375 0.4375
0.9375 0.5
0.875 0.5
0.875 0.4375

0.9375 0.4375
1 0.4375
1 0.5
0.9375 0.5
0.9375 0.4375

0.78125 0.0625
0.796875 0.0625
0.796875 0.078125
0.78125 0.078125
0.78125 0.0625

0.796875 0.0625
0.8125 0.0625
0.8125 0.078125
0.796875 0.078125
0.796875 0.0625

0.78125 0.078125
0.796875 0.078125
0.796875 0.09375
0.78125 0.09375
0.78125 0.078125

0.796875 0.078125
0.8125 0.078125
0.8125 0.09375
0.796875 0.09375
0.796875 0.078125

1.1875 0.125
1.25 0.125
1.25 0.1875
1.1875 0.1875
1.1875 0.125

1.1875 0.1875
1.25 0.1875
1.25 0.25
1.1875 0.25
1.1875 0.1875

1 0.3125
1.03125 0.3125
1.03125 0.34375
1 0.34375
1 0.3125

1.03125 0.3125
1.0625 0.3125
1.0625 0.34375
1.03125 0.34375
1.03125 0.3125

1 0.34375
1.03125 0.34375
1.03125 0.375
1 0.375
1 0.34375

1.03125 0.34375
1.0625 0.34375
1.0625 0.375
1.03125 0.375
1.03125 0.34375

0.5 2
0.75 2
0.75 2.25
0.5 2.25
0.5 2

0.75 2
1 2
1 2.25
0.75 2.25
0.75 2

0.5 2.25
0.75 2.25
0.75 2.5
0.5 2.5
0.5 2.25

0.75 2.25
1 2.25
1 2.5
0.75 2.5
0.75 2.25

0.875 0.625
0.9375 0.625
0.9375 0.6875
0.875 0.6875
0.875 0.625

0.9375 0.625
1 0.625
1 0.6875
0.9375 0.6875
0.9375 0.625

0.875 0.6875
0.9375 0.6875
0.9375 0.75
0.875 0.75
0.875 0.6875

0.9375 0.6875
1 0.6875
1 0.75
0.9375 0.75
0.9375 0.6875

0.75 0.5
0.8125 0.5
0.8125 0.5625
0.75 0.5625
0.75 0.5

0.8125 0.5
0.875 0.5
0.875 0.5625
0.8125 0.5625
0.8125 0.5

0.75 0.5625
0.8125 0.5625
0.8125 0.625
0.75 0.625
0.75 0.5625

0.8125 0.5625
0.875 0.5625
0.875 0.625
0.8125 0.625
0.8125 0.5625

0.90625 0.15625
0.921875 0.15625
0.921875 0.171875
0.90625 0.171875
0.90625 0.15625

0.921875 0.15625
0.9375 0.15625
0.9375 0.171875
0.921875 0.171875
0.921875 0.15625

0.90625 0.171875
0.921875 0.171875
0.921875 0.1875
0.90625 0.1875
0.90625 0.171875

0.921875 0.171875
0.9375 0.171875
0.9375 0.1875
0.921875 0.1875
0.921875 0.171875

0.875 0.1875
0.890625 0.1875
0.890625 0.203125
0.875 0.203125
0.875 0.1875

0.890625 0.1875
0.90625 0.1875
0.90625 0.203125
0.890625 0.203125
0.890625 0.1875

0.875 0.203125
0.890625 0.203125
0.890625 0.21875
0.875 0.21875
0.875 0.203125

0.890625 0.203125
0.90625 0.203125
0.90625 0.21875
0.890625 0.21875
0.890625 0.203125

0.25 0
0.375 0
0.375 0.125
0.25 0.125
0.25 0

1.5 0.5
1.625 0.5
1.625 0.625
1.5 0.625
1.5 0.5

1.625 0.5
1.75 0.5
1.75 0.625
1.625 0.625
1.625 0.5

1.5 0.625
1.625 0.625
1.625 0.75
1.5 0.75
1.5 0.625

1.625 0.625
1.75 0.625
1.75 0.75
1.625 0.75
1.625 0.625

1.03125 0.25
1.0625 0.25
1.0625 0.28125
1.03125 0.28125
1.03125 0.25

1 0.28125
1.03125 0.28125
1.03125 0.3125
1 0.3125
1 0.28125

1.03125 0.28125
1.0625 0.28125
1.0625 0.3125
1.03125 0.3125
1.03125 0.28125

0.625 -0.25
0.6875 -0.25
0.6875 -0.1875
0.625 -0.1875
0.625 -0.25

0.6875 -0.25
0.75 -0.25
0.75 -0.1875
0.6875 -0.1875
0.6875 -0.25

0.625 -0.1875
0.6875 -0.1875
0.6875 -0.125
0.625 -0.125
0.625 -0.1875

0.6875 -0.1875
0.75 -0.1875
0.75 -0.125
0.6875 -0.125
0.6875 -0.1875

-0.5 1
-0.25 1
-0.25 1.25
-0.5 1.25
-0.5 1

-0.25 1
0 1
0 1.25
-0.25 1.25
-0.25 1

-0.5 1.25
-0.25 1.25
-0.25 1.5
-0.5 1.5
-0.5 1.25

-0.25 1.25
0 1.25
0 1.5
-0.25 1.5
-0.25 1.25

0.625 0.375
0.6875 0.375
0.6875 0.4375
0.625 0.4375
0.625 0.375

0.6875 0.375
0.75 0.375
0.75 0.4375
0.6875 0.4375
0.6875 0.375

0.625 0.4375
0.6875 0.4375
0.6875 0.5
0.625 0.5
0.625 0.4375

0.6875 0.4375
0.75 0.4375
0.75 0.5
0.6875 0.5
0.6875 0.4375

0.625 -0.125
0.6875 -0.125
0.6875 -0.0625
0.625 -0.0625
0.625 -0.125

0.6875 -0.125
0.75 -0.125
0.75 -0.0625
0.6875 -0.0625
0.6875 -0.125

0.625 -0.0625
0.6875 -0.0625
0.6875 0
0.625 0
0.625 -0.0625

0.6875 -0.0625
0.75 -0.0625
0.75 0
0.6875 0
0.6875 -0.0625

2 -0.5
2.25 -0.5
2.25 -0.25
2 -0.25
2 -0.5

2.25 -0.5
2.5 -0.5
2.5 -0.25
2.25 -0.25
2.25 -0.5

2 -0.25
2.25 -0.25
2.25 0
2 0
2 -0.25

2.25 -0.25
2.5 -0.25
2.5 0
2.25 0
2.25 -0.25

0.9375 0.25
0.953125 0.25
0.953125 0.265625
0.9375 0.265625
0.9375 0.25

0.953125 0.25
0.96875 0.25
0.96875 0.265625
0.953125 0.265625
0.953125 0.25

0.9375 0.265625
0.953125 0.265625
0.953125 0.28125
0.9375 0.28125
0.9375 0.265625

0.953125 0.265625
0.96875 0.265625
0.96875 0.28125
0.953125 0.28125
0.953125 0.265625

1.25 -0.5
1.375 -0.5
1.375 -0.375
1.25 -0.375
1.25 -0.5

1.375 -0.5
1.5 -0.5
1.5 -0.375
1.375 -0.375
1.375 -0.5

1.25 -0.375
1.375 -0.375
1.375 -0.25
1.25 -0.25
1.25 -0.375

1.375 -0.375
1.5 -0.375
1.5 -0.25
1.375 -0.25
1.375 -0.375

0.75 1
0.875 1
0.875 1.125
0.75 1.125
0.75 1

0.875 1
1 1
1 1.125
0.875 1.125
0.875 1

0.75 1.125
0.875 1.125
0.875 1.25
0.75 1.25
0.75 1.125

0.875 1.125
1 1.125
1 1.25
0.875 1.25
0.875 1.125

1.375 0.25
1.4375 0.25
1.4375 0.3125
1.375 0.3125
1.375 0.25

1.4375 0.25
1.5 0.25
1.5 0.3125
1.4375 0.3125
1.4375 0.25

1.375 0.3125
1.4375 0.3125
1.4375 0.375
1.375 0.375
1.375 0.3125

1.4375 0.3125
1.5 0.3125
1.5 0.375
1.4375 0.375
1.4375 0.3125

1.5 -0.25
1.625 -0.25
1.625 -0.125
1.5 -0.125
1.5 -0.25

1.625 -0.25
1.75 -0.25
1.75 -0.125
1.625 -0.125
1.625 -0.25

1.5 -0.125
1.625 -0.125
1.625 0
1.5 0
1.5 -0.125

1.625 -0.125
1.75 -0.125
1.75 0
1.625 0
1.625 -0.125

-1 -0.5
-0.75 -0.5
-0.75 -0.25
-1 -0.25
-1 -0.5

-0.75 -0.5
-0.5 -0.5
-0.5 -0.25
-0.75 -0.25
-0.75 -0.5

-1 -0.25
-0.75 -0.25
-0.75 0
-1 0
-1 -0.25

-0.75 -0.25
-0.5 -0.25
-0.5 0
-0.75 0
-0.75 -0.25

0.9375 0.0625
0.96875 0.0625
0.96875 0.09375
0.9375 0.09375
0.9375 0.0625

0.96875 0.0625
1 0.0625
1 0.09375
0.96875 0.09375
0.96875 0.0625

0.9375 0.09375
0.96875 0.09375
0.96875 0.125
0.9375 0.125
0.9375 0.09375

0.96875 0.09375
1 0.09375
1 0.125
0.96875 0.125
0.96875 0.09375

1.5 -0.5
1.75 -0.5
1.75 -0.25
1.5 -0.25
1.5 -0.5

1.75 -0.5
2 -0.5
2 -0.25
1.75 -0.25
1.75 -0.5

1.75 -0.25
2 -0.25
2 0
1.75 0
1.75 -0.25

0.859375 0.15625
0.875 0.15625
0.875 0.171875
0.859375 0.171875
0.859375 0.15625

0.84375 0.171875
0.859375 0.171875
0.859375 0.1875
0.84375 0.1875
0.84375 0.171875

0.859375 0.171875
0.875 0.171875
0.875 0.1875
0.859375 0.1875
0.859375 0.171875

1.125 0.375
1.1875 0.375
1.1875 0.4375
1.125 0.4375
1.125 0.375

1.1875 0.375
1.25 0.375
1.25 0.4375
1.1875 0.4375
1.1875 0.375

1.125 0.4375
1.1875 0.4375
1.1875 0.5
1.125 0.5
1.125 0.4375

1.1875 0.4375
1.25 0.4375
1.25 0.5
1.1875 0.5
1.1875 0.4375

1.5 2
2 2
2 2.5
1.5 2.5
1.5 2

1 2.5
1.5 2.5
1.5 3
1 3
1 2.5

1.5 2.5
2 2.5
2 3
1.5 3
1.5 2.5

0.625 0.0625
0.65625 0.0625
0.65625 0.09375
0.625 0.09375
0.625 0.0625

0.65625 0.0625
0.6875 0.0625
0.6875 0.09375
0.65625 0.09375
0.65625 0.0625

0.625 0.09375
0.65625 0.09375
0.65625 0.125
0.625 0.125
0.625 0.09375

0.65625 0.09375
0.6875 0.09375
0.6875 0.125
0.65625 0.125
0.65625 0.09375

0.75 0.25
0.78125 0.25
0.78125 0.28125
0.75 0.28125
0.75 0.25

0.78125 0.25
0.8125 0.25
0.8125 0.28125
0.78125 0.28125
0.78125 0.25

0.75 0.28125
0.78125 0.28125
0.78125 0.3125
0.75 0.3125
0.75 0.28125

0.78125 0.28125
0.8125 0.28125
0.8125 0.3125
0.78125 0.3125
0.78125 0.28125

0.625 0.125
0.65625 0.125
0.65625 0.15625
0.625 0.15625
0.625 0.125

0.65625 0.125
0.6875 0.125
0.6875 0.15625
0.65625 0.15625
0.65625 0.125

0.625 0.15625
0.65625 0.15625
0.65625 0.1875
0.625 0.1875
0.625 0.15625

0.65625 0.15625
0.6875 0.15625
0.6875 0.1875
0.65625 0.1875
0.65625 0.15625

1 2
1.25 2
1.25 2.25
1 2.25
1 2

1.25 2
1.5 2
1.5 2.25
1.25 2.25
1.25 2

1 2.25
1.25 2.25
1.25 2.5
1 2.5
1 2.25

1.25 2.25
1.5 2.25
1.5 2.5
1.25 2.5
1.25 2.25

1 -1
1.25 -1
1.25 -0.75
1 -0.75
1 -1

1.25 -1
1.5 -1
1.5 -0.75
1.25 -0.75
1.25 -1

1.25 -0.75
1.5 -0.75
1.5 -0.5
1.25 -0.5
1.25 -0.75

0.25 0.125
0.3125 0.125
0.3125 0.1875
0.25 0.1875
0.25 0.125

0.3125 0.125
0.375 0.125
0.375 0.1875
0.3125 0.1875
0.3125 0.125

0.25 0.1875
0.3125 0.1875
0.3125 0.25
0.25 0.25
0.25 0.1875

0.3125 0.1875
0.375 0.1875
0.375 0.25
0.3125 0.25
0.3125 0.1875

1.25 0.25
1.3125 0.25
1.3125 0.3125
1.25 0.3125
1.25 0.25

1.3125 0.25
1.375 0.25
1.375 0.3125
1.3125 0.3125
1.3125 0.25

1.25 0.3125
1.3125 0.3125
1.3125 0.375
1.25 0.375
1.25 0.3125

1.3125 0.3125
1.375 0.3125
1.375 0.375
1.3125 0.375
1.3125 0.3125

0.75 0.15625
0.765625 0.15625
0.765625 0.171875
0.75 0.171875
0.75 0.15625

0.765625 0.15625
0.78125 0.15625
0.78125 0.171875
0.765625 0.171875
0.765625 0.15625

0.75 0.171875
0.765625 0.171875
0.765625 0.1875
0.75 0.1875
0.75 0.171875

0.765625 0.171875
0.78125 0.171875
0.78125 0.1875
0.765625 0.1875
0.765625 0.171875

0.5 -0.5
0.625 -0.5
0.625 -0.375
0.5 -0.375
0.5 -0.5

0.625 -0.5
0.75 -0.5
0.75 -0.375
0.625 -0.375
0.625 -0.5

0.5 -0.375
0.625 -0.375
0.625 -0.25
0.5 -0.25
0.5 -0.375

0.625 -0.375
0.75 -0.375
0.75 -0.25
0.625 -0.25
0.625 -0.375

1.375 0.375
1.5 0.375
1.5 0.5
1.375 0.5
1.375 0.375

-1 0.5
-0.75 0.5
-0.75 0.75
-1 0.75
-1 0.5

-0.75 0.5
-0.5 0.5
-0.5 0.75
-0.75 0.75
-0.75 0.5

-1 0.75
-0.75 0.75
-0.75 1
-1 1
-1 0.75

-0.75 0.75
-0.5 0.75
-0.5 1
-0.75 1
-0.75 0.75

0.5 0.25
0.5625 0.25
0.5625 0.3125
0.5 0.3125
0.5 0.25

0.5625 0.25
0.625 0.25
0.625 0.3125
0.5625 0.3125
0.5625 0.25

0.5 0.3125
0.5625 0.3125
0.5625 0.375
0.5 0.375
0.5 0.3125

0.5625 0.3125
0.625 0.3125
0.625 0.375
0.5625 0.375
0.5625 0.3125

0.6875 0.1875
0.71875 0.1875
0.71875 0.21875
0.6875 0.21875
0.6875 0.1875

0.71875 0.1875
0.75 0.1875
0.75 0.21875
0.71875 0.21875
0.71875 0.1875

0.6875 0.21875
0.71875 0.21875
0.71875 0.25
0.6875 0.25
0.6875 0.21875

0.71875 0.21875
0.75 0.21875
0.75 0.25
0.71875 0.25
0.71875 0.21875

0.9375 0.3125
0.96875 0.3125
0.96875 0.34375
0.9375 0.34375
0.9375 0.3125

0.96875 0.3125
1 0.3125
1 0.34375
0.96875 0.34375
0.96875 0.3125

0.9375 0.34375
0.96875 0.34375
0.96875 0.375
0.9375 0.375
0.9375 0.34375

0.96875 0.34375
1 0.34375
1 0.375
0.96875 0.375
0.96875 0.34375

1.75 0
1.875 0
1.875 0.125
1.75 0.125
1.75 0

1.875 0
2 0
2 0.125
1.875 0.125
1.875 0

1.75 0.125
1.875 0.125
1.875 0.25
1.75 0.25
1.75 0.125

1.875 0.125
2 0.125
2 0.25
1.875 0.25
1.875 0.125

1 0.625
1.0625 0.625
1.0625 0.6875
1 0.6875
1 0.625

1.0625 0.625
1.125 0.625
1.125 0.6875
1.0625 0.6875
1.0625 0.625

1 0.6875
1.0625 0.6875
1.0625 0.75
1 0.75
1 0.6875

1.0625 0.6875
1.125 0.6875
1.125 0.75
1.0625 0.75
1.0625 0.6875

0.9375 0.1875
0.953125 0.1875
0.953125 0.203125
0.9375 0.203125
0.9375 0.1875

0.25 0.25
0.375 0.25
0.375 0.375
0.25 0.375
0.25 0.25

0.25 0.375
0.375 0.375
0.375 0.5
0.25 0.5
0.25 0.375

0.375 0.375
0.5 0.375
0.5 0.5
0.375 0.5
0.375 0.375

-0.5 -0.5
-0.25 -0.5
-0.25 -0.25
-0.5 -0.25
-0.5 -0.5

-0.25 -0.5
0 -0.5
0 -0.25
-0.25 -0.25
-0.25 -0.5

-0.5 -0.25
-0.25 -0.25
-0.25 0
-0.5 0
-0.5 -0.25

-0.25 -0.25
0 -0.25
0 0
-0.25 0
-0.25 -0.25

0 0.5
0.125 0.5
0.125 0.625
0 0.625
0 0.5

0.125 0.5
0.25 0.5
0.25 0.625
0.125 0.625
0.125 0.5

0 0.625
0.125 0.625
0.125 0.75
0 0.75
0 0.625

0.125 0.625
0.25 0.625
0.25 0.75
0.125 0.75
0.125 0.625

0.75 -0.25
0.8125 -0.25
0.8125 -0.1875
0.75 -0.1875
0.75 -0.25

0.8125 -0.25
0.875 -0.25
0.875 -0.1875
0.8125 -0.1875
0.8125 -0.25

0.75 -0.1875
0.8125 -0.1875
0.8125 -0.125
0.75 -0.125
0.75 -0.1875

0.8125 -0.1875
0.875 -0.1875
0.875 -0.125
0.8125 -0.125
0.8125 -0.1875

0.75 -0.5
0.875 -0.5
0.875 -0.375
0.75 -0.375
0.75 -0.5

0.875 -0.5
1 -0.5
1 -0.375
0.875 -0.375
0.875 -0.5

1 0.375
1.03125 0.375
1.03125 0.40625
1 0.40625
1 0.375

1.03125 0.375
1.0625 0.375
1.0625 0.40625
1.03125 0.40625
1.03125 0.375

1 0.40625
1.03125 0.40625
1.03125 0.4375
1 0.4375
1 0.40625

1.03125 0.40625
1.0625 0.40625
1.0625 0.4375
1.03125 0.4375
1.03125 0.40625

2 -1
2.25 -1
2.25 -0.75
2 -0.75
2 -1

2.25 -1
2.5 -1
2.5 -0.75
2.25 -0.75
2.25 -1

2 -0.75
2.25 -0.75
2.25 -0.5
2 -0.5
2 -0.75

2.25 -0.75
2.5 -0.75
2.5 -0.5
2.25 -0.5
2.25 -0.75

0 1
0.25 1
0.25 1.25
0 1.25
0 1

0.25 1
0.5 1
0.5 1.25
0.25 1.25
0.25 1

0 1.25
0.25 1.25
0.25 1.5
0 1.5
0 1.25

0.25 1.25
0.5 1.25
0.5 1.5
0.25 1.5
0.25 1.25

1 1.5
1.25 1.5
1.25 1.75
1 1.75
1 1.5

1.25 1.5
1.5 1.5
1.5 1.75
1.25 1.75
1.25 1.5

1 1.75
1.25 1.75
1.25 2
1 2
1 1.75

1.25 1.75
1.5 1.75
1.5 2
1.25 2
1.25 1.75

0.875 0.125
0.890625 0.125
0.890625 0.140625
0.875 0.140625
0.875 0.125

0.890625 0.125
0.90625 0.125
0.90625 0.140625
0.890625 0.140625
0.890625 0.125

0.875 0.140625
0.890625 0.140625
0.890625 0.15625
0.875 0.15625
0.875 0.140625

0.890625 0.140625
0.90625 0.140625
0.90625 0.15625
0.890625 0.15625
0.890625 0.140625

0.625 0.5
0.6875 0.5
0.6875 0.5625
0.625 0.5625
0.625 0.5

0.6875 0.5
0.75 0.5
0.75 0.5625
0.6875 0.5625
0.6875 0.5

0.625 0.5625
0.6875 0.5625
0.6875 0.625
0.625 0.625
0.625 0.5625

0.6875 0.5625
0.75 0.5625
0.75 0.625
0.6875 0.625
0.6875 0.5625

0.5 0.375
0.5625 0.375
0.5625 0.4375
0.5 0.4375
0.5 0.375

0.5625 0.375
0.625 0.375
0.625 0.4375
0.5625 0.4375
0.5625 0.375

0.5 0.4375
0.5625 0.4375
0.5625 0.5
0.5 0.5
0.5 0.4375

0.5625 0.4375
0.625 0.4375
0.625 0.5
0.5625 0.5
0.5625 0.4375

0.75 0.625
0.875 0.625
0.875 0.75
0.75 0.75
0.75 0.625

0.875 -0.375
0.9375 -0.375
0.9375 -0.3125
0.875 -0.3125
0.875 -0.375

0.9375 -0.375
1 -0.375
1 -0.3125
0.9375 -0.3125
0.9375 -0.375

0.875 -0.3125
0.9375 -0.3125
0.9375 -0.25
0.875 -0.25
0.875 -0.3125

0.9375 -0.3125
1 -0.3125
1 -0.25
0.9375 -0.25
0.9375 -0.3125

0.75 0.75
0.875 0.75
0.875 0.875
0.75 0.875
0.75 0.75

0.875 0.75
1 0.75
1 0.875
0.875 0.875
0.875 0.75

0.75 0.875
0.875 0.875
0.875 1
0.75 1
0.75 0.875

0.875 0.875
1 0.875
1 1
0.875 1
0.875 0.875

0.875 -0.125
0.9375 -0.125
0.9375 -0.0625
0.875 -0.0625
0.875 -0.125

0.9375 -0.125
1 -0.125
1 -0.0625
0.9375 -0.0625
0.9375 -0.125

0.9375 -0.0625
1 -0.0625
1 0
0.9375 0
0.9375 -0.0625

0.5 1.25
0.75 1.25
0.75 1.5
0.5 1.5
0.5 1.25

0.75 1.25
1 1.25
1 1.5
0.75 1.5
0.75 1.25

0.5 1
0.625 1
0.625 1.125
0.5 1.125
0.5 1

0.625 1
0.75 1
0.75 1.125
0.625 1.125
0.625 1

0.5 1.125
0.625 1.125
0.625 1.25
0.5 1.25
0.5 1.125

0.625 1.125
0.75 1.125
0.75 1.25
0.625 1.25
0.625 1.125

0.75 0
0.78125 0
0.78125 0.03125
0.75 0.03125
0.75 0

0.78125 0
0.8125 0
0.8125 0.03125
0.78125 0.03125
0.78125 0

0.75 0.03125
0.78125 0.03125
0.78125 0.0625
0.75 0.0625
0.75 0.03125

0.78125 0.03125
0.8125 0.03125
0.8125 0.0625
0.78125 0.0625
0.78125 0.03125

0 0.25
0.125 0.25
0.125 0.375
0 0.375
0 0.25

0.125 0.25
0.25 0.25
0.25 0.375
0.125 0.375
0.125 0.25

0 0.375
0.125 0.375
0.125 0.5
0 0.5
0 0.375

0.125 0.375
0.25 0.375
0.25 0.5
0.125 0.5
0.125 0.375

-0.5 0.5
-0.25 0.5
-0.25 0.75
-0.5 0.75
-0.5 0.5

-0.25 0.5
0 0.5
0 0.75
-0.25 0.75
-0.25 0.5

-0.5 0.75
-0.25 0.75
-0.25 1
-0.5 1
-0.5 0.75

-0.25 0.75
0 0.75
0 1
-0.25 1
-0.25 0.75

0.90625 0.21875
0.921875 0.21875
0.921875 0.234375
0.90625 0.234375
0.90625 0.21875

0.921875 0.21875
0.9375 0.21875
0.9375 0.234375
0.921875 0.234375
0.921875 0.21875

0.90625 0.234375
0.921875 0.234375
0.921875 0.25
0.90625 0.25
0.90625 0.234375

0.921875 0.234375
0.9375 0.234375
0.9375 0.25
0.921875 0.25
0.921875 0.234375

1.125 -0.25
1.25 -0.25
1.25 -0.125
1.125 -0.125
1.125 -0.25

1.375 0
1.5 0
1.5 0.125
1.375 0.125
1.375 0

1.125 0.625
1.25 0.625
1.25 0.75
1.125 0.75
1.125 0.625

