0.859375 0.062500 0.998681 -0.051342 0.746918
0.859375 0.078125 0.999727 -0.023360 0.775349
0.343750 -0.156250 -0.962314 -0.271939 0.837871
0.343750 -0.140625 -0.983253 -0.182246 0.998889
0.843750 -0.093750 0.952328 -0.305077 0.077948
0.843750 -0.078125 0.945410 -0.325884 0.403613
0.687500 -0.265625 0.331616 -0.943414 0.286209
0.703125 -0.265625 0.397873 -0.917440 0.007745
0.562500 -0.203125 0.991615 0.129230 0.627176
0.578125 -0.203125 0.970909 0.239450 0.580840
0.812500 -0.015625 -0.966947 0.254979 0.989911
0.843750 -0.031250 0.989685 -0.143259 0.999791
0.859375 -0.031250 0.989685 -0.143259 0.075660
0.859375 -0.015625 0.984556 -0.175068 0.248922
0.593750 -0.281250 0.119142 -0.992877 0.551206
0.609375 -0.281250 0.200180 -0.979759 0.460687
0.609375 -0.265625 0.200181 -0.979759 0.999929
0.437500 -0.250000 -0.384707 -0.923039 0.863161
0.453125 -0.250000 -0.324212 -0.945984 0.997231
0.390625 -0.234375 -0.673841 -0.738876 0.101311
0.328125 -0.140625 -0.983253 -0.182246 0.064081
0.390625 -0.046875 0.969114 0.246615 0.971031
0.484375 -0.187500 0.480872 0.876791 0.953550
0.468750 -0.171875 0.544892 0.838506 0.662452
0.484375 -0.171875 0.512018 0.858975 0.119754
0.890625 0.062500 0.495901 -0.868379 0.000003
0.875000 0.078125 0.994279 0.106816 0.005323
0.796875 -0.031250 -0.937343 0.348407 0.383006
0.796875 -0.015625 -0.966947 0.254979 0.081643
0.859375 0.187500 -0.114185 0.993460 0.310676
0.859375 0.203125 -0.117283 0.993098 0.182113
0.265625 0.125000 -0.899508 -0.436904 0.153239
0.859375 0.125000 -0.168619 0.985681 0.728429
0.859375 0.140625 -0.135285 0.990807 0.662420
0.625000 -0.203125 -0.164673 0.986348 0.841400
0.640625 -0.203125 -0.245519 0.969392 0.994939
-0.031250 -0.031250 -0.000939 -1.000000 0.000000
-0.015625 -0.031250 -0.000942 -1.000000 0.000004
-0.015625 -0.015625 0.267268 -0.963622 0.003903
0.843750 -0.062500 -0.047498 -0.998871 0.697670
0.843750 -0.046875 0.987413 -0.158166 0.905515
0.859375 0.156250 -0.120603 0.992701 0.568263
0.859375 0.171875 -0.114731 0.993397 0.447613
0.328125 -0.093750 -0.267867 0.963456 0.479605
0.328125 -0.078125 0.008995 0.999960 0.402305
0.640625 -0.187500 -0.245519 0.969392 0.080023
0.703125 -0.156250 -0.616613 0.787266 0.033641
0.859375 0.031250 -0.036896 -0.999319 0.623077
0.859375 0.046875 -0.058833 -0.998268 0.695788
0.812500 -0.156250 0.879438 -0.476014 0.372559
0.812500 -0.140625 0.902203 -0.431311 0.873176
0.828125 -0.140625 0.902203 -0.431312 0.019324
0.109375 0.109375 -0.707107 -0.707107 0.011495
0.437500 -0.156250 0.717314 0.696750 0.996701
0.453125 -0.156250 0.666928 0.745122 0.470578
0.437500 -0.140625 0.792190 0.610274 0.503972
0.359375 -0.203125 -0.736232 -0.676729 0.106478
0.812500 -0.171875 0.833683 -0.552243 0.008790
0.421875 -0.125000 0.825233 0.564792 0.766130
0.406250 -0.109375 0.901204 0.433396 0.999889
0.421875 -0.109375 0.894904 0.446259 0.220057
0.562500 -0.281250 -0.021409 -0.999771 0.592247
0.578125 -0.281250 0.051030 -0.998697 0.587951
0.562500 -0.265625 0.080332 -0.996768 0.999241
0.812500 0.031250 -0.033974 0.999423 0.363678
0.812500 0.046875 -0.986489 0.163825 0.186758
0.718750 -0.250000 0.458885 -0.888496 0.400330
0.734375 -0.250000 0.543059 -0.839694 0.011862
0.734375 -0.234375 0.554479 -0.832198 0.809355
0.593750 -0.203125 -0.996860 -0.079184 0.601180
0.609375 -0.203125 -0.995162 -0.098245 0.689537
0.781250 -0.203125 0.740524 -0.672030 0.259140
0.828125 0.093750 -0.135483 0.990780 0.846440
0.828125 0.109375 -0.173666 0.984805 0.782683
0.843750 0.250000 0.682973 0.730444 0.572200
0.859375 0.250000 0.874719 0.484630 0.002089
0.843750 0.265625 0.467785 0.883842 0.015302
0.859375 0.218750 0.996652 0.081762 0.090833
0.843750 0.234375 0.975534 0.219848 0.972657
0.859375 0.234375 0.989479 0.144678 0.026082
0.546875 -0.250000 0.564726 0.825279 0.999609
0.437500 -0.265625 -0.384707 -0.923039 0.027301
0.453125 -0.265625 -0.324212 -0.945985 0.349241
0.859375 0.093750 0.999989 0.004682 0.782571
0.859375 0.109375 -0.265193 0.964195 0.768102
0.328125 -0.125000 -0.982651 -0.185464 0.249597
0.328125 -0.109375 -0.046260 -0.998929 0.415729
0.031250 0.171875 -0.212430 -0.977176 0.006844
0.562500 -0.250000 0.760426 0.649424 0.995301
0.000000 0.000000 0.707107 0.707107 0.003618
0.015625 0.015625 0.707107 0.707107 0.000023
0.828125 0.125000 -0.275801 0.961215 0.743947
0.828125 0.140625 -0.998186 0.060207 0.730468
0.812500 0.062500 -0.994204 0.107512 0.045011
0.828125 0.062500 -0.994204 0.107512 0.998597
0.828125 0.078125 -0.996858 0.079209 0.934107
0.406250 -0.062500 0.972490 0.232946 0.236002
0.406250 -0.046875 0.969114 0.246615 0.036914
0.343750 -0.031250 -0.847151 0.531353 0.511430
0.343750 -0.015625 -0.724538 0.689235 0.024725
0.359375 -0.015625 -0.604013 0.796975 0.536359
0.828125 0.156250 -0.131110 -0.991368 0.743258
0.828125 0.171875 -0.017233 -0.999851 0.784825
0.828125 0.187500 -0.995623 -0.093457 0.859069
0.812500 0.203125 -0.995785 -0.091718 0.001819
0.828125 0.203125 -0.995785 -0.091718 0.964591
0.531250 -0.203125 0.206775 0.978388 0.933113
0.546875 -0.203125 0.164860 0.986317 0.747253
0.750000 -0.234375 0.637026 -0.770842 0.166291
0.812500 0.218750 -0.999294 -0.037569 0.073649
0.812500 0.234375 -1.000000 0.000458 0.073308
0.203125 0.375000 -0.482605 -0.875838 0.031840
-0.015625 0.093750 0.958582 0.284816 0.009711
-0.015625 0.109375 0.861442 0.507857 0.001448
0.343750 -0.187500 -0.811191 -0.584782 0.016917
0.359375 -0.187500 -0.802813 -0.596231 0.792463
0.343750 -0.171875 -0.882013 -0.471225 0.449104
0.828125 0.250000 -0.672260 0.740315 0.811049
0.828125 0.265625 0.170567 0.985346 0.011295
0.000000 0.125000 -0.428778 0.903410 0.000000
0.781250 -0.062500 -0.918091 0.396369 0.188568
0.796875 -0.062500 -0.918091 0.396369 0.997374
0.796875 -0.046875 -0.938431 0.345466 0.767091
-0.015625 0.062500 -0.000548 -1.000000 0.000054
-0.015625 0.078125 0.876212 -0.481925 0.004639
0.000000 0.093750 0.958582 0.284816 0.000851
0.000000 0.109375 0.861443 0.507855 0.002755
0.468750 -0.250000 -0.415889 -0.909415 0.995548
0.484375 -0.250000 -0.560738 -0.827993 0.990992
0.812500 0.000000 -0.975283 0.220961 0.812265
0.812500 0.015625 -0.031402 0.999507 0.573755
0.656250 -0.187500 -0.380991 0.924579 0.389927
0.671875 -0.187500 -0.394318 0.918974 0.777298
0.671875 -0.171875 -0.394319 0.918974 0.000085
0.296875 0.265625 -0.744242 -0.667910 0.065998
0.203125 -0.343750 0.732647 -0.680609 0.012763
0.531250 -0.281250 -0.160968 -0.986960 0.491656
0.546875 -0.281250 -0.055364 -0.998466 0.564968
0.531250 -0.265625 -0.276403 -0.961042 0.999999
0.546875 -0.265625 0.006026 -0.999982 0.999979
0.750000 -0.125000 -0.769296 0.638892 0.630975
0.750000 -0.109375 -0.775536 0.631304 0.037683
0.765625 -0.109375 -0.794610 0.607120 0.827965
0.781250 -0.093750 -0.852706 0.522392 0.991034
0.781250 -0.078125 -0.890350 0.455277 0.656658
0.406250 0.078125 -0.979134 -0.203216 0.073650
0.046875 0.359375 -0.147311 -0.989090 0.006543
0.687500 -0.171875 -0.470960 0.882155 0.279696
0.703125 -0.171875 -0.582235 0.813021 0.851828
0.828125 -0.093750 0.952328 -0.305077 0.982138
0.859375 0.000000 -0.018011 -0.999838 0.403182
0.859375 0.015625 -0.024801 -0.999692 0.526652
0.531250 -0.187500 0.206775 0.978388 0.006986
0.828125 -0.125000 0.925551 -0.378622 0.335098
0.828125 -0.109375 0.944206 -0.329354 0.728493
0.015625 0.375000 -0.061110 -0.998131 0.003672
0.390625 -0.031250 0.864729 0.502239 0.694700
0.375000 -0.015625 0.414767 0.909928 0.665936
0.390625 -0.015625 0.689387 0.724393 0.099502
0.437500 -0.125000 0.824403 0.566003 0.005212
0.468750 -0.156250 0.608774 0.793344 0.001136
0.500000 -0.187500 0.406243 0.913765 0.581665
0.515625 -0.187500 0.288570 0.957459 0.212582
0.734375 -0.125000 -0.726245 0.687436 0.001105
0.328125 -0.062500 -0.977142 0.212586 0.201138
0.328125 -0.046875 -0.950568 0.310518 0.011974
0.453125 -0.171875 0.629677 0.776857 0.999929
0.500000 -0.250000 -0.858286 -0.513172 0.987019
0.703125 -0.250000 0.397873 -0.917440 0.868092
0.484375 -0.281250 -0.175225 -0.984528 0.022980
0.468750 -0.265625 -0.218221 -0.975899 0.705517
0.484375 -0.265625 -0.109146 -0.994026 0.951512
0.406250 -0.468750 -0.970668 -0.240422 0.000389
0.421875 -0.468750 -0.970668 -0.240422 0.007798
0.406250 -0.453125 -0.970668 -0.240423 0.001022
0.421875 -0