0.859375 0.062500 0.997882 -0.065049 0.626044
0.859375 0.078125 0.999479 -0.032283 0.657393
0.343750 -0.156250 -0.980777 -0.195131 0.249884
0.343750 -0.140625 -0.863855 -0.503740 0.511820
0.359375 -0.140625 -0.706508 -0.707705 0.996653
0.843750 -0.093750 0.958948 -0.283582 0.003968
0.843750 -0.078125 0.961448 -0.274988 0.200977
0.687500 -0.265625 0.350866 -0.936426 0.056533
0.562500 -0.203125 0.075867 0.997118 0.995152
0.578125 -0.203125 0.008881 0.999961 0.996107
0.843750 -0.031250 0.988958 -0.148198 0.950112
0.859375 -0.031250 0.988958 -0.148198 0.004470
0.859375 -0.015625 0.990979 -0.134013 0.109805
0.593750 -0.281250 0.985786 0.168007 0.316668
0.609375 -0.281250 0.986760 0.162186 0.224188
0.437500 -0.250000 -0.449474 -0.893293 0.569542
0.453125 -0.250000 -0.366911 -0.930256 0.948961
0.343750 -0.093750 -0.042873 0.999081 0.953221
0.343750 -0.078125 -0.001844 0.999998 0.830414
0.796875 -0.156250 0.854594 -0.519297 0.982651
0.390625 -0.046875 0.826904 0.562344 0.960861
0.468750 -0.171875 0.586617 0.809864 0.989567
0.484375 -0.171875 0.483887 0.875130 0.611705
0.890625 0.062500 0.495901 -0.868379 0.000003
0.875000 0.078125 0.995614 0.093555 0.005323
0.796875 -0.031250 -0.947494 0.319773 0.749615
0.796875 -0.015625 -0.942226 0.334979 0.400325
0.859375 0.187500 0.987609 0.156933 0.201181
0.843750 0.203125 0.991088 0.133206 0.996962
0.859375 0.203125 0.991088 0.133206 0.046367
0.796875 0.000000 -0.974256 0.225445 0.111689
0.265625 0.125000 -0.899508 -0.436904 0.153241
0.859375 0.125000 -0.160699 0.987004 0.620769
0.859375 0.140625 -0.128172 0.991752 0.559040
0.625000 -0.203125 -0.145467 0.989363 0.999791
0.640625 -0.203125 -0.295762 0.955262 0.999860
-0.031250 -0.031250 -0.000942 -1.000000 0.000000
-0.015625 -0.031250 -0.000945 -1.000000 0.000004
-0.015625 -0.015625 0.267265 -0.963623 0.003903
0.468750 -0.468750 0.983611 0.180303 0.000090
0.468750 -0.453125 0.983611 0.180302 0.000000
0.843750 -0.062500 -0.040405 -0.999183 0.520233
0.843750 -0.046875 0.975739 -0.218937 0.772035
0.859375 0.156250 -0.114069 0.993473 0.468379
0.859375 0.171875 -0.107943 0.994157 0.348047
0.625000 -0.187500 -0.145467 0.989363 0.300224
0.640625 -0.187500 -0.211525 0.977373 0.536327
0.687500 -0.156250 -0.509479 0.860483 0.002328
0.703125 -0.156250 -0.535594 0.844476 0.403790
0.859375 0.031250 -0.022699 -0.999742 0.495151
0.859375 0.046875 -0.039589 -0.999216 0.571886
0.812500 -0.156250 0.854594 -0.519297 0.168688
0.812500 -0.140625 0.893960 -0.448146 0.691299
0.109375 0.109375 -0.707107 -0.707107 0.011496
0.453125 -0.156250 0.686031 0.727573 0.924434
0.437500 -0.140625 0.733630 0.679549 0.937023
0.453125 -0.140625 0.711957 0.702223 0.189160
0.375000 -0.140625 0.178766 -0.983892 0.995914
0.421875 -0.125000 0.823555 0.567236 0.999169
0.421875 -0.109375 0.879921 0.475120 0.676552
0.562500 -0.281250 -0.997281 -0.073688 0.363689
0.578125 -0.281250 0.979083 0.203462 0.361803
0.812500 0.031250 -0.045554 0.998962 0.668348
0.812500 0.046875 -0.049396 0.998779 0.484773
0.718750 -0.250000 0.476121 -0.879380 0.133970
0.718750 -0.234375 0.476121 -0.879380 0.980406
0.734375 -0.234375 0.508319 -0.861169 0.526102
0.593750 -0.203125 -0.028477 0.999594 0.999251
0.609375 -0.203125 -0.073955 0.997262 0.999647
0.562500 -0.187500 0.075867 0.997118 0.090390
0.578125 -0.187500 0.008881 0.999961 0.038571
0.781250 -0.203125 0.728573 -0.684968 0.098783
0.812500 0.093750 -0.061689 0.998095 0.117415
0.812500 0.109375 -0.998517 0.054447 0.050083
0.843750 0.250000 0.735725 0.677281 0.572606
0.843750 0.265625 0.662905 0.748704 0.125270
0.843750 0.218750 0.993656 0.112460 0.896251
0.843750 0.234375 -0.153457 0.988155 0.781246
0.546875 -0.234375 -0.925754 0.378125 0.995526
0.453125 -0.265625 -0.366911 -0.930256 0.059116
0.859375 0.093750 1.000000 0.000623 0.667714
0.859375 0.109375 -0.262130 0.965033 0.656574
0.031250 0.171875 -0.212430 -0.977176 0.006844
0.343750 -0.125000 -0.900329 -0.435209 0.803688
0.343750 -0.109375 -0.090588 -0.995889 0.958454
0.578125 -0.250000 -0.924167 0.381989 0.989438
0.000000 0.000000 0.707107 0.707107 0.003618
0.015625 0.015625 0.707107 0.707107 0.000023
0.812500 0.125000 -0.999696 0.024655 0.008926
0.828125 0.125000 -0.999696 0.024656 0.999390
0.828125 0.140625 -0.999998 0.002004 0.991694
0.812500 0.062500 -0.053619 0.998561 0.333028
0.812500 0.078125 -0.057721 0.998333 0.211250
0.406250 -0.062500 0.928154 0.372197 0.447854
0.406250 -0.046875 0.868959 0.494884 0.092761
0.343750 -0.031250 -0.869516 0.493904 0.007051
0.359375 -0.031250 -0.843470 0.537176 0.549918
0.812500 0.156250 -0.999805 -0.019758 0.002908
0.828125 0.156250 -0.999805 -0.019758 0.997461
0.812500 0.171875 -0.998762 -0.049745 0.036447
0.812500 0.187500 0.084913 -0.996388 0.102520
0.812500 0.203125 0.088766 -0.996052 0.201035
0.750000 -0.234375 0.613541 -0.789663 0.025152
0.812500 0.218750 0.089759 -0.995964 0.327708
0.812500 0.234375 -0.500397 -0.865796 0.435971
0.203125 0.375000 -0.482605 -0.875838 0.031840
-0.015625 0.093750 0.905709 -0.423900 0.002255
-0.015625 0.109375 0.994184 -0.107691 0.009691
0.359375 -0.187500 -0.858226 -0.513272 0.362976
0.343750 -0.171875 -0.916482 -0.400075 0.032113
0.359375 -0.171875 -0.941881 -0.335947 0.923065
0.375000 -0.187500 -0.624080 -0.781361 0.997696
0.390625 -0.187500 -0.297559 -0.954703 0.992447
0.375000 -0.171875 -0.680846 -0.732427 0.999996
0.390625 -0.171875 0.470060 -0.882634 0.999998
0.812500 0.250000 -0.912997 0.407966 0.335768
0.812500 0.265625 -0.846192 0.532878 0.020142
0.828125 0.265625 -0.345853 0.938289 0.521344
0.000000 0.125000 0.989129 0.147050 0.000000
0.781250 -0.062500 -0.900546 0.434761 0.553964
0.781250 -0.046875 -0.932924 0.360072 0.133616
0.796875 -0.046875 -0.932924 0.360072 0.991431
-0.015625 0.062500 -0.000547 -1.000000 0.000054
-0.015625 0.078125 0.589088 -0.808069 0.003852
0.000000 0.093750 0.905709 -0.423900 0.002352
0.000000 0.109375 0.994184 -0.107695 0.001254
0.812500 0.000000 -0.974256 0.225445 0.998757
0.812500 0.015625 -0.983620 0.180252 0.876857
0.656250 -0.187500 -0.092661 0.995698 0.844433
0.656250 -0.171875 -0.320273 0.947325 0.000749
0.671875 -0.171875 -0.429905 0.902874 0.263111
0.296875 0.265625 -0.744242 -0.667910 0.065999
0.203125 -0.343750 0.732647 -0.680609 0.012763
0.531250 -0.281250 -0.991763 -0.128090 0.235803
0.546875 -0.281250 -0.992639 -0.121111 0.322789
0.750000 -0.125000 -0.737088 0.675797 0.948016
0.750000 -0.109375 -0.812727 0.582644 0.347422
0.765625 -0.109375 -0.808467 0.588542 0.998241
0.781250 -0.078125 -0.873340 0.487112 0.954472
0.406250 0.078125 -0.979134 -0.203216 0.073650
0.046875 0.359375 -0.147311 -0.989090 0.006543
0.687500 -0.171875 -0.509479 0.860483 0.766180
0.828125 -0.093750 0.958948 -0.283582 0.886105
0.859375 0.000000 -0.010066 -0.999949 0.262366
0.859375 0.015625 -0.013875 -0.999904 0.392849
0.531250 -0.187500 0.995165 0.098217 0.419024
0.546875 -0.187500 0.176095 0.984373 0.213359
0.812500 -0.125000 0.921187 -0.389119 0.996424
0.828125 -0.125000 0.921187 -0.389120 0.159223
0.828125 -0.109375 0.921069 -0.389399 0.561382
0.015625 0.375000 -0.061110 -0.998131 0.003672
0.375000 -0.031250 0.218378 0.975864 0.846529
0.390625 -0.031250 0.738332 0.674437 0.327165
0.437500 -0.125000 0.821125 0.570748 0.309237
0.468750 -0.156250 0.591543 0.806273 0.292570
0.500000 -0.187500 0.401239 0.915974 0.982421
0.515625 -0.187500 0.314144 0.949375 0.716536
0.500000 -0.171875 0.401238 0.915974 0.136382
0.437500 -0.468750 -0.984651 0.174534 0.000009
0.453125 -0.468750 -0.008967 0.999960 0.012192
0.437500 -0.453125 -0.984651 0.174533 0.000036
0.453125 -0.453125 -0.008967 0.999960 0.008505
0.656250 -0.203125 -0.216067 0.976379 0.999917
0.671875 -0.203125 -0.000523 1.000000 0.999999
0.734375 -0.125000 -0.737556 0.675287 0.204850
0.687500 -0.250000 0.350867 -0.936425 0.966045
0.703125 -0.250000 0.428217 -0.903676 0.596235
0.468750 -0.265625 -0.336059 -0.941841 0.381641
0.484375 -0.265625 -0.278963 -0.960302 0.692772
0.765625 -0.093750 -0.859957 0.510366 0.651280
0.765625 -0.078125 -0.873340 0.487112 0.112006
0.750000 -0.218750 0.625185 -0.780476 0.797062
0.765625 -0.218750 0.687418 -0.726262 0.098516
0.765625 -0.203125 0.711756 -0.702427 0.856618
0.343750 -0.062500 0.005909 0.999983 0.624073
0.343750 -0.046875 -0