0.859375 0.062500 0.996343 -0.085439 0.500347
0.859375 0.078125 0.998993 -0.044861 0.534206
0.359375 -0.156250 -0.918408 -0.395634 0.589498
0.343750 -0.140625 -0.941018 -0.338355 0.108320
0.359375 -0.140625 -0.925690 -0.378283 0.977085
0.843750 -0.078125 0.964361 -0.264592 0.046304
0.562500 -0.203125 0.226806 0.973940 0.995152
0.500000 -0.468750 0.862150 0.506653 0.003729
0.500000 -0.453125 0.862149 0.506654 0.001100
0.843750 -0.031250 0.982208 -0.187793 0.819412
0.843750 -0.015625 0.990830 -0.135117 0.971334
0.859375 -0.015625 0.990830 -0.135117 0.011460
0.593750 -0.281250 0.052445 -0.998624 0.064258
0.609375 -0.281250 0.099812 -0.995006 0.003665
0.609375 -0.265625 0.099812 -0.995006 0.972353
0.437500 -0.250000 -0.524857 -0.851190 0.180078
0.453125 -0.250000 -0.424145 -0.905594 0.656027
0.437500 -0.234375 -0.524857 -0.851190 0.969707
0.343750 -0.093750 0.005103 0.999987 0.373053
0.343750 -0.078125 -0.985063 0.172195 0.240251
0.796875 -0.156250 0.837553 -0.546356 0.872688
0.375000 -0.046875 -0.222833 0.974856 0.986860
0.390625 -0.046875 0.553606 0.832779 0.751285
0.484375 -0.171875 0.518163 0.855282 0.986103
0.890625 0.062500 0.495901 -0.868379 0.000003
0.875000 0.078125 0.997221 0.074495 0.005323
0.781250 -0.031250 -0.945237 0.326385 0.114150
0.796875 -0.031250 -0.945237 0.326385 0.989905
0.796875 -0.015625 -0.958195 0.286114 0.767413
0.796875 0.031250 -0.984217 0.176965 0.012899
0.843750 0.187500 0.992276 0.124053 0.999998
0.859375 0.187500 0.992276 0.124052 0.099506
0.843750 0.203125 0.990052 0.140699 0.919476
0.796875 0.000000 -0.016193 0.999869 0.458284
0.796875 0.015625 -0.974332 0.225117 0.186870
0.265625 0.125000 -0.899508 -0.436904 0.153242
0.859375 0.125000 -0.149107 0.988821 0.506218
0.859375 0.140625 -0.119748 0.992804 0.448436
0.625000 -0.218750 -0.948683 0.316228 0.998048
-0.031250 -0.031250 -0.000945 -1.000000 0.000000
-0.015625 -0.031250 -0.000948 -1.000000 0.000004
-0.015625 -0.015625 0.267262 -0.963624 0.003903
0.484375 -0.468750 0.862150 0.506654 0.009971
0.484375 -0.453125 0.862149 0.506655 0.006033
0.734375 -0.218750 0.572720 -0.819751 0.991520
0.843750 -0.062500 0.958257 -0.285910 0.318958
0.843750 -0.046875 -0.037115 -0.999311 0.599987
0.859375 0.156250 -0.107204 0.994237 0.362193
0.859375 0.171875 0.989427 0.145030 0.244137
0.625000 -0.187500 -0.190761 0.981636 0.770005
0.640625 -0.187500 -0.261928 0.965087 0.972213
0.640625 -0.171875 -0.261928 0.965087 0.037110
0.687500 -0.156250 -0.488090 0.872793 0.290022
0.703125 -0.156250 -0.608528 0.793533 0.881926
0.703125 -0.140625 -0.632179 0.774822 0.060242
0.859375 0.031250 -0.009251 -0.999957 0.360904
0.859375 0.046875 -0.021143 -0.999776 0.442824
0.812500 -0.156250 0.853190 -0.521600 0.040798
0.812500 -0.140625 0.889737 -0.456474 0.471999
0.109375 0.109375 -0.707107 -0.707107 0.011496
0.812500 0.281250 -0.306522 0.951864 0.004222
0.828125 0.281250 0.241895 0.970302 0.023392
0.453125 -0.140625 0.704925 0.709282 0.733082
0.375000 -0.156250 -0.750559 -0.660803 0.991873
0.421875 -0.109375 0.836945 0.547287 0.975005
0.562500 -0.281250 -0.991677 -0.128752 0.104521
0.578125 -0.281250 0.986325 0.164811 0.105065
0.812500 0.031250 -0.984217 0.176965 0.960500
0.812500 0.046875 -0.985599 0.169102 0.793711
0.718750 -0.250000 0.488537 -0.872543 0.004496
0.718750 -0.234375 0.503310 -0.864106 0.806009
0.734375 -0.234375 0.570275 -0.821454 0.226765
0.562500 -0.187500 0.226806 0.973940 0.561171
0.578125 -0.187500 0.039777 0.999209 0.510401
0.781250 -0.203125 0.732632 -0.680625 0.009736
0.812500 0.093750 -0.086469 0.996255 0.407259
0.812500 0.109375 -0.101250 0.994861 0.334696
0.843750 0.250000 0.964527 0.263986 0.423508
0.843750 0.265625 0.804013 0.594611 0.133704
0.843750 0.218750 -0.144061 0.989569 0.739333
0.843750 0.234375 -0.146308 0.989239 0.578548
0.546875 -0.234375 -0.925754 0.378125 0.995526
-0.015625 0.156250 -0.001140 -0.999999 0.010480
0.859375 0.093750 0.999990 -0.004484 0.547222
0.859375 0.109375 -0.250036 0.968237 0.538979
0.671875 -0.156250 -0.421848 0.906667 0.000017
0.031250 0.171875 -0.212430 -0.977176 0.006844
0.343750 -0.125000 -0.986087 -0.166229 0.345485
0.343750 -0.109375 -0.160767 -0.986992 0.390420
0.000000 0.000000 0.707107 0.707107 0.003618
0.015625 0.015625 0.707107 0.707107 0.000023
0.812500 0.125000 -0.132186 0.991225 0.288473
0.812500 0.140625 -0.329958 0.943996 0.267982
0.671875 -0.250000 0.295871 -0.955228 0.996220
0.812500 0.062500 -0.068841 0.997628 0.635843
0.812500 0.078125 -0.076558 0.997065 0.507178
0.406250 -0.062500 0.865610 0.500719 0.564835
0.406250 -0.046875 0.743733 0.668477 0.049763
0.812500 0.156250 -0.036876 -0.999320 0.273161
0.812500 0.171875 0.035690 -0.999363 0.304802
0.812500 0.187500 0.057923 -0.998321 0.365090
0.812500 0.203125 0.069870 -0.997556 0.457311
0.812500 0.218750 0.075351 -0.997157 0.579507
0.812500 0.234375 0.064506 -0.997917 0.708164
0.203125 0.375000 -0.482605 -0.875838 0.031840
0.375000 -0.187500 -0.824684 -0.565594 0.826419
0.812500 0.250000 -0.972531 0.232774 0.774101
0.812500 0.265625 -0.532262 0.846580 0.518076
0.828125 0.265625 0.383844 0.923398 0.968832
0.781250 -0.062500 -0.893555 0.448954 0.913631
0.781250 -0.046875 -0.908427 0.418043 0.496443
-0.015625 0.062500 -0.000547 -1.000000 0.000054
-0.015625 0.078125 0.728885 -0.684636 0.003852
0.000000 0.093750 0.725614 0.688102 0.003607
0.468750 -0.250000 -0.320753 -0.947163 0.969156
0.656250 -0.171875 -0.391050 0.920369 0.342482
0.671875 -0.171875 -0.421848 0.906667 0.755348
0.296875 0.265625 -0.744242 -0.667910 0.066000
0.203125 -0.343750 0.732647 -0.680609 0.012764
0.531250 -0.281250 -0.100261 -0.994961 0.002962
0.546875 -0.281250 -0.052796 -0.998605 0.058514
0.531250 -0.265625 -0.100261 -0.994961 0.965018
0.750000 -0.109375 -0.766796 0.641891 0.802827
0.406250 0.078125 -0.979134 -0.203216 0.073651
0.046875 0.359375 -0.147311 -0.989090 0.006543
0.828125 -0.093750 0.954056 -0.299629 0.737036
0.828125 -0.078125 0.964361 -0.264592 0.972767
0.859375 0.000000 0.992275 -0.124058 0.121328
0.859375 0.015625 -0.004206 -0.999991 0.252359
0.531250 -0.187500 0.239474 0.970903 0.913517
0.546875 -0.187500 0.254295 0.967127 0.699010
0.531250 -0.171875 0.239474 0.970903 0.007466
0.812500 -0.125000 0.913092 -0.407753 0.919187
0.828125 -0.125000 0.913092 -0.407753 0.038967
0.828125 -0.109375 0.930065 -0.367396 0.377925
0.015625 0.375000 -0.061110 -0.998131 0.003672
0.375000 -0.031250 -0.143156 0.989700 0.033123
0.390625 -0.031250 0.444336 0.895860 0.005282
0.437500 -0.125000 0.761458 0.648214 0.811671
0.453125 -0.125000 0.734885 0.678191 0.041702
0.437500 -0.109375 0.824837 0.565371 0.153992
0.468750 -0.156250 0.637840 0.770169 0.816346
0.484375 -0.156250 0.530331 0.847791 0.215996
0.468750 -0.140625 0.660192 0.751097 0.055113
0.500000 -0.171875 0.429913 0.902870 0.653331
0.515625 -0.171875 0.326081 0.945342 0.239915
0.671875 -0.203125 -0.961106 0.276180 0.999729
0.718750 -0.125000 -0.699955 0.714187 0.021300
0.734375 -0.125000 -0.723536 0.690287 0.700323
0.734375 -0.109375 -0.745753 0.666222 0.040462
0.593750 -0.234375 -0.935829 0.352455 0.991413
0.687500 -0.250000 0.348761 -0.937212 0.741241
0.703125 -0.250000 0.410531 -0.911847 0.322785
0.468750 -0.265625 -0.320753 -0.947163 0.074024
0.484375 -0.265625 -0.297382 -0.954759 0.367161
0.750000 -0.093750 -0.813590 0.581439 0.160822
0.765625 -0.093750 -0.823389 0.567477 0.959435
0.765625 -0.078125 -0.877494 0.479587 0.500639
0.750000 -0.218750 0.580875 -0.813993 0.502169
0.765625 -0.218750 0.668933 -0.743322 0.006438
0.765625 -0.203125 0.698913 -0.715207 0.622098
0.343750 -0.062500 -0.935156 0.354237 0.059859
0.359375 -0.062500 -0.919869 0.392225 0.963622
0.359375 -0.046875 -0.704399 0.709804 0.459321
0.781250 -0.187500 0.801259 -0.598318 0.531860
0.781250 -0.171875 0.804059 -0.594550 0.998471
0.796875 -0.171875 0.815995 -0.578059 0.286735
0.421875 -0.093750 0.885892 0.463891 0.558946
0.406250 -0.078125 0.895627 0.444806 0.962785
0.421875 -0.078125 0.895627 0.444806 0.085933
0.406250 -0.218750 -0.600791 -0.799406 0.758543
0.765625 -0.062500 -0.893555 0.448954 0.052087
0.625000 -0.265625 0.162438 -0.986719 0.838603
0.640625 -0.265625 0.986208 0.165513 0.650428
0.500000 -0.265625 -0.993701 -0.112065 0.628319
0.515625 -0.265625 -0.170