0.859375 0.062500 0.992676 -0.120804 0.369646
0.859375 0.078125 0.997867 -0.065286 0.406100
0.359375 -0.156250 -0.917107 -0.398640 0.239954
0.359375 -0.140625 -0.930180 -0.367104 0.637667
0.843750 -0.078125 0.970928 -0.239372 0.000054
0.562500 -0.203125 0.566024 0.824389 0.995152
0.515625 -0.468750 -0.832425 0.554138 0.003782
0.515625 -0.453125 -0.832424 0.554139 0.003260
0.843750 -0.031250 -0.033945 -0.999424 0.647976
0.843750 -0.015625 0.986030 -0.166568 0.842188
0.593750 -0.265625 0.982200 0.187837 0.797043
0.609375 -0.265625 0.985366 0.170452 0.710257
0.453125 -0.250000 -0.486187 -0.873855 0.248449
0.437500 -0.234375 -0.484428 -0.874831 0.605041
0.453125 -0.234375 -0.486187 -0.873855 0.978239
0.359375 -0.093750 -0.013101 0.999914 0.762019
0.359375 -0.078125 -0.937092 0.349081 0.636994
0.796875 -0.156250 0.869139 -0.494568 0.675733
0.796875 -0.140625 0.878335 -0.478045 0.999980
0.375000 -0.062500 -0.529377 0.848387 0.973788
0.390625 -0.062500 0.328183 0.944614 0.999978
0.375000 -0.046875 -0.375147 0.926965 0.148453
0.390625 -0.046875 0.237235 0.971452 0.167718
0.468750 -0.171875 1.000000 0.000140 0.999998
0.890625 0.062500 0.495901 -0.868379 0.000003
0.875000 0.078125 0.999089 0.042671 0.005323
0.781250 -0.031250 -0.915296 0.402782 0.484181
0.781250 -0.015625 -0.955903 0.293684 0.126560
0.796875 -0.015625 -0.955903 0.293684 0.995754
0.796875 0.031250 -0.030111 0.999547 0.307406
0.796875 0.046875 -0.987558 0.157256 0.105751
0.843750 0.187500 0.988646 0.150263 0.976144
0.859375 0.187500 0.988646 0.150263 0.014050
0.843750 0.203125 0.982174 0.187976 0.807431
0.406250 -0.171875 0.849463 -0.527649 0.911597
0.421875 -0.171875 0.147135 -0.989116 0.902353
0.796875 0.000000 -0.969568 0.244822 0.819289
0.796875 0.015625 -0.028090 0.999605 0.548893
0.265625 0.125000 -0.899508 -0.436904 0.153244
0.859375 0.125000 -0.133052 0.991109 0.385533
0.859375 0.140625 -0.109086 0.994032 0.330394
0.625000 -0.218750 -0.948683 0.316228 0.998048
-0.031250 -0.031250 -0.000947 -1.000000 0.000000
-0.015625 -0.031250 -0.000950 -1.000000 0.000004
-0.015625 -0.015625 0.267260 -0.963625 0.003903
0.734375 -0.218750 0.583375 -0.812203 0.859332
0.843750 -0.062500 0.974955 -0.222403 0.128053
0.843750 -0.046875 -0.030962 -0.999521 0.406715
0.859375 0.156250 -0.099888 0.994999 0.248432
0.859375 0.171875 0.992630 0.121186 0.137789
0.625000 -0.171875 -0.995274 -0.097110 0.266442
0.640625 -0.171875 -0.328198 0.944609 0.514604
0.687500 -0.156250 -0.540553 0.841310 0.815938
0.687500 -0.140625 -0.540553 0.841310 0.013029
0.703125 -0.140625 -0.563951 0.825808 0.513801
0.796875 0.250000 -0.999883 -0.015307 0.116473
0.796875 0.265625 -0.950277 0.311406 0.059588
-0.015625 0.203125 0.001846 0.999998 0.008631
0.796875 0.234375 -0.992650 -0.121021 0.012975
0.859375 0.031250 0.002705 -0.999996 0.219888
0.859375 0.046875 -0.003813 -0.999993 0.307514
0.812500 -0.140625 0.878335 -0.478045 0.243741
0.109375 0.109375 -0.707107 -0.707107 0.011496
0.812500 0.281250 -0.578408 0.815747 0.438243
0.828125 0.281250 0.632234 0.774778 0.299113
0.453125 -0.140625 0.698009 0.716089 0.992195
0.375000 -0.156250 -0.917107 -0.398640 0.999618
0.765625 -0.187500 0.720943 -0.692994 0.978947
0.562500 -0.265625 -0.999471 -0.032524 0.834226
0.578125 -0.265625 0.955438 0.295191 0.839226
0.718750 -0.234375 0.475295 -0.879827 0.505673
0.734375 -0.234375 0.566280 -0.824213 0.034250
0.562500 -0.187500 -0.040536 0.999178 0.990776
0.578125 -0.187500 -0.115922 0.993258 0.987771
0.562500 -0.171875 0.087565 0.996159 0.060535
0.578125 -0.171875 0.009891 0.999951 0.002758
0.796875 0.062500 -0.992435 0.122770 0.000867
0.812500 0.093750 -0.109547 0.993982 0.712606
0.812500 0.109375 -0.133135 0.991098 0.634894
0.843750 0.250000 0.981002 0.193996 0.226324
0.843750 0.265625 0.908545 0.417787 0.045905
0.843750 0.218750 -0.133794 0.991009 0.605774
0.843750 0.234375 -0.135052 0.990838 0.404158
0.546875 -0.234375 -0.925754 0.378125 0.995526
0.859375 0.093750 0.999932 -0.011691 0.421154
0.859375 0.109375 -0.228688 0.973500 0.415550
0.656250 -0.156250 -0.341484 0.939888 0.001025
0.671875 -0.156250 -0.444328 0.895864 0.284950
0.437500 -0.093750 0.819108 0.573639 0.035415
0.031250 0.171875 -0.212430 -0.977176 0.006844
0.359375 -0.125000 -0.079624 -0.996825 0.809908
0.359375 -0.109375 -0.134242 0.990948 0.819801
0.000000 0.000000 0.707107 0.707107 0.003618
0.015625 0.015625 0.707107 0.707107 0.000023
0.812500 0.125000 -0.183361 0.983046 0.584239
0.812500 0.140625 -0.421684 0.906743 0.560035
0.656250 -0.250000 0.227546 -0.973767 1.000000
0.671875 -0.250000 0.288776 -0.957397 0.840079
0.812500 0.062500 -0.992435 0.122770 0.947265
0.812500 0.078125 -0.992339 0.123544 0.818002
0.406250 -0.062500 0.688709 0.725037 0.500526
0.812500 0.156250 -0.201847 -0.979417 0.562021
0.812500 0.171875 -0.020182 -0.999796 0.590564
0.812500 0.187500 0.025152 -0.999684 0.646893
0.812500 0.203125 0.047350 -0.998878 0.733107
0.812500 0.218750 -0.991748 -0.128205 0.850188
0.812500 0.234375 -0.992650 -0.121021 0.983283
0.203125 0.375000 -0.482605 -0.875838 0.031841
0.375000 -0.187500 -0.826038 -0.563614 0.256149
0.390625 -0.187500 -0.918698 -0.394960 0.998569
0.375000 -0.171875 -0.896228 -0.443595 0.736922
0.812500 0.265625 -0.868643 0.495438 0.993333
0.828125 0.265625 0.822648 0.568551 0.952153
0.781250 -0.046875 -0.911631 0.411011 0.888313
-0.015625 0.062500 -0.000547 -1.000000 0.000054
-0.015625 0.078125 0.728885 -0.684636 0.003852
0.000000 0.093750 0.725614 0.688102 0.003607
0.468750 -0.250000 -0.400992 -0.916082 0.687318
0.484375 -0.250000 -0.277219 -0.960807 0.964969
0.656250 -0.171875 -0.341484 0.939888 0.841165
0.296875 0.265625 -0.744242 -0.667910 0.066001
0.203125 -0.343750 0.732647 -0.680609 0.012764
0.531250 -0.265625 -0.993891 -0.110363 0.678231
0.546875 -0.265625 -0.995321 -0.096623 0.780556
0.750000 -0.109375 -0.777201 0.629253 0.998896
0.406250 0.078125 -0.979134 -0.203216 0.073651
0.046875 0.359375 -0.147311 -0.989090 0.006543
0.828125 -0.093750 0.926191 -0.377055 0.567165
0.828125 -0.078125 0.970928 -0.239372 0.866282
0.500000 -0.156250 0.449092 0.893485 0.214947
0.843750 0.000000 0.992785 -0.119905 0.977479
0.859375 0.000000 0.992785 -0.119905 0.012019
0.859375 0.015625 0.994279 -0.106814 0.109934
0.531250 -0.187500 0.477133 0.878831 0.995933
0.531250 -0.171875 0.477133 0.878831 0.444624
0.546875 -0.171875 0.127719 0.991810 0.207872
0.812500 -0.125000 0.901647 -0.432472 0.742677
0.812500 -0.109375 0.930725 -0.365719 0.999625
0.828125 -0.109375 0.930725 -0.365719 0.179945
0.015625 0.375000 -0.061110 -0.998131 0.003672
0.437500 -0.125000 0.761966 0.647617 0.998887
0.453125 -0.125000 0.735783 0.677217 0.419593
0.437500 -0.109375 0.823586 0.567191 0.586771
0.468750 -0.156250 0.763065 0.646322 0.999963
0.484375 -0.156250 0.455750 0.890108 0.743112
0.468750 -0.140625 0.619224 0.785214 0.486959
0.484375 -0.140625 0.558357 0.829601 0.012024
0.500000 -0.171875 0.433268 0.901265 0.997050
0.515625 -0.171875 0.382748 0.923853 0.773250
0.671875 -0.203125 -0.961106 0.276180 0.999729
0.718750 -0.125000 -0.678212 0.734867 0.360411
0.734375 -0.125000 -0.713501 0.700654 0.984049
0.734375 -0.109375 -0.773670 0.633589 0.406092
0.593750 -0.234375 -0.935829 0.352455 0.991413
0.687500 -0.250000 0.399007 -0.916948 0.468245
0.703125 -0.250000 0.431902 -0.901921 0.072790
0.703125 -0.234375 0.431902 -0.901921 0.958370
0.484375 -0.265625 -0.277219 -0.960807 0.057842
0.750000 -0.093750 -0.835505 0.549483 0.616939
0.750000 -0.078125 -0.845758 0.533566 0.062598
0.765625 -0.078125 -0.845758 0.533566 0.893462
0.406250 -0.156250 0.147133 -0.989117 0.979200
0.421875 -0.156250 0.147132 -0.989117 0.968542
0.750000 -0.218750 0.642407 -0.766364 0.196999
0.750000 -0.203125 0.670512 -0.741899 0.966708
0.765625 -0.203125 0.692264 -0.721645 0.303783
0.359375 -0.062500 -0.764145 0.645045 0.263987
0.781250 -0.187500 0.749788 -0.661678 0.265421
0.781250 -0.171875 0.782524 -0.622621 0.919620
0.796875 -0.171875 0.798986 -0.601350 0.107571
0.421875 -0.093750 0.807860 0.589375 0.855125
0.406250 -0.078125 0.769656 0.638458 0.995746
0.421875 -0.078125 0.811133 0.584862 0.258359
-0.015625 0.218750 0.001846 0.999998 0.003315
0.406250 -0.218750 -0.622961 -0.782253 0.333318
0.421875 -0.218750 -0.585