0.843750 0.062500 -0.996245 0.086577 0.999581
0.843750 0.078125 -0.998228 0.059497 0.953421
0.312500 0.000000 -0.867673 0.497135 0.032984
0.328125 0.000000 -0.855132 0.518411 0.842299
0.328125 0.015625 -0.781235 0.624237 0.263809
0.531250 -0.296875 -0.066340 -0.997797 0.381052
0.546875 -0.296875 -0.060485 -0.998169 0.445002
0.843750 -0.093750 0.964279 -0.264887 0.731790
0.843750 -0.078125 0.977788 -0.209594 0.947342
0.859375 -0.078125 0.977788 -0.209594 0.012632
0.687500 -0.281250 0.311468 -0.950257 0.270175
0.703125 -0.281250 0.384272 -0.923220 0.007286
0.703125 -0.265625 0.384272 -0.923220 0.871925
0.812500 -0.031250 -0.967531 0.252752 0.177646
0.812500 -0.015625 -0.977838 0.209362 0.006093
0.828125 -0.015625 -0.977838 0.209362 0.923898
0.859375 -0.031250 -0.039188 -0.999232 0.623344
0.859375 -0.015625 -0.045892 -0.998946 0.777983
0.593750 -0.281250 0.234755 -0.972054 0.999497
0.593750 -0.265625 0.804252 0.594289 0.997247
0.375000 -0.250000 -0.628312 -0.777962 0.025814
0.390625 -0.250000 -0.542777 -0.839877 0.552233
0.375000 -0.234375 -0.626428 -0.779479 0.763212
0.312500 -0.156250 -0.920648 -0.390393 0.446065
0.312500 -0.140625 -0.958881 -0.283809 0.808343
0.375000 -0.062500 0.999990 -0.004468 0.952557
0.375000 -0.046875 0.996428 -0.084447 0.991321
0.390625 -0.046875 0.996428 -0.084447 0.014081
0.875000 0.062500 0.987987 -0.154534 0.176632
0.890625 0.062500 0.987987 -0.154534 0.000003
0.875000 0.078125 0.999852 -0.017179 0.191096
0.562500 -0.296875 -0.003244 -0.999995 0.465183
0.578125 -0.296875 0.022114 -0.999755 0.452081
0.406250 -0.265625 -0.494311 -0.869285 0.231182
0.421875 -0.265625 -0.409487 -0.912316 0.657475
0.843750 0.187500 -0.355542 0.934660 0.985265
0.859375 0.187500 0.999420 0.034069 0.992584
0.843750 0.203125 0.046443 0.998921 0.906421
0.859375 0.203125 0.819206 0.573499 0.917213
0.265625 0.125000 -0.899508 -0.436904 0.153233
0.843750 0.125000 -0.999855 0.017042 0.824743
0.843750 0.140625 -0.987083 -0.160210 0.836043
0.859375 0.140625 0.906181 -0.422890 0.999699
0.625000 -0.218750 -0.992428 -0.122827 0.215480
0.640625 -0.218750 -0.992256 -0.124207 0.431707
-0.031250 -0.031250 -0.000928 -1.000000 0.000000
-0.015625 -0.031250 -0.000931 -1.000000 0.000004
-0.015625 -0.015625 0.267279 -0.963619 0.003903
0.859375 -0.062500 0.975832 -0.218523 0.197798
0.859375 -0.046875 -0.034533 -0.999404 0.435158
0.843750 0.156250 -0.964214 -0.265126 0.887194
0.859375 0.156250 0.999538 -0.030405 0.980444
0.843750 0.171875 -0.810101 -0.586290 0.960645
0.859375 0.171875 0.998226 0.059542 0.974288
0.296875 -0.093750 -0.959280 0.282457 0.293044
0.296875 -0.078125 0.006693 0.999978 0.246217
0.812500 -0.156250 0.885485 -0.464668 0.986781
0.828125 -0.156250 0.885485 -0.464668 0.152694
0.828125 -0.140625 0.903620 -0.428336 0.631174
0.109375 0.109375 -0.707107 -0.707107 0.011495
0.390625 -0.140625 0.865287 0.501278 0.998371
0.593750 -0.296875 0.079374 -0.996845 0.415661
0.609375 -0.296875 0.169660 -0.985503 0.337876
0.343750 -0.218750 -0.726713 -0.686941 0.131215
0.359375 -0.218750 -0.693184 -0.720760 0.880456
0.343750 -0.203125 -0.798649 -0.601797 0.815605
0.453125 -0.203125 0.555740 0.831356 0.955796
0.812500 -0.187500 0.820394 -0.571799 0.074005
0.812500 -0.171875 0.876089 -0.482150 0.589870
0.390625 -0.093750 0.983547 0.180651 0.125757
0.375000 -0.078125 0.997050 0.076761 0.982708
0.390625 -0.078125 0.997050 0.076761 0.005430
0.750000 -0.171875 -0.696145 0.717901 0.998541
0.562500 -0.281250 -0.004538 -0.999990 0.999099
0.578125 -0.281250 0.022097 -0.999756 0.999995
0.562500 -0.265625 -0.014072 0.999901 0.984565
0.578125 -0.265625 -0.502681 0.864472 0.999909
0.328125 -0.187500 -0.876355 -0.481665 0.479102
0.312500 -0.171875 -0.901035 -0.433746 0.059184
0.328125 -0.171875 -0.901035 -0.433746 0.946641
0.828125 0.031250 -0.034345 0.999410 0.313154
0.828125 0.046875 -0.990329 0.138740 0.163974
0.343750 0.015625 -0.741698 0.670734 0.988740
0.734375 -0.250000 0.552392 -0.833585 0.828473
0.609375 -0.218750 -0.143220 0.989691 0.061984
0.156250 -0.312500 0.204408 0.978886 0.007607
0.171875 -0.312500 0.204409 0.978886 0.005019
0.156250 -0.296875 0.204409 0.978885 0.000078
0.171875 -0.296875 0.204408 0.978886 0.000058
0.781250 -0.218750 0.725326 -0.688406 0.378790
0.781250 -0.203125 0.740079 -0.672520 0.987292
0.796875 -0.203125 0.773493 -0.633805 0.265064
0.296875 -0.062500 -0.992866 0.119238 0.140199
0.296875 -0.046875 -0.983490 0.180962 0.020537
0.359375 -0.234375 -0.674948 -0.737865 0.098527
0.843750 0.218750 0.044728 0.998999 0.304880
0.859375 0.218750 0.573510 0.819198 0.236687
0.546875 -0.234375 0.096009 0.995381 0.999564
0.437500 -0.281250 -0.288092 -0.957603 0.116037
0.453125 -0.281250 -0.303016 -0.952985 0.466798
0.437500 -0.265625 -0.288092 -0.957603 0.949248
0.453125 -0.265625 -0.303016 -0.952985 0.990536
0.843750 0.093750 -0.171031 0.985266 0.885239
0.843750 0.109375 -0.264917 0.964271 0.841782
0.312500 -0.125000 -0.982421 -0.186681 0.999092
0.031250 0.171875 -0.212430 -0.977176 0.006844
0.328125 -0.203125 -0.811686 -0.584095 0.023538
0.562500 -0.234375 0.032479 0.999472 0.963752
0.578125 -0.234375 -0.686331 0.727289 0.937900
0.000000 0.000000 0.707107 0.707107 0.003618
0.015625 0.015625 0.707107 0.707107 0.000023
0.500000 -0.296875 -0.093397 -0.995629 0.135819
0.515625 -0.296875 -0.124153 -0.992263 0.276932
0.625000 -0.296875 0.148469 -0.988917 0.217109
0.640625 -0.296875 0.166543 -0.986034 0.057841
0.828125 0.062500 -0.996245 0.086577 0.044062
0.531250 -0.218750 0.186119 0.982527 0.196667
0.546875 -0.218750 0.096009 0.995381 0.049134
0.750000 -0.250000 0.623379 -0.781920 0.191317
0.750000 -0.234375 0.653189 -0.757195 0.971062
0.765625 -0.234375 0.664359 -0.747414 0.347818
0.312500 -0.031250 -0.957452 0.288593 0.735456
0.312500 -0.015625 -0.917474 0.397795 0.381893
0.687500 -0.203125 -0.444236 0.895910 0.515482
0.703125 -0.203125 -0.523223 0.852196 0.955483
0.203125 0.375000 -0.482605 -0.875838 0.031839
0.000000 0.125000 0.690549 0.723286 0.000000
0.015625 0.125000 0.690549 0.723286 0.000000
0.843750 -0.125000 0.933257 -0.359210 0.078152
0.843750 -0.109375 0.938279 -0.345878 0.425506
0.796875 -0.062500 -0.938162 0.346198 0.006779
-0.015625 0.062500 -0.000549 -1.000000 0.000054
-0.015625 0.078125 0.890285 -0.455404 0.015799
0.000000 0.093750 0.879333 0.476207 0.000764
0.000000 0.109375 0.951940 0.306284 0.002779
0.015625 0.109375 0.951940 0.306284 0.000064
0.828125 0.000000 -0.973317 0.229463 0.702436
0.828125 0.015625 -0.031369 0.999508 0.492011
0.296875 0.265625 -0.744242 -0.667910 0.065994
0.812500 -0.062500 -0.938162 0.346198 0.870912
0.812500 -0.046875 -0.926824 0.375495 0.498627
0.421875 -0.171875 0.717900 0.696146 0.733933
0.546875 -0.281250 -0.199769 -0.979843 0.999994
0.546875 -0.265625 0.730929 0.682453 0.999629
0.390625 0.000000 -0.014538 -0.999894 0.559364
0.390625 0.015625 0.990982 0.133993 0.672113
0.765625 -0.125000 -0.814044 0.580803 0.042739
0.796875 -0.093750 -0.900930 0.433965 0.729390
0.796875 -0.078125 -0.927447 0.373954 0.272252
0.406250 0.078125 -0.979134 -0.203216 0.073650
0.046875 0.359375 -0.147311 -0.989090 0.006543
0.703125 -0.187500 -0.552673 0.833398 0.100793
0.859375 0.000000 0.994242 -0.107159 0.906095
0.859375 0.015625 0.997070 -0.076501 0.990579
0.828125 -0.125000 0.933257 -0.359210 0.971570
0.781250 -0.125000 -0.803613 0.595152 0.850010
0.781250 -0.109375 -0.864506 0.502623 0.275958
0.796875 -0.109375 -0.863732 0.503952 0.998597
0.750000 -0.156250 -0.739692 0.672945 0.479305
0.765625 -0.156250 -0.757099 0.653300 0.999998
0.765625 -0.140625 -0.811209 0.584756 0.620625
0.015625 0.375000 -0.061110 -0.998131 0.003672
0.375000 0.031250 0.392905 0.919579 0.998793
0.390625 0.031250 0.706595 0.707618 0.419081
0.375000 0.046875 0.199835 0.979829 0.164149
0.390625 0.046875 0.509520 0.860459 0.003604
0.390625 -0.031250 0.986366 -0.164564 0.140960
0.390625 -0.015625 -0.011628 -0.999932 0.344422
0.718750 -0.187500 -0.597555 0.801828 0.710300
0.718750 -0.171875 -0.620512 0.784197 0.004016
0.734375 -0.171875 -0.630131 0.776489 0.512233
0.343750 0.031250 -0.662907 0.748702 0.350577
0.359375 0.031250 -0.399875 0.916569 0.955039
0.359375 0.046875 -0.331827 0.943340 0.052908
0.500000 -0.218750 0.304474 0.952521 0.701667
0.51562