0.843750 0.062500 -0.031211 -0.999513 0.608503
0.843750 0.078125 0.997911 -0.064606 0.666131
0.656250 -0.125000 -0.433035 0.901377 0.750342
0.656250 -0.109375 -0.433035 0.901377 0.000003
0.671875 -0.109375 -0.501099 0.865390 0.303135
0.562500 -0.218750 -0.865987 -0.500067 0.995026
0.578125 -0.218750 -0.817423 0.576038 0.997562
0.562500 -0.203125 -0.851069 -0.525054 0.999999
0.828125 -0.031250 0.971403 -0.237439 0.747726
0.828125 -0.015625 0.986603 -0.163142 0.944816
0.843750 -0.015625 0.986602 -0.163142 0.005503
0.781250 0.187500 0.049970 -0.998751 0.333360
0.781250 0.203125 0.066515 -0.997785 0.406165
0.781250 -0.156250 0.764314 -0.644844 0.183473
0.781250 -0.140625 0.810004 -0.586425 0.832977
0.796875 -0.140625 0.818615 -0.574343 0.038702
0.468750 -0.171875 0.374754 -0.927124 0.977279
0.484375 -0.171875 -0.999999 -0.001238 0.999987
0.781250 0.093750 -0.081491 0.996674 0.517261
0.781250 0.109375 -0.091729 0.995784 0.410197
0.593750 -0.140625 -0.998201 -0.059956 0.678949
0.609375 -0.140625 -0.157825 0.987467 0.799039
0.765625 0.265625 -0.985580 -0.169209 0.019583
0.781250 0.046875 -0.978308 0.207154 0.987661
0.843750 0.187500 -0.113971 0.993484 0.354479
0.843750 0.203125 0.984811 0.173629 0.193507
0.421875 -0.187500 -0.765169 -0.643829 0.138236
0.406250 -0.171875 -0.876399 -0.481585 0.000301
0.421875 -0.171875 -0.896354 -0.443340 0.744846
0.625000 -0.250000 0.120232 -0.992746 0.092764
0.640625 -0.250000 0.194256 -0.980951 0.000002
0.640625 -0.234375 0.194256 -0.980951 0.894713
0.781250 0.156250 -0.988417 0.151760 0.275945
0.781250 0.171875 0.008027 -0.999968 0.290121
0.765625 0.281250 -0.994431 -0.105390 0.178678
0.765625 0.296875 -0.993571 0.113210 0.218850
0.265625 0.125000 -0.899508 -0.436904 0.153251
0.843750 0.125000 0.999770 0.021440 0.692203
0.859375 0.125000 0.998282 -0.058592 0.001321
0.843750 0.140625 0.999043 0.043739 0.649952
0.859375 0.140625 0.987893 0.155137 0.001398
-0.031250 -0.031250 -0.000958 -1.000000 0.000000
-0.015625 -0.031250 -0.000961 -1.000000 0.000004
-0.015625 -0.015625 0.267248 -0.963628 0.003903
0.687500 -0.093750 -0.647695 0.761899 0.092405
0.703125 -0.093750 -0.690127 0.723688 0.804949
0.703125 -0.078125 -0.720795 0.693149 0.069635
0.718750 -0.218750 0.553793 -0.832654 0.019342
0.718750 -0.203125 0.567483 -0.823385 0.828497
0.734375 -0.203125 0.640983 -0.767555 0.171386
0.843750 0.156250 0.993915 0.110153 0.580844
0.859375 0.156250 0.984399 0.175949 0.000618
0.843750 0.171875 0.981815 0.189838 0.483066
0.781250 0.250000 -0.985089 -0.172044 0.809000
0.781250 0.265625 -0.985580 -0.169209 0.979512
0.531250 -0.125000 0.231712 0.972784 0.059202
0.781250 0.218750 0.076795 -0.997047 0.509524
0.781250 0.234375 0.084268 -0.996443 0.644569
0.843750 0.031250 -0.006086 -0.999982 0.416181
0.843750 0.046875 -0.014453 -0.999896 0.525733
0.109375 0.109375 -0.707107 -0.707107 0.011496
0.750000 0.000000 -0.940012 0.341141 0.032475
0.765625 0.000000 -0.940012 0.341141 0.925336
0.765625 0.015625 -0.942715 0.333599 0.606577
0.812500 0.281250 0.930889 0.365302 0.674396
0.812500 0.296875 0.854059 0.520177 0.270426
0.453125 -0.156250 0.974294 -0.225281 0.999926
0.765625 0.312500 -0.965220 0.261438 0.022290
0.453125 -0.218750 -0.614094 -0.789233 0.061676
0.437500 -0.203125 -0.680164 -0.733060 0.136020
0.453125 -0.203125 -0.613003 -0.790081 0.789695
0.781250 -0.421875 0.792911 0.609338 0.014501
0.796875 -0.421875 0.792912 0.609336 0.002027
0.406250 -0.125000 -0.987969 0.154650 0.401316
0.406250 -0.109375 -0.825446 0.564482 0.150924
0.421875 -0.109375 -0.646713 0.762733 0.925133
0.750000 -0.187500 0.682283 -0.731088 0.285033
0.750000 -0.171875 0.707731 -0.706482 0.977336
0.765625 -0.171875 0.729203 -0.684297 0.285351
0.625000 -0.125000 -0.243970 0.969783 0.037123
0.640625 -0.125000 -0.388960 0.921255 0.332526
0.718750 -0.062500 -0.788185 0.615438 0.151520
0.734375 -0.062500 -0.798065 0.602571 0.939971
0.734375 -0.046875 -0.866074 0.499916 0.423531
0.593750 -0.218750 -0.512509 0.858682 0.999367
0.562500 -0.187500 -0.661091 0.750305 0.999452
0.781250 0.062500 -0.984991 0.172605 0.833842
0.781250 0.078125 -0.073741 0.997277 0.658313
0.781250 0.125000 -0.107909 0.994161 0.335199
0.781250 0.140625 -0.147653 0.989039 0.290795
0.843750 0.218750 0.989103 0.147227 0.022057
0.843750 0.234375 0.964541 0.263932 0.000166
0.546875 -0.250000 -0.084878 -0.996391 0.053951
0.531250 -0.234375 -0.068495 -0.997651 0.875577
0.546875 -0.234375 -0.004449 -0.999990 0.997074
0.843750 0.093750 0.999701 -0.024471 0.699529
0.859375 0.093750 0.999701 -0.024469 0.000551
0.843750 0.109375 0.999997 0.002344 0.708488
0.859375 0.109375 0.991989 -0.126327 0.001383
0.437500 -0.093750 -0.005121 0.999987 0.256368
0.453125 -0.093750 0.283660 0.958925 0.073837
0.031250 0.171875 -0.212430 -0.977176 0.006844
0.562500 -0.140625 0.995950 0.089907 0.691947
0.578125 -0.140625 0.961175 0.275939 0.642739
0.562500 -0.250000 -0.063140 -0.998005 0.179512
0.578125 -0.250000 -0.032103 -0.999485 0.262047
0.562500 -0.234375 -0.084991 -0.996382 0.999812
0.578125 -0.234375 -0.044839 -0.998994 0.999980
0.000000 0.000000 0.707107 0.707107 0.003618
0.015625 0.015625 0.707107 0.707107 0.000023
0.656250 -0.234375 0.304995 -0.952354 0.633118
0.671875 -0.234375 0.328173 -0.944618 0.315682
0.281250 -0.375000 -0.946709 -0.322091 0.004806
0.531250 -0.218750 -0.781765 -0.623573 0.987828
0.546875 -0.218750 -0.905257 -0.424865 0.995911
0.531250 -0.203125 -0.926886 0.375342 0.955280
0.546875 -0.203125 -0.997761 -0.066882 0.999857
0.828125 0.218750 0.989103 0.147225 0.966545
0.828125 0.234375 0.964539 0.263940 0.729271
0.781250 0.312500 -0.988165 0.153393 0.748008
0.796875 0.312500 0.869676 0.493623 0.531503
0.687500 -0.218750 0.395341 -0.918534 0.900293
0.703125 -0.218750 0.461822 -0.886973 0.438559
0.203125 0.375000 -0.482605 -0.875838 0.031842
0.828125 0.250000 0.930487 0.366325 0.425815
0.812500 0.265625 0.940652 0.339372 0.983528
0.828125 0.265625 0.940652 0.339372 0.090748
-0.015625 0.062500 -0.000547 -1.000000 0.000054
-0.015625 0.078125 0.728885 -0.684636 0.003852
0.000000 0.093750 0.725614 0.688102 0.003607
0.484375 -0.234375 -0.309856 -0.950783 0.048699
0.625000 -0.140625 -0.243970 0.969783 0.976051
0.671875 -0.171875 -0.972082 0.234641 0.994544
0.296875 0.265625 -0.744242 -0.667910 0.066006
0.828125 -0.062500 0.964894 -0.262639 0.164242
0.828125 -0.046875 -0.031433 -0.999506 0.479860
0.531250 -0.140625 0.231713 0.972784 0.986840
0.546875 -0.140625 0.157586 0.987505 0.828376
0.750000 -0.031250 -0.880577 0.473903 0.826866
0.750000 -0.015625 -0.906140 0.422978 0.361772
0.500000 -0.125000 0.363027 0.931779 0.716663
0.515625 -0.125000 0.329257 0.944240 0.342655
0.406250 0.078125 -0.979134 -0.203216 0.073651
0.046875 0.359375 -0.147311 -0.989090 0.006543
0.812500 -0.093750 0.913403 -0.407057 0.493607
0.812500 -0.078125 0.955867 -0.293799 0.855555
0.828125 -0.078125 0.955867 -0.293799 0.000673
0.843750 0.000000 0.989777 -0.142622 0.119056
0.843750 0.015625 -0.002509 -0.999997 0.278406
0.531250 -0.187500 -0.862853 -0.505455 0.989852
0.546875 -0.187500 -0.826450 -0.563011 0.993584
0.812500 -0.109375 0.896511 -0.443021 0.088376
0.796875 -0.125000 0.875593 -0.483049 0.503729
0.796875 -0.109375 0.896511 -0.443021 0.954984
0.765625 -0.156250 0.746111 -0.665822 0.953565
0.015625 0.375000 -0.061110 -0.998131 0.003672
-0.031250 0.312500 -0.977516 0.210861 0.001347
-0.015625 0.312500 -0.977516 0.210862 0.005607
-0.031250 0.328125 -0.977516 0.210862 0.000078
-0.015625 0.328125 -0.977516 0.210861 0.004914
0.453125 -0.109375 0.283660 0.958925 0.984439
0.734375 -0.187500 0.663945 -0.747782 0.956718
0.468750 -0.156250 0.372602 -0.927991 0.977549
0.484375 -0.156250 -0.999999 -0.001240 0.999773
0.484375 -0.125000 0.407152 0.913360 0.990916
0.468750 -0.109375 0.424355 0.905496 0.628239
0.484375 -0.109375 0.407152 0.913360 0.175600
0.500000 -0.218750 -0.256022 -0.966671 0.996517
0.515625 -0.218750 -0.410090 -0.912045 0.992492
0.812500 0.312500 0.894744 0.446579 0.010270
0.734375 -0.031250 -0.880577 0.473903 0.017917
0.765625 0.031250 -0.959703 0.281015 0.294169
0.765625 0.046875 -0.978308 0.207154 0.051554
0.437500 -0.187500 -0.711150 -0.703040 0.913389
0.437500 -0.171875 -0.910624 -0.413235 0.999977
0.453125 -0.17187