0.859375 0.062500 0.999399 -0.034678 0.862780
0.859375 0.078125 0.999898 -0.014261 0.887858
0.843750 -0.093750 0.951037 -0.309077 0.252099
0.843750 -0.078125 -0.049428 -0.998778 0.590394
0.687500 -0.265625 0.384946 -0.922939 0.536121
0.703125 -0.265625 0.387903 -0.921700 0.157820
0.562500 -0.203125 0.993407 0.114642 0.185762
0.578125 -0.203125 0.987232 0.159291 0.143739
0.812500 -0.031250 -0.959308 0.282363 0.986431
0.812500 -0.015625 -0.967614 0.252435 0.779693
0.859375 -0.031250 0.982833 -0.184500 0.210005
0.859375 -0.015625 -0.021797 -0.999762 0.391218
0.593750 -0.281250 0.296200 -0.955126 0.767535
0.609375 -0.281250 0.983782 0.179366 0.689050
0.437500 -0.250000 -0.389878 -0.920867 0.978373
0.453125 -0.250000 -0.435016 -0.900423 0.988454
0.375000 -0.234375 -0.680636 -0.732622 0.004611
0.390625 -0.234375 -0.586605 -0.809873 0.475769
0.328125 -0.156250 -0.943095 -0.332525 0.340621
0.328125 -0.140625 -0.052940 -0.998598 0.603140
0.390625 -0.062500 0.991377 0.131042 0.960090
0.390625 -0.046875 0.993628 0.112706 0.847624
0.468750 -0.187500 0.555494 0.831521 0.951183
0.484375 -0.187500 0.451872 0.892083 0.517731
0.468750 -0.171875 0.572746 0.819733 0.153623
0.875000 0.062500 0.992059 0.125778 0.000327
0.890625 0.062500 0.069326 -0.997594 0.000003
0.875000 0.078125 0.999716 -0.023838 0.004995
0.796875 -0.031250 -0.959308 0.282363 0.081548
0.421875 -0.265625 -0.484420 -0.874836 0.001581
0.859375 0.187500 -0.130331 0.991471 0.434927
0.859375 0.203125 -0.143524 0.989647 0.350662
0.265625 0.125000 -0.899508 -0.436904 0.153237
0.859375 0.125000 -0.174038 0.984739 0.829030
0.859375 0.140625 -0.141848 0.989888 0.758800
0.625000 -0.203125 -0.993748 -0.111649 0.412547
0.640625 -0.203125 -0.272406 0.962182 0.637939
-0.031250 -0.031250 -0.000937 -1.000000 0.000000
-0.015625 -0.031250 -0.000939 -1.000000 0.000004
-0.015625 -0.015625 0.267270 -0.963622 0.003903
0.843750 -0.062500 0.979794 -0.200007 0.835872
0.843750 -0.046875 0.985628 -0.168929 0.985688
0.859375 -0.046875 0.985628 -0.168928 0.033394
0.859375 0.156250 -0.128419 0.991720 0.662835
0.859375 0.171875 -0.125190 0.992133 0.548434
0.328125 -0.093750 -0.189911 -0.981801 0.932390
0.328125 -0.078125 -0.027714 0.999616 0.913081
0.859375 0.031250 -0.051540 -0.998671 0.745738
0.859375 0.046875 0.997724 -0.067424 0.814920
0.812500 -0.156250 0.885962 -0.463758 0.577319
0.812500 -0.140625 0.906632 -0.421923 0.973217
0.828125 -0.140625 0.906632 -0.421923 0.101342
0.109375 0.109375 -0.707107 -0.707107 0.011495
0.437500 -0.156250 0.720579 0.693372 0.731441
0.453125 -0.156250 0.679038 0.734104 0.040704
0.437500 -0.140625 0.761052 0.648691 0.048780
0.359375 -0.218750 -0.743706 -0.668507 0.000995
0.359375 -0.203125 -0.788691 -0.614789 0.443987
0.812500 -0.171875 0.834479 -0.551040 0.080928
0.375000 -0.468750 0.363467 -0.931607 0.001144
0.390625 -0.468750 0.363466 -0.931608 0.001573
0.375000 -0.453125 0.363466 -0.931607 0.012278
0.390625 -0.453125 0.363467 -0.931607 0.005840
0.406250 -0.125000 0.870341 0.492449 0.999623
0.421875 -0.125000 0.867399 0.497613 0.250350
0.406250 -0.109375 0.931800 0.362971 0.754844
0.562500 -0.281250 -0.012412 -0.999923 0.824265
0.578125 -0.281250 0.117753 -0.993043 0.805498
0.562500 -0.265625 -0.019882 -0.999802 0.998585
0.578125 -0.265625 0.201661 -0.979455 1.000000
0.328125 -0.171875 -0.873850 -0.486196 0.017266
0.812500 0.031250 -0.988881 0.148712 0.071432
0.828125 0.031250 -0.988881 0.148712 0.999018
0.828125 0.046875 -0.993390 0.114789 0.916223
0.343750 0.000000 -0.666654 0.745367 0.026514
0.359375 0.000000 -0.415720 0.909493 0.463169
0.718750 -0.250000 0.457523 -0.889198 0.668739
0.734375 -0.250000 0.550218 -0.835021 0.137200
0.734375 -0.234375 0.550218 -0.835021 0.967775
0.593750 -0.203125 -0.994708 -0.102744 0.166736
0.609375 -0.203125 -0.994063 -0.108807 0.256044
0.781250 -0.218750 0.721948 -0.691947 0.002417
0.781250 -0.203125 0.776986 -0.629518 0.496229
0.828125 0.093750 -0.112500 0.993652 0.586964
0.828125 0.109375 -0.143162 0.989699 0.527188
0.843750 0.250000 0.487023 0.873389 0.259827
0.859375 0.250000 0.869334 0.494226 0.003599
0.859375 0.218750 -0.131407 0.991329 0.297442
0.859375 0.234375 0.867854 0.496819 0.149269
0.437500 -0.265625 -0.389877 -0.920867 0.264500
0.453125 -0.265625 -0.266178 -0.963924 0.667994
0.859375 0.093750 0.999965 0.008314 0.891547
0.859375 0.109375 -0.262386 0.964963 0.873113
0.328125 -0.125000 -0.062185 -0.998065 0.753676
0.328125 -0.109375 -0.075281 -0.997162 0.862245
0.031250 0.171875 -0.212430 -0.977176 0.006844
0.562500 -0.250000 -0.004866 0.999988 0.999111
0.000000 0.000000 0.707107 0.707107 0.003618
0.015625 0.015625 0.707107 0.707107 0.000023
0.828125 0.125000 -0.232605 0.972571 0.492301
0.828125 0.140625 -0.604885 -0.796313 0.482882
0.828125 0.062500 -0.084052 0.996461 0.782691
0.828125 0.078125 -0.095319 0.995447 0.671954
0.406250 -0.062500 0.991377 0.131042 0.003855
0.343750 -0.031250 -0.936659 0.350242 0.989327
0.343750 -0.015625 -0.785205 0.619236 0.613700
0.828125 0.156250 -0.033122 -0.999451 0.501391
0.828125 0.171875 0.023446 -0.999725 0.552039
0.828125 0.187500 0.041601 -0.999134 0.634570
0.828125 0.203125 0.039543 -0.999218 0.732642
0.531250 -0.203125 0.994208 0.107469 0.476837
0.546875 -0.203125 0.993917 0.110129 0.294645
0.750000 -0.234375 0.575806 -0.817586 0.404739
0.765625 -0.234375 0.656434 -0.754384 0.000088
0.828125 0.218750 -0.368285 0.929713 0.808192
0.828125 0.234375 -0.188999 0.981977 0.692426
0.328125 -0.031250 -0.936659 0.350243 0.139673
0.328125 -0.015625 -0.854631 0.519236 0.000001
0.203125 0.375000 -0.482605 -0.875838 0.031840
-0.015625 0.093750 0.047493 0.998872 0.001040
0.343750 -0.187500 -0.800127 -0.599831 0.245786
0.359375 -0.187500 -0.760618 -0.649200 0.989100
0.343750 -0.171875 -0.859992 -0.510307 0.858225
0.828125 0.250000 -0.241386 0.970429 0.116594
0.000000 0.125000 0.000097 1.000000 0.000000
0.015625 0.125000 0.000097 1.000000 0.000000
0.843750 -0.109375 0.944112 -0.329624 0.009517
0.781250 -0.062500 -0.919311 0.393532 0.002690
0.796875 -0.062500 -0.919311 0.393532 0.820605
0.796875 -0.046875 -0.919008 0.394239 0.407495
-0.015625 0.062500 -0.000549 -1.000000 0.000054
-0.015625 0.078125 0.995198 -0.097882 0.014758
0.000000 0.093750 0.047493 0.998872 0.000764
0.000000 0.109375 0.341019 0.940056 0.002843
0.468750 -0.250000 -0.340993 -0.940066 0.988579
0.484375 -0.250000 0.027620 -0.999619 0.987436
0.812500 0.000000 -0.019350 0.999813 0.508703
0.812500 0.015625 -0.973736 0.227678 0.267623
0.656250 -0.187500 -0.313759 0.949503 0.013561
0.671875 -0.187500 -0.418979 0.907996 0.330270
0.296875 0.265625 -0.744242 -0.667910 0.065997
0.203125 -0.343750 0.732647 -0.680609 0.012763
0.531250 -0.281250 -0.277110 -0.960838 0.725606
0.546875 -0.281250 -0.111051 -0.993815 0.796022
0.531250 -0.265625 -0.277109 -0.960838 1.000000
0.546875 -0.265625 -0.026336 -0.999653 0.999996
0.375000 0.000000 0.541206 0.840890 0.502820
0.390625 0.000000 0.745858 0.666106 0.023334
0.750000 -0.125000 -0.777157 0.629307 0.194452
0.765625 -0.125000 -0.783785 0.621032 0.958574
0.765625 -0.109375 -0.853258 0.521489 0.434419
0.781250 -0.093750 -0.860700 0.509113 0.798736
0.781250 -0.078125 -0.896186 0.443678 0.289833
0.406250 0.078125 -0.979134 -0.203216 0.073650
0.046875 0.359375 -0.147311 -0.989090 0.006543
0.687500 -0.187500 -0.476991 0.878908 0.799082
0.687500 -0.171875 -0.476991 0.878908 0.004018
0.703125 -0.171875 -0.513754 0.857938 0.398183
0.859375 0.000000 -0.027172 -0.999631 0.537256
0.859375 0.015625 -0.036276 -0.999342 0.653974
0.828125 -0.125000 0.912198 -0.409750 0.516937
0.828125 -0.109375 0.944112 -0.329623 0.887247
0.750000 -0.140625 -0.728966 0.684550 0.881201
0.015625 0.375000 -0.061110 -0.998131 0.003672
0.390625 -0.031250 -0.010413 0.999946 0.743476
0.390625 -0.015625 0.785332 0.619075 0.451551
0.718750 -0.171875 -0.626027 0.779802 0.954345
0.500000 -0.187500 0.350780 0.936458 0.103389
0.500000 -0.203125 0.350780 0.936458 0.979543
0.515625 -0.203125 0.274858 0.961485 0.737503
0.656250 -0.203125 -0.313759 0.949503 0.920848
0.328125 -0.062500 0.000317 1.000000 0.764714
0.328125 -0.046875 -0.936754 0.349989 0.491755
0.453125 -0.171875 0.651393 0.758741 0.785784
0.703125 -0.250000 0.387903 -0.921700 0.995649
0.468750 -0.