0.843750 0.062500 -0.008668 -0.999962 0.431701
0.843750 0.078125 -0.032895 -0.999459 0.493878
0.656250 -0.109375 -0.455422 0.890276 0.410685
0.671875 -0.109375 -0.565753 0.824574 0.918878
0.828125 -0.031250 -0.026718 -0.999643 0.523765
0.828125 -0.015625 0.976539 -0.215339 0.759185
0.781250 0.187500 -0.006206 -0.999981 0.734363
0.781250 0.203125 0.029946 -0.999552 0.805249
0.765625 0.234375 -0.991161 -0.132665 0.041924
0.781250 -0.156250 0.774785 -0.632225 0.016579
0.781250 -0.140625 0.839115 -0.543954 0.502919
0.468750 -0.171875 -0.174195 -0.984711 0.978687
0.484375 -0.171875 -0.694771 -0.719231 0.999989
0.781250 0.093750 -0.995779 0.091786 0.944166
0.781250 0.109375 -0.994719 0.102638 0.831676
0.765625 0.250000 -0.983193 -0.182568 0.205361
0.765625 0.265625 0.116020 -0.993247 0.398514
0.843750 0.187500 0.989110 0.147175 0.204720
0.843750 0.203125 0.986714 0.162467 0.050931
0.421875 -0.171875 -0.866424 -0.499309 0.065668
0.625000 -0.234375 0.988580 0.150699 0.740285
0.640625 -0.234375 0.989245 0.146265 0.555067
0.781250 0.156250 -0.830023 0.557729 0.682231
0.781250 0.171875 -0.116842 -0.993151 0.693456
0.765625 0.281250 0.112388 -0.993664 0.594609
0.765625 0.296875 -0.338692 0.940897 0.721116
0.265625 0.125000 -0.899508 -0.436904 0.153253
0.843750 0.125000 -0.217717 0.976012 0.531778
0.843750 0.140625 -0.142317 0.989821 0.492807
0.671875 -0.093750 -0.593941 0.804509 0.074642
0.625000 -0.203125 -0.955524 0.294915 0.998432
0.375000 -0.406250 -0.821221 0.570610 0.000056
0.390625 -0.406250 -0.821221 0.570610 0.002136
-0.031250 -0.031250 -0.000960 -1.000000 0.000000
-0.015625 -0.031250 -0.000963 -1.000000 0.000004
-0.015625 -0.015625 0.267246 -0.963628 0.003903
0.687500 -0.093750 -0.647165 0.762350 0.724936
0.687500 -0.078125 -0.687795 0.725905 0.014242
0.703125 -0.078125 -0.712531 0.701641 0.654242
0.718750 -0.203125 0.517461 -0.855707 0.473196
0.734375 -0.203125 0.619765 -0.784788 0.010476
0.843750 0.156250 -0.119767 0.992802 0.425993
0.843750 0.171875 -0.110362 0.993891 0.330763
0.375000 -0.421875 -0.821221 0.570610 0.000296
0.390625 -0.421875 -0.821221 0.570610 0.010276
0.531250 -0.125000 0.997784 0.066535 0.508350
0.546875 -0.125000 0.180928 0.983496 0.323553
0.781250 0.218750 -0.995006 -0.099818 0.904876
0.781250 0.234375 -0.991161 -0.132665 0.997146
0.843750 0.031250 0.005629 -0.999984 0.228617
0.843750 0.046875 0.001582 -0.999999 0.343450
0.109375 0.109375 -0.707107 -0.707107 0.011496
0.750000 0.000000 -0.912189 0.409770 0.466566
0.750000 0.015625 -0.951515 0.307602 0.102578
0.765625 0.015625 -0.951515 0.307602 0.989278
0.812500 0.281250 0.907403 0.420262 0.500440
0.812500 0.296875 0.887835 0.460162 0.082290
0.437500 -0.156250 -0.948262 -0.317490 0.999982
0.453125 -0.156250 -0.376596 -0.926377 0.999973
0.765625 0.312500 -0.294286 0.955717 0.550344
0.765625 0.328125 -0.301715 0.953398 0.029265
0.453125 -0.203125 -0.657954 -0.753058 0.271861
0.421875 -0.125000 -0.943227 0.332148 0.560174
0.421875 -0.109375 -0.726834 0.686813 0.125074
0.750000 -0.187500 0.691535 -0.722343 0.056458
0.750000 -0.171875 0.709060 -0.705148 0.788738
0.765625 -0.171875 0.721855 -0.692044 0.059087
0.593750 -0.125000 -0.997919 -0.064473 0.240837
0.609375 -0.125000 -0.997738 -0.067226 0.383851
0.625000 -0.125000 -0.292276 0.956334 0.617753
0.640625 -0.125000 -0.359655 0.933085 0.928472
0.640625 -0.109375 -0.359655 0.933085 0.024662
0.718750 -0.062500 -0.767394 0.641176 0.747639
0.718750 -0.046875 -0.806044 0.591856 0.115089
0.734375 -0.046875 -0.820547 0.571579 0.924412
0.796875 0.296875 0.887835 0.460162 0.971985
0.593750 -0.203125 -0.951125 0.308807 0.982365
0.781250 0.078125 -0.991146 0.132774 0.999994
0.781250 0.125000 -0.151269 0.988493 0.750395
0.781250 0.140625 -0.224828 0.974398 0.700925
0.531250 -0.234375 -0.335273 -0.942121 0.456124
0.546875 -0.234375 -0.272407 -0.962182 0.639703
0.703125 -0.062500 -0.738424 0.674336 0.022024
0.843750 0.093750 -0.110109 -0.993920 0.531125
0.843750 0.109375 -0.996867 -0.079094 0.544013
0.437500 -0.093750 -0.553314 0.832973 0.001144
0.031250 0.171875 -0.212430 -0.977176 0.006844
0.562500 -0.140625 0.090333 0.995912 0.999842
0.562500 -0.234375 -0.283430 -0.958993 0.768300
0.578125 -0.234375 -0.997116 -0.075895 0.847831
0.000000 0.000000 0.707107 0.707107 0.003618
0.015625 0.015625 0.707107 0.707107 0.000023
0.656250 -0.234375 0.278586 -0.960411 0.299200
0.671875 -0.234375 0.338671 -0.940905 0.027424
0.765625 0.093750 -0.995778 0.091791 0.000010
0.828125 0.203125 0.986714 0.162467 0.995887
0.531250 -0.218750 -0.557786 -0.829985 1.000000
0.546875 -0.218750 -0.332254 -0.943190 0.999982
0.531250 -0.203125 0.946836 0.321716 0.999446
0.546875 -0.203125 0.946845 0.321690 0.982838
0.828125 0.218750 0.978402 0.206710 0.838495
0.828125 0.234375 -0.134110 0.990966 0.590194
0.765625 0.062500 -0.974919 0.222558 0.277205
0.765625 0.078125 -0.991146 0.132774 0.088947
0.796875 0.312500 0.745145 0.666902 0.467884
0.781250 0.328125 0.054370 0.998521 0.194167
0.796875 0.328125 0.364193 0.931324 0.018396
0.687500 -0.218750 0.425775 -0.904829 0.554712
0.703125 -0.218750 0.480046 -0.877243 0.104202
0.703125 -0.203125 0.480045 -0.877244 0.967344
0.203125 0.375000 -0.482605 -0.875838 0.031842
0.828125 0.250000 0.952179 0.305539 0.292457
0.812500 0.265625 0.933686 0.358093 0.907859
0.828125 0.265625 0.933686 0.358093 0.015038
0.562500 -0.125000 0.090336 0.995911 0.214870
0.578125 -0.125000 -0.016250 0.999868 0.185978
-0.015625 0.062500 -0.000547 -1.000000 0.000054
-0.015625 0.078125 0.728885 -0.684636 0.003852
0.000000 0.093750 0.725614 0.688102 0.003607
0.828125 0.000000 0.989602 -0.143831 0.941842
0.671875 -0.171875 -0.919245 0.393685 0.994544
0.296875 0.265625 -0.744242 -0.667910 0.066008
0.812500 -0.062500 0.962502 -0.271273 0.941054
0.828125 -0.062500 0.962502 -0.271273 0.019130
0.828125 -0.046875 0.965186 -0.261565 0.244043
0.750000 -0.015625 -0.902165 0.431390 0.882872
0.500000 -0.125000 0.293088 0.956085 0.984867
0.515625 -0.125000 0.254938 0.966957 0.763515
0.500000 -0.109375 0.293088 0.956085 0.086817
0.406250 0.078125 -0.979134 -0.203216 0.073651
0.046875 0.359375 -0.147311 -0.989090 0.006543
0.812500 -0.093750 0.922207 -0.386696 0.234015
0.812500 -0.078125 0.936181 -0.351519 0.646297
0.500000 -0.156250 0.116834 0.993151 0.995575
0.843750 0.000000 0.989602 -0.143832 0.002664
0.843750 0.015625 0.992955 -0.118493 0.093010
0.531250 -0.187500 0.968351 0.249594 0.999979
0.531250 -0.171875 0.677253 0.735750 0.993668
0.812500 -0.109375 0.884506 -0.466528 0.000741
0.781250 -0.125000 0.838371 -0.545100 0.984931
0.796875 -0.125000 0.831008 -0.556260 0.193402
0.796875 -0.109375 0.882500 -0.470313 0.740676
0.765625 -0.156250 0.772150 -0.635441 0.718846
0.015625 0.375000 -0.061110 -0.998131 0.003672
-0.031250 0.312500 -0.769084 -0.639148 0.000744
-0.015625 0.312500 -0.769085 -0.639147 0.001715
-0.031250 0.328125 -0.769084 -0.639147 0.001000
-0.015625 0.328125 -0.769084 -0.639148 0.008488
0.437500 -0.109375 -0.655544 0.755157 0.753285
0.453125 -0.109375 0.005563 0.999985 0.919899
0.734375 -0.187500 0.627553 -0.778574 0.729680
0.468750 -0.156250 -0.146910 -0.989150 0.999634
0.484375 -0.156250 -0.694769 -0.719233 0.996812
0.500000 -0.171875 0.116844 0.993150 0.999971
0.515625 -0.171875 0.507334 0.861750 0.999477
0.468750 -0.109375 0.998639 0.052160 0.744281
0.484375 -0.109375 0.343803 0.939042 0.416060
0.500000 -0.218750 -0.211233 -0.977436 0.885951
0.500000 -0.203125 -0.561581 -0.827422 0.993799
0.671875 -0.218750 0.338671 -0.940905 0.939588
0.734375 -0.031250 -0.880870 0.473358 0.429443
0.734375 -0.015625 -0.902165 0.431390 0.032563
0.765625 0.031250 -0.965877 0.259001 0.779971
0.765625 0.046875 -0.042125 0.999112 0.508149
0.437500 -0.187500 -0.773755 -0.633485 0.259586
0.453125 -0.187500 -0.666062 -0.745897 0.970294
0.437500 -0.171875 -0.895171 -0.445724 0.918098
0.453125 -0.171875 -0.560174 -0.828375 0.991665
0.500000 -0.234375 -0.311485 -0.950251 0.011799
0.515625 -0.234375 -0.191466 -0.981499 0.214242
0.593750 -0.234375 -0.850255 0.526371 0.880018
0.609375 -0.234375 0.985400 0.170257 0.855576
0.468750 -0.218750 -0.531100 -0.847309 0.077824
0.484375 -0.218750 -0.367046 -0.930203 0.515317
0.468750 -0.203125 -0.516480 -0.856299 0.855425
0.484375 -0