0.843750 0.062500 0.998112 -0.061423 0.937804
0.843750 0.078125 0.999512 -0.031235 0.986588
0.859375 0.078125 0.896550 0.442942 0.001678
0.671875 -0.125000 -0.492042 0.870571 0.068436
0.562500 -0.218750 -0.291804 0.956478 0.998028
0.828125 -0.031250 0.987037 -0.160492 0.999735
0.843750 -0.031250 0.987038 -0.160488 0.093231
0.843750 -0.015625 0.976801 -0.214148 0.301562
0.453125 -0.234375 -0.473690 -0.880692 0.053390
0.796875 0.187500 0.021177 -0.999776 0.599441
0.796875 0.203125 0.046178 -0.998933 0.676596
0.781250 -0.156250 0.798669 -0.601770 0.815977
0.796875 -0.156250 0.806130 -0.591739 0.037095
0.796875 -0.140625 0.870784 -0.491665 0.512443
0.468750 -0.187500 0.607939 -0.793984 0.996263
0.468750 -0.171875 0.607942 -0.793981 0.999744
0.890625 0.062500 0.495901 -0.868379 0.000003
0.875000 0.078125 -0.375261 -0.926919 0.005323
0.796875 0.093750 -0.101008 0.994886 0.733677
0.796875 0.109375 -0.118836 0.992914 0.639470
0.593750 -0.156250 -0.997960 -0.063846 0.574299
0.609375 -0.156250 -0.996945 -0.078104 0.674797
0.781250 0.031250 -0.032259 0.999480 0.434242
0.781250 0.046875 -0.978442 0.206520 0.197696
0.843750 0.187500 -0.126797 0.991929 0.631584
0.843750 0.203125 -0.121328 0.992612 0.461344
0.406250 -0.187500 -0.799441 -0.600744 0.222543
0.421875 -0.187500 -0.595243 -0.803545 0.874783
0.406250 -0.171875 -0.757611 -0.652706 0.962667
0.421875 -0.171875 -0.530169 -0.847892 0.999994
0.625000 -0.250000 0.987380 0.158369 0.719425
0.640625 -0.250000 0.987941 0.154834 0.526792
0.781250 0.000000 -0.953404 0.301697 0.963207
0.781250 0.015625 -0.960578 0.278010 0.709293
0.796875 0.156250 -0.513660 -0.857994 0.531368
0.796875 0.171875 -0.037932 -0.999280 0.551319
0.265625 0.125000 -0.899508 -0.436904 0.153248
0.843750 0.125000 0.999573 0.029227 0.987711
0.859375 0.125000 0.999573 0.029227 0.000339
0.843750 0.140625 0.998158 0.060674 0.940441
0.640625 -0.218750 -0.235649 0.971838 0.999996
0.640625 -0.203125 -0.235672 0.971833 0.998887
-0.031250 -0.031250 -0.000954 -1.000000 0.000000
-0.015625 -0.031250 -0.000957 -1.000000 0.000004
-0.015625 -0.015625 0.267253 -0.963627 0.003903
0.718750 -0.218750 0.499710 -0.866193 0.540193
0.734375 -0.218750 0.600091 -0.799931 0.032226
0.734375 -0.203125 0.611253 -0.791435 0.831387
0.843750 -0.046875 0.982407 -0.186752 0.000002
0.843750 0.156250 -0.154714 0.987959 0.867144
0.843750 0.171875 -0.136822 0.990596 0.765471
0.781250 0.250000 -0.990443 -0.137922 0.088318
0.781250 0.265625 0.118050 -0.993008 0.260080
0.796875 0.218750 -0.991284 -0.131745 0.783965
0.781250 0.234375 -0.992659 -0.120948 0.000039
0.796875 0.234375 -0.992659 -0.120948 0.919816
0.843750 0.031250 -0.033496 -0.999439 0.767438
0.843750 0.046875 -0.050508 -0.998724 0.864874
0.109375 0.109375 -0.707107 -0.707107 0.011496
0.765625 0.000000 -0.953404 0.301697 0.052894
0.812500 0.281250 0.911129 0.412122 0.998175
0.828125 0.281250 0.944913 0.327322 0.101354
0.812500 0.296875 0.679151 0.733999 0.532032
0.828125 0.296875 0.850030 0.526735 0.001221
0.390625 -0.156250 -0.964399 -0.264452 0.652786
0.390625 -0.140625 -0.914683 -0.404172 0.670954
0.437500 -0.218750 -0.547217 -0.836991 0.329721
0.453125 -0.218750 -0.473690 -0.880692 0.850390
0.390625 -0.093750 -0.347447 0.937699 0.538937
0.390625 -0.078125 -0.342450 0.939536 0.010763
0.406250 -0.125000 -0.869224 -0.494419 0.999991
0.421875 -0.125000 -0.698531 -0.715580 0.999998
0.750000 -0.187500 0.684711 -0.728814 0.921700
0.765625 -0.187500 0.705993 -0.708218 0.191917
0.765625 -0.171875 0.731890 -0.681423 0.918607
0.734375 -0.062500 -0.834515 0.550986 0.037329
0.781250 0.281250 -0.994411 0.105576 0.333504
0.781250 0.296875 -0.823702 0.567022 0.090985
0.796875 0.296875 -0.503152 0.864198 0.939995
0.593750 -0.218750 -0.019978 -0.999800 0.997244
0.593750 -0.203125 0.665937 -0.746008 0.999848
0.609375 -0.203125 0.666013 -0.745940 0.999603
0.562500 -0.187500 -0.953780 0.300506 0.996909
0.781250 0.062500 -0.988116 0.153710 0.025057
0.796875 0.062500 -0.988116 0.153710 0.983720
0.796875 0.078125 -0.991600 0.129343 0.858105
0.796875 0.125000 -0.152026 0.988376 0.574960
0.796875 0.140625 -0.255750 0.966743 0.539163
0.843750 0.218750 0.974140 0.225947 0.250182
0.843750 0.234375 0.967321 0.253555 0.027966
0.531250 -0.250000 -0.265695 -0.964057 0.673234
0.546875 -0.250000 -0.316448 -0.948610 0.833150
0.531250 -0.234375 -0.326062 -0.945348 0.999897
0.546875 -0.234375 -0.448247 -0.893910 0.999707
0.859375 0.093750 0.938959 0.344030 0.014448
0.859375 0.109375 0.999974 0.007154 0.010808
0.656250 -0.140625 -0.419188 0.907899 0.517980
0.671875 -0.140625 -0.492043 0.870571 0.939145
0.437500 -0.093750 0.504710 0.863289 0.561372
0.453125 -0.093750 0.616898 0.787043 0.025513
0.031250 0.171875 -0.212430 -0.977176 0.006844
0.562500 -0.156250 0.995426 0.095533 0.626515
0.578125 -0.156250 0.990871 0.134815 0.557930
0.562500 -0.250000 -0.379745 -0.925091 0.925704
0.578125 -0.250000 -0.005509 -0.999985 0.955656
0.562500 -0.234375 -0.508338 -0.861158 0.999731
0.000000 0.000000 0.707107 0.707107 0.003618
0.015625 0.015625 0.707107 0.707107 0.000023
0.656250 -0.250000 0.262464 -0.964942 0.284283
0.671875 -0.250000 0.320208 -0.947347 0.028437
0.671875 -0.234375 0.035723 -0.999362 0.946755
0.546875 -0.218750 -0.086193 0.996279 0.996578
0.828125 0.234375 0.967321 0.253555 0.964036
0.796875 0.312500 -0.282564 0.959249 0.013627
0.703125 -0.218750 0.464523 -0.885561 0.982171
0.203125 0.375000 -0.482605 -0.875838 0.031841
0.390625 -0.171875 -0.791374 -0.611332 0.173216
0.828125 0.250000 0.957314 0.289049 0.695528
0.828125 0.265625 0.949369 0.314163 0.395602
-0.015625 0.062500 -0.000547 -1.000000 0.000054
-0.015625 0.078125 0.728885 -0.684636 0.003852
0.000000 0.093750 0.725614 0.688102 0.003607
0.484375 -0.250000 -0.300258 -0.953858 0.002033
0.468750 -0.234375 -0.360056 -0.932931 0.454831
0.484375 -0.234375 -0.239693 -0.970849 0.833067
0.625000 -0.156250 -0.184435 0.982845 0.856290
0.640625 -0.156250 -0.290114 0.956992 0.999690
0.640625 -0.140625 -0.290114 0.956992 0.140372
0.671875 -0.171875 -0.972082 0.234641 0.994544
0.296875 0.265625 -0.744242 -0.667910 0.066004
0.828125 -0.062500 0.948568 -0.316574 0.630487
0.828125 -0.046875 0.982408 -0.186749 0.885256
0.531250 -0.156250 0.266989 0.963700 0.976848
0.546875 -0.156250 0.187664 0.982233 0.784613
0.531250 -0.140625 0.266989 0.963700 0.054340
0.750000 -0.031250 -0.907639 0.419752 0.004227
0.765625 -0.031250 -0.907639 0.419752 0.802293
0.765625 -0.015625 -0.915767 0.401709 0.375099
0.203125 -0.343750 0.732647 -0.680609 0.012764
0.500000 -0.125000 0.449810 0.893124 0.010374
0.406250 0.078125 -0.979134 -0.203216 0.073651
0.046875 0.359375 -0.147311 -0.989090 0.006543
0.812500 -0.093750 0.940322 -0.340285 0.903478
0.828125 -0.093750 0.940322 -0.340285 0.015885
0.828125 -0.078125 0.946420 -0.322938 0.284187
0.500000 -0.140625 0.449810 0.893124 0.809539
0.515625 -0.140625 0.401696 0.915773 0.373259
0.843750 0.000000 -0.017719 -0.999843 0.489193
0.843750 0.015625 -0.023532 -0.999723 0.643267
0.812500 -0.125000 0.890899 -0.454202 0.101651
0.812500 -0.109375 0.909064 -0.416657 0.529377
0.796875 -0.125000 0.890899 -0.454202 0.963485
0.015625 0.375000 -0.061110 -0.998131 0.003672
-0.031250 0.312500 -0.949886 -0.312595 0.000043
-0.015625 0.312500 -0.949886 -0.312596 0.007854
0.453125 -0.109375 0.618181 0.786035 0.791141
0.515625 -0.187500 -0.945822 0.324685 0.995460
0.468750 -0.125000 0.605372 0.795943 0.917474
0.484375 -0.125000 0.495565 0.868571 0.379071
0.468750 -0.109375 0.615436 0.788187 0.126773
-0.031250 0.296875 -0.949886 -0.312597 0.000082
-0.015625 0.296875 -0.949887 -0.312595 0.003966
0.500000 -0.218750 -0.619763 -0.784789 0.995617
0.515625 -0.218750 -0.202066 0.979372 0.995854
0.812500 0.312500 0.491161 0.871069 0.010550
0.656250 -0.218750 0.724432 -0.689346 0.999998
0.656250 -0.203125 -0.235596 0.971851 0.999319
0.718750 -0.109375 -0.704935 0.709271 0.988657
0.437500 -0.187500 -0.323594 -0.946196 0.949090
0.453125 -0.187500 -0.538464 -0.842648 0.999252
0.437500 -0.171875 -0.466805 -0.884360 0.999982
0.453125 -0.171875 -0.538457 -0.842653 0.999968
0.500000 -0.250000 -0.204504 -0.978866 0.174056
0.515625 -0.250000 -0.215584 -0.976485 0.449649
0.500000 -0.234375 -0.251213 -0.967932 0.998329
0.51