0.562500 -0.218750 -0.107725 -0.994181 0.472668
0.578125 -0.218750 -0.053827 -0.998550 0.557448
0.562500 -0.203125 -0.143070 -0.989713 0.999841
0.578125 -0.203125 -0.070367 -0.997521 0.999987
0.812500 -0.031250 0.975007 -0.222175 0.864830
0.828125 -0.031250 0.975007 -0.222173 0.000019
0.812500 -0.015625 0.986082 -0.166258 0.999168
0.828125 -0.015625 0.986083 -0.166254 0.098088
0.734375 0.281250 -0.979633 -0.200794 0.007074
0.734375 0.296875 -0.986378 -0.164497 0.181251
0.718750 0.000000 -0.894491 0.447086 0.257970
0.734375 0.000000 -0.899882 0.436132 0.999815
0.718750 0.015625 -0.931130 0.364687 0.000820
0.734375 0.015625 -0.931132 0.364682 0.791738
0.750000 0.343750 -0.406478 0.913661 0.164611
0.765625 0.343750 0.414871 0.909880 0.131194
0.750000 0.218750 0.091198 -0.995833 0.252885
0.750000 0.234375 0.095846 -0.995396 0.382384
0.734375 0.031250 -0.922268 0.386551 0.397483
0.734375 0.046875 -0.963353 0.268236 0.078983
0.484375 -0.187500 -0.675507 -0.737353 0.402608
0.468750 -0.171875 -0.793392 -0.608711 0.318333
0.484375 -0.171875 -0.786640 -0.617412 0.997851
0.750000 -0.343750 -0.538953 0.842336 0.000355
0.765625 -0.343750 -0.538955 0.842335 0.000954
0.609375 -0.140625 -0.977621 0.210374 0.999832
0.750000 0.250000 0.100074 -0.994980 0.544376
0.750000 0.265625 -0.977557 -0.210673 0.737026
0.671875 -0.062500 -0.638024 0.770017 0.302228
0.750000 0.281250 -0.979633 -0.200794 0.948962
0.265625 0.125000 -0.899508 -0.436904 0.153257
0.843750 0.125000 0.999920 0.012681 0.000193
0.656250 -0.078125 -0.519459 0.854495 0.547111
0.671875 -0.078125 -0.623850 0.781544 0.992263
0.625000 -0.218750 0.225876 -0.974156 0.485643
0.640625 -0.218750 0.200093 -0.979777 0.347239
-0.031250 -0.031250 -0.000965 -1.000000 0.000000
-0.015625 -0.031250 -0.000968 -1.000000 0.000004
-0.015625 -0.015625 0.267241 -0.963630 0.003903
0.750000 0.125000 -0.078397 0.996922 0.150952
0.750000 0.140625 -0.086275 0.996271 0.085658
0.937500 -0.218750 0.666062 0.745897 0.000251
0.531250 -0.109375 0.462900 0.886410 0.606986
0.546875 -0.109375 -0.999805 -0.019768 0.618369
0.625000 -0.093750 -0.398100 0.917342 0.507013
0.640625 -0.093750 -0.463372 0.886164 0.916094
0.640625 -0.078125 -0.463372 0.886164 0.040489
0.109375 0.109375 -0.707107 -0.707107 0.011496
0.812500 0.281250 0.901621 0.432527 0.073586
0.453125 -0.156250 -0.943536 -0.331271 0.006771
0.453125 -0.140625 -0.996008 0.089262 0.094421
0.734375 0.312500 -0.999727 0.023362 0.319219
0.734375 0.328125 -0.860773 0.508990 0.144126
0.750000 0.328125 -0.651337 0.758788 0.990675
0.765625 0.328125 0.481655 0.876361 0.937208
0.921875 -0.218750 0.781882 0.623426 0.001734
0.750000 -0.171875 0.663014 -0.748607 0.000121
0.593750 -0.109375 -0.175193 0.984534 0.915103
0.828125 0.031250 -0.015910 -0.999873 0.630731
0.828125 0.046875 -0.024861 -0.999691 0.753417
0.796875 0.281250 0.901621 0.432527 0.959469
0.796875 0.296875 0.877411 0.479740 0.502529
0.593750 -0.218750 0.004205 -0.999991 0.573149
0.609375 -0.218750 0.078141 -0.996942 0.550117
0.593750 -0.203125 0.006748 -0.999977 0.999715
0.609375 -0.203125 0.231647 -0.972800 0.999924
0.562500 -0.187500 -0.998483 -0.055060 0.999933
0.578125 -0.187500 0.677508 0.735516 0.999942
0.828125 0.093750 0.999568 -0.029374 0.975242
0.828125 0.109375 0.999988 -0.004887 0.997154
0.687500 -0.062500 -0.701824 0.712350 0.958686
0.687500 -0.046875 -0.744390 0.667745 0.283708
0.703125 -0.046875 -0.758500 0.651673 0.976118
0.843750 0.093750 0.999568 -0.029379 0.000000
0.843750 0.109375 0.999988 -0.004887 0.002524
0.750000 0.156250 -0.111781 0.993733 0.054547
0.750000 0.171875 0.058014 -0.998316 0.056261
0.031250 0.171875 -0.212430 -0.977176 0.006844
0.562500 -0.156250 -0.739718 -0.672917 0.998908
0.562500 -0.140625 -0.739693 -0.672945 0.999516
0.000000 0.000000 0.707107 0.707107 0.003618
0.015625 0.015625 0.707107 0.707107 0.000023
0.828125 0.125000 0.999919 0.012688 0.994358
0.828125 0.140625 0.999139 0.041483 0.966894
0.593750 -0.093750 -0.175193 0.984534 0.000253
0.609375 -0.093750 -0.259216 0.965819 0.165961
0.828125 0.062500 -0.040374 -0.999185 0.852105
0.828125 0.078125 0.998030 -0.062735 0.926446
0.750000 0.187500 0.078531 -0.996912 0.090025
0.750000 0.203125 0.085874 -0.996306 0.155548
0.828125 0.156250 -0.175682 0.984447 0.911413
0.828125 0.171875 -0.147650 0.989040 0.825102
0.750000 0.093750 -0.067708 0.997705 0.392462
0.750000 0.109375 -0.072739 0.997351 0.252364
0.828125 0.187500 -0.133912 0.990993 0.705739
0.828125 0.203125 -0.126569 0.991958 0.551552
0.531250 -0.218750 -0.215466 -0.976511 0.083398
0.546875 -0.218750 -0.143000 -0.989723 0.319156
0.531250 -0.203125 -0.160319 -0.987065 0.983098
0.546875 -0.203125 -0.187781 -0.982211 0.999839
0.828125 0.218750 0.971289 0.237903 0.357848
0.812500 0.234375 0.974056 0.226306 0.999733
0.828125 0.234375 0.974056 0.226306 0.127102
0.750000 0.062500 -0.975402 0.220435 0.800560
0.750000 0.078125 -0.062962 0.998016 0.574613
0.781250 0.312500 0.808113 0.589027 0.844829
0.796875 0.312500 0.821437 0.570300 0.029067
0.781250 0.328125 0.733610 0.679570 0.185572
0.687500 -0.203125 0.434535 -0.900655 0.401341
0.703125 -0.203125 0.520134 -0.854085 0.017012
0.203125 0.375000 -0.482605 -0.875838 0.031843
0.812500 0.250000 0.959104 0.283052 0.824997
0.812500 0.265625 0.919706 0.392607 0.466600
0.562500 -0.109375 -0.999129 -0.041721 0.661898
0.578125 -0.109375 -0.138730 0.990330 0.755225
0.593750 -0.187500 0.333781 0.942650 0.997950
0.609375 -0.187500 -0.216321 0.976322 0.998457
0.796875 -0.062500 0.933252 -0.359222 0.999147
-0.015625 0.062500 -0.000547 -1.000000 0.000054
-0.015625 0.078125 0.728885 -0.684636 0.003852
0.000000 0.093750 0.725614 0.688102 0.003607
0.828125 0.000000 0.977962 -0.208783 0.300675
0.828125 0.015625 -0.010405 -0.999946 0.481263
0.296875 0.265625 -0.744242 -0.667910 0.066011
0.812500 -0.062500 0.933252 -0.359221 0.178301
0.812500 -0.046875 0.926135 -0.377193 0.560212
0.531250 -0.156250 -0.425479 -0.904968 0.996456
0.546875 -0.156250 -0.458063 -0.888920 0.996229
0.531250 -0.140625 -0.425477 -0.904969 0.998448
0.546875 -0.140625 -0.458077 -0.888912 0.998753
0.500000 -0.109375 -0.177945 0.984040 0.616906
0.515625 -0.109375 0.970779 0.239974 0.619407
0.765625 -0.125000 0.793686 -0.608328 0.938114
0.796875 -0.093750 0.888195 -0.459467 0.263414
0.796875 -0.078125 0.919440 -0.393230 0.749150
0.406250 0.078125 -0.979134 -0.203216 0.073651
0.046875 0.359375 -0.147311 -0.989090 0.006543
0.000000 0.359375 0.321015 -0.947074 0.000632
0.015625 0.359375 -0.598149 -0.801385 0.000001
0.703125 -0.031250 -0.834303 0.551306 0.461315
0.703125 -0.015625 -0.844792 0.535095 0.014949
0.703125 -0.187500 0.538540 -0.842600 0.842138
0.500000 -0.156250 0.974518 -0.224308 0.999959
0.515625 -0.156250 0.514521 -0.857478 0.992738
0.515625 -0.140625 0.514451 -0.857520 0.996841
0.531250 -0.187500 -0.579796 -0.814762 0.999811
0.546875 -0.187500 -0.602187 -0.798355 0.999803
0.781250 -0.125000 0.799926 -0.600099 0.118262
0.781250 -0.109375 0.861015 -0.508580 0.686996
0.796875 -0.109375 0.855339 -0.518069 0.000287
-0.015625 0.343750 0.073284 0.997311 0.001505
0.750000 -0.156250 0.736088 -0.676886 0.487589
0.750000 -0.140625 0.764181 -0.645002 0.999219
0.765625 -0.140625 0.787949 -0.615741 0.344466
0.000000 0.375000 -0.598148 -0.801386 0.000306
0.015625 0.375000 -0.598148 -0.801386 0.002733
-0.031250 0.328125 0.204052 0.978960 0.005572
-0.015625 0.328125 0.204052 0.978960 0.004870
0.453125 -0.125000 -0.864191 0.503165 0.000472
0.718750 -0.187500 0.601489 -0.798881 0.221471
0.718750 -0.171875 0.609291 -0.792947 0.985833
0.734375 -0.171875 0.618648 -0.785668 0.431847
0.468750 -0.156250 -0.965090 -0.261920 0.875355
0.468750 -0.140625 -0.985154 0.171670 0.998661
0.484375 -0.140625 -0.891495 0.453030 0.997437
0.500000 -0.187500 -0.537039 -0.843557 0.961679
0.515625 -0.187500 -0.493874 -0.869533 0.999836
0.468750 -0.125000 -0.802039 0.597272 0.598372
0.484375 -0.125000 -0.523859 0.851805 0.999983
0.468750 -0.109375 -0.658723 0.752386 0.029659
0.484375 -0.109375 -0.464716 0.885460 0.421957
0.500000 -0.203125 -0.547523 -0.836790 0.188317
0.515625 -0.203125 -0.333743 -0.942664 0.690069
0.656250 -0.218750 0.220878 -0.975302 0.138588
0.656250 -0.203125 0.220878 -0.975302 0.999993
0.671875 -0.20