0.859375 0.062500 0.999629 -0.027247 0.973335
0.859375 0.078125 0.999988 -0.004969 0.994581
0.328125 0.000000 -0.817566 0.575834 0.000156
0.546875 -0.296875 -0.024601 -0.999697 0.013097
0.843750 -0.093750 0.939153 -0.343499 0.442976
0.843750 -0.078125 0.967427 -0.253151 0.738100
0.687500 -0.265625 0.311971 -0.950092 0.789070
0.703125 -0.265625 0.398113 -0.917337 0.404764
0.562500 -0.218750 0.988856 0.148874 0.761781
0.578125 -0.218750 0.866033 0.499987 0.724894
0.812500 -0.031250 -0.960655 0.277746 0.780087
0.812500 -0.015625 -0.009014 0.999959 0.471171
0.859375 -0.031250 -0.025497 -0.999675 0.354836
0.859375 -0.015625 -0.029593 -0.999562 0.526660
0.593750 -0.281250 -0.034468 -0.999406 0.987491
0.609375 -0.281250 -0.022024 -0.999757 0.896836
0.609375 -0.265625 0.688987 -0.724773 0.997233
0.437500 -0.250000 -0.452484 -0.891772 0.999879
0.453125 -0.250000 -0.729257 -0.684240 0.999367
0.390625 -0.250000 -0.555795 -0.831320 0.021677
0.375000 -0.234375 -0.666890 -0.745156 0.169984
0.390625 -0.234375 -0.571906 -0.820319 0.817602
0.328125 -0.156250 -0.911687 -0.410885 0.741903
0.312500 -0.140625 -0.973205 -0.229938 0.085158
0.328125 -0.140625 -0.973205 -0.229938 0.997375
0.390625 -0.062500 -0.026653 0.999645 0.662049
0.390625 -0.046875 -0.155835 0.987783 0.614605
0.468750 -0.187500 0.491265 0.871010 0.536930
0.484375 -0.187500 0.420588 0.907252 0.079222
0.875000 0.062500 0.990533 0.137276 0.001402
0.890625 0.062500 0.485357 -0.874316 0.000003
0.875000 0.078125 0.992461 0.122562 0.003923
0.562500 -0.296875 -0.005208 -0.999986 0.036916
0.578125 -0.296875 0.011525 -0.999934 0.032942
0.421875 -0.265625 -0.477248 -0.878769 0.140380
0.859375 0.187500 -0.179207 0.983811 0.584489
0.859375 0.203125 -0.182847 0.983141 0.551016
0.265625 0.125000 -0.899508 -0.436904 0.153236
0.296875 -0.437500 -0.948666 0.316280 0.000105
0.859375 0.125000 -0.178754 0.983894 0.922517
0.859375 0.140625 -0.150232 0.988651 0.849266
0.625000 -0.218750 -0.173541 0.984827 0.974734
0.625000 -0.203125 -0.173541 0.984827 0.017641
0.640625 -0.203125 -0.248068 0.968743 0.219319
-0.031250 -0.031250 -0.000934 -1.000000 0.000000
-0.015625 -0.031250 -0.000937 -1.000000 0.000004
-0.015625 -0.015625 0.267273 -0.963621 0.003903
0.843750 -0.062500 0.983602 -0.180352 0.940542
0.859375 -0.062500 0.983602 -0.180352 0.005253
0.859375 -0.046875 0.983380 -0.181562 0.145795
0.859375 0.156250 -0.141240 0.989975 0.756427
0.859375 0.171875 -0.147296 0.989092 0.659269
0.312500 -0.093750 -0.154628 -0.987973 0.369567
0.312500 -0.078125 -0.980376 0.197137 0.358675
0.859375 0.031250 -0.066875 -0.997761 0.863624
0.859375 0.046875 0.998423 -0.056143 0.929292
0.812500 -0.156250 0.881843 -0.471543 0.767283
0.828125 -0.156250 0.886595 -0.462546 0.001355
0.828125 -0.140625 0.916828 -0.399282 0.252331
0.109375 0.109375 -0.707107 -0.707107 0.011495
0.437500 -0.156250 0.725798 0.687908 0.178230
0.593750 -0.296875 0.048463 -0.998825 0.004651
0.359375 -0.218750 -0.733624 -0.679556 0.174476
0.343750 -0.203125 -0.787147 -0.616766 0.054677
0.359375 -0.203125 -0.774979 -0.631988 0.866411
0.296875 -0.453125 -0.948666 0.316280 0.000158
0.812500 -0.171875 0.835537 -0.549434 0.219076
0.390625 -0.093750 0.971174 0.238370 0.958269
0.390625 -0.078125 0.987480 0.157742 0.776334
0.406250 -0.125000 0.887034 0.461704 0.732066
0.421875 -0.125000 0.887034 0.461704 0.000002
0.406250 -0.109375 0.919877 0.392208 0.298554
0.562500 -0.281250 0.083266 -0.996527 0.999990
0.578125 -0.281250 -0.071955 -0.997408 0.999873
0.562500 -0.265625 0.974409 0.224781 0.999727
0.578125 -0.265625 0.995183 0.098032 0.997285
0.328125 -0.171875 -0.868271 -0.496090 0.248028
0.828125 0.031250 -0.986690 0.162610 0.817714
0.828125 0.046875 -0.061923 0.998081 0.658529
0.343750 0.000000 -0.724762 0.688999 0.616369
0.343750 0.015625 -0.620161 0.784474 0.010991
0.359375 0.015625 -0.311703 0.950180 0.351934
0.718750 -0.250000 0.462277 -0.886736 0.902465
0.734375 -0.250000 0.505920 -0.862580 0.367618
0.593750 -0.218750 -0.996907 -0.078594 0.751523
0.609375 -0.218750 -0.116788 0.993157 0.839105
0.781250 -0.218750 0.715340 -0.698776 0.059658
0.781250 -0.203125 0.761925 -0.647666 0.734186
0.796875 -0.203125 0.767509 -0.641038 0.022414
0.296875 -0.062500 -0.810015 0.586409 0.005039
0.296875 -0.046875 -0.846117 0.532996 0.005310
0.828125 0.093750 -0.089084 0.996024 0.339533
0.828125 0.109375 -0.109615 0.993974 0.284205
0.859375 0.218750 0.942786 0.333399 0.482237
0.843750 0.234375 -0.059570 0.998224 0.760373
0.859375 0.234375 0.878570 0.477614 0.150917
0.453125 -0.281250 -0.252017 -0.967723 0.018638
0.437500 -0.265625 -0.331754 -0.943366 0.586193
0.453125 -0.265625 -0.191630 -0.981467 0.915523
0.859375 0.093750 0.999948 0.010225 0.994307
0.859375 0.109375 0.999355 0.035922 0.971248
0.312500 -0.125000 -0.990461 -0.137791 0.260743
0.312500 -0.109375 -0.056236 -0.998417 0.334234
0.031250 0.171875 -0.212430 -0.977176 0.006844
0.562500 -0.250000 0.996497 -0.083632 0.999932
0.000000 0.000000 0.707107 0.707107 0.003618
0.015625 0.015625 0.707107 0.707107 0.000023
0.828125 0.125000 -0.183317 0.983054 0.254020
0.828125 0.140625 -0.097631 -0.995223 0.250813
0.828125 0.062500 -0.068865 0.997626 0.525630
0.828125 0.078125 -0.077446 0.996997 0.419743
0.343750 -0.015625 -0.880862 0.473372 0.999353
0.828125 0.156250 0.028751 -0.999587 0.277450
0.828125 0.171875 0.052667 -0.998612 0.336068
0.828125 0.187500 0.061616 -0.998100 0.426919
0.828125 0.203125 -0.005497 -0.999985 0.528669
0.531250 -0.218750 0.183578 0.983005 0.987614
0.546875 -0.218750 0.119191 0.992871 0.864724
0.531250 -0.203125 0.183578 0.983005 0.043686
0.750000 -0.250000 0.597043 -0.802210 0.000822
0.750000 -0.234375 0.595921 -0.803043 0.667123
0.765625 -0.234375 0.683210 -0.730222 0.042134
0.828125 0.218750 -0.941971 0.335693 0.494947
0.828125 0.234375 -0.858738 0.512414 0.102221
0.328125 -0.031250 -0.917082 0.398699 0.702596
0.328125 -0.015625 -0.880862 0.473373 0.261054
0.203125 0.375000 -0.482605 -0.875838 0.031839
0.343750 -0.187500 -0.855918 -0.517111 0.634805
0.343750 -0.171875 -0.868271 -0.496090 0.998493
0.312500 -0.453125 -0.948666 0.316279 0.013645
0.000000 0.125000 0.705547 0.708663 0.000000
0.015625 0.125000 0.705547 0.708663 0.000000
0.843750 -0.109375 0.941653 -0.336585 0.094113
0.796875 -0.062500 -0.911900 0.410413 0.473272
0.796875 -0.046875 -0.950605 0.310402 0.107553
-0.015625 0.062500 -0.000549 -1.000000 0.000054
-0.015625 0.078125 0.890285 -0.455404 0.015799
0.000000 0.093750 0.888777 0.458339 0.000764
0.000000 0.109375 0.959422 0.281974 0.002836
0.015625 0.109375 0.959422 0.281974 0.000007
0.468750 -0.250000 -0.492978 -0.870042 0.986875
0.484375 -0.250000 0.837012 -0.547185 0.985105
0.468750 -0.234375 0.417996 -0.908449 0.999990
0.484375 -0.234375 0.062854 -0.998023 0.999996
0.812500 0.000000 -0.973910 0.226935 0.202099
0.812500 0.015625 -0.984782 0.173793 0.020952
0.828125 0.015625 -0.984782 0.173793 0.972377
0.671875 -0.187500 -0.378915 0.925431 0.008467
0.296875 0.265625 -0.744242 -0.667910 0.065996
0.812500 -0.046875 -0.950605 0.310402 0.991900
0.203125 -0.343750 0.732647 -0.680609 0.012763
0.531250 -0.281250 -0.075733 -0.997128 0.952173
0.546875 -0.281250 0.221912 -0.975067 0.999466
0.390625 0.000000 0.770125 0.637893 0.340234
0.375000 0.015625 0.540207 0.841532 0.373220
0.390625 0.015625 0.739602 0.673044 0.006655
0.750000 -0.125000 -0.779889 0.625917 0.002731
0.765625 -0.125000 -0.797684 0.603075 0.692646
0.765625 -0.109375 -0.818412 0.574632 0.094612
0.781250 -0.093750 -0.884261 0.466993 0.438066
0.781250 -0.078125 -0.901674 0.432416 0.031739
0.796875 -0.078125 -0.901674 0.432416 0.893348
0.406250 0.078125 -0.979134 -0.203216 0.073650
0.046875 0.359375 -0.147311 -0.989090 0.006543
0.687500 -0.187500 -0.456116 0.889920 0.358905
0.703125 -0.187500 -0.550772 0.834655 0.883830
0.703125 -0.171875 -0.589231 0.807965 0.042872
0.859375 0.000000 -0.036794 -0.999323 0.664498
0.859375 0.015625 -0.048000 -0.998847 0.775929
0.828125 -0.125000 0.928710 -0.370808 0.696537
0.828125 -0.109375 0.941653 -0.336585 0.983421
0.781250 -0.109375 -0.837230 0.546852 0.925665
0.750000 -0.156250 -0.729770 0.683693 0.998456
0.750000 -0.140625 -0.771914 0.635728 0.512110
0.015625 0.375000 -0.061110 -0.998131 0.003672
0.39062