0.843750 0.062500 -0.098717 0.995116 0.831567
0.843750 0.078125 -0.116636 0.993175 0.741732
0.312500 0.000000 -0.892528 0.450992 0.444611
0.312500 0.015625 -0.826255 0.563296 0.035618
0.328125 0.015625 -0.818563 0.574417 0.808865
0.531250 -0.296875 -0.086327 -0.996267 0.584505
0.546875 -0.296875 -0.048800 -0.998809 0.638323
0.843750 -0.093750 0.974435 -0.224668 0.840725
0.843750 -0.078125 0.974957 -0.222395 0.996744
0.859375 -0.078125 0.974957 -0.222395 0.087428
0.687500 -0.281250 0.366693 -0.930342 0.482064
0.703125 -0.281250 0.384508 -0.923122 0.119679
0.703125 -0.265625 0.384508 -0.923122 0.988078
0.812500 -0.031250 -0.971782 0.235882 0.011137
0.828125 -0.031250 -0.971782 0.235882 0.932276
0.828125 -0.015625 -0.967170 0.254129 0.688026
0.859375 -0.031250 -0.046508 -0.998918 0.749385
0.859375 -0.015625 0.992557 -0.121778 0.896988
0.593750 -0.281250 0.294805 -0.955557 0.999987
0.593750 -0.265625 0.602883 0.797830 0.996377
0.375000 -0.250000 -0.632249 -0.774765 0.254670
0.390625 -0.250000 -0.545923 -0.837836 0.876169
0.375000 -0.234375 -0.669999 -0.742362 0.980538
0.312500 -0.156250 -0.946167 -0.323678 0.801783
0.312500 -0.140625 -0.964834 -0.262859 0.999726
0.781250 -0.140625 -0.798988 0.601348 0.980335
0.375000 -0.062500 -0.109705 -0.993964 0.565509
0.375000 -0.046875 -0.040385 -0.999184 0.646971
0.875000 0.062500 0.996361 -0.085234 0.270333
0.890625 0.062500 0.996361 -0.085234 0.000003
0.875000 0.078125 0.999995 0.003023 0.281249
0.562500 -0.296875 -0.009106 -0.999959 0.657432
0.578125 -0.296875 0.021887 -0.999761 0.651012
0.421875 -0.281250 -0.385303 -0.922790 0.040790
0.406250 -0.265625 -0.443369 -0.896339 0.436947
0.421875 -0.265625 -0.385303 -0.922790 0.861432
0.843750 0.187500 -0.819729 0.572751 0.752270
0.843750 0.203125 -0.675941 0.736956 0.316898
0.859375 0.203125 0.879685 0.475557 0.716222
0.390625 -0.265625 -0.520437 -0.853900 0.043756
0.625000 -0.234375 -0.157292 0.987552 0.843311
0.640625 -0.234375 -0.223685 0.974661 0.993444
0.265625 0.125000 -0.899508 -0.436904 0.153231
0.843750 0.125000 -0.425752 -0.904840 0.631212
0.843750 0.140625 -0.049911 -0.998754 0.657832
0.640625 -0.218750 -0.223685 0.974662 0.065137
-0.031250 -0.031250 -0.000925 -1.000000 0.000000
-0.015625 -0.031250 -0.000927 -1.000000 0.000004
-0.015625 -0.015625 0.267283 -0.963618 0.003903
0.296875 -0.140625 -0.964834 -0.262858 0.151888
0.718750 -0.203125 -0.570943 0.820990 0.998626
0.859375 -0.062500 0.966127 -0.258068 0.346251
0.859375 -0.046875 -0.040603 -0.999175 0.570101
0.843750 0.156250 -0.009634 -0.999954 0.714812
0.843750 0.171875 -0.214633 -0.976695 0.779973
0.296875 -0.093750 -0.095632 -0.995417 0.701917
0.296875 -0.078125 -0.029659 0.999560 0.689264
0.843750 0.031250 -0.992598 0.121448 0.999912
0.843750 0.046875 -0.995976 0.089620 0.942293
0.828125 -0.156250 0.891551 -0.452920 0.327754
0.828125 -0.140625 0.919763 -0.392475 0.808718
0.109375 0.109375 -0.707107 -0.707107 0.011495
0.390625 -0.156250 0.827510 0.561452 0.999895
0.390625 -0.140625 0.880030 0.474919 0.705278
0.593750 -0.296875 0.119067 -0.992886 0.626344
0.609375 -0.296875 0.257871 -0.966179 0.539467
0.343750 -0.218750 -0.726697 -0.686959 0.390792
0.359375 -0.218750 -0.700445 -0.713707 0.993187
0.343750 -0.203125 -0.748034 -0.663661 0.990027
0.437500 -0.203125 0.595161 0.803606 0.989702
0.453125 -0.203125 0.494337 0.869270 0.599268
0.812500 -0.187500 0.814066 -0.580773 0.194132
0.812500 -0.171875 0.858071 -0.513531 0.778465
0.828125 -0.171875 0.862573 -0.505932 0.006414
0.375000 -0.093750 0.983789 0.179329 0.691544
0.375000 -0.078125 -0.027189 0.999630 0.579316
0.296875 -0.031250 -0.972965 0.230954 0.178775
0.296875 -0.015625 -0.945585 0.325376 0.004558
0.750000 -0.171875 -0.702204 0.711976 0.869836
0.656250 -0.296875 0.207599 -0.978214 0.069514
0.375000 0.062500 0.128762 0.991676 0.021885
0.390625 0.062500 0.631225 0.775599 0.001868
0.562500 -0.281250 -0.021487 -0.999769 0.999991
0.578125 -0.281250 0.029487 -0.999565 0.999984
0.562500 -0.265625 -0.460251 0.887789 0.996485
0.578125 -0.265625 0.010963 0.999940 0.999485
0.312500 -0.187500 -0.865210 -0.501409 0.023878
0.328125 -0.187500 -0.849498 -0.527591 0.871089
0.312500 -0.171875 -0.909844 -0.414950 0.395938
0.828125 0.031250 -0.992598 0.121448 0.073342
0.843750 -0.140625 0.919763 -0.392475 0.001474
0.781250 -0.234375 0.703319 -0.710874 0.013597
0.734375 -0.250000 0.537074 -0.843535 0.957012
0.781250 -0.218750 0.742905 -0.669397 0.619073
0.796875 -0.218750 0.757796 -0.652492 0.004545
0.796875 -0.203125 0.820361 -0.571846 0.457334
0.296875 -0.062500 -0.002582 0.999997 0.585420
0.296875 -0.046875 0.002475 0.999997 0.414159
0.359375 -0.234375 -0.675682 -0.737193 0.351948
0.531250 -0.234375 0.160899 0.986971 0.809869
0.546875 -0.234375 0.990254 0.139276 0.668945
0.437500 -0.281250 -0.328869 -0.944376 0.381580
0.453125 -0.281250 -0.194596 -0.980883 0.707306
0.437500 -0.265625 -0.328869 -0.944376 0.997633
0.453125 -0.265625 -0.396495 -0.918037 0.996084
0.843750 0.093750 -0.151719 0.988424 0.677304
0.843750 0.109375 -0.265280 0.964171 0.639336
0.031250 0.171875 -0.212430 -0.977176 0.006844
0.328125 -0.203125 -0.786875 -0.617112 0.261193
0.562500 -0.234375 0.986789 0.162009 0.589886
0.578125 -0.234375 -0.992036 0.125951 0.569507
0.000000 0.000000 0.707107 0.707107 0.003618
0.015625 0.015625 0.707107 0.707107 0.000023
0.500000 -0.296875 -0.119441 -0.992841 0.351067
0.515625 -0.296875 -0.110477 -0.993879 0.489456
0.625000 -0.296875 0.983956 0.178411 0.428996
0.640625 -0.296875 0.191645 -0.981464 0.265279
0.750000 -0.250000 0.553737 -0.832692 0.396430
0.765625 -0.250000 0.634819 -0.772661 0.000281
0.765625 -0.234375 0.643524 -0.765426 0.595480
0.312500 -0.015625 -0.945585 0.325376 0.857148
0.687500 -0.218750 -0.432059 0.901845 0.988969
0.687500 -0.203125 -0.432059 0.901845 0.134827
0.703125 -0.203125 -0.484029 0.875052 0.648442
0.203125 0.375000 -0.482605 -0.875838 0.031839
0.000000 0.125000 0.676620 0.736332 0.000000
0.015625 0.125000 0.676620 0.736333 0.000000
0.843750 -0.125000 0.946603 -0.322402 0.209432
0.843750 -0.109375 -0.063188 -0.998002 0.568507
-0.015625 0.062500 -0.000549 -1.000000 0.000054
-0.015625 0.078125 0.890285 -0.455404 0.015799
0.000000 0.093750 0.870581 0.492025 0.000764
0.000000 0.109375 0.944210 0.329343 0.002728
0.015625 0.109375 0.944210 0.329343 0.000115
0.828125 0.000000 -0.019706 0.999806 0.448630
0.828125 0.015625 -0.980359 0.197223 0.242458
0.296875 0.265625 -0.744242 -0.667910 0.065993
0.812500 -0.062500 -0.926665 0.375887 0.569839
0.812500 -0.046875 -0.959108 0.283039 0.214063
0.421875 -0.187500 0.688594 0.725147 0.933596
0.406250 -0.171875 0.733029 0.680197 0.944958
0.421875 -0.171875 0.715400 0.698715 0.201406
0.156250 -0.390625 0.475913 0.879492 0.015437
0.171875 -0.390625 0.475914 0.879492 0.004903
0.531250 -0.281250 -0.041602 -0.999134 0.999981
0.546875 -0.281250 -0.062674 -0.998034 0.999886
0.531250 -0.265625 0.457233 0.889347 0.999958
0.546875 -0.265625 0.189272 0.981925 0.989937
0.390625 0.000000 0.943147 -0.332375 0.411022
0.390625 0.015625 -0.006880 -0.999976 0.728166
0.406250 0.046875 0.730408 0.683011 0.000000
0.796875 -0.093750 -0.899674 0.436562 0.419581
0.796875 -0.078125 -0.923440 0.383742 0.044934
0.406250 0.078125 -0.653862 -0.756614 0.073650
0.046875 0.359375 -0.147311 -0.989090 0.006543
0.812500 -0.078125 -0.923440 0.383742 0.934625
0.328125 0.031250 -0.741351 0.671117 0.163542
0.859375 0.000000 0.995966 -0.089736 0.990674
0.781250 -0.125000 -0.860223 0.509919 0.527503
0.781250 -0.109375 -0.871109 0.491091 0.040962
0.796875 -0.109375 -0.871109 0.491091 0.887372
0.750000 -0.156250 -0.730775 0.682618 0.131496
0.765625 -0.156250 -0.738455 0.674303 0.900539
0.765625 -0.140625 -0.796066 0.605210 0.242047
0.015625 0.375000 -0.061110 -0.998131 0.003672
0.390625 0.031250 0.959228 0.282632 0.899896
0.375000 0.046875 0.307436 0.951569 0.985724
0.390625 0.046875 0.556120 0.831102 0.538756
0.375000 -0.031250 0.981991 -0.188930 0.824270
0.375000 -0.015625 0.965758 -0.259446 0.991288
0.390625 -0.015625 0.965758 -0.259446 0.098184
0.718750 -0.187500 -0.568896 0.822410 0.291146
0.734375 -0.187500 -0.665299 0.746577 0.924970
0.734375 -0.171875 -0.668960 0.743298 0.135501
0.343750 0.031250 -0.695768 0.718267 0.9