0.406250 0.109375 -0.561264 -0.827637 0.001306
0.421875 0.109375 -0.359912 -0.932986 0.000890
0.437500 0.093750 -0.320077 -0.947391 0.000525
0.453125 0.093750 -0.181876 -0.983322 0.000350
0.437500 0.109375 -0.278813 -0.960345 0.000497
0.468750 0.093750 -0.104685 -0.994505 0.000218
0.484375 0.093750 -0.035066 -0.999385 0.000409
0.359375 0.156250 -0.827636 -0.561265 0.002178
0.359375 0.171875 -0.932986 -0.359913 0.010217
0.343750 0.187500 -0.947392 -0.320075 0.004034
0.359375 0.187500 -0.960345 -0.278813 0.008902
0.343750 0.203125 -0.983322 -0.181876 0.011804
0.343750 0.218750 -0.994505 -0.104685 0.001249
0.343750 0.234375 -0.999385 -0.035066 0.001698
0.390625 0.125000 -0.648907 -0.760868 0.000171
0.375000 0.140625 -0.760867 -0.648908 0.000293
0.390625 0.140625 -0.707106 -0.707108 0.000860
0.406250 0.125000 -0.505815 -0.862642 0.001878
0.375000 0.156250 -0.862642 -0.505815 0.003912
0.343750 0.250000 -0.999385 0.035066 0.000257
0.343750 0.265625 -0.994505 0.104685 0.000325
0.343750 0.281250 -0.983322 0.181875 0.007113
0.343750 0.296875 -0.947392 0.320074 0.001728
0.359375 0.296875 -0.960346 0.278810 0.000511
0.359375 0.312500 -0.932987 0.359911 0.001613
0.359375 0.328125 -0.827637 0.561264 0.000070
0.375000 0.328125 -0.862641 0.505816 0.000636
0.375000 0.343750 -0.760866 0.648909 0.000201
0.390625 0.343750 -0.707108 0.707105 0.000066
0.390625 0.359375 -0.648909 0.760866 0.000049
0.406250 0.359375 -0.505817 0.862641 0.000047
0.406250 0.375000 -0.561265 0.827637 0.000069
0.421875 0.375000 -0.359912 0.932986 0.000606
0.437500 0.375000 -0.278811 0.960346 0.000391
0.437500 0.390625 -0.320075 0.947392 0.001136
0.453125 0.390625 -0.181875 0.983322 0.001159
0.468750 0.390625 -0.104684 0.994505 0.001686
0.484375 0.390625 -0.035066 0.999385 0.002029
0.500000 0.093750 0.035066 -0.999385 0.000080
0.515625 0.093750 0.104685 -0.994505 0.000168
0.531250 0.093750 0.181878 -0.983321 0.000010
0.546875 0.093750 0.320078 -0.947391 0.000167
0.546875 0.109375 0.278813 -0.960345 0.000021
0.562500 0.109375 0.359914 -0.932985 0.000280
0.578125 0.109375 0.561262 -0.827638 0.000892
0.578125 0.125000 0.505815 -0.862642 0.000173
0.593750 0.125000 0.648906 -0.760869 0.001698
0.593750 0.140625 0.707105 -0.707108 0.003082
0.609375 0.140625 0.760867 -0.648908 0.000739
0.609375 0.156250 0.862642 -0.505815 0.001100
0.625000 0.156250 0.827637 -0.561264 0.001652
0.625000 0.171875 0.932986 -0.359913 0.000060
0.625000 0.187500 0.960346 -0.278812 0.016774
0.640625 0.187500 0.947392 -0.320075 0.003998
0.640625 0.203125 0.983322 -0.181876 0.026430
0.640625 0.218750 0.994505 -0.104685 0.008292
0.640625 0.234375 0.999385 -0.035066 0.040596
0.609375 0.328125 0.862642 0.505815 0.006870
0.578125 0.359375 0.505817 0.862641 0.002271
0.593750 0.343750 0.707108 0.707106 0.007691
0.609375 0.343750 0.760867 0.648908 0.003088
0.593750 0.359375 0.648909 0.760866 0.003799
0.640625 0.250000 0.999385 0.035066 0.046348
0.640625 0.265625 0.994505 0.104685 0.013005
0.640625 0.281250 0.983322 0.181876 0.000764
0.625000 0.296875 0.960346 0.278812 0.029064
0.640625 0.296875 0.947392 0.320075 0.004821
0.625000 0.312500 0.932986 0.359912 0.005480
0.625000 0.328125 0.827637 0.561264 0.019140
0.500000 0.390625 0.035067 0.999385 0.002533
0.515625 0.390625 0.104685 0.994505 0.001798
0.546875 0.375000 0.278811 0.960346 0.004522
0.531250 0.390625 0.181876 0.983321 0.005687
0.546875 0.390625 0.320076 0.947392 0.000984
0.562500 0.375000 0.359912 0.932986 0.002977
0.578125 0.375000 0.561265 0.827636 0.000371

