-0.75 -0.75
-0.375 -0.875
-0.125 -0.875
-0.375 -0.625
-0.125 -0.625
-0.875 -0.375
-0.625 -0.375
-0.875 -0.125
-0.625 -0.125
-0.375 -0.375
-0.125 -0.375
-0.375 -0.125
-0.125 -0.125
0.125 -0.875
0.375 -0.875
0.125 -0.625
0.375 -0.625
0.625 -0.875
0.875 -0.875
0.625 -0.625
0.875 -0.625
0.125 -0.375
0.3125 -0.4375
0.4375 -0.4375
0.3125 -0.3125
0.4375 -0.3125
0.0625 -0.1875
0.1875 -0.1875
0.0625 -0.0625
0.1875 -0.0625
0.3125 -0.1875
0.4375 -0.1875
0.3125 -0.0625
0.4375 -0.0625
0.5625 -0.4375
0.6875 -0.4375
0.5625 -0.3125
0.6875 -0.3125
0.875 -0.375
0.5625 -0.1875
0.6875 -0.1875
0.5625 -0.0625
0.6875 -0.0625
0.8125 -0.1875
0.9375 -0.1875
0.8125 -0.0625
0.9375 -0.0625
-0.875 0.125
-0.625 0.125
-0.875 0.375
-0.625 0.375
-0.375 0.125
-0.1875 0.0625
-0.0625 0.0625
-0.1875 0.1875
-0.0625 0.1875
-0.4375 0.3125
-0.3125 0.3125
-0.4375 0.4375
-0.3125 0.4375
-0.1875 0.3125
-0.0625 0.3125
-0.1875 0.4375
-0.0625 0.4375
-0.875 0.625
-0.6875 0.5625
-0.5625 0.5625
-0.6875 0.6875
-0.5625 0.6875
-0.875 0.875
-0.6875 0.8125
-0.5625 0.8125
-0.6875 0.9375
-0.5625 0.9375
-0.4375 0.5625
-0.3125 0.5625
-0.4375 0.6875
-0.3125 0.6875
-0.1875 0.5625
-0.0625 0.5625
-0.1875 0.6875
-0.09375 0.65625
-0.03125 0.65625
-0.09375 0.71875
-0.03125 0.71875
-0.4375 0.8125
-0.3125 0.8125
-0.4375 0.9375
-0.3125 0.9375
-0.1875 0.8125
-0.09375 0.78125
-0.03125 0.78125
-0.09375 0.84375
-0.03125 0.84375
-0.1875 0.9375
-0.0625 0.9375
0.0625 0.0625
0.1875 0.0625
0.0625 0.1875
0.1875 0.1875
0.3125 0.0625
0.4375 0.0625
0.3125 0.1875
0.40625 0.15625
0.46875 0.15625
0.40625 0.21875
0.46875 0.21875
0.0625 0.3125
0.1875 0.3125
0.0625 0.4375
0.15625 0.40625
0.21875 0.40625
0.15625 0.46875
0.21875 0.46875
0.28125 0.28125
0.34375 0.28125
0.28125 0.34375
0.34375 0.34375
0.40625 0.28125
0.46875 0.28125
0.40625 0.34375
0.46875 0.34375
0.28125 0.40625
0.34375 0.40625
0.28125 0.46875
0.34375 0.46875
0.40625 0.40625
0.453125 0.390625
0.484375 0.390625
0.453125 0.421875
0.484375 0.421875
0.390625 0.453125
0.421875 0.453125
0.390625 0.484375
0.421875 0.484375
0.453125 0.453125
0.484375 0.453125
0.453125 0.484375
0.484375 0.484375
0.5625 0.0625
0.6875 0.0625
0.53125 0.15625
0.59375 0.15625
0.53125 0.21875
0.59375 0.21875
0.65625 0.15625
0.71875 0.15625
0.65625 0.21875
0.71875 0.21875
0.8125 0.0625
0.9375 0.0625
0.8125 0.1875
0.9375 0.1875
0.53125 0.28125
0.59375 0.28125
0.53125 0.34375
0.59375 0.34375
0.65625 0.28125
0.71875 0.28125
0.65625 0.34375
0.71875 0.34375
0.515625 0.390625
0.546875 0.390625
0.515625 0.421875
0.546875 0.421875
0.578125 0.390625
0.609375 0.390625
0.578125 0.421875
0.609375 0.421875
0.515625 0.453125
0.546875 0.453125
0.515625 0.484375
0.546875 0.484375
0.578125 0.453125
0.609375 0.453125
0.578125 0.484375
0.609375 0.484375
0.65625 0.40625
0.71875 0.40625
0.640625 0.453125
0.671875 0.453125
0.640625 0.484375
0.671875 0.484375
0.71875 0.46875
0.78125 0.28125
0.84375 0.28125
0.78125 0.34375
0.84375 0.34375
0.9375 0.3125
0.78125 0.40625
0.84375 0.40625
0.78125 0.46875
0.84375 0.46875
0.90625 0.40625
0.96875 0.40625
0.90625 0.46875
0.96875 0.46875
0.03125 0.53125
0.09375 0.53125
0.03125 0.59375
0.09375 0.59375
0.15625 0.53125
0.21875 0.53125
0.15625 0.59375
0.21875 0.59375
0.03125 0.65625
0.09375 0.65625
0.03125 0.71875
0.09375 0.71875
0.15625 0.65625
0.203125 0.640625
0.234375 0.640625
0.203125 0.671875
0.234375 0.671875
0.15625 0.71875
0.203125 0.703125
0.234375 0.703125
0.203125 0.734375
0.234375 0.734375
0.28125 0.53125
0.328125 0.515625
0.359375 0.515625
0.328125 0.546875
0.359375 0.546875
0.265625 0.578125
0.296875 0.578125
0.265625 0.609375
0.296875 0.609375
0.328125 0.578125
0.359375 0.578125
0.328125 0.609375
0.359375 0.609375
0.390625 0.515625
0.421875 0.515625
0.390625 0.546875
0.421875 0.546875
0.453125 0.515625
0.484375 0.515625
0.445312 0.539062
0.460938 0.539062
0.445312 0.554688
0.460938 0.554688
0.476562 0.539062
0.492188 0.539062
0.476562 0.554688
0.492188 0.554688
0.390625 0.578125
0.414062 0.570312
0.429688 0.570312
0.414062 0.585938
0.429688 0.585938
0.382812 0.601562
0.398438 0.601562
0.382812 0.617188
0.398438 0.617188
0.414062 0.601562
0.429688 0.601562
0.414062 0.617188
0.429688 0.617188
0.445312 0.570312
0.460938 0.570312
0.445312 0.585938
0.460938 0.585938
0.476562 0.570312
0.492188 0.570312
0.476562 0.585938
0.492188 0.585938
0.445312 0.601562
0.460938 0.601562
0.445312 0.617188
0.457031 0.613281
0.464844 0.613281
0.457031 0.621094
0.464844 0.621094
0.476562 0.601562
0.488281 0.597656
0.496094 0.597656
0.488281 0.605469
0.496094 0.605469
0.472656 0.613281
0.480469 0.613281
0.472656 0.621094
0.480469 0.621094
0.488281 0.613281
0.496094 0.613281
0.488281 0.621094
0.496094 0.621094
0.265625 0.640625
0.296875 0.640625
0.265625 0.671875
0.296875 0.671875
0.328125 0.640625
0.351562 0.632812
0.367188 0.632812
0.351562 0.648438
0.367188 0.648438
0.320312 0.664062
0.335938 0.664062
0.320312 0.679688
0.335938 0.679688
0.351562 0.664062
0.367188 0.664062
0.351562 0.679688
0.367188 0.679688
0.265625 0.703125
0.296875 0.703125
0.265625 0.734375
0.296875 0.734375
0.320312 0.695312
0.335938 0.695312
0.320312 0.710938
0.335938 0.710938
0.351562 0.695312
0.367188 0.695312
0.351562 0.710938
0.367188 0.710938
0.320312 0.726562
0.335938 0.726562
0.320312 0.742188
0.335938 0.742188
0.351562 0.726562
0.367188 0.726562
0.351562 0.742188
0.367188 0.742188
0.382812 0.632812
0.398438 0.632812
0.382812 0.648438
0.398438 0.648438
0.414062 0.632812
0.429688 0.632812
0.414062 0.648438
0.425781 0.644531
0.433594 0.644531
0.425781 0.652344
0.433594 0.652344
0.382812 0.664062
0.398438 0.664062
0.382812 0.679688
0.394531 0.675781
0.402344 0.675781
0.394531 0.683594
0.402344 0.683594
0.410156 0.660156
0.417969 0.660156
0.410156 0.667969
0.417969 0.667969
0.425781 0.660156
0.433594 0.660156
0.425781 0.667969
0.433594 0.667969
0.410156 0.675781
0.417969 0.675781
0.410156 0.683594
0.417969 0.683594
0.425781 0.675781
0.433594 0.675781
0.425781 0.683594
0.433594 0.683594
0.441406 0.628906
0.449219 0.628906
0.441406 0.636719
0.449219 0.636719
0.457031 0.628906
0.464844 0.628906
0.457031 0.636719
0.464844 0.636719
0.441406 0.644531
0.449219 0.644531
0.441406 0.652344
0.449219 0.652344
0.457031 0.644531
0.464844 0.644531
0.457031 0.652344
0.464844 0.652344
0.472656 0.628906
0.480469 0.628906
0.472656 0.636719
0.480469 0.636719
0.488281 0.628906
0.496094 0.628906
0.488281 0.636719
0.496094 0.636719
0.472656 0.644531
0.480469 0.644531
0.472656 0.652344
0.480469 0.652344
0.488281 0.644531
0.496094 0.644531
0.488281 0.652344
0.496094 0.652344
0.441406 0.660156
0.449219 0.660156
0.441406 0.667969
0.449219 0.667969
0.457031 0.660156
0.464844 0.660156
0.457031 0.667969
0.464844 0.667969
0.441406 0.675781
0.449219 0.675781
0.441406 0.683594
0.449219 0.683594
0.457031 0.675781
0.464844 0.675781
0.457031 0.683594
0.464844 0.683594
0.472656 0.660156
0.480469 0.660156
0.472656 0.667969
0.480469 0.667969
0.488281 0.660156
0.496094 0.660156
0.488281 0.667969
0.496094 0.667969
0.472656 0.675781
0.480469 0.675781
0.472656 0.683594
0.480469 0.683594
0.488281 0.675781
0.496094 0.675781
0.488281 0.683594
0.496094 0.683594
0.378906 0.691406
0.386719 0.691406
0.378906 0.699219
0.386719 0.699219
0.394531 0.691406
0.402344 0.691406
0.394531 0.699219
0.402344 0.699219
0.378906 0.707031
0.386719 0.707031
0.378906 0.714844
0.386719 0.714844
0.394531 0.707031
0.402344 0.707031
0.394531 0.714844
0.402344 0.714844
0.410156 0.691406
0.417969 0.691406
0.410156 0.699219
0.417969 0.699219
0.425781 0.691406
0.433594 0.691406
0.425781 0.699219
0.433594 0.699219
0.410156 0.707031
0.417969 0.707031
0.410156 0.714844
0.417969 0.714844
0.425781 0.707031
0.433594 0.707031
0.425781 0.714844
0.433594 0.714844
0.378906 0.722656
0.386719 0.722656
0.378906 0.730469
0.386719 0.730469
0.394531 0.722656
0.402344 0.722656
0.394531 0.730469
0.402344 0.730469
0.378906 0.738281
0.386719 0.738281
0.378906 0.746094
0.386719 0.746094
0.394531 0.738281
0.402344 0.738281
0.394531 0.746094
0.402344 0.746094
0.410156 0.722656
0.417969 0.722656
0.410156 0.730469
0.417969 0.730469
0.425781 0.722656
0.433594 0.722656
0.425781 0.730469
0.433594 0.730469
0.410156 0.738281
0.417969 0.738281
0.410156 0.746094
0.417969 0.746094
0.425781 0.738281
0.433594 0.738281
0.425781 0.746094
0.433594 0.746094
0.441406 0.691406
0.449219 0.691406
0.441406 0.699219
0.449219 0.699219
0.457031 0.691406
0.464844 0.691406
0.457031 0.699219
0.464844 0.699219
0.441406 0.707031
0.449219 0.707031
0.441406 0.714844
0.449219 0.714844
0.460938 0.710938
0.476562 0.695312
0.492188 0.695312
0.476562 0.710938
0.492188 0.710938
0.441406 0.722656
0.449219 0.722656
0.441406 0.730469
0.449219 0.730469
0.460938 0.726562
0.441406 0.738281
0.449219 0.738281
0.441406 0.746094
0.449219 0.746094
0.460938 0.742188
0.476562 0.726562
0.492188 0.726562
0.476562 0.742188
0.492188 0.742188
0.03125 0.78125
0.09375 0.78125
0.03125 0.84375
0.09375 0.84375
0.15625 0.78125
0.203125 0.765625
0.234375 0.765625
0.203125 0.796875
0.234375 0.796875
0.15625 0.84375
0.203125 0.828125
0.234375 0.828125
0.203125 0.859375
0.234375 0.859375
0.03125 0.90625
0.09375 0.90625
0.03125 0.96875
0.09375 0.96875
0.15625 0.90625
0.21875 0.90625
0.15625 0.96875
0.21875 0.96875
0.265625 0.765625
0.296875 0.765625
0.265625 0.796875
0.296875 0.796875
0.320312 0.757812
0.335938 0.757812
0.320312 0.773438
0.335938 0.773438
0.351562 0.757812
0.367188 0.757812
0.351562 0.773438
0.367188 0.773438
0.320312 0.789062
0.335938 0.789062
0.320312 0.804688
0.335938 0.804688
0.351562 0.789062
0.367188 0.789062
0.351562 0.804688
0.367188 0.804688
0.265625 0.828125
0.296875 0.828125
0.265625 0.859375
0.296875 0.859375
0.328125 0.828125
0.351562 0.820312
0.367188 0.820312
0.351562 0.835938
0.367188 0.835938
0.328125 0.859375
0.359375 0.859375
0.378906 0.753906
0.386719 0.753906
0.378906 0.761719
0.386719 0.761719
0.394531 0.753906
0.402344 0.753906
0.394531 0.761719
0.402344 0.761719
0.378906 0.769531
0.386719 0.769531
0.378906 0.777344
0.386719 0.777344
0.394531 0.769531
0.402344 0.769531
0.394531 0.777344
0.402344 0.777344
0.410156 0.753906
0.417969 0.753906
0.410156 0.761719
0.417969 0.761719
0.425781 0.753906
0.433594 0.753906
0.425781 0.761719
0.433594 0.761719
0.410156 0.769531
0.417969 0.769531
0.410156 0.777344
0.417969 0.777344
0.425781 0.769531
0.433594 0.769531
0.425781 0.777344
0.433594 0.777344
0.378906 0.785156
0.386719 0.785156
0.378906 0.792969
0.386719 0.792969
0.394531 0.785156
0.402344 0.785156
0.394531 0.792969
0.402344 0.792969
0.382812 0.804688
0.394531 0.800781
0.402344 0.800781
0.394531 0.808594
0.402344 0.808594
0.410156 0.785156
0.417969 0.785156
0.410156 0.792969
0.417969 0.792969
0.425781 0.785156
0.433594 0.785156
0.425781 0.792969
0.433594 0.792969
0.410156 0.800781
0.417969 0.800781
0.410156 0.808594
0.417969 0.808594
0.425781 0.800781
0.433594 0.800781
0.425781 0.808594
0.433594 0.808594
0.441406 0.753906
0.449219 0.753906
0.441406 0.761719
0.449219 0.761719
0.460938 0.757812
0.441406 0.769531
0.449219 0.769531
0.441406 0.777344
0.449219 0.777344
0.460938 0.773438
0.476562 0.757812
0.492188 0.757812
0.476562 0.773438
0.492188 0.773438
0.441406 0.785156
0.449219 0.785156
0.441406 0.792969
0.449219 0.792969
0.457031 0.785156
0.464844 0.785156
0.457031 0.792969
0.464844 0.792969
0.441406 0.800781
0.449219 0.800781
0.441406 0.808594
0.449219 0.808594
0.457031 0.800781
0.464844 0.800781
0.457031 0.808594
0.464844 0.808594
0.472656 0.785156
0.480469 0.785156
0.472656 0.792969
0.480469 0.792969
0.492188 0.789062
0.472656 0.800781
0.480469 0.800781
0.472656 0.808594
0.480469 0.808594
0.488281 0.800781
0.496094 0.800781
0.488281 0.808594
0.496094 0.808594
0.382812 0.820312
0.398438 0.820312
0.382812 0.835938
0.398438 0.835938
0.410156 0.816406
0.417969 0.816406
0.410156 0.824219
0.417969 0.824219
0.425781 0.816406
0.433594 0.816406
0.425781 0.824219
0.433594 0.824219
0.414062 0.835938
0.425781 0.832031
0.433594 0.832031
0.425781 0.839844
0.433594 0.839844
0.382812 0.851562
0.398438 0.851562
0.382812 0.867188
0.398438 0.867188
0.414062 0.851562
0.429688 0.851562
0.414062 0.867188
0.429688 0.867188
0.441406 0.816406
0.449219 0.816406
0.441406 0.824219
0.449219 0.824219
0.457031 0.816406
0.464844 0.816406
0.457031 0.824219
0.464844 0.824219
0.441406 0.832031
0.449219 0.832031
0.441406 0.839844
0.449219 0.839844
0.457031 0.832031
0.464844 0.832031
0.457031 0.839844
0.464844 0.839844
0.472656 0.816406
0.480469 0.816406
0.472656 0.824219
0.480469 0.824219
0.488281 0.816406
0.496094 0.816406
0.488281 0.824219
0.496094 0.824219
0.472656 0.832031
0.480469 0.832031
0.472656 0.839844
0.480469 0.839844
0.488281 0.832031
0.496094 0.832031
0.488281 0.839844
0.496094 0.839844
0.441406 0.847656
0.449219 0.847656
0.441406 0.855469
0.449219 0.855469
0.457031 0.847656
0.464844 0.847656
0.457031 0.855469
0.464844 0.855469
0.445312 0.867188
0.460938 0.867188
0.472656 0.847656
0.480469 0.847656
0.472656 0.855469
0.480469 0.855469
0.488281 0.847656
0.496094 0.847656
0.488281 0.855469
0.496094 0.855469
0.472656 0.863281
0.480469 0.863281
0.472656 0.871094
0.480469 0.871094
0.488281 0.863281
0.496094 0.863281
0.488281 0.871094
0.496094 0.871094
0.265625 0.890625
0.296875 0.890625
0.265625 0.921875
0.296875 0.921875
0.328125 0.890625
0.359375 0.890625
0.328125 0.921875
0.359375 0.921875
0.28125 0.96875
0.328125 0.953125
0.359375 0.953125
0.328125 0.984375
0.359375 0.984375
0.390625 0.890625
0.414062 0.882812
0.429688 0.882812
0.414062 0.898438
0.429688 0.898438
0.390625 0.921875
0.421875 0.921875
0.445312 0.882812
0.460938 0.882812
0.445312 0.898438
0.460938 0.898438
0.476562 0.882812
0.492188 0.882812
0.476562 0.898438
0.492188 0.898438
0.445312 0.914062
0.460938 0.914062
0.445312 0.929688
0.460938 0.929688
0.476562 0.914062
0.492188 0.914062
0.476562 0.929688
0.492188 0.929688
0.390625 0.953125
0.421875 0.953125
0.390625 0.984375
0.421875 0.984375
0.453125 0.953125
0.484375 0.953125
0.453125 0.984375
0.484375 0.984375
0.515625 0.515625
0.546875 0.515625
0.507812 0.539062
0.523438 0.539062
0.507812 0.554688
0.523438 0.554688
0.539062 0.539062
0.554688 0.539062
0.539062 0.554688
0.554688 0.554688
0.578125 0.515625
0.609375 0.515625
0.570312 0.539062
0.585938 0.539062
0.570312 0.554688
0.585938 0.554688
0.609375 0.546875
0.507812 0.570312
0.523438 0.570312
0.507812 0.585938
0.523438 0.585938
0.539062 0.570312
0.554688 0.570312
0.539062 0.585938
0.554688 0.585938
0.503906 0.597656
0.511719 0.597656
0.503906 0.605469
0.511719 0.605469
0.519531 0.597656
0.527344 0.597656
0.519531 0.605469
0.527344 0.605469
0.503906 0.613281
0.511719 0.613281
0.503906 0.621094
0.511719 0.621094
0.519531 0.613281
0.527344 0.613281
0.519531 0.621094
0.527344 0.621094
0.539062 0.601562
0.554688 0.601562
0.535156 0.613281
0.542969 0.613281
0.535156 0.621094
0.542969 0.621094
0.550781 0.613281
0.558594 0.613281
0.550781 0.621094
0.558594 0.621094
0.570312 0.570312
0.585938 0.570312
0.570312 0.585938
0.585938 0.585938
0.601562 0.570312
0.617188 0.570312
0.601562 0.585938
0.617188 0.585938
0.570312 0.601562
0.585938 0.601562
0.566406 0.613281
0.574219 0.613281
0.566406 0.621094
0.574219 0.621094
0.585938 0.617188
0.601562 0.601562
0.617188 0.601562
0.601562 0.617188
0.617188 0.617188
0.640625 0.515625
0.671875 0.515625
0.640625 0.546875
0.671875 0.546875
0.703125 0.515625
0.734375 0.515625
0.703125 0.546875
0.734375 0.546875
0.640625 0.578125
0.671875 0.578125
0.632812 0.601562
0.648438 0.601562
0.632812 0.617188
0.648438 0.617188
0.671875 0.609375
0.703125 0.578125
0.734375 0.578125
0.703125 0.609375
0.734375 0.609375
0.503906 0.628906
0.511719 0.628906
0.503906 0.636719
0.511719 0.636719
0.519531 0.628906
0.527344 0.628906
0.519531 0.636719
0.527344 0.636719
0.503906 0.644531
0.511719 0.644531
0.503906 0.652344
0.511719 0.652344
0.519531 0.644531
0.527344 0.644531
0.519531 0.652344
0.527344 0.652344
0.535156 0.628906
0.542969 0.628906
0.535156 0.636719
0.542969 0.636719
0.550781 0.628906
0.558594 0.628906
0.550781 0.636719
0.558594 0.636719
0.535156 0.644531
0.542969 0.644531
0.535156 0.652344
0.542969 0.652344
0.550781 0.644531
0.558594 0.644531
0.550781 0.652344
0.558594 0.652344
0.503906 0.660156
0.511719 0.660156
0.503906 0.667969
0.511719 0.667969
0.519531 0.660156
0.527344 0.660156
0.519531 0.667969
0.527344 0.667969
0.507812 0.679688
0.519531 0.675781
0.527344 0.675781
0.519531 0.683594
0.527344 0.683594
0.535156 0.660156
0.542969 0.660156
0.535156 0.667969
0.542969 0.667969
0.550781 0.660156
0.558594 0.660156
0.550781 0.667969
0.558594 0.667969
0.535156 0.675781
0.542969 0.675781
0.535156 0.683594
0.542969 0.683594
0.550781 0.675781
0.558594 0.675781
0.550781 0.683594
0.558594 0.683594
0.566406 0.628906
0.574219 0.628906
0.566406 0.636719
0.574219 0.636719
0.582031 0.628906
0.589844 0.628906
0.582031 0.636719
0.589844 0.636719
0.566406 0.644531
0.574219 0.644531
0.566406 0.652344
0.574219 0.652344
0.582031 0.644531
0.589844 0.644531
0.582031 0.652344
0.589844 0.652344
0.597656 0.628906
0.605469 0.628906
0.597656 0.636719
0.605469 0.636719
0.617188 0.632812
0.597656 0.644531
0.605469 0.644531
0.597656 0.652344
0.605469 0.652344
0.613281 0.644531
0.621094 0.644531
0.613281 0.652344
0.621094 0.652344
0.566406 0.660156
0.574219 0.660156
0.566406 0.667969
0.574219 0.667969
0.582031 0.660156
0.589844 0.660156
0.582031 0.667969
0.589844 0.667969
0.566406 0.675781
0.574219 0.675781
0.566406 0.683594
0.574219 0.683594
0.582031 0.675781
0.589844 0.675781
0.582031 0.683594
0.589844 0.683594
0.597656 0.660156
0.605469 0.660156
0.597656 0.667969
0.605469 0.667969
0.613281 0.660156
0.621094 0.660156
0.613281 0.667969
0.621094 0.667969
0.597656 0.675781
0.605469 0.675781
0.597656 0.683594
0.605469 0.683594
0.613281 0.675781
0.621094 0.675781
0.613281 0.683594
0.621094 0.683594
0.507812 0.695312
0.523438 0.695312
0.507812 0.710938
0.523438 0.710938
0.539062 0.695312
0.554688 0.695312
0.539062 0.710938
0.554688 0.710938
0.507812 0.726562
0.523438 0.726562
0.507812 0.742188
0.523438 0.742188
0.539062 0.726562
0.554688 0.726562
0.539062 0.742188
0.554688 0.742188
0.566406 0.691406
0.574219 0.691406
0.566406 0.699219
0.574219 0.699219
0.582031 0.691406
0.589844 0.691406
0.582031 0.699219
0.589844 0.699219
0.566406 0.707031
0.574219 0.707031
0.566406 0.714844
0.574219 0.714844
0.582031 0.707031
0.589844 0.707031
0.582031 0.714844
0.589844 0.714844
0.597656 0.691406
0.605469 0.691406
0.597656 0.699219
0.605469 0.699219
0.613281 0.691406
0.621094 0.691406
0.613281 0.699219
0.621094 0.699219
0.597656 0.707031
0.605469 0.707031
0.597656 0.714844
0.605469 0.714844
0.613281 0.707031
0.621094 0.707031
0.613281 0.714844
0.621094 0.714844
0.570312 0.726562
0.582031 0.722656
0.589844 0.722656
0.582031 0.730469
0.589844 0.730469
0.570312 0.742188
0.582031 0.738281
0.589844 0.738281
0.582031 0.746094
0.589844 0.746094
0.597656 0.722656
0.605469 0.722656
0.597656 0.730469
0.605469 0.730469
0.613281 0.722656
0.621094 0.722656
0.613281 0.730469
0.621094 0.730469
0.597656 0.738281
0.605469 0.738281
0.597656 0.746094
0.605469 0.746094
0.613281 0.738281
0.621094 0.738281
0.613281 0.746094
0.621094 0.746094
0.632812 0.632812
0.648438 0.632812
0.632812 0.648438
0.648438 0.648438
0.664062 0.632812
0.679688 0.632812
0.664062 0.648438
0.679688 0.648438
0.628906 0.660156
0.636719 0.660156
0.628906 0.667969
0.636719 0.667969
0.648438 0.664062
0.628906 0.675781
0.636719 0.675781
0.628906 0.683594
0.636719 0.683594
0.644531 0.675781
0.652344 0.675781
0.644531 0.683594
0.652344 0.683594
0.664062 0.664062
0.679688 0.664062
0.664062 0.679688
0.679688 0.679688
0.703125 0.640625
0.734375 0.640625
0.695312 0.664062
0.710938 0.664062
0.695312 0.679688
0.710938 0.679688
0.734375 0.671875
0.628906 0.691406
0.636719 0.691406
0.628906 0.699219
0.636719 0.699219
0.644531 0.691406
0.652344 0.691406
0.644531 0.699219
0.652344 0.699219
0.628906 0.707031
0.636719 0.707031
0.628906 0.714844
0.636719 0.714844
0.644531 0.707031
0.652344 0.707031
0.644531 0.714844
0.652344 0.714844
0.664062 0.695312
0.679688 0.695312
0.664062 0.710938
0.679688 0.710938
0.628906 0.722656
0.636719 0.722656
0.628906 0.730469
0.636719 0.730469
0.644531 0.722656
0.652344 0.722656
0.644531 0.730469
0.652344 0.730469
0.628906 0.738281
0.636719 0.738281
0.628906 0.746094
0.636719 0.746094
0.644531 0.738281
0.652344 0.738281
0.644531 0.746094
0.652344 0.746094
0.664062 0.726562
0.679688 0.726562
0.664062 0.742188
0.679688 0.742188
0.695312 0.695312
0.710938 0.695312
0.695312 0.710938
0.710938 0.710938
0.734375 0.703125
0.695312 0.726562
0.710938 0.726562
0.695312 0.742188
0.710938 0.742188
0.734375 0.734375
0.78125 0.53125
0.84375 0.53125
0.765625 0.578125
0.796875 0.578125
0.765625 0.609375
0.796875 0.609375
0.84375 0.59375
0.90625 0.53125
0.96875 0.53125
0.90625 0.59375
0.96875 0.59375
0.765625 0.640625
0.796875 0.640625
0.765625 0.671875
0.796875 0.671875
0.828125 0.640625
0.859375 0.640625
0.828125 0.671875
0.859375 0.671875
0.765625 0.703125
0.796875 0.703125
0.765625 0.734375
0.796875 0.734375
0.828125 0.703125
0.859375 0.703125
0.828125 0.734375
0.859375 0.734375
0.90625 0.65625
0.96875 0.65625
0.90625 0.71875
0.96875 0.71875
0.507812 0.757812
0.523438 0.757812
0.507812 0.773438
0.523438 0.773438
0.539062 0.757812
0.554688 0.757812
0.539062 0.773438
0.554688 0.773438
0.507812 0.789062
0.523438 0.789062
0.503906 0.800781
0.511719 0.800781
0.503906 0.808594
0.511719 0.808594
0.519531 0.800781
0.527344 0.800781
0.519531 0.808594
0.527344 0.808594
0.539062 0.789062
0.554688 0.789062
0.535156 0.800781
0.542969 0.800781
0.535156 0.808594
0.542969 0.808594
0.550781 0.800781
0.558594 0.800781
0.550781 0.808594
0.558594 0.808594
0.570312 0.757812
0.582031 0.753906
0.589844 0.753906
0.582031 0.761719
0.589844 0.761719
0.566406 0.769531
0.574219 0.769531
0.566406 0.777344
0.574219 0.777344
0.582031 0.769531
0.589844 0.769531
0.582031 0.777344
0.589844 0.777344
0.597656 0.753906
0.605469 0.753906
0.597656 0.761719
0.605469 0.761719
0.613281 0.753906
0.621094 0.753906
0.613281 0.761719
0.621094 0.761719
0.597656 0.769531
0.605469 0.769531
0.597656 0.777344
0.605469 0.777344
0.613281 0.769531
0.621094 0.769531
0.613281 0.777344
0.621094 0.777344
0.566406 0.785156
0.574219 0.785156
0.566406 0.792969
0.574219 0.792969
0.582031 0.785156
0.589844 0.785156
0.582031 0.792969
0.589844 0.792969
0.566406 0.800781
0.574219 0.800781
0.566406 0.808594
0.574219 0.808594
0.582031 0.800781
0.589844 0.800781
0.582031 0.808594
0.589844 0.808594
0.597656 0.785156
0.605469 0.785156
0.597656 0.792969
0.605469 0.792969
0.613281 0.785156
0.621094 0.785156
0.613281 0.792969
0.621094 0.792969
0.597656 0.800781
0.605469 0.800781
0.597656 0.808594
0.605469 0.808594
0.613281 0.800781
0.621094 0.800781
0.613281 0.808594
0.621094 0.808594
0.503906 0.816406
0.511719 0.816406
0.503906 0.824219
0.511719 0.824219
0.519531 0.816406
0.527344 0.816406
0.519531 0.824219
0.527344 0.824219
0.503906 0.832031
0.511719 0.832031
0.503906 0.839844
0.511719 0.839844
0.519531 0.832031
0.527344 0.832031
0.519531 0.839844
0.527344 0.839844
0.535156 0.816406
0.542969 0.816406
0.535156 0.824219
0.542969 0.824219
0.550781 0.816406
0.558594 0.816406
0.550781 0.824219
0.558594 0.824219
0.535156 0.832031
0.542969 0.832031
0.535156 0.839844
0.542969 0.839844
0.550781 0.832031
0.558594 0.832031
0.550781 0.839844
0.558594 0.839844
0.503906 0.847656
0.511719 0.847656
0.503906 0.855469
0.511719 0.855469
0.519531 0.847656
0.527344 0.847656
0.519531 0.855469
0.527344 0.855469
0.503906 0.863281
0.511719 0.863281
0.503906 0.871094
0.511719 0.871094
0.519531 0.863281
0.527344 0.863281
0.519531 0.871094
0.527344 0.871094
0.535156 0.847656
0.542969 0.847656
0.535156 0.855469
0.542969 0.855469
0.550781 0.847656
0.558594 0.847656
0.550781 0.855469
0.558594 0.855469
0.535156 0.863281
0.542969 0.863281
0.535156 0.871094
0.542969 0.871094
0.550781 0.863281
0.558594 0.863281
0.550781 0.871094
0.558594 0.871094
0.566406 0.816406
0.574219 0.816406
0.566406 0.824219
0.574219 0.824219
0.582031 0.816406
0.589844 0.816406
0.582031 0.824219
0.589844 0.824219
0.566406 0.832031
0.574219 0.832031
0.566406 0.839844
0.574219 0.839844
0.582031 0.832031
0.589844 0.832031
0.582031 0.839844
0.589844 0.839844
0.597656 0.816406
0.605469 0.816406
0.597656 0.824219
0.605469 0.824219
0.613281 0.816406
0.621094 0.816406
0.613281 0.824219
0.621094 0.824219
0.597656 0.832031
0.605469 0.832031
0.597656 0.839844
0.605469 0.839844
0.617188 0.835938
0.566406 0.847656
0.574219 0.847656
0.566406 0.855469
0.574219 0.855469
0.582031 0.847656
0.589844 0.847656
0.582031 0.855469
0.589844 0.855469
0.570312 0.867188
0.585938 0.867188
0.601562 0.851562
0.617188 0.851562
0.601562 0.867188
0.617188 0.867188
0.628906 0.753906
0.636719 0.753906
0.628906 0.761719
0.636719 0.761719
0.644531 0.753906
0.652344 0.753906
0.644531 0.761719
0.652344 0.761719
0.628906 0.769531
0.636719 0.769531
0.628906 0.777344
0.636719 0.777344
0.648438 0.773438
0.664062 0.757812
0.679688 0.757812
0.664062 0.773438
0.679688 0.773438
0.628906 0.785156
0.636719 0.785156
0.628906 0.792969
0.636719 0.792969
0.648438 0.789062
0.632812 0.804688
0.648438 0.804688
0.664062 0.789062
0.679688 0.789062
0.664062 0.804688
0.679688 0.804688
0.695312 0.757812
0.710938 0.757812
0.695312 0.773438
0.710938 0.773438
0.734375 0.765625
0.695312 0.789062
0.710938 0.789062
0.695312 0.804688
0.710938 0.804688
0.734375 0.796875
0.632812 0.820312
0.648438 0.820312
0.632812 0.835938
0.648438 0.835938
0.664062 0.820312
0.679688 0.820312
0.664062 0.835938
0.679688 0.835938
0.632812 0.851562
0.648438 0.851562
0.632812 0.867188
0.648438 0.867188
0.671875 0.859375
0.703125 0.828125
0.734375 0.828125
0.703125 0.859375
0.734375 0.859375
0.507812 0.882812
0.523438 0.882812
0.507812 0.898438
0.523438 0.898438
0.539062 0.882812
0.554688 0.882812
0.539062 0.898438
0.554688 0.898438
0.507812 0.914062
0.523438 0.914062
0.507812 0.929688
0.523438 0.929688
0.539062 0.914062
0.554688 0.914062
0.539062 0.929688
0.554688 0.929688
0.570312 0.882812
0.585938 0.882812
0.570312 0.898438
0.585938 0.898438
0.601562 0.882812
0.617188 0.882812
0.601562 0.898438
0.617188 0.898438
0.570312 0.914062
0.585938 0.914062
0.570312 0.929688
0.585938 0.929688
0.609375 0.921875
0.515625 0.953125
0.546875 0.953125
0.515625 0.984375
0.546875 0.984375
0.578125 0.953125
0.609375 0.953125
0.578125 0.984375
0.609375 0.984375
0.640625 0.890625
0.671875 0.890625
0.640625 0.921875
0.671875 0.921875
0.703125 0.890625
0.734375 0.890625
0.703125 0.921875
0.734375 0.921875
0.640625 0.953125
0.671875 0.953125
0.640625 0.984375
0.671875 0.984375
0.71875 0.96875
0.765625 0.765625
0.796875 0.765625
0.765625 0.796875
0.796875 0.796875
0.828125 0.765625
0.859375 0.765625
0.828125 0.796875
0.859375 0.796875
0.765625 0.828125
0.796875 0.828125
0.765625 0.859375
0.796875 0.859375
0.84375 0.84375
0.90625 0.78125
0.96875 0.78125
0.90625 0.84375
0.96875 0.84375
0.78125 0.90625
0.84375 0.90625
0.78125 0.96875
0.84375 0.96875
0.90625 0.90625
0.96875 0.90625
0.90625 0.96875
0.96875 0.96875
1.125 -0.875
1.375 -0.875
1.125 -0.625
1.375 -0.625
1.75 -0.75
1.125 -0.375
1.375 -0.375
1.125 -0.125
1.375 -0.125
1.625 -0.375
1.875 -0.375
1.625 -0.125
1.875 -0.125
2.25 -0.75
2.75 -0.75
2.25 -0.25
2.75 -0.25
1.0625 0.0625
1.1875 0.0625
1.0625 0.1875
1.1875 0.1875
1.375 0.125
1.0625 0.3125
1.1875 0.3125
1.0625 0.4375
1.1875 0.4375
1.3125 0.3125
1.4375 0.3125
1.3125 0.4375
1.4375 0.4375
1.625 0.125
1.875 0.125
1.625 0.375
1.875 0.375
1.03125 0.53125
1.09375 0.53125
1.03125 0.59375
1.09375 0.59375
1.1875 0.5625
1.03125 0.65625
1.09375 0.65625
1.03125 0.71875
1.09375 0.71875
1.1875 0.6875
1.3125 0.5625
1.4375 0.5625
1.3125 0.6875
1.4375 0.6875
1.03125 0.78125
1.09375 0.78125
1.03125 0.84375
1.09375 0.84375
1.1875 0.8125
1.0625 0.9375
1.1875 0.9375
1.3125 0.8125
1.4375 0.8125
1.3125 0.9375
1.4375 0.9375
1.5625 0.5625
1.6875 0.5625
1.5625 0.6875
1.6875 0.6875
1.875 0.625
1.5625 0.8125
1.6875 0.8125
1.5625 0.9375
1.6875 0.9375
1.875 0.875
2.125 0.125
2.375 0.125
2.125 0.375
2.375 0.375
2.75 0.25
2.125 0.625
2.375 0.625
2.125 0.875
2.375 0.875
2.625 0.625
2.875 0.625
2.625 0.875
2.875 0.875
-0.875 1.125
-0.625 1.125
-0.875 1.375
-0.625 1.375
-0.4375 1.0625
-0.3125 1.0625
-0.4375 1.1875
-0.3125 1.1875
-0.1875 1.0625
-0.0625 1.0625
-0.1875 1.1875
-0.0625 1.1875
-0.375 1.375
-0.1875 1.3125
-0.0625 1.3125
-0.1875 1.4375
-0.0625 1.4375
-0.875 1.625
-0.625 1.625
-0.875 1.875
-0.625 1.875
-0.375 1.625
-0.125 1.625
-0.375 1.875
-0.125 1.875
0.0625 1.0625
0.15625 1.03125
0.21875 1.03125
0.15625 1.09375
0.21875 1.09375
0.0625 1.1875
0.1875 1.1875
0.28125 1.03125
0.34375 1.03125
0.28125 1.09375
0.34375 1.09375
0.390625 1.01562
0.421875 1.01562
0.390625 1.04688
0.421875 1.04688
0.453125 1.01562
0.484375 1.01562
0.453125 1.04688
0.484375 1.04688
0.40625 1.09375
0.46875 1.09375
0.28125 1.15625
0.34375 1.15625
0.28125 1.21875
0.34375 1.21875
0.40625 1.15625
0.46875 1.15625
0.40625 1.21875
0.46875 1.21875
0.0625 1.3125
0.1875 1.3125
0.0625 1.4375
0.1875 1.4375
0.3125 1.3125
0.40625 1.28125
0.46875 1.28125
0.40625 1.34375
0.46875 1.34375
0.3125 1.4375
0.4375 1.4375
0.515625 1.01562
0.546875 1.01562
0.515625 1.04688
0.546875 1.04688
0.578125 1.01562
0.609375 1.01562
0.578125 1.04688
0.609375 1.04688
0.53125 1.09375
0.59375 1.09375
0.65625 1.03125
0.71875 1.03125
0.65625 1.09375
0.71875 1.09375
0.53125 1.15625
0.59375 1.15625
0.53125 1.21875
0.59375 1.21875
0.65625 1.15625
0.71875 1.15625
0.65625 1.21875
0.71875 1.21875
0.78125 1.03125
0.84375 1.03125
0.78125 1.09375
0.84375 1.09375
0.9375 1.0625
0.8125 1.1875
0.9375 1.1875
0.53125 1.28125
0.59375 1.28125
0.53125 1.34375
0.59375 1.34375
0.6875 1.3125
0.5625 1.4375
0.6875 1.4375
0.8125 1.3125
0.9375 1.3125
0.8125 1.4375
0.9375 1.4375
0.0625 1.5625
0.1875 1.5625
0.0625 1.6875
0.1875 1.6875
0.3125 1.5625
0.4375 1.5625
0.3125 1.6875
0.4375 1.6875
0.125 1.875
0.3125 1.8125
0.4375 1.8125
0.3125 1.9375
0.4375 1.9375
0.5625 1.5625
0.6875 1.5625
0.5625 1.6875
0.6875 1.6875
0.8125 1.5625
0.9375 1.5625
0.8125 1.6875
0.9375 1.6875
0.5625 1.8125
0.6875 1.8125
0.5625 1.9375
0.6875 1.9375
0.875 1.875
-0.75 2.25
-0.375 2.125
-0.125 2.125
-0.375 2.375
-0.125 2.375
-0.75 2.75
-0.25 2.75
0.125 2.125
0.375 2.125
0.125 2.375
0.375 2.375
0.625 2.125
0.875 2.125
0.625 2.375
0.875 2.375
0.125 2.625
0.375 2.625
0.125 2.875
0.375 2.875
0.625 2.625
0.875 2.625
0.625 2.875
0.875 2.875
1.0625 1.0625
1.1875 1.0625
1.0625 1.1875
1.1875 1.1875
1.3125 1.0625
1.4375 1.0625
1.3125 1.1875
1.4375 1.1875
1.0625 1.3125
1.1875 1.3125
1.0625 1.4375
1.1875 1.4375
1.375 1.375
1.625 1.125
1.875 1.125
1.625 1.375
1.875 1.375
1.125 1.625
1.375 1.625
1.125 1.875
1.375 1.875
1.625 1.625
1.875 1.625
1.625 1.875
1.875 1.875
2.125 1.125
2.375 1.125
2.125 1.375
2.375 1.375
2.75 1.25
2.25 1.75
2.75 1.75
1.125 2.125
1.375 2.125
1.125 2.375
1.375 2.375
1.75 2.25
1.25 2.75
1.75 2.75
2.25 2.25
2.75 2.25
2.25 2.75
2.75 2.75
