-0.75 -0.5
0.375 -0.75
1.125 -0.75
0.375 -0.25
1.125 -0.25
-1.125 0.25
-0.375 0.25
-1.125 0.75
-0.375 0.75
0.375 0.25
1.125 0.25
0.1875 0.625
0.5625 0.625
0.1875 0.875
0.5625 0.875
0.9375 0.625
1.3125 0.625
0.9375 0.875
1.3125 0.875
2.25 -0.5
3.75 -0.5
1.875 0.25
2.625 0.25
1.875 0.75
2.625 0.75
3.75 0.5
-1.125 1.25
-0.5625 1.125
-0.1875 1.125
-0.5625 1.375
-0.1875 1.375
-1.125 1.75
-0.5625 1.625
-0.1875 1.625
-0.5625 1.875
-0.1875 1.875
0.1875 1.125
0.5625 1.125
0.1875 1.375
0.46875 1.3125
0.65625 1.3125
0.46875 1.4375
0.65625 1.4375
0.84375 1.0625
1.03125 1.0625
0.84375 1.1875
1.03125 1.1875
1.3125 1.125
0.84375 1.3125
1.03125 1.3125
0.796875 1.40625
0.890625 1.40625
0.796875 1.46875
0.890625 1.46875
0.984375 1.40625
1.07812 1.40625
0.984375 1.46875
1.07812 1.46875
1.21875 1.3125
1.40625 1.3125
1.21875 1.4375
1.40625 1.4375
0.09375 1.5625
0.28125 1.5625
0.09375 1.6875
0.28125 1.6875
0.46875 1.5625
0.609375 1.53125
0.703125 1.53125
0.609375 1.59375
0.703125 1.59375
0.421875 1.65625
0.515625 1.65625
0.421875 1.71875
0.515625 1.71875
0.609375 1.65625
0.679688 1.64062
0.726562 1.64062
0.679688 1.67188
0.726562 1.67188
0.609375 1.71875
0.679688 1.70312
0.726562 1.70312
0.679688 1.73438
0.726562 1.73438
0.09375 1.8125
0.28125 1.8125
0.09375 1.9375
0.28125 1.9375
0.421875 1.78125
0.515625 1.78125
0.421875 1.84375
0.515625 1.84375
0.609375 1.78125
0.679688 1.76562
0.726562 1.76562
0.679688 1.79688
0.726562 1.79688
0.609375 1.84375
0.703125 1.84375
0.46875 1.9375
0.609375 1.90625
0.703125 1.90625
0.609375 1.96875
0.703125 1.96875
0.796875 1.53125
0.890625 1.53125
0.773438 1.57812
0.820312 1.57812
0.773438 1.60938
0.820312 1.60938
0.867188 1.57812
0.914062 1.57812
0.867188 1.60938
0.914062 1.60938
0.984375 1.53125
1.07812 1.53125
0.960938 1.57812
1.00781 1.57812
0.960938 1.60938
1.00781 1.60938
1.07812 1.59375
0.773438 1.64062
0.820312 1.64062
0.773438 1.67188
0.820312 1.67188
0.867188 1.64062
0.914062 1.64062
0.867188 1.67188
0.914062 1.67188
0.773438 1.70312
0.820312 1.70312
0.773438 1.73438
0.820312 1.73438
0.867188 1.70312
0.914062 1.70312
0.867188 1.73438
0.914062 1.73438
0.960938 1.64062
1.00781 1.64062
0.960938 1.67188
1.00781 1.67188
1.05469 1.64062
1.10156 1.64062
1.05469 1.67188
1.10156 1.67188
0.960938 1.70312
1.00781 1.70312
0.960938 1.73438
1.00781 1.73438
1.05469 1.70312
1.10156 1.70312
1.05469 1.73438
1.10156 1.73438
1.17188 1.53125
1.26562 1.53125
1.17188 1.59375
1.26562 1.59375
1.40625 1.5625
1.17188 1.65625
1.26562 1.65625
1.17188 1.71875
1.26562 1.71875
1.40625 1.6875
0.773438 1.76562
0.820312 1.76562
0.773438 1.79688
0.820312 1.79688
0.867188 1.76562
0.914062 1.76562
0.867188 1.79688
0.914062 1.79688
0.773438 1.82812
0.820312 1.82812
0.773438 1.85938
0.820312 1.85938
0.867188 1.82812
0.914062 1.82812
0.867188 1.85938
0.914062 1.85938
0.960938 1.76562
1.00781 1.76562
0.960938 1.79688
1.00781 1.79688
1.05469 1.76562
1.10156 1.76562
1.05469 1.79688
1.10156 1.79688
0.960938 1.82812
1.00781 1.82812
0.960938 1.85938
1.00781 1.85938
1.05469 1.82812
1.10156 1.82812
1.05469 1.85938
1.10156 1.85938
0.796875 1.90625
0.867188 1.89062
0.914062 1.89062
0.867188 1.92188
0.914062 1.92188
0.796875 1.96875
0.890625 1.96875
0.960938 1.89062
1.00781 1.89062
0.960938 1.92188
1.00781 1.92188
1.07812 1.90625
0.984375 1.96875
1.07812 1.96875
1.17188 1.78125
1.26562 1.78125
1.17188 1.84375
1.26562 1.84375
1.40625 1.8125
1.17188 1.90625
1.26562 1.90625
1.17188 1.96875
1.26562 1.96875
1.40625 1.9375
-1.125 2.25
-0.5625 2.125
-0.1875 2.125
-0.5625 2.375
-0.1875 2.375
-1.125 2.75
-0.375 2.75
0.1875 2.125
0.46875 2.0625
0.65625 2.0625
0.46875 2.1875
0.65625 2.1875
0.1875 2.375
0.5625 2.375
0.796875 2.03125
0.890625 2.03125
0.796875 2.09375
0.890625 2.09375
0.984375 2.03125
1.07812 2.03125
0.984375 2.09375
1.07812 2.09375
0.84375 2.1875
1.03125 2.1875
1.21875 2.0625
1.40625 2.0625
1.21875 2.1875
1.40625 2.1875
0.84375 2.3125
1.03125 2.3125
0.84375 2.4375
1.03125 2.4375
1.3125 2.375
0.1875 2.625
0.5625 2.625
0.1875 2.875
0.5625 2.875
0.9375 2.625
1.3125 2.625
0.9375 2.875
1.3125 2.875
1.6875 1.125
2.0625 1.125
1.6875 1.375
2.0625 1.375
2.625 1.25
1.59375 1.5625
1.78125 1.5625
1.59375 1.6875
1.78125 1.6875
2.0625 1.625
1.59375 1.8125
1.78125 1.8125
1.59375 1.9375
1.78125 1.9375
2.0625 1.875
2.4375 1.625
2.8125 1.625
2.4375 1.875
2.8125 1.875
3.375 1.25
4.125 1.25
3.375 1.75
4.125 1.75
1.6875 2.125
2.0625 2.125
1.6875 2.375
2.0625 2.375
2.625 2.25
1.875 2.75
2.625 2.75
3.375 2.25
4.125 2.25
3.375 2.75
4.125 2.75
