-0.75 -0.5
0.75 -0.5
-1.125 0.25
-0.375 0.25
-1.125 0.75
-0.375 0.75
0.375 0.25
1.125 0.25
0.375 0.75
1.125 0.75
2.25 -0.5
3.75 -0.5
1.875 0.25
2.625 0.25
1.875 0.75
2.625 0.75
3.75 0.5
-1.125 1.25
-0.375 1.25
-1.125 1.75
-0.5625 1.625
-0.1875 1.625
-0.5625 1.875
-0.1875 1.875
0.1875 1.125
0.5625 1.125
0.1875 1.375
0.5625 1.375
0.9375 1.125
1.3125 1.125
0.9375 1.375
1.3125 1.375
0.1875 1.625
0.5625 1.625
0.1875 1.875
0.46875 1.8125
0.65625 1.8125
0.46875 1.9375
0.65625 1.9375
0.84375 1.5625
1.03125 1.5625
0.84375 1.6875
1.03125 1.6875
1.21875 1.5625
1.40625 1.5625
1.21875 1.6875
1.40625 1.6875
0.84375 1.8125
1.03125 1.8125
0.796875 1.90625
0.890625 1.90625
0.796875 1.96875
0.890625 1.96875
0.984375 1.90625
1.07812 1.90625
0.984375 1.96875
1.07812 1.96875
1.21875 1.8125
1.40625 1.8125
1.17188 1.90625
1.26562 1.90625
1.17188 1.96875
1.26562 1.96875
1.40625 1.9375
-1.125 2.25
-0.5625 2.125
-0.1875 2.125
-0.5625 2.375
-0.1875 2.375
-1.125 2.75
-0.5625 2.625
-0.1875 2.625
-0.5625 2.875
-0.1875 2.875
0.09375 2.0625
0.28125 2.0625
0.09375 2.1875
0.28125 2.1875
0.46875 2.0625
0.609375 2.03125
0.703125 2.03125
0.609375 2.09375
0.703125 2.09375
0.46875 2.1875
0.609375 2.15625
0.703125 2.15625
0.609375 2.21875
0.703125 2.21875
0.09375 2.3125
0.28125 2.3125
0.09375 2.4375
0.28125 2.4375
0.46875 2.3125
0.609375 2.28125
0.703125 2.28125
0.609375 2.34375
0.703125 2.34375
0.46875 2.4375
0.65625 2.4375
0.796875 2.03125
0.890625 2.03125
0.796875 2.09375
0.867188 2.07812
0.914062 2.07812
0.867188 2.10938
0.914062 2.10938
0.960938 2.01562
1.00781 2.01562
0.960938 2.04688
1.00781 2.04688
1.05469 2.01562
1.10156 2.01562
1.05469 2.04688
1.10156 2.04688
0.960938 2.07812
1.00781 2.07812
0.960938 2.10938
1.00781 2.10938
1.05469 2.07812
1.10156 2.07812
1.05469 2.10938
1.10156 2.10938
0.796875 2.15625
0.867188 2.14062
0.914062 2.14062
0.867188 2.17188
0.914062 2.17188
0.796875 2.21875
0.867188 2.20312
0.914062 2.20312
0.867188 2.23438
0.914062 2.23438
0.960938 2.14062
1.00781 2.14062
0.960938 2.17188
1.00781 2.17188
1.05469 2.14062
1.10156 2.14062
1.05469 2.17188
1.10156 2.17188
0.960938 2.20312
1.00781 2.20312
0.960938 2.23438
1.00781 2.23438
1.05469 2.20312
1.10156 2.20312
1.05469 2.23438
1.10156 2.23438
1.14844 2.01562
1.19531 2.01562
1.14844 2.04688
1.19531 2.04688
1.26562 2.03125
1.14844 2.07812
1.19531 2.07812
1.14844 2.10938
1.19531 2.10938
1.24219 2.07812
1.28906 2.07812
1.24219 2.10938
1.28906 2.10938
1.35938 2.03125
1.45312 2.03125
1.35938 2.09375
1.45312 2.09375
1.14844 2.14062
1.19531 2.14062
1.14844 2.17188
1.19531 2.17188
1.24219 2.14062
1.28906 2.14062
1.24219 2.17188
1.28906 2.17188
1.14844 2.20312
1.19531 2.20312
1.14844 2.23438
1.19531 2.23438
1.24219 2.20312
1.28906 2.20312
1.24219 2.23438
1.28906 2.23438
1.35938 2.15625
1.45312 2.15625
1.35938 2.21875
1.45312 2.21875
0.796875 2.28125
0.867188 2.26562
0.914062 2.26562
0.867188 2.29688
0.914062 2.29688
0.796875 2.34375
0.890625 2.34375
0.960938 2.26562
1.00781 2.26562
0.960938 2.29688
1.00781 2.29688
1.05469 2.26562
1.10156 2.26562
1.05469 2.29688
1.10156 2.29688
0.960938 2.32812
1.00781 2.32812
0.960938 2.35938
1.00781 2.35938
1.05469 2.32812
1.10156 2.32812
1.05469 2.35938
1.10156 2.35938
0.796875 2.40625
0.890625 2.40625
0.796875 2.46875
0.890625 2.46875
0.984375 2.40625
1.07812 2.40625
0.984375 2.46875
1.07812 2.46875
1.14844 2.26562
1.19531 2.26562
1.14844 2.29688
1.19531 2.29688
1.26562 2.28125
1.17188 2.34375
1.26562 2.34375
1.35938 2.28125
1.45312 2.28125
1.35938 2.34375
1.45312 2.34375
1.17188 2.40625
1.26562 2.40625
1.17188 2.46875
1.26562 2.46875
1.40625 2.4375
0.1875 2.625
0.46875 2.5625
0.65625 2.5625
0.46875 2.6875
0.65625 2.6875
0.1875 2.875
0.5625 2.875
0.84375 2.5625
1.03125 2.5625
0.84375 2.6875
1.03125 2.6875
1.21875 2.5625
1.40625 2.5625
1.21875 2.6875
1.40625 2.6875
0.9375 2.875
1.3125 2.875
1.6875 1.125
2.0625 1.125
1.6875 1.375
2.0625 1.375
2.625 1.25
1.6875 1.625
2.0625 1.625
1.59375 1.8125
1.78125 1.8125
1.59375 1.9375
1.78125 1.9375
2.0625 1.875
2.4375 1.625
2.8125 1.625
2.4375 1.875
2.8125 1.875
3.375 1.25
4.125 1.25
3.375 1.75
4.125 1.75
1.59375 2.0625
1.78125 2.0625
1.59375 2.1875
1.78125 2.1875
2.0625 2.125
1.59375 2.3125
1.78125 2.3125
1.59375 2.4375
1.78125 2.4375
2.0625 2.375
2.4375 2.125
2.8125 2.125
2.4375 2.375
2.8125 2.375
1.6875 2.625
2.0625 2.625
1.6875 2.875
2.0625 2.875
2.625 2.75
3.375 2.25
4.125 2.25
3.375 2.75
4.125 2.75
