-0.75 -0.75
-0.375 -0.875
-0.125 -0.875
-0.375 -0.625
-0.125 -0.625
-0.875 -0.375
-0.625 -0.375
-0.875 -0.125
-0.625 -0.125
-0.375 -0.375
-0.125 -0.375
-0.375 -0.125
-0.125 -0.125
0.125 -0.875
0.375 -0.875
0.125 -0.625
0.375 -0.625
0.625 -0.875
0.875 -0.875
0.5625 -0.6875
0.6875 -0.6875
0.5625 -0.5625
0.6875 -0.5625
0.8125 -0.6875
0.9375 -0.6875
0.8125 -0.5625
0.9375 -0.5625
0.125 -0.375
0.3125 -0.4375
0.4375 -0.4375
0.3125 -0.3125
0.4375 -0.3125
0.0625 -0.1875
0.1875 -0.1875
0.0625 -0.0625
0.1875 -0.0625
0.3125 -0.1875
0.4375 -0.1875
0.3125 -0.0625
0.4375 -0.0625
0.5625 -0.4375
0.6875 -0.4375
0.5625 -0.3125
0.6875 -0.3125
0.8125 -0.4375
0.9375 -0.4375
0.8125 -0.3125
0.9375 -0.3125
0.5625 -0.1875
0.65625 -0.21875
0.71875 -0.21875
0.65625 -0.15625
0.71875 -0.15625
0.53125 -0.09375
0.59375 -0.09375
0.53125 -0.03125
0.59375 -0.03125
0.65625 -0.09375
0.71875 -0.09375
0.65625 -0.03125
0.71875 -0.03125
0.78125 -0.21875
0.84375 -0.21875
0.78125 -0.15625
0.84375 -0.15625
0.90625 -0.21875
0.96875 -0.21875
0.90625 -0.15625
0.96875 -0.15625
0.78125 -0.09375
0.84375 -0.09375
0.78125 -0.03125
0.84375 -0.03125
0.90625 -0.09375
0.96875 -0.09375
0.90625 -0.03125
0.96875 -0.03125
-0.875 0.125
-0.625 0.125
-0.875 0.375
-0.625 0.375
-0.375 0.125
-0.1875 0.0625
-0.0625 0.0625
-0.1875 0.1875
-0.0625 0.1875
-0.375 0.375
-0.1875 0.3125
-0.0625 0.3125
-0.1875 0.4375
-0.0625 0.4375
-0.875 0.625
-0.625 0.625
-0.875 0.875
-0.625 0.875
-0.375 0.625
-0.125 0.625
-0.375 0.875
-0.125 0.875
0.0625 0.0625
0.1875 0.0625
0.0625 0.1875
0.1875 0.1875
0.3125 0.0625
0.40625 0.03125
0.46875 0.03125
0.40625 0.09375
0.46875 0.09375
0.28125 0.15625
0.34375 0.15625
0.28125 0.21875
0.34375 0.21875
0.40625 0.15625
0.46875 0.15625
0.40625 0.21875
0.46875 0.21875
0.0625 0.3125
0.1875 0.3125
0.0625 0.4375
0.1875 0.4375
0.28125 0.28125
0.34375 0.28125
0.28125 0.34375
0.34375 0.34375
0.40625 0.28125
0.46875 0.28125
0.40625 0.34375
0.46875 0.34375
0.3125 0.4375
0.40625 0.40625
0.46875 0.40625
0.40625 0.46875
0.46875 0.46875
0.53125 0.03125
0.59375 0.03125
0.53125 0.09375
0.59375 0.09375
0.65625 0.03125
0.71875 0.03125
0.65625 0.09375
0.703125 0.078125
0.734375 0.078125
0.703125 0.109375
0.734375 0.109375
0.53125 0.15625
0.59375 0.15625
0.53125 0.21875
0.578125 0.203125
0.609375 0.203125
0.578125 0.234375
0.609375 0.234375
0.640625 0.140625
0.671875 0.140625
0.640625 0.171875
0.671875 0.171875
0.703125 0.140625
0.734375 0.140625
0.703125 0.171875
0.734375 0.171875
0.640625 0.203125
0.671875 0.203125
0.640625 0.234375
0.671875 0.234375
0.703125 0.203125
0.726562 0.195312
0.742188 0.195312
0.726562 0.210938
0.742188 0.210938
0.695312 0.226562
0.710938 0.226562
0.695312 0.242188
0.710938 0.242188
0.726562 0.226562
0.742188 0.226562
0.726562 0.242188
0.742188 0.242188
0.765625 0.015625
0.796875 0.015625
0.765625 0.046875
0.796875 0.046875
0.828125 0.015625
0.859375 0.015625
0.828125 0.046875
0.859375 0.046875
0.765625 0.078125
0.796875 0.078125
0.765625 0.109375
0.796875 0.109375
0.828125 0.078125
0.859375 0.078125
0.828125 0.109375
0.859375 0.109375
0.90625 0.03125
0.96875 0.03125
0.890625 0.078125
0.921875 0.078125
0.890625 0.109375
0.921875 0.109375
0.953125 0.078125
0.984375 0.078125
0.953125 0.109375
0.984375 0.109375
0.765625 0.140625
0.789062 0.132812
0.804688 0.132812
0.789062 0.148438
0.804688 0.148438
0.757812 0.164062
0.773438 0.164062
0.757812 0.179688
0.773438 0.179688
0.789062 0.164062
0.804688 0.164062
0.789062 0.179688
0.804688 0.179688
0.828125 0.140625
0.859375 0.140625
0.820312 0.164062
0.835938 0.164062
0.820312 0.179688
0.835938 0.179688
0.859375 0.171875
0.757812 0.195312
0.773438 0.195312
0.757812 0.210938
0.773438 0.210938
0.789062 0.195312
0.804688 0.195312
0.785156 0.207031
0.792969 0.207031
0.785156 0.214844
0.792969 0.214844
0.800781 0.207031
0.808594 0.207031
0.800781 0.214844
0.808594 0.214844
0.757812 0.226562
0.769531 0.222656
0.777344 0.222656
0.769531 0.230469
0.777344 0.230469
0.757812 0.242188
0.769531 0.238281
0.777344 0.238281
0.769531 0.246094
0.777344 0.246094
0.785156 0.222656
0.792969 0.222656
0.785156 0.230469
0.792969 0.230469
0.800781 0.222656
0.808594 0.222656
0.800781 0.230469
0.808594 0.230469
0.785156 0.238281
0.792969 0.238281
0.785156 0.246094
0.792969 0.246094
0.800781 0.238281
0.808594 0.238281
0.800781 0.246094
0.808594 0.246094
0.820312 0.195312
0.835938 0.195312
0.820312 0.210938
0.835938 0.210938
0.851562 0.195312
0.867188 0.195312
0.851562 0.210938
0.867188 0.210938
0.816406 0.222656
0.824219 0.222656
0.816406 0.230469
0.824219 0.230469
0.835938 0.226562
0.816406 0.238281
0.824219 0.238281
0.816406 0.246094
0.824219 0.246094
0.835938 0.242188
0.851562 0.226562
0.867188 0.226562
0.851562 0.242188
0.867188 0.242188
0.890625 0.140625
0.921875 0.140625
0.890625 0.171875
0.921875 0.171875
0.953125 0.140625
0.984375 0.140625
0.953125 0.171875
0.984375 0.171875
0.890625 0.203125
0.921875 0.203125
0.882812 0.226562
0.898438 0.226562
0.882812 0.242188
0.898438 0.242188
0.914062 0.226562
0.929688 0.226562
0.914062 0.242188
0.929688 0.242188
0.945312 0.195312
0.960938 0.195312
0.945312 0.210938
0.960938 0.210938
0.984375 0.203125
0.945312 0.226562
0.960938 0.226562
0.945312 0.242188
0.960938 0.242188
0.976562 0.226562
0.992188 0.226562
0.976562 0.242188
0.992188 0.242188
0.53125 0.28125
0.578125 0.265625
0.609375 0.265625
0.578125 0.296875
0.609375 0.296875
0.53125 0.34375
0.578125 0.328125
0.609375 0.328125
0.578125 0.359375
0.609375 0.359375
0.640625 0.265625
0.671875 0.265625
0.640625 0.296875
0.671875 0.296875
0.695312 0.257812
0.710938 0.257812
0.695312 0.273438
0.710938 0.273438
0.726562 0.257812
0.742188 0.257812
0.726562 0.273438
0.742188 0.273438
0.695312 0.289062
0.710938 0.289062
0.695312 0.304688
0.710938 0.304688
0.726562 0.289062
0.742188 0.289062
0.726562 0.304688
0.742188 0.304688
0.640625 0.328125
0.671875 0.328125
0.640625 0.359375
0.671875 0.359375
0.703125 0.328125
0.726562 0.320312
0.742188 0.320312
0.726562 0.335938
0.742188 0.335938
0.703125 0.359375
0.734375 0.359375
0.53125 0.40625
0.59375 0.40625
0.53125 0.46875
0.59375 0.46875
0.640625 0.390625
0.671875 0.390625
0.640625 0.421875
0.671875 0.421875
0.703125 0.390625
0.734375 0.390625
0.703125 0.421875
0.734375 0.421875
0.65625 0.46875
0.703125 0.453125
0.734375 0.453125
0.703125 0.484375
0.734375 0.484375
0.753906 0.253906
0.761719 0.253906
0.753906 0.261719
0.761719 0.261719
0.769531 0.253906
0.777344 0.253906
0.769531 0.261719
0.777344 0.261719
0.753906 0.269531
0.761719 0.269531
0.753906 0.277344
0.761719 0.277344
0.769531 0.269531
0.777344 0.269531
0.769531 0.277344
0.777344 0.277344
0.785156 0.253906
0.792969 0.253906
0.785156 0.261719
0.792969 0.261719
0.800781 0.253906
0.808594 0.253906
0.800781 0.261719
0.808594 0.261719
0.785156 0.269531
0.792969 0.269531
0.785156 0.277344
0.792969 0.277344
0.800781 0.269531
0.808594 0.269531
0.800781 0.277344
0.808594 0.277344
0.757812 0.289062
0.769531 0.285156
0.777344 0.285156
0.769531 0.292969
0.777344 0.292969
0.757812 0.304688
0.773438 0.304688
0.785156 0.285156
0.792969 0.285156
0.785156 0.292969
0.792969 0.292969
0.800781 0.285156
0.808594 0.285156
0.800781 0.292969
0.808594 0.292969
0.785156 0.300781
0.792969 0.300781
0.785156 0.308594
0.792969 0.308594
0.804688 0.304688
0.816406 0.253906
0.824219 0.253906
0.816406 0.261719
0.824219 0.261719
0.835938 0.257812
0.816406 0.269531
0.824219 0.269531
0.816406 0.277344
0.824219 0.277344
0.835938 0.273438
0.851562 0.257812
0.867188 0.257812
0.851562 0.273438
0.867188 0.273438
0.820312 0.289062
0.835938 0.289062
0.820312 0.304688
0.835938 0.304688
0.851562 0.289062
0.867188 0.289062
0.851562 0.304688
0.867188 0.304688
0.757812 0.320312
0.773438 0.320312
0.757812 0.335938
0.773438 0.335938
0.789062 0.320312
0.804688 0.320312
0.789062 0.335938
0.804688 0.335938
0.757812 0.351562
0.773438 0.351562
0.757812 0.367188
0.773438 0.367188
0.789062 0.351562
0.804688 0.351562
0.789062 0.367188
0.804688 0.367188
0.820312 0.320312
0.835938 0.320312
0.820312 0.335938
0.835938 0.335938
0.851562 0.320312
0.867188 0.320312
0.851562 0.335938
0.867188 0.335938
0.828125 0.359375
0.851562 0.351562
0.867188 0.351562
0.851562 0.367188
0.867188 0.367188
0.882812 0.257812
0.898438 0.257812
0.882812 0.273438
0.898438 0.273438
0.914062 0.257812
0.929688 0.257812
0.914062 0.273438
0.929688 0.273438
0.882812 0.289062
0.898438 0.289062
0.882812 0.304688
0.898438 0.304688
0.914062 0.289062
0.925781 0.285156
0.933594 0.285156
0.925781 0.292969
0.933594 0.292969
0.910156 0.300781
0.917969 0.300781
0.910156 0.308594
0.917969 0.308594
0.925781 0.300781
0.933594 0.300781
0.925781 0.308594
0.933594 0.308594
0.945312 0.257812
0.960938 0.257812
0.941406 0.269531
0.949219 0.269531
0.941406 0.277344
0.949219 0.277344
0.960938 0.273438
0.976562 0.257812
0.992188 0.257812
0.976562 0.273438
0.992188 0.273438
0.941406 0.285156
0.949219 0.285156
0.941406 0.292969
0.949219 0.292969
0.957031 0.285156
0.964844 0.285156
0.957031 0.292969
0.964844 0.292969
0.941406 0.300781
0.949219 0.300781
0.941406 0.308594
0.949219 0.308594
0.957031 0.300781
0.964844 0.300781
0.957031 0.308594
0.964844 0.308594
0.976562 0.289062
0.992188 0.289062
0.972656 0.300781
0.980469 0.300781
0.972656 0.308594
0.980469 0.308594
0.992188 0.304688
0.882812 0.320312
0.898438 0.320312
0.882812 0.335938
0.894531 0.332031
0.902344 0.332031
0.894531 0.339844
0.902344 0.339844
0.910156 0.316406
0.917969 0.316406
0.910156 0.324219
0.917969 0.324219
0.925781 0.316406
0.933594 0.316406
0.925781 0.324219
0.933594 0.324219
0.910156 0.332031
0.917969 0.332031
0.910156 0.339844
0.917969 0.339844
0.925781 0.332031
0.933594 0.332031
0.925781 0.339844
0.933594 0.339844
0.882812 0.351562
0.898438 0.351562
0.882812 0.367188
0.898438 0.367188
0.910156 0.347656
0.917969 0.347656
0.910156 0.355469
0.917969 0.355469
0.925781 0.347656
0.933594 0.347656
0.925781 0.355469
0.933594 0.355469
0.914062 0.367188
0.925781 0.363281
0.933594 0.363281
0.925781 0.371094
0.933594 0.371094
0.941406 0.316406
0.949219 0.316406
0.941406 0.324219
0.949219 0.324219
0.957031 0.316406
0.964844 0.316406
0.957031 0.324219
0.964844 0.324219
0.941406 0.332031
0.949219 0.332031
0.941406 0.339844
0.949219 0.339844
0.957031 0.332031
0.964844 0.332031
0.957031 0.339844
0.964844 0.339844
0.972656 0.316406
0.980469 0.316406
0.972656 0.324219
0.980469 0.324219
0.992188 0.320312
0.976562 0.335938
0.992188 0.335938
0.941406 0.347656
0.949219 0.347656
0.941406 0.355469
0.949219 0.355469
0.960938 0.351562
0.945312 0.367188
0.960938 0.367188
0.976562 0.351562
0.992188 0.351562
0.976562 0.367188
0.992188 0.367188
0.765625 0.390625
0.796875 0.390625
0.765625 0.421875
0.796875 0.421875
0.828125 0.390625
0.859375 0.390625
0.828125 0.421875
0.859375 0.421875
0.765625 0.453125
0.796875 0.453125
0.765625 0.484375
0.796875 0.484375
0.828125 0.453125
0.859375 0.453125
0.828125 0.484375
0.859375 0.484375
0.882812 0.382812
0.898438 0.382812
0.882812 0.398438
0.898438 0.398438
0.914062 0.382812
0.929688 0.382812
0.914062 0.398438
0.929688 0.398438
0.890625 0.421875
0.914062 0.414062
0.929688 0.414062
0.914062 0.429688
0.929688 0.429688
0.945312 0.382812
0.960938 0.382812
0.945312 0.398438
0.960938 0.398438
0.976562 0.382812
0.992188 0.382812
0.976562 0.398438
0.992188 0.398438
0.945312 0.414062
0.960938 0.414062
0.945312 0.429688
0.960938 0.429688
0.984375 0.421875
0.890625 0.453125
0.921875 0.453125
0.890625 0.484375
0.921875 0.484375
0.953125 0.453125
0.984375 0.453125
0.953125 0.484375
0.984375 0.484375
0.0625 0.5625
0.1875 0.5625
0.0625 0.6875
0.1875 0.6875
0.3125 0.5625
0.4375 0.5625
0.3125 0.6875
0.4375 0.6875
0.125 0.875
0.3125 0.8125
0.4375 0.8125
0.3125 0.9375
0.4375 0.9375
0.53125 0.53125
0.59375 0.53125
0.53125 0.59375
0.59375 0.59375
0.65625 0.53125
0.71875 0.53125
0.65625 0.59375
0.71875 0.59375
0.5625 0.6875
0.65625 0.65625
0.71875 0.65625
0.65625 0.71875
0.71875 0.71875
0.78125 0.53125
0.84375 0.53125
0.78125 0.59375
0.84375 0.59375
0.890625 0.515625
0.921875 0.515625
0.890625 0.546875
0.921875 0.546875
0.953125 0.515625
0.984375 0.515625
0.953125 0.546875
0.984375 0.546875
0.90625 0.59375
0.96875 0.59375
0.78125 0.65625
0.84375 0.65625
0.78125 0.71875
0.84375 0.71875
0.90625 0.65625
0.96875 0.65625
0.90625 0.71875
0.96875 0.71875
0.5625 0.8125
0.6875 0.8125
0.5625 0.9375
0.6875 0.9375
0.8125 0.8125
0.90625 0.78125
0.96875 0.78125
0.90625 0.84375
0.96875 0.84375
0.8125 0.9375
0.9375 0.9375
1.125 -0.875
1.375 -0.875
1.0625 -0.6875
1.1875 -0.6875
1.0625 -0.5625
1.1875 -0.5625
1.375 -0.625
1.625 -0.875
1.875 -0.875
1.625 -0.625
1.875 -0.625
1.0625 -0.4375
1.1875 -0.4375
1.0625 -0.3125
1.1875 -0.3125
1.3125 -0.4375
1.4375 -0.4375
1.3125 -0.3125
1.4375 -0.3125
1.0625 -0.1875
1.1875 -0.1875
1.03125 -0.09375
1.09375 -0.09375
1.03125 -0.03125
1.09375 -0.03125
1.1875 -0.0625
1.3125 -0.1875
1.4375 -0.1875
1.3125 -0.0625
1.4375 -0.0625
1.625 -0.375
1.875 -0.375
1.5625 -0.1875
1.6875 -0.1875
1.5625 -0.0625
1.6875 -0.0625
1.875 -0.125
2.125 -0.875
2.375 -0.875
2.125 -0.625
2.375 -0.625
2.75 -0.75
2.125 -0.375
2.375 -0.375
2.125 -0.125
2.375 -0.125
2.625 -0.375
2.875 -0.375
2.625 -0.125
2.875 -0.125
1.03125 0.03125
1.09375 0.03125
1.03125 0.09375
1.09375 0.09375
1.15625 0.03125
1.21875 0.03125
1.15625 0.09375
1.21875 0.09375
1.01562 0.140625
1.04688 0.140625
1.01562 0.171875
1.04688 0.171875
1.09375 0.15625
1.01562 0.203125
1.04688 0.203125
1.01562 0.234375
1.04688 0.234375
1.07812 0.203125
1.10938 0.203125
1.07812 0.234375
1.10938 0.234375
1.15625 0.15625
1.21875 0.15625
1.15625 0.21875
1.21875 0.21875
1.3125 0.0625
1.4375 0.0625
1.28125 0.15625
1.34375 0.15625
1.28125 0.21875
1.34375 0.21875
1.4375 0.1875
1.00781 0.257812
1.02344 0.257812
1.00781 0.273438
1.02344 0.273438
1.04688 0.265625
1.00781 0.289062
1.02344 0.289062
1.00781 0.304688
1.02344 0.304688
1.03906 0.289062
1.05469 0.289062
1.03906 0.304688
1.05469 0.304688
1.07812 0.265625
1.10938 0.265625
1.07812 0.296875
1.10938 0.296875
1.00781 0.320312
1.02344 0.320312
1.00781 0.335938
1.02344 0.335938
1.03906 0.320312
1.05469 0.320312
1.03906 0.335938
1.05469 0.335938
1.00781 0.351562
1.02344 0.351562
1.00781 0.367188
1.02344 0.367188
1.04688 0.359375
1.07812 0.328125
1.10938 0.328125
1.07812 0.359375
1.10938 0.359375
1.14062 0.265625
1.17188 0.265625
1.14062 0.296875
1.17188 0.296875
1.21875 0.28125
1.14062 0.328125
1.17188 0.328125
1.14062 0.359375
1.17188 0.359375
1.21875 0.34375
1.01562 0.390625
1.04688 0.390625
1.01562 0.421875
1.04688 0.421875
1.07812 0.390625
1.10938 0.390625
1.07812 0.421875
1.10938 0.421875
1.01562 0.453125
1.04688 0.453125
1.01562 0.484375
1.04688 0.484375
1.09375 0.46875
1.15625 0.40625
1.21875 0.40625
1.15625 0.46875
1.21875 0.46875
1.28125 0.28125
1.34375 0.28125
1.28125 0.34375
1.34375 0.34375
1.40625 0.28125
1.46875 0.28125
1.40625 0.34375
1.46875 0.34375
1.28125 0.40625
1.34375 0.40625
1.28125 0.46875
1.34375 0.46875
1.4375 0.4375
1.5625 0.0625
1.6875 0.0625
1.5625 0.1875
1.6875 0.1875
1.8125 0.0625
1.9375 0.0625
1.8125 0.1875
1.9375 0.1875
1.5625 0.3125
1.6875 0.3125
1.5625 0.4375
1.6875 0.4375
1.8125 0.3125
1.9375 0.3125
1.8125 0.4375
1.9375 0.4375
1.03125 0.53125
1.09375 0.53125
1.03125 0.59375
1.09375 0.59375
1.15625 0.53125
1.21875 0.53125
1.15625 0.59375
1.21875 0.59375
1.03125 0.65625
1.09375 0.65625
1.03125 0.71875
1.09375 0.71875
1.1875 0.6875
1.3125 0.5625
1.4375 0.5625
1.3125 0.6875
1.4375 0.6875
1.0625 0.8125
1.1875 0.8125
1.0625 0.9375
1.1875 0.9375
1.3125 0.8125
1.4375 0.8125
1.3125 0.9375
1.4375 0.9375
1.5625 0.5625
1.6875 0.5625
1.5625 0.6875
1.6875 0.6875
1.875 0.625
1.625 0.875
1.875 0.875
2.125 0.125
2.375 0.125
2.125 0.375
2.375 0.375
2.625 0.125
2.875 0.125
2.625 0.375
2.875 0.375
2.125 0.625
2.375 0.625
2.125 0.875
2.375 0.875
2.625 0.625
2.875 0.625
2.625 0.875
2.875 0.875
-0.75 1.25
-0.375 1.125
-0.125 1.125
-0.375 1.375
-0.125 1.375
-0.75 1.75
-0.25 1.75
0.125 1.125
0.375 1.125
0.125 1.375
0.375 1.375
0.5625 1.0625
0.6875 1.0625
0.5625 1.1875
0.6875 1.1875
0.8125 1.0625
0.9375 1.0625
0.8125 1.1875
0.9375 1.1875
0.625 1.375
0.8125 1.3125
0.9375 1.3125
0.8125 1.4375
0.9375 1.4375
0.125 1.625
0.375 1.625
0.125 1.875
0.375 1.875
0.625 1.625
0.875 1.625
0.625 1.875
0.875 1.875
-0.75 2.25
-0.25 2.25
-0.75 2.75
-0.25 2.75
0.25 2.25
0.625 2.125
0.875 2.125
0.625 2.375
0.875 2.375
0.25 2.75
0.75 2.75
1.0625 1.0625
1.1875 1.0625
1.0625 1.1875
1.1875 1.1875
1.375 1.125
1.125 1.375
1.375 1.375
1.625 1.125
1.875 1.125
1.625 1.375
1.875 1.375
1.125 1.625
1.375 1.625
1.125 1.875
1.375 1.875
1.625 1.625
1.875 1.625
1.625 1.875
1.875 1.875
2.125 1.125
2.375 1.125
2.125 1.375
2.375 1.375
2.75 1.25
2.25 1.75
2.75 1.75
1.125 2.125
1.375 2.125
1.125 2.375
1.375 2.375
1.75 2.25
1.25 2.75
1.75 2.75
2.25 2.25
2.75 2.25
2.25 2.75
2.75 2.75
