-1.125 -0.75
-0.375 -0.75
-1.125 -0.25
-0.5625 -0.375
-0.1875 -0.375
-0.5625 -0.125
-0.1875 -0.125
0.375 -0.75
1.125 -0.75
0.1875 -0.375
0.5625 -0.375
0.1875 -0.125
0.5625 -0.125
0.9375 -0.375
1.3125 -0.375
0.9375 -0.125
1.3125 -0.125
-1.3125 0.125
-0.9375 0.125
-1.3125 0.375
-0.9375 0.375
-0.5625 0.125
-0.1875 0.125
-0.5625 0.375
-0.28125 0.3125
-0.09375 0.3125
-0.28125 0.4375
-0.09375 0.4375
-1.3125 0.625
-0.9375 0.625
-1.3125 0.875
-0.9375 0.875
-0.5625 0.625
-0.28125 0.5625
-0.09375 0.5625
-0.28125 0.6875
-0.09375 0.6875
-0.5625 0.875
-0.1875 0.875
0.09375 0.0625
0.28125 0.0625
0.09375 0.1875
0.28125 0.1875
0.46875 0.0625
0.65625 0.0625
0.46875 0.1875
0.65625 0.1875
0.09375 0.3125
0.234375 0.28125
0.328125 0.28125
0.234375 0.34375
0.328125 0.34375
0.046875 0.40625
0.140625 0.40625
0.046875 0.46875
0.140625 0.46875
0.234375 0.40625
0.328125 0.40625
0.234375 0.46875
0.304688 0.453125
0.351562 0.453125
0.304688 0.484375
0.351562 0.484375
0.421875 0.28125
0.515625 0.28125
0.421875 0.34375
0.515625 0.34375
0.609375 0.28125
0.703125 0.28125
0.609375 0.34375
0.703125 0.34375
0.398438 0.390625
0.445312 0.390625
0.398438 0.421875
0.445312 0.421875
0.492188 0.390625
0.539062 0.390625
0.492188 0.421875
0.539062 0.421875
0.398438 0.453125
0.445312 0.453125
0.398438 0.484375
0.445312 0.484375
0.492188 0.453125
0.539062 0.453125
0.492188 0.484375
0.539062 0.484375
0.585938 0.390625
0.632812 0.390625
0.585938 0.421875
0.632812 0.421875
0.703125 0.40625
0.585938 0.453125
0.632812 0.453125
0.585938 0.484375
0.632812 0.484375
0.679688 0.453125
0.726562 0.453125
0.679688 0.484375
0.726562 0.484375
0.84375 0.0625
1.03125 0.0625
0.84375 0.1875
1.03125 0.1875
1.3125 0.125
0.84375 0.3125
1.03125 0.3125
0.796875 0.40625
0.890625 0.40625
0.796875 0.46875
0.890625 0.46875
1.03125 0.4375
1.21875 0.3125
1.40625 0.3125
1.21875 0.4375
1.40625 0.4375
0.046875 0.53125
0.140625 0.53125
0.046875 0.59375
0.140625 0.59375
0.234375 0.53125
0.304688 0.515625
0.351562 0.515625
0.304688 0.546875
0.351562 0.546875
0.234375 0.59375
0.304688 0.578125
0.351562 0.578125
0.304688 0.609375
0.351562 0.609375
0.09375 0.6875
0.234375 0.65625
0.328125 0.65625
0.234375 0.71875
0.328125 0.71875
0.398438 0.515625
0.445312 0.515625
0.398438 0.546875
0.445312 0.546875
0.492188 0.515625
0.539062 0.515625
0.492188 0.546875
0.539062 0.546875
0.398438 0.578125
0.445312 0.578125
0.398438 0.609375
0.445312 0.609375
0.492188 0.578125
0.539062 0.578125
0.492188 0.609375
0.539062 0.609375
0.585938 0.515625
0.632812 0.515625
0.585938 0.546875
0.632812 0.546875
0.679688 0.515625
0.726562 0.515625
0.679688 0.546875
0.726562 0.546875
0.585938 0.578125
0.632812 0.578125
0.585938 0.609375
0.632812 0.609375
0.679688 0.578125
0.726562 0.578125
0.679688 0.609375
0.726562 0.609375
0.398438 0.640625
0.445312 0.640625
0.398438 0.671875
0.445312 0.671875
0.492188 0.640625
0.539062 0.640625
0.492188 0.671875
0.539062 0.671875
0.421875 0.71875
0.492188 0.703125
0.539062 0.703125
0.492188 0.734375
0.539062 0.734375
0.585938 0.640625
0.632812 0.640625
0.585938 0.671875
0.632812 0.671875
0.679688 0.640625
0.726562 0.640625
0.679688 0.671875
0.726562 0.671875
0.585938 0.703125
0.632812 0.703125
0.585938 0.734375
0.632812 0.734375
0.703125 0.71875
0.09375 0.8125
0.28125 0.8125
0.09375 0.9375
0.28125 0.9375
0.421875 0.78125
0.515625 0.78125
0.421875 0.84375
0.515625 0.84375
0.609375 0.78125
0.703125 0.78125
0.609375 0.84375
0.703125 0.84375
0.46875 0.9375
0.65625 0.9375
0.796875 0.53125
0.890625 0.53125
0.796875 0.59375
0.890625 0.59375
1.03125 0.5625
0.796875 0.65625
0.890625 0.65625
0.796875 0.71875
0.890625 0.71875
1.03125 0.6875
1.21875 0.5625
1.40625 0.5625
1.21875 0.6875
1.40625 0.6875
0.84375 0.8125
1.03125 0.8125
0.84375 0.9375
1.03125 0.9375
1.3125 0.875
1.875 -0.75
2.625 -0.75
1.875 -0.25
2.625 -0.25
3.75 -0.5
1.6875 0.125
2.0625 0.125
1.6875 0.375
2.0625 0.375
2.625 0.25
1.6875 0.625
2.0625 0.625
1.6875 0.875
2.0625 0.875
2.625 0.75
3.375 0.25
4.125 0.25
3.375 0.75
4.125 0.75
-1.125 1.25
-0.5625 1.125
-0.1875 1.125
-0.5625 1.375
-0.1875 1.375
-1.125 1.75
-0.375 1.75
0.1875 1.125
0.46875 1.0625
0.65625 1.0625
0.46875 1.1875
0.65625 1.1875
0.1875 1.375
0.5625 1.375
0.9375 1.125
1.3125 1.125
0.9375 1.375
1.3125 1.375
0.1875 1.625
0.5625 1.625
0.1875 1.875
0.5625 1.875
1.125 1.75
-1.125 2.25
-0.375 2.25
-1.125 2.75
-0.375 2.75
0.375 2.25
1.125 2.25
0.375 2.75
1.125 2.75
1.875 1.25
2.625 1.25
1.875 1.75
2.625 1.75
3.75 1.5
2.25 2.5
3.75 2.5
