-0.875 -0.875
-0.625 -0.875
-0.875 -0.625
-0.625 -0.625
-0.375 -0.875
-0.1875 -0.9375
-0.0625 -0.9375
-0.1875 -0.8125
-0.0625 -0.8125
-0.4375 -0.6875
-0.3125 -0.6875
-0.4375 -0.5625
-0.3125 -0.5625
-0.1875 -0.6875
-0.0625 -0.6875
-0.1875 -0.5625
-0.09375 -0.59375
-0.03125 -0.59375
-0.09375 -0.53125
-0.03125 -0.53125
-0.875 -0.375
-0.625 -0.375
-0.875 -0.125
-0.625 -0.125
-0.4375 -0.4375
-0.3125 -0.4375
-0.4375 -0.3125
-0.3125 -0.3125
-0.1875 -0.4375
-0.09375 -0.46875
-0.03125 -0.46875
-0.09375 -0.40625
-0.03125 -0.40625
-0.1875 -0.3125
-0.09375 -0.34375
-0.03125 -0.34375
-0.09375 -0.28125
-0.03125 -0.28125
-0.4375 -0.1875
-0.3125 -0.1875
-0.4375 -0.0625
-0.3125 -0.0625
-0.21875 -0.21875
-0.15625 -0.21875
-0.21875 -0.15625
-0.15625 -0.15625
-0.09375 -0.21875
-0.046875 -0.234375
-0.015625 -0.234375
-0.046875 -0.203125
-0.015625 -0.203125
-0.09375 -0.15625
-0.046875 -0.171875
-0.015625 -0.171875
-0.046875 -0.140625
-0.015625 -0.140625
-0.21875 -0.09375
-0.15625 -0.09375
-0.21875 -0.03125
-0.15625 -0.03125
-0.09375 -0.09375
-0.046875 -0.109375
-0.015625 -0.109375
-0.046875 -0.078125
-0.015625 -0.078125
-0.109375 -0.046875
-0.078125 -0.046875
-0.109375 -0.015625
-0.078125 -0.015625
-0.046875 -0.046875
-0.015625 -0.046875
-0.046875 -0.015625
-0.0234375 -0.0234375
-0.0078125 -0.0234375
-0.0234375 -0.0078125
-0.0078125 -0.0078125
0.0625 -0.9375
0.1875 -0.9375
0.0625 -0.8125
0.1875 -0.8125
0.3125 -0.9375
0.4375 -0.9375
0.3125 -0.8125
0.4375 -0.8125
0.03125 -0.71875
0.09375 -0.71875
0.03125 -0.65625
0.09375 -0.65625
0.15625 -0.71875
0.21875 -0.71875
0.15625 -0.65625
0.21875 -0.65625
0.03125 -0.59375
0.09375 -0.59375
0.03125 -0.53125
0.078125 -0.546875
0.109375 -0.546875
0.078125 -0.515625
0.109375 -0.515625
0.140625 -0.609375
0.171875 -0.609375
0.140625 -0.578125
0.171875 -0.578125
0.21875 -0.59375
0.140625 -0.546875
0.171875 -0.546875
0.132812 -0.523438
0.148438 -0.523438
0.132812 -0.507812
0.148438 -0.507812
0.171875 -0.515625
0.203125 -0.546875
0.234375 -0.546875
0.203125 -0.515625
0.234375 -0.515625
0.3125 -0.6875
0.4375 -0.6875
0.28125 -0.59375
0.34375 -0.59375
0.28125 -0.53125
0.34375 -0.53125
0.40625 -0.59375
0.46875 -0.59375
0.40625 -0.53125
0.46875 -0.53125
0.5625 -0.9375
0.6875 -0.9375
0.5625 -0.8125
0.6875 -0.8125
0.875 -0.875
0.5625 -0.6875
0.6875 -0.6875
0.53125 -0.59375
0.59375 -0.59375
0.53125 -0.53125
0.59375 -0.53125
0.65625 -0.59375
0.71875 -0.59375
0.65625 -0.53125
0.71875 -0.53125
0.8125 -0.6875
0.9375 -0.6875
0.8125 -0.5625
0.9375 -0.5625
0.015625 -0.484375
0.046875 -0.484375
0.015625 -0.453125
0.046875 -0.453125
0.078125 -0.484375
0.101562 -0.492188
0.117188 -0.492188
0.101562 -0.476562
0.117188 -0.476562
0.078125 -0.453125
0.109375 -0.453125
0.03125 -0.40625
0.078125 -0.421875
0.109375 -0.421875
0.078125 -0.390625
0.109375 -0.390625
0.132812 -0.492188
0.148438 -0.492188
0.132812 -0.476562
0.148438 -0.476562
0.164062 -0.492188
0.179688 -0.492188
0.164062 -0.476562
0.179688 -0.476562
0.132812 -0.460938
0.148438 -0.460938
0.132812 -0.445312
0.148438 -0.445312
0.171875 -0.453125
0.203125 -0.484375
0.234375 -0.484375
0.203125 -0.453125
0.234375 -0.453125
0.140625 -0.421875
0.171875 -0.421875
0.140625 -0.390625
0.171875 -0.390625
0.21875 -0.40625
0.03125 -0.34375
0.09375 -0.34375
0.015625 -0.296875
0.046875 -0.296875
0.015625 -0.265625
0.046875 -0.265625
0.078125 -0.296875
0.109375 -0.296875
0.078125 -0.265625
0.109375 -0.265625
0.15625 -0.34375
0.21875 -0.34375
0.15625 -0.28125
0.21875 -0.28125
0.28125 -0.46875
0.34375 -0.46875
0.28125 -0.40625
0.34375 -0.40625
0.40625 -0.46875
0.46875 -0.46875
0.390625 -0.421875
0.421875 -0.421875
0.390625 -0.390625
0.421875 -0.390625
0.453125 -0.421875
0.484375 -0.421875
0.453125 -0.390625
0.484375 -0.390625
0.28125 -0.34375
0.328125 -0.359375
0.359375 -0.359375
0.328125 -0.328125
0.359375 -0.328125
0.265625 -0.296875
0.296875 -0.296875
0.265625 -0.265625
0.296875 -0.265625
0.328125 -0.296875
0.359375 -0.296875
0.320312 -0.273438
0.335938 -0.273438
0.320312 -0.257812
0.335938 -0.257812
0.351562 -0.273438
0.367188 -0.273438
0.351562 -0.257812
0.367188 -0.257812
0.390625 -0.359375
0.421875 -0.359375
0.390625 -0.328125
0.414062 -0.335938
0.429688 -0.335938
0.414062 -0.320312
0.429688 -0.320312
0.453125 -0.359375
0.484375 -0.359375
0.445312 -0.335938
0.460938 -0.335938
0.445312 -0.320312
0.460938 -0.320312
0.476562 -0.335938
0.492188 -0.335938
0.476562 -0.320312
0.492188 -0.320312
0.382812 -0.304688
0.398438 -0.304688
0.382812 -0.289062
0.398438 -0.289062
0.414062 -0.304688
0.429688 -0.304688
0.414062 -0.289062
0.429688 -0.289062
0.382812 -0.273438
0.398438 -0.273438
0.382812 -0.257812
0.398438 -0.257812
0.414062 -0.273438
0.429688 -0.273438
0.414062 -0.257812
0.429688 -0.257812
0.445312 -0.304688
0.460938 -0.304688
0.445312 -0.289062
0.460938 -0.289062
0.476562 -0.304688
0.492188 -0.304688
0.476562 -0.289062
0.492188 -0.289062
0.445312 -0.273438
0.460938 -0.273438
0.445312 -0.257812
0.460938 -0.257812
0.476562 -0.273438
0.492188 -0.273438
0.476562 -0.257812
0.492188 -0.257812
0.015625 -0.234375
0.046875 -0.234375
0.015625 -0.203125
0.0390625 -0.210938
0.0546875 -0.210938
0.0390625 -0.195312
0.0546875 -0.195312
0.078125 -0.234375
0.109375 -0.234375
0.0703125 -0.210938
0.0859375 -0.210938
0.0703125 -0.195312
0.0859375 -0.195312
0.109375 -0.203125
0.0078125 -0.179688
0.0234375 -0.179688
0.0078125 -0.164062
0.0234375 -0.164062
0.0390625 -0.179688
0.0546875 -0.179688
0.0390625 -0.164062
0.0546875 -0.164062
0.0078125 -0.148438
0.0234375 -0.148438
0.0078125 -0.132812
0.0234375 -0.132812
0.0390625 -0.148438
0.0546875 -0.148438
0.0390625 -0.132812
0.0546875 -0.132812
0.0703125 -0.179688
0.0859375 -0.179688
0.0703125 -0.164062
0.0859375 -0.164062
0.101562 -0.179688
0.117188 -0.179688
0.101562 -0.164062
0.117188 -0.164062
0.0703125 -0.148438
0.0859375 -0.148438
0.0703125 -0.132812
0.0859375 -0.132812
0.101562 -0.148438
0.117188 -0.148438
0.101562 -0.132812
0.117188 -0.132812
0.140625 -0.234375
0.171875 -0.234375
0.140625 -0.203125
0.171875 -0.203125
0.203125 -0.234375
0.234375 -0.234375
0.203125 -0.203125
0.234375 -0.203125
0.140625 -0.171875
0.171875 -0.171875
0.132812 -0.148438
0.148438 -0.148438
0.132812 -0.132812
0.148438 -0.132812
0.171875 -0.140625
0.203125 -0.171875
0.234375 -0.171875
0.203125 -0.140625
0.234375 -0.140625
0.015625 -0.109375
0.0390625 -0.117188
0.0546875 -0.117188
0.0390625 -0.101562
0.0546875 -0.101562
0.015625 -0.078125
0.0390625 -0.0859375
0.0546875 -0.0859375
0.0390625 -0.0703125
0.0546875 -0.0703125
0.0703125 -0.117188
0.0859375 -0.117188
0.0703125 -0.101562
0.0859375 -0.101562
0.101562 -0.117188
0.117188 -0.117188
0.101562 -0.101562
0.117188 -0.101562
0.0703125 -0.0859375
0.0859375 -0.0859375
0.0703125 -0.0703125
0.0859375 -0.0703125
0.101562 -0.0859375
0.117188 -0.0859375
0.101562 -0.0703125
0.117188 -0.0703125
0.0078125 -0.0546875
0.0234375 -0.0546875
0.0078125 -0.0390625
0.0234375 -0.0390625
0.046875 -0.046875
0.0078125 -0.0234375
0.0234375 -0.0234375
0.0078125 -0.0078125
0.0234375 -0.0078125
0.0390625 -0.0234375
0.0546875 -0.0234375
0.0390625 -0.0078125
0.0546875 -0.0078125
0.0703125 -0.0546875
0.0859375 -0.0546875
0.0703125 -0.0390625
0.0859375 -0.0390625
0.101562 -0.0546875
0.117188 -0.0546875
0.101562 -0.0390625
0.117188 -0.0390625
0.078125 -0.015625
0.109375 -0.015625
0.132812 -0.117188
0.148438 -0.117188
0.132812 -0.101562
0.148438 -0.101562
0.164062 -0.117188
0.179688 -0.117188
0.164062 -0.101562
0.179688 -0.101562
0.132812 -0.0859375
0.148438 -0.0859375
0.132812 -0.0703125
0.148438 -0.0703125
0.171875 -0.078125
0.203125 -0.109375
0.234375 -0.109375
0.203125 -0.078125
0.226562 -0.0859375
0.242188 -0.0859375
0.226562 -0.0703125
0.242188 -0.0703125
0.140625 -0.046875
0.171875 -0.046875
0.140625 -0.015625
0.171875 -0.015625
0.195312 -0.0546875
0.210938 -0.0546875
0.195312 -0.0390625
0.210938 -0.0390625
0.226562 -0.0546875
0.242188 -0.0546875
0.226562 -0.0390625
0.242188 -0.0390625
0.195312 -0.0234375
0.210938 -0.0234375
0.195312 -0.0078125
0.210938 -0.0078125
0.226562 -0.0234375
0.242188 -0.0234375
0.226562 -0.0078125
0.242188 -0.0078125
0.265625 -0.234375
0.289062 -0.242188
0.304688 -0.242188
0.289062 -0.226562
0.304688 -0.226562
0.257812 -0.210938
0.273438 -0.210938
0.257812 -0.195312
0.273438 -0.195312
0.289062 -0.210938
0.304688 -0.210938
0.289062 -0.195312
0.304688 -0.195312
0.320312 -0.242188
0.335938 -0.242188
0.320312 -0.226562
0.335938 -0.226562
0.351562 -0.242188
0.367188 -0.242188
0.351562 -0.226562
0.367188 -0.226562
0.320312 -0.210938
0.335938 -0.210938
0.320312 -0.195312
0.335938 -0.195312
0.351562 -0.210938
0.367188 -0.210938
0.351562 -0.195312
0.367188 -0.195312
0.257812 -0.179688
0.273438 -0.179688
0.257812 -0.164062
0.273438 -0.164062
0.289062 -0.179688
0.304688 -0.179688
0.289062 -0.164062
0.304688 -0.164062
0.257812 -0.148438
0.273438 -0.148438
0.257812 -0.132812
0.273438 -0.132812
0.289062 -0.148438
0.304688 -0.148438
0.289062 -0.132812
0.304688 -0.132812
0.320312 -0.179688
0.335938 -0.179688
0.320312 -0.164062
0.335938 -0.164062
0.351562 -0.179688
0.367188 -0.179688
0.351562 -0.164062
0.367188 -0.164062
0.320312 -0.148438
0.335938 -0.148438
0.320312 -0.132812
0.335938 -0.132812
0.351562 -0.148438
0.367188 -0.148438
0.351562 -0.132812
0.367188 -0.132812
0.382812 -0.242188
0.398438 -0.242188
0.382812 -0.226562
0.398438 -0.226562
0.414062 -0.242188
0.429688 -0.242188
0.414062 -0.226562
0.429688 -0.226562
0.382812 -0.210938
0.398438 -0.210938
0.382812 -0.195312
0.398438 -0.195312
0.414062 -0.210938
0.429688 -0.210938
0.414062 -0.195312
0.429688 -0.195312
0.445312 -0.242188
0.460938 -0.242188
0.445312 -0.226562
0.460938 -0.226562
0.476562 -0.242188
0.492188 -0.242188
0.476562 -0.226562
0.492188 -0.226562
0.445312 -0.210938
0.460938 -0.210938
0.445312 -0.195312
0.460938 -0.195312
0.476562 -0.210938
0.492188 -0.210938
0.476562 -0.195312
0.492188 -0.195312
0.382812 -0.179688
0.398438 -0.179688
0.382812 -0.164062
0.398438 -0.164062
0.414062 -0.179688
0.429688 -0.179688
0.414062 -0.164062
0.429688 -0.164062
0.382812 -0.148438
0.398438 -0.148438
0.382812 -0.132812
0.398438 -0.132812
0.414062 -0.148438
0.429688 -0.148438
0.414062 -0.132812
0.429688 -0.132812
0.445312 -0.179688
0.460938 -0.179688
0.445312 -0.164062
0.460938 -0.164062
0.484375 -0.171875
0.453125 -0.140625
0.484375 -0.140625
0.257812 -0.117188
0.273438 -0.117188
0.257812 -0.101562
0.273438 -0.101562
0.289062 -0.117188
0.304688 -0.117188
0.289062 -0.101562
0.304688 -0.101562
0.257812 -0.0859375
0.273438 -0.0859375
0.257812 -0.0703125
0.273438 -0.0703125
0.289062 -0.0859375
0.304688 -0.0859375
0.289062 -0.0703125
0.304688 -0.0703125
0.320312 -0.117188
0.335938 -0.117188
0.320312 -0.101562
0.335938 -0.101562
0.351562 -0.117188
0.367188 -0.117188
0.351562 -0.101562
0.367188 -0.101562
0.320312 -0.0859375
0.335938 -0.0859375
0.320312 -0.0703125
0.335938 -0.0703125
0.351562 -0.0859375
0.367188 -0.0859375
0.351562 -0.0703125
0.367188 -0.0703125
0.257812 -0.0546875
0.273438 -0.0546875
0.257812 -0.0390625
0.273438 -0.0390625
0.289062 -0.0546875
0.304688 -0.0546875
0.289062 -0.0390625
0.304688 -0.0390625
0.257812 -0.0234375
0.273438 -0.0234375
0.257812 -0.0078125
0.273438 -0.0078125
0.289062 -0.0234375
0.304688 -0.0234375
0.289062 -0.0078125
0.304688 -0.0078125
0.320312 -0.0546875
0.335938 -0.0546875
0.320312 -0.0390625
0.335938 -0.0390625
0.351562 -0.0546875
0.367188 -0.0546875
0.351562 -0.0390625
0.367188 -0.0390625
0.320312 -0.0234375
0.335938 -0.0234375
0.320312 -0.0078125
0.335938 -0.0078125
0.351562 -0.0234375
0.367188 -0.0234375
0.351562 -0.0078125
0.367188 -0.0078125
0.382812 -0.117188
0.398438 -0.117188
0.382812 -0.101562
0.398438 -0.101562
0.421875 -0.109375
0.382812 -0.0859375
0.398438 -0.0859375
0.382812 -0.0703125
0.398438 -0.0703125
0.421875 -0.078125
0.453125 -0.109375
0.484375 -0.109375
0.453125 -0.078125
0.484375 -0.078125
0.382812 -0.0546875
0.398438 -0.0546875
0.382812 -0.0390625
0.398438 -0.0390625
0.421875 -0.046875
0.382812 -0.0234375
0.398438 -0.0234375
0.382812 -0.0078125
0.398438 -0.0078125
0.421875 -0.015625
0.453125 -0.046875
0.484375 -0.046875
0.453125 -0.015625
0.484375 -0.015625
0.53125 -0.46875
0.59375 -0.46875
0.515625 -0.421875
0.546875 -0.421875
0.515625 -0.390625
0.546875 -0.390625
0.578125 -0.421875
0.609375 -0.421875
0.578125 -0.390625
0.609375 -0.390625
0.65625 -0.46875
0.71875 -0.46875
0.640625 -0.421875
0.671875 -0.421875
0.640625 -0.390625
0.671875 -0.390625
0.703125 -0.421875
0.734375 -0.421875
0.703125 -0.390625
0.734375 -0.390625
0.515625 -0.359375
0.546875 -0.359375
0.507812 -0.335938
0.523438 -0.335938
0.507812 -0.320312
0.523438 -0.320312
0.539062 -0.335938
0.554688 -0.335938
0.539062 -0.320312
0.554688 -0.320312
0.578125 -0.359375
0.609375 -0.359375
0.570312 -0.335938
0.585938 -0.335938
0.570312 -0.320312
0.585938 -0.320312
0.601562 -0.335938
0.617188 -0.335938
0.601562 -0.320312
0.617188 -0.320312
0.507812 -0.304688
0.523438 -0.304688
0.507812 -0.289062
0.523438 -0.289062
0.539062 -0.304688
0.554688 -0.304688
0.539062 -0.289062
0.554688 -0.289062
0.507812 -0.273438
0.523438 -0.273438
0.507812 -0.257812
0.523438 -0.257812
0.539062 -0.273438
0.554688 -0.273438
0.539062 -0.257812
0.554688 -0.257812
0.570312 -0.304688
0.585938 -0.304688
0.570312 -0.289062
0.585938 -0.289062
0.601562 -0.304688
0.617188 -0.304688
0.601562 -0.289062
0.617188 -0.289062
0.570312 -0.273438
0.585938 -0.273438
0.570312 -0.257812
0.585938 -0.257812
0.601562 -0.273438
0.617188 -0.273438
0.601562 -0.257812
0.617188 -0.257812
0.640625 -0.359375
0.671875 -0.359375
0.632812 -0.335938
0.648438 -0.335938
0.632812 -0.320312
0.648438 -0.320312
0.664062 -0.335938
0.679688 -0.335938
0.664062 -0.320312
0.679688 -0.320312
0.703125 -0.359375
0.734375 -0.359375
0.695312 -0.335938
0.710938 -0.335938
0.695312 -0.320312
0.710938 -0.320312
0.734375 -0.328125
0.632812 -0.304688
0.648438 -0.304688
0.632812 -0.289062
0.648438 -0.289062
0.664062 -0.304688
0.679688 -0.304688
0.664062 -0.289062
0.679688 -0.289062
0.632812 -0.273438
0.648438 -0.273438
0.632812 -0.257812
0.648438 -0.257812
0.664062 -0.273438
0.679688 -0.273438
0.664062 -0.257812
0.679688 -0.257812
0.695312 -0.304688
0.710938 -0.304688
0.695312 -0.289062
0.710938 -0.289062
0.726562 -0.304688
0.742188 -0.304688
0.726562 -0.289062
0.742188 -0.289062
0.695312 -0.273438
0.710938 -0.273438
0.695312 -0.257812
0.710938 -0.257812
0.726562 -0.273438
0.742188 -0.273438
0.726562 -0.257812
0.742188 -0.257812
0.78125 -0.46875
0.84375 -0.46875
0.78125 -0.40625
0.84375 -0.40625
0.9375 -0.4375
0.765625 -0.359375
0.796875 -0.359375
0.765625 -0.328125
0.796875 -0.328125
0.84375 -0.34375
0.757812 -0.304688
0.773438 -0.304688
0.757812 -0.289062
0.773438 -0.289062
0.796875 -0.296875
0.757812 -0.273438
0.773438 -0.273438
0.757812 -0.257812
0.773438 -0.257812
0.789062 -0.273438
0.804688 -0.273438
0.789062 -0.257812
0.804688 -0.257812
0.828125 -0.296875
0.859375 -0.296875
0.828125 -0.265625
0.859375 -0.265625
0.90625 -0.34375
0.96875 -0.34375
0.90625 -0.28125
0.96875 -0.28125
0.507812 -0.242188
0.523438 -0.242188
0.507812 -0.226562
0.523438 -0.226562
0.539062 -0.242188
0.554688 -0.242188
0.539062 -0.226562
0.554688 -0.226562
0.507812 -0.210938
0.523438 -0.210938
0.507812 -0.195312
0.523438 -0.195312
0.539062 -0.210938
0.554688 -0.210938
0.539062 -0.195312
0.554688 -0.195312
0.570312 -0.242188
0.585938 -0.242188
0.570312 -0.226562
0.585938 -0.226562
0.601562 -0.242188
0.617188 -0.242188
0.601562 -0.226562
0.617188 -0.226562
0.570312 -0.210938
0.585938 -0.210938
0.570312 -0.195312
0.585938 -0.195312
0.601562 -0.210938
0.617188 -0.210938
0.601562 -0.195312
0.617188 -0.195312
0.515625 -0.171875
0.546875 -0.171875
0.515625 -0.140625
0.546875 -0.140625
0.578125 -0.171875
0.609375 -0.171875
0.578125 -0.140625
0.609375 -0.140625
0.632812 -0.242188
0.648438 -0.242188
0.632812 -0.226562
0.648438 -0.226562
0.664062 -0.242188
0.679688 -0.242188
0.664062 -0.226562
0.679688 -0.226562
0.632812 -0.210938
0.648438 -0.210938
0.632812 -0.195312
0.648438 -0.195312
0.664062 -0.210938
0.679688 -0.210938
0.664062 -0.195312
0.679688 -0.195312
0.695312 -0.242188
0.710938 -0.242188
0.695312 -0.226562
0.710938 -0.226562
0.726562 -0.242188
0.742188 -0.242188
0.726562 -0.226562
0.742188 -0.226562
0.695312 -0.210938
0.710938 -0.210938
0.695312 -0.195312
0.710938 -0.195312
0.726562 -0.210938
0.742188 -0.210938
0.726562 -0.195312
0.742188 -0.195312
0.640625 -0.171875
0.671875 -0.171875
0.640625 -0.140625
0.671875 -0.140625
0.695312 -0.179688
0.710938 -0.179688
0.695312 -0.164062
0.710938 -0.164062
0.726562 -0.179688
0.742188 -0.179688
0.726562 -0.164062
0.742188 -0.164062
0.703125 -0.140625
0.734375 -0.140625
0.53125 -0.09375
0.59375 -0.09375
0.53125 -0.03125
0.59375 -0.03125
0.65625 -0.09375
0.703125 -0.109375
0.734375 -0.109375
0.703125 -0.078125
0.734375 -0.078125
0.65625 -0.03125
0.703125 -0.046875
0.734375 -0.046875
0.703125 -0.015625
0.734375 -0.015625
0.757812 -0.242188
0.773438 -0.242188
0.757812 -0.226562
0.773438 -0.226562
0.789062 -0.242188
0.804688 -0.242188
0.789062 -0.226562
0.804688 -0.226562
0.757812 -0.210938
0.773438 -0.210938
0.757812 -0.195312
0.773438 -0.195312
0.789062 -0.210938
0.804688 -0.210938
0.789062 -0.195312
0.804688 -0.195312
0.820312 -0.242188
0.835938 -0.242188
0.820312 -0.226562
0.835938 -0.226562
0.859375 -0.234375
0.820312 -0.210938
0.835938 -0.210938
0.820312 -0.195312
0.835938 -0.195312
0.851562 -0.210938
0.867188 -0.210938
0.851562 -0.195312
0.867188 -0.195312
0.757812 -0.179688
0.773438 -0.179688
0.757812 -0.164062
0.773438 -0.164062
0.789062 -0.179688
0.804688 -0.179688
0.789062 -0.164062
0.804688 -0.164062
0.757812 -0.148438
0.773438 -0.148438
0.757812 -0.132812
0.773438 -0.132812
0.789062 -0.148438
0.804688 -0.148438
0.789062 -0.132812
0.804688 -0.132812
0.820312 -0.179688
0.835938 -0.179688
0.820312 -0.164062
0.835938 -0.164062
0.851562 -0.179688
0.867188 -0.179688
0.851562 -0.164062
0.867188 -0.164062
0.820312 -0.148438
0.835938 -0.148438
0.820312 -0.132812
0.835938 -0.132812
0.851562 -0.148438
0.867188 -0.148438
0.851562 -0.132812
0.867188 -0.132812
0.890625 -0.234375
0.921875 -0.234375
0.890625 -0.203125
0.921875 -0.203125
0.96875 -0.21875
0.890625 -0.171875
0.921875 -0.171875
0.882812 -0.148438
0.898438 -0.148438
0.882812 -0.132812
0.898438 -0.132812
0.921875 -0.140625
0.953125 -0.171875
0.984375 -0.171875
0.953125 -0.140625
0.984375 -0.140625
0.757812 -0.117188
0.773438 -0.117188
0.757812 -0.101562
0.773438 -0.101562
0.789062 -0.117188
0.804688 -0.117188
0.789062 -0.101562
0.804688 -0.101562
0.765625 -0.078125
0.789062 -0.0859375
0.804688 -0.0859375
0.789062 -0.0703125
0.804688 -0.0703125
0.820312 -0.117188
0.835938 -0.117188
0.820312 -0.101562
0.835938 -0.101562
0.851562 -0.117188
0.867188 -0.117188
0.851562 -0.101562
0.867188 -0.101562
0.820312 -0.0859375
0.835938 -0.0859375
0.820312 -0.0703125
0.835938 -0.0703125
0.851562 -0.0859375
0.867188 -0.0859375
0.851562 -0.0703125
0.867188 -0.0703125
0.765625 -0.046875
0.789062 -0.0546875
0.804688 -0.0546875
0.789062 -0.0390625
0.804688 -0.0390625
0.765625 -0.015625
0.789062 -0.0234375
0.804688 -0.0234375
0.789062 -0.0078125
0.804688 -0.0078125
0.820312 -0.0546875
0.835938 -0.0546875
0.820312 -0.0390625
0.835938 -0.0390625
0.851562 -0.0546875
0.867188 -0.0546875
0.851562 -0.0390625
0.867188 -0.0390625
0.820312 -0.0234375
0.835938 -0.0234375
0.820312 -0.0078125
0.835938 -0.0078125
0.851562 -0.0234375
0.867188 -0.0234375
0.851562 -0.0078125
0.867188 -0.0078125
0.882812 -0.117188
0.898438 -0.117188
0.882812 -0.101562
0.898438 -0.101562
0.921875 -0.109375
0.882812 -0.0859375
0.898438 -0.0859375
0.882812 -0.0703125
0.898438 -0.0703125
0.921875 -0.078125
0.953125 -0.109375
0.984375 -0.109375
0.953125 -0.078125
0.984375 -0.078125
0.882812 -0.0546875
0.898438 -0.0546875
0.882812 -0.0390625
0.898438 -0.0390625
0.914062 -0.0546875
0.929688 -0.0546875
0.914062 -0.0390625
0.929688 -0.0390625
0.882812 -0.0234375
0.898438 -0.0234375
0.882812 -0.0078125
0.898438 -0.0078125
0.914062 -0.0234375
0.929688 -0.0234375
0.914062 -0.0078125
0.929688 -0.0078125
0.953125 -0.046875
0.984375 -0.046875
0.953125 -0.015625
0.984375 -0.015625
-0.875 0.125
-0.6875 0.0625
-0.5625 0.0625
-0.6875 0.1875
-0.5625 0.1875
-0.875 0.375
-0.625 0.375
-0.4375 0.0625
-0.3125 0.0625
-0.4375 0.1875
-0.34375 0.15625
-0.28125 0.15625
-0.34375 0.21875
-0.28125 0.21875
-0.21875 0.03125
-0.15625 0.03125
-0.21875 0.09375
-0.15625 0.09375
-0.109375 0.015625
-0.078125 0.015625
-0.109375 0.046875
-0.078125 0.046875
-0.0546875 0.0078125
-0.0390625 0.0078125
-0.0546875 0.0234375
-0.0390625 0.0234375
-0.0234375 0.0078125
-0.0078125 0.0078125
-0.0234375 0.0234375
-0.0078125 0.0234375
-0.046875 0.046875
-0.0234375 0.0390625
-0.0078125 0.0390625
-0.0234375 0.0546875
-0.0078125 0.0546875
-0.109375 0.078125
-0.078125 0.078125
-0.109375 0.109375
-0.078125 0.109375
-0.046875 0.078125
-0.0234375 0.0703125
-0.0078125 0.0703125
-0.0234375 0.0859375
-0.0078125 0.0859375
-0.0546875 0.101562
-0.0390625 0.101562
-0.0546875 0.117188
-0.0390625 0.117188
-0.0234375 0.101562
-0.0078125 0.101562
-0.0234375 0.117188
-0.0078125 0.117188
-0.21875 0.15625
-0.171875 0.140625
-0.140625 0.140625
-0.171875 0.171875
-0.140625 0.171875
-0.21875 0.21875
-0.15625 0.21875
-0.109375 0.140625
-0.078125 0.140625
-0.109375 0.171875
-0.0859375 0.164062
-0.0703125 0.164062
-0.0859375 0.179688
-0.0703125 0.179688
-0.0546875 0.132812
-0.0390625 0.132812
-0.0546875 0.148438
-0.0390625 0.148438
-0.0234375 0.132812
-0.0078125 0.132812
-0.0234375 0.148438
-0.0078125 0.148438
-0.0546875 0.164062
-0.0390625 0.164062
-0.0546875 0.179688
-0.0390625 0.179688
-0.0234375 0.164062
-0.0078125 0.164062
-0.0234375 0.179688
-0.0078125 0.179688
-0.109375 0.203125
-0.078125 0.203125
-0.109375 0.234375
-0.078125 0.234375
-0.0546875 0.195312
-0.0390625 0.195312
-0.0546875 0.210938
-0.0390625 0.210938
-0.015625 0.203125
-0.046875 0.234375
-0.015625 0.234375
-0.4375 0.3125
-0.3125 0.3125
-0.4375 0.4375
-0.3125 0.4375
-0.21875 0.28125
-0.15625 0.28125
-0.21875 0.34375
-0.15625 0.34375
-0.09375 0.28125
-0.046875 0.265625
-0.015625 0.265625
-0.046875 0.296875
-0.015625 0.296875
-0.109375 0.328125
-0.078125 0.328125
-0.109375 0.359375
-0.078125 0.359375
-0.046875 0.328125
-0.0234375 0.320312
-0.0078125 0.320312
-0.0234375 0.335938
-0.0078125 0.335938
-0.046875 0.359375
-0.0234375 0.351562
-0.0078125 0.351562
-0.0234375 0.367188
-0.0078125 0.367188
-0.21875 0.40625
-0.15625 0.40625
-0.21875 0.46875
-0.15625 0.46875
-0.09375 0.40625
-0.046875 0.390625
-0.015625 0.390625
-0.046875 0.421875
-0.015625 0.421875
-0.09375 0.46875
-0.03125 0.46875
-0.875 0.625
-0.625 0.625
-0.875 0.875
-0.625 0.875
-0.4375 0.5625
-0.3125 0.5625
-0.4375 0.6875
-0.3125 0.6875
-0.1875 0.5625
-0.09375 0.53125
-0.03125 0.53125
-0.09375 0.59375
-0.03125 0.59375
-0.1875 0.6875
-0.0625 0.6875
-0.375 0.875
-0.1875 0.8125
-0.0625 0.8125
-0.1875 0.9375
-0.0625 0.9375
0.0078125 0.0078125
0.0234375 0.0078125
0.0078125 0.0234375
0.0234375 0.0234375
0.0390625 0.0078125
0.0546875 0.0078125
0.0390625 0.0234375
0.0546875 0.0234375
0.0078125 0.0390625
0.0234375 0.0390625
0.0078125 0.0546875
0.0234375 0.0546875
0.0390625 0.0390625
0.0546875 0.0390625
0.0390625 0.0546875
0.0546875 0.0546875
0.078125 0.015625
0.109375 0.015625
0.0703125 0.0390625
0.0859375 0.0390625
0.0703125 0.0546875
0.0859375 0.0546875
0.109375 0.046875
0.0078125 0.0703125
0.0234375 0.0703125
0.0078125 0.0859375
0.0234375 0.0859375
0.0390625 0.0703125
0.0546875 0.0703125
0.0390625 0.0859375
0.0546875 0.0859375
0.0078125 0.101562
0.0234375 0.101562
0.0078125 0.117188
0.0234375 0.117188
0.0390625 0.101562
0.0546875 0.101562
0.0390625 0.117188
0.0546875 0.117188
0.0703125 0.0703125
0.0859375 0.0703125
0.0703125 0.0859375
0.0859375 0.0859375
0.109375 0.078125
0.078125 0.109375
0.109375 0.109375
0.140625 0.015625
0.171875 0.015625
0.140625 0.046875
0.171875 0.046875
0.203125 0.015625
0.226562 0.0078125
0.242188 0.0078125
0.226562 0.0234375
0.242188 0.0234375
0.203125 0.046875
0.234375 0.046875
0.140625 0.078125
0.164062 0.0703125
0.179688 0.0703125
0.164062 0.0859375
0.179688 0.0859375
0.132812 0.101562
0.148438 0.101562
0.132812 0.117188
0.148438 0.117188
0.164062 0.101562
0.179688 0.101562
0.164062 0.117188
0.179688 0.117188
0.195312 0.0703125
0.210938 0.0703125
0.195312 0.0859375
0.210938 0.0859375
0.234375 0.078125
0.195312 0.101562
0.210938 0.101562
0.195312 0.117188
0.210938 0.117188
0.226562 0.101562
0.242188 0.101562
0.226562 0.117188
0.242188 0.117188
0.0078125 0.132812
0.0234375 0.132812
0.0078125 0.148438
0.0234375 0.148438
0.046875 0.140625
0.015625 0.171875
0.046875 0.171875
0.078125 0.140625
0.109375 0.140625
0.078125 0.171875
0.109375 0.171875
0.015625 0.203125
0.046875 0.203125
0.015625 0.234375
0.046875 0.234375
0.078125 0.203125
0.109375 0.203125
0.078125 0.234375
0.109375 0.234375
0.140625 0.140625
0.164062 0.132812
0.179688 0.132812
0.164062 0.148438
0.179688 0.148438
0.140625 0.171875
0.171875 0.171875
0.195312 0.132812
0.210938 0.132812
0.195312 0.148438
0.210938 0.148438
0.234375 0.140625
0.203125 0.171875
0.234375 0.171875
0.140625 0.203125
0.171875 0.203125
0.140625 0.234375
0.171875 0.234375
0.203125 0.203125
0.234375 0.203125
0.203125 0.234375
0.234375 0.234375
0.257812 0.0078125
0.273438 0.0078125
0.257812 0.0234375
0.273438 0.0234375
0.289062 0.0078125
0.304688 0.0078125
0.289062 0.0234375
0.304688 0.0234375
0.257812 0.0390625
0.273438 0.0390625
0.257812 0.0546875
0.273438 0.0546875
0.289062 0.0390625
0.304688 0.0390625
0.289062 0.0546875
0.304688 0.0546875
0.320312 0.0078125
0.335938 0.0078125
0.320312 0.0234375
0.335938 0.0234375
0.351562 0.0078125
0.367188 0.0078125
0.351562 0.0234375
0.367188 0.0234375
0.320312 0.0390625
0.335938 0.0390625
0.320312 0.0546875
0.335938 0.0546875
0.351562 0.0390625
0.367188 0.0390625
0.351562 0.0546875
0.367188 0.0546875
0.265625 0.078125
0.289062 0.0703125
0.304688 0.0703125
0.289062 0.0859375
0.304688 0.0859375
0.265625 0.109375
0.296875 0.109375
0.320312 0.0703125
0.335938 0.0703125
0.320312 0.0859375
0.335938 0.0859375
0.351562 0.0703125
0.367188 0.0703125
0.351562 0.0859375
0.367188 0.0859375
0.320312 0.101562
0.335938 0.101562
0.320312 0.117188
0.335938 0.117188
0.351562 0.101562
0.367188 0.101562
0.351562 0.117188
0.367188 0.117188
0.382812 0.0078125
0.398438 0.0078125
0.382812 0.0234375
0.398438 0.0234375
0.414062 0.0078125
0.429688 0.0078125
0.414062 0.0234375
0.429688 0.0234375
0.382812 0.0390625
0.398438 0.0390625
0.382812 0.0546875
0.398438 0.0546875
0.414062 0.0390625
0.429688 0.0390625
0.414062 0.0546875
0.429688 0.0546875
0.453125 0.015625
0.484375 0.015625
0.445312 0.0390625
0.460938 0.0390625
0.445312 0.0546875
0.460938 0.0546875
0.484375 0.046875
0.382812 0.0703125
0.398438 0.0703125
0.382812 0.0859375
0.398438 0.0859375
0.414062 0.0703125
0.429688 0.0703125
0.414062 0.0859375
0.429688 0.0859375
0.382812 0.101562
0.398438 0.101562
0.382812 0.117188
0.398438 0.117188
0.414062 0.101562
0.429688 0.101562
0.414062 0.117188
0.429688 0.117188
0.445312 0.0703125
0.460938 0.0703125
0.445312 0.0859375
0.460938 0.0859375
0.484375 0.078125
0.445312 0.101562
0.460938 0.101562
0.445312 0.117188
0.460938 0.117188
0.484375 0.109375
0.265625 0.140625
0.296875 0.140625
0.265625 0.171875
0.296875 0.171875
0.328125 0.140625
0.351562 0.132812
0.367188 0.132812
0.351562 0.148438
0.367188 0.148438
0.328125 0.171875
0.359375 0.171875
0.28125 0.21875
0.328125 0.203125
0.359375 0.203125
0.328125 0.234375
0.359375 0.234375
0.382812 0.132812
0.398438 0.132812
0.382812 0.148438
0.398438 0.148438
0.414062 0.132812
0.429688 0.132812
0.414062 0.148438
0.429688 0.148438
0.390625 0.171875
0.421875 0.171875
0.453125 0.140625
0.484375 0.140625
0.453125 0.171875
0.484375 0.171875
0.390625 0.203125
0.421875 0.203125
0.390625 0.234375
0.421875 0.234375
0.46875 0.21875
0.015625 0.265625
0.046875 0.265625
0.0078125 0.289062
0.0234375 0.289062
0.0078125 0.304688
0.0234375 0.304688
0.0390625 0.289062
0.0546875 0.289062
0.0390625 0.304688
0.0546875 0.304688
0.078125 0.265625
0.101562 0.257812
0.117188 0.257812
0.101562 0.273438
0.117188 0.273438
0.0703125 0.289062
0.0859375 0.289062
0.0703125 0.304688
0.0859375 0.304688
0.101562 0.289062
0.117188 0.289062
0.101562 0.304688
0.117188 0.304688
0.0078125 0.320312
0.0234375 0.320312
0.0078125 0.335938
0.0234375 0.335938
0.0390625 0.320312
0.0546875 0.320312
0.0390625 0.335938
0.0546875 0.335938
0.0078125 0.351562
0.0234375 0.351562
0.0078125 0.367188
0.0234375 0.367188
0.0390625 0.351562
0.0546875 0.351562
0.0390625 0.367188
0.0546875 0.367188
0.0703125 0.320312
0.0859375 0.320312
0.0703125 0.335938
0.0859375 0.335938
0.101562 0.320312
0.117188 0.320312
0.101562 0.335938
0.117188 0.335938
0.0703125 0.351562
0.0859375 0.351562
0.0703125 0.367188
0.0859375 0.367188
0.109375 0.359375
0.132812 0.257812
0.148438 0.257812
0.132812 0.273438
0.148438 0.273438
0.171875 0.265625
0.132812 0.289062
0.148438 0.289062
0.132812 0.304688
0.148438 0.304688
0.164062 0.289062
0.179688 0.289062
0.164062 0.304688
0.179688 0.304688
0.203125 0.265625
0.234375 0.265625
0.203125 0.296875
0.234375 0.296875
0.132812 0.320312
0.148438 0.320312
0.132812 0.335938
0.148438 0.335938
0.171875 0.328125
0.140625 0.359375
0.171875 0.359375
0.203125 0.328125
0.234375 0.328125
0.203125 0.359375
0.234375 0.359375
0.0078125 0.382812
0.0234375 0.382812
0.0078125 0.398438
0.0234375 0.398438
0.0390625 0.382812
0.0546875 0.382812
0.0390625 0.398438
0.0546875 0.398438
0.015625 0.421875
0.046875 0.421875
0.078125 0.390625
0.109375 0.390625
0.078125 0.421875
0.109375 0.421875
0.015625 0.453125
0.046875 0.453125
0.015625 0.484375
0.046875 0.484375
0.09375 0.46875
0.140625 0.390625
0.171875 0.390625
0.140625 0.421875
0.171875 0.421875
0.21875 0.40625
0.15625 0.46875
0.21875 0.46875
0.28125 0.28125
0.34375 0.28125
0.28125 0.34375
0.34375 0.34375
0.40625 0.28125
0.46875 0.28125
0.40625 0.34375
0.46875 0.34375
0.28125 0.40625
0.34375 0.40625
0.28125 0.46875
0.34375 0.46875
0.4375 0.4375
0.515625 0.015625
0.546875 0.015625
0.515625 0.046875
0.546875 0.046875
0.59375 0.03125
0.515625 0.078125
0.546875 0.078125
0.515625 0.109375
0.546875 0.109375
0.59375 0.09375
0.65625 0.03125
0.71875 0.03125
0.65625 0.09375
0.71875 0.09375
0.53125 0.15625
0.59375 0.15625
0.53125 0.21875
0.59375 0.21875
0.65625 0.15625
0.71875 0.15625
0.65625 0.21875
0.71875 0.21875
0.765625 0.015625
0.796875 0.015625
0.765625 0.046875
0.796875 0.046875
0.820312 0.0078125
0.835938 0.0078125
0.820312 0.0234375
0.835938 0.0234375
0.851562 0.0078125
0.867188 0.0078125
0.851562 0.0234375
0.867188 0.0234375
0.820312 0.0390625
0.835938 0.0390625
0.820312 0.0546875
0.835938 0.0546875
0.851562 0.0390625
0.867188 0.0390625
0.851562 0.0546875
0.867188 0.0546875
0.765625 0.078125
0.796875 0.078125
0.765625 0.109375
0.796875 0.109375
0.820312 0.0703125
0.835938 0.0703125
0.820312 0.0859375
0.835938 0.0859375
0.851562 0.0703125
0.867188 0.0703125
0.851562 0.0859375
0.867188 0.0859375
0.820312 0.101562
0.835938 0.101562
0.820312 0.117188
0.835938 0.117188
0.851562 0.101562
0.867188 0.101562
0.851562 0.117188
0.867188 0.117188
0.882812 0.0078125
0.898438 0.0078125
0.882812 0.0234375
0.898438 0.0234375
0.914062 0.0078125
0.929688 0.0078125
0.914062 0.0234375
0.929688 0.0234375
0.882812 0.0390625
0.898438 0.0390625
0.882812 0.0546875
0.898438 0.0546875
0.914062 0.0390625
0.929688 0.0390625
0.914062 0.0546875
0.929688 0.0546875
0.953125 0.015625
0.984375 0.015625
0.953125 0.046875
0.984375 0.046875
0.882812 0.0703125
0.898438 0.0703125
0.882812 0.0859375
0.898438 0.0859375
0.914062 0.0703125
0.929688 0.0703125
0.914062 0.0859375
0.929688 0.0859375
0.882812 0.101562
0.898438 0.101562
0.882812 0.117188
0.898438 0.117188
0.914062 0.101562
0.929688 0.101562
0.914062 0.117188
0.929688 0.117188
0.953125 0.078125
0.984375 0.078125
0.953125 0.109375
0.984375 0.109375
0.765625 0.140625
0.796875 0.140625
0.765625 0.171875
0.796875 0.171875
0.820312 0.132812
0.835938 0.132812
0.820312 0.148438
0.835938 0.148438
0.851562 0.132812
0.867188 0.132812
0.851562 0.148438
0.867188 0.148438
0.820312 0.164062
0.835938 0.164062
0.820312 0.179688
0.835938 0.179688
0.851562 0.164062
0.867188 0.164062
0.851562 0.179688
0.867188 0.179688
0.765625 0.203125
0.796875 0.203125
0.765625 0.234375
0.796875 0.234375
0.828125 0.203125
0.851562 0.195312
0.867188 0.195312
0.851562 0.210938
0.867188 0.210938
0.828125 0.234375
0.859375 0.234375
0.882812 0.132812
0.898438 0.132812
0.882812 0.148438
0.898438 0.148438
0.914062 0.132812
0.929688 0.132812
0.914062 0.148438
0.929688 0.148438
0.882812 0.164062
0.898438 0.164062
0.882812 0.179688
0.898438 0.179688
0.914062 0.164062
0.929688 0.164062
0.914062 0.179688
0.929688 0.179688
0.953125 0.140625
0.984375 0.140625
0.953125 0.171875
0.984375 0.171875
0.882812 0.195312
0.898438 0.195312
0.882812 0.210938
0.898438 0.210938
0.921875 0.203125
0.890625 0.234375
0.921875 0.234375
0.953125 0.203125
0.984375 0.203125
0.953125 0.234375
0.984375 0.234375
0.5625 0.3125
0.65625 0.28125
0.71875 0.28125
0.65625 0.34375
0.71875 0.34375
0.5625 0.4375
0.6875 0.4375
0.78125 0.28125
0.828125 0.265625
0.859375 0.265625
0.828125 0.296875
0.859375 0.296875
0.78125 0.34375
0.84375 0.34375
0.890625 0.265625
0.921875 0.265625
0.890625 0.296875
0.921875 0.296875
0.96875 0.28125
0.90625 0.34375
0.96875 0.34375
0.78125 0.40625
0.84375 0.40625
0.78125 0.46875
0.84375 0.46875
0.90625 0.40625
0.96875 0.40625
0.90625 0.46875
0.96875 0.46875
0.03125 0.53125
0.09375 0.53125
0.03125 0.59375
0.09375 0.59375
0.15625 0.53125
0.21875 0.53125
0.15625 0.59375
0.21875 0.59375
0.0625 0.6875
0.1875 0.6875
0.3125 0.5625
0.4375 0.5625
0.3125 0.6875
0.4375 0.6875
0.0625 0.8125
0.1875 0.8125
0.0625 0.9375
0.1875 0.9375
0.375 0.875
0.5625 0.5625
0.6875 0.5625
0.5625 0.6875
0.6875 0.6875
0.8125 0.5625
0.9375 0.5625
0.8125 0.6875
0.9375 0.6875
0.625 0.875
0.875 0.875
1.125 -0.875
1.375 -0.875
1.125 -0.625
1.375 -0.625
1.75 -0.75
1.0625 -0.4375
1.1875 -0.4375
1.0625 -0.3125
1.1875 -0.3125
1.375 -0.375
1.03125 -0.21875
1.09375 -0.21875
1.03125 -0.15625
1.09375 -0.15625
1.1875 -0.1875
1.03125 -0.09375
1.09375 -0.09375
1.03125 -0.03125
1.09375 -0.03125
1.1875 -0.0625
1.3125 -0.1875
1.4375 -0.1875
1.3125 -0.0625
1.4375 -0.0625
1.625 -0.375
1.875 -0.375
1.625 -0.125
1.875 -0.125
2.25 -0.75
2.75 -0.75
2.25 -0.25
2.75 -0.25
1.03125 0.03125
1.09375 0.03125
1.03125 0.09375
1.09375 0.09375
1.1875 0.0625
1.03125 0.15625
1.09375 0.15625
1.03125 0.21875
1.09375 0.21875
1.1875 0.1875
1.3125 0.0625
1.4375 0.0625
1.3125 0.1875
1.4375 0.1875
1.03125 0.28125
1.09375 0.28125
1.03125 0.34375
1.09375 0.34375
1.1875 0.3125
1.0625 0.4375
1.1875 0.4375
1.3125 0.3125
1.4375 0.3125
1.3125 0.4375
1.4375 0.4375
1.625 0.125
1.875 0.125
1.625 0.375
1.875 0.375
1.0625 0.5625
1.1875 0.5625
1.0625 0.6875
1.1875 0.6875
1.375 0.625
1.125 0.875
1.375 0.875
1.625 0.625
1.875 0.625
1.625 0.875
1.875 0.875
2.25 0.25
2.75 0.25
2.25 0.75
2.75 0.75
-0.75 1.25
-0.375 1.125
-0.125 1.125
-0.375 1.375
-0.125 1.375
-0.75 1.75
-0.25 1.75
0.125 1.125
0.375 1.125
0.125 1.375
0.375 1.375
0.625 1.125
0.875 1.125
0.625 1.375
0.875 1.375
0.25 1.75
0.75 1.75
-0.75 2.25
-0.25 2.25
-0.75 2.75
-0.25 2.75
0.25 2.25
0.75 2.25
0.25 2.75
0.75 2.75
1.125 1.125
1.375 1.125
1.125 1.375
1.375 1.375
1.75 1.25
1.25 1.75
1.75 1.75
2.25 1.25
2.75 1.25
2.25 1.75
2.75 1.75
1.25 2.25
1.75 2.25
1.25 2.75
1.75 2.75
2.5 2.5
