-1.125 -0.75
-0.375 -0.75
-1.125 -0.25
-0.375 -0.25
0.375 -0.75
1.125 -0.75
0.375 -0.25
1.125 -0.25
-1.125 0.25
-0.5625 0.125
-0.1875 0.125
-0.5625 0.375
-0.1875 0.375
-1.3125 0.625
-0.9375 0.625
-1.3125 0.875
-0.9375 0.875
-0.5625 0.625
-0.1875 0.625
-0.5625 0.875
-0.28125 0.8125
-0.09375 0.8125
-0.28125 0.9375
-0.09375 0.9375
0.1875 0.125
0.5625 0.125
0.1875 0.375
0.5625 0.375
0.9375 0.125
1.3125 0.125
0.9375 0.375
1.3125 0.375
0.09375 0.5625
0.28125 0.5625
0.09375 0.6875
0.28125 0.6875
0.46875 0.5625
0.65625 0.5625
0.46875 0.6875
0.65625 0.6875
0.09375 0.8125
0.28125 0.8125
0.09375 0.9375
0.234375 0.90625
0.328125 0.90625
0.234375 0.96875
0.328125 0.96875
0.421875 0.78125
0.515625 0.78125
0.421875 0.84375
0.515625 0.84375
0.609375 0.78125
0.703125 0.78125
0.609375 0.84375
0.703125 0.84375
0.421875 0.90625
0.515625 0.90625
0.421875 0.96875
0.492188 0.953125
0.539062 0.953125
0.492188 0.984375
0.539062 0.984375
0.585938 0.890625
0.632812 0.890625
0.585938 0.921875
0.632812 0.921875
0.679688 0.890625
0.726562 0.890625
0.679688 0.921875
0.726562 0.921875
0.585938 0.953125
0.632812 0.953125
0.585938 0.984375
0.632812 0.984375
0.679688 0.953125
0.726562 0.953125
0.679688 0.984375
0.726562 0.984375
0.84375 0.5625
1.03125 0.5625
0.84375 0.6875
1.03125 0.6875
1.3125 0.625
0.796875 0.78125
0.890625 0.78125
0.796875 0.84375
0.890625 0.84375
1.03125 0.8125
0.773438 0.890625
0.820312 0.890625
0.773438 0.921875
0.820312 0.921875
0.890625 0.90625
0.773438 0.953125
0.820312 0.953125
0.773438 0.984375
0.820312 0.984375
0.867188 0.953125
0.914062 0.953125
0.867188 0.984375
0.914062 0.984375
0.984375 0.90625
1.07812 0.90625
0.984375 0.96875
1.07812 0.96875
1.21875 0.8125
1.40625 0.8125
1.21875 0.9375
1.40625 0.9375
1.875 -0.75
2.625 -0.75
1.875 -0.25
2.625 -0.25
3.75 -0.5
1.875 0.25
2.625 0.25
1.6875 0.625
2.0625 0.625
1.6875 0.875
2.0625 0.875
2.625 0.75
3.375 0.25
4.125 0.25
3.375 0.75
4.125 0.75
-1.3125 1.125
-0.9375 1.125
-1.3125 1.375
-0.9375 1.375
-0.5625 1.125
-0.28125 1.0625
-0.09375 1.0625
-0.28125 1.1875
-0.09375 1.1875
-0.5625 1.375
-0.1875 1.375
-1.125 1.75
-0.5625 1.625
-0.1875 1.625
-0.5625 1.875
-0.1875 1.875
0.09375 1.0625
0.234375 1.03125
0.328125 1.03125
0.234375 1.09375
0.328125 1.09375
0.09375 1.1875
0.28125 1.1875
0.421875 1.03125
0.492188 1.01562
0.539062 1.01562
0.492188 1.04688
0.539062 1.04688
0.421875 1.09375
0.492188 1.07812
0.539062 1.07812
0.492188 1.10938
0.539062 1.10938
0.585938 1.01562
0.632812 1.01562
0.585938 1.04688
0.632812 1.04688
0.679688 1.01562
0.726562 1.01562
0.679688 1.04688
0.726562 1.04688
0.585938 1.07812
0.632812 1.07812
0.585938 1.10938
0.632812 1.10938
0.679688 1.07812
0.726562 1.07812
0.679688 1.10938
0.726562 1.10938
0.421875 1.15625
0.515625 1.15625
0.421875 1.21875
0.515625 1.21875
0.585938 1.14062
0.632812 1.14062
0.585938 1.17188
0.632812 1.17188
0.679688 1.14062
0.726562 1.14062
0.679688 1.17188
0.726562 1.17188
0.609375 1.21875
0.679688 1.20312
0.726562 1.20312
0.679688 1.23438
0.726562 1.23438
0.09375 1.3125
0.28125 1.3125
0.09375 1.4375
0.28125 1.4375
0.46875 1.3125
0.609375 1.28125
0.703125 1.28125
0.609375 1.34375
0.703125 1.34375
0.46875 1.4375
0.65625 1.4375
0.773438 1.01562
0.820312 1.01562
0.773438 1.04688
0.820312 1.04688
0.867188 1.01562
0.914062 1.01562
0.867188 1.04688
0.914062 1.04688
0.773438 1.07812
0.820312 1.07812
0.773438 1.10938
0.820312 1.10938
0.867188 1.07812
0.914062 1.07812
0.867188 1.10938
0.914062 1.10938
0.984375 1.03125
1.07812 1.03125
0.984375 1.09375
1.07812 1.09375
0.773438 1.14062
0.820312 1.14062
0.773438 1.17188
0.820312 1.17188
0.890625 1.15625
0.796875 1.21875
0.890625 1.21875
0.984375 1.15625
1.07812 1.15625
0.984375 1.21875
1.07812 1.21875
1.21875 1.0625
1.40625 1.0625
1.21875 1.1875
1.40625 1.1875
0.796875 1.28125
0.890625 1.28125
0.796875 1.34375
0.890625 1.34375
1.03125 1.3125
0.84375 1.4375
1.03125 1.4375
1.21875 1.3125
1.40625 1.3125
1.21875 1.4375
1.40625 1.4375
0.1875 1.625
0.46875 1.5625
0.65625 1.5625
0.46875 1.6875
0.65625 1.6875
0.1875 1.875
0.5625 1.875
0.84375 1.5625
1.03125 1.5625
0.84375 1.6875
1.03125 1.6875
1.3125 1.625
0.9375 1.875
1.3125 1.875
-1.125 2.25
-0.375 2.25
-1.125 2.75
-0.375 2.75
0.1875 2.125
0.5625 2.125
0.1875 2.375
0.5625 2.375
0.9375 2.125
1.3125 2.125
0.9375 2.375
1.3125 2.375
0.375 2.75
1.125 2.75
1.6875 1.125
2.0625 1.125
1.6875 1.375
2.0625 1.375
2.625 1.25
1.6875 1.625
2.0625 1.625
1.6875 1.875
2.0625 1.875
2.625 1.75
3.375 1.25
4.125 1.25
3.375 1.75
4.125 1.75
1.875 2.25
2.625 2.25
1.875 2.75
2.625 2.75
3.75 2.5
