2.5 -0.5 0.0804528 0.00402264

2.5 0.5 0.0120679 0

2.5 1.5 0.00804528 0.00804528

2.5 2.5 -0.00603396 -0.00201132

0.53125 0.46875 17.7989 -17.1641

0.46875 0.53125 -17.1641 17.7989

0.265625 0.265625 -9.26425 -9.26425

0.546875 0.265625 24.1344 -46.2865

0.578125 0.421875 37.8099 -37.1859

0.734375 0.453125 45.1859 -22.8701

0.265625 0.546875 -46.2865 24.1344

0.421875 0.578125 -37.1859 37.8099

0.453125 0.734375 -22.8701 45.1859

0.734375 0.734375 6.70718 6.70718

0.289062 0.289062 -42.8959 -42.8959

0.304688 0.289062 -79.2942 -63.4274

0.289062 0.304688 -63.4274 -79.2942

0.304688 0.304688 -71.7531 -71.7531

0.320312 0.257812 -12.8467 -23.8

0.335938 0.257812 -38.7521 -77.1901

0.320312 0.273438 -17.4095 -44.7437

0.335938 0.273438 -35.0731 -99.8153

0.351562 0.257812 -14.6682 -65.9211

0.367188 0.257812 -24.4478 -106.081

0.351562 0.273438 -7.66553 -80.5734

0.367188 0.273438 -12.2994 -105.842

0.320312 0.289062 -53.9125 -93.8487

0.335938 0.289062 -35.4008 -47.0126

0.320312 0.304688 -30.74 -82.0507

0.335938 0.304688 -11.3777 -20.9366

0.257812 0.320312 -23.8 -12.8467

0.273438 0.320312 -44.7437 -17.4095

0.257812 0.335938 -77.1901 -38.7521

0.273438 0.335938 -99.8153 -35.0731

0.289062 0.320312 -93.8487 -53.9125

0.304688 0.320312 -82.0507 -30.74

0.289062 0.335938 -47.0126 -35.4008

0.304688 0.335938 -20.9366 -11.3777

0.257812 0.351562 -65.9211 -14.6682

0.273438 0.351562 -80.5734 -7.66553

0.257812 0.367188 -106.081 -24.4478

0.273438 0.367188 -105.842 -12.2994

0.382812 0.257812 -0.804907 -86.3615

0.398438 0.257812 -1.44181 -105.325

0.382812 0.273438 5.15657 -83.9947

0.398438 0.273438 7.99203 -105.493

0.414062 0.257812 10.3697 -74.5229

0.429688 0.257812 16.2409 -106.258

0.414062 0.273438 14.2475 -59.045

0.429688 0.273438 23.2135 -106.899

0.445312 0.257812 14.0615 -40.3003

0.460938 0.257812 27.1722 -103.567

0.445312 0.273438 9.35861 -23.2688

0.460938 0.273438 27.2824 -89.5639

0.445312 0.289062 21.9621 -86.4379

0.460938 0.289062 7.64917 -19.9245

0.445312 0.304688 33.2017 -99.7319

0.460938 0.304688 17.0627 -37.0824

0.476562 0.289062 41.4091 -103.582

0.492188 0.289062 27.1603 -63.6201

0.476562 0.304688 40.4326 -93.3536

0.492188 0.304688 39.6679 -88.8619

0.257812 0.382812 -86.3615 -0.804907

0.273438 0.382812 -83.9947 5.15657

0.257812 0.398438 -105.325 -1.44181

0.273438 0.398438 -105.493 7.99203

0.257812 0.414062 -74.5229 10.3697

0.273438 0.414062 -59.045 14.2475

0.257812 0.429688 -106.258 16.2409

0.273438 0.429688 -106.899 23.2135

0.257812 0.445312 -40.3003 14.0615

0.273438 0.445312 -23.2688 9.35861

0.257812 0.460938 -103.567 27.1722

0.273438 0.460938 -89.5639 27.2824

0.289062 0.445312 -86.4379 21.9621

0.304688 0.445312 -99.7319 33.2017

0.289062 0.460938 -19.9245 7.64917

0.304688 0.460938 -37.0824 17.0627

0.289062 0.476562 -103.582 41.4091

0.304688 0.476562 -93.3536 40.4326

0.289062 0.492188 -63.6201 27.1603

0.304688 0.492188 -88.8619 39.6679

0.507812 0.289062 33.2582 -66.5648

0.523438 0.289062 50.5443 -99.1292

0.507812 0.304688 21.0725 -34.3782

0.523438 0.304688 48.1368 -86.9655

0.507812 0.320312 33.3518 -59.5703

0.523438 0.320312 8.99904 -14.028

0.507812 0.335938 49.7209 -87.3425

0.523438 0.335938 24.1061 -36.2234

0.539062 0.320312 58.0314 -93.3782

0.554688 0.320312 45.569 -68.2649

0.539062 0.335938 48.4944 -70.9848

0.554688 0.335938 62.1244 -89.4907

0.570312 0.320312 27.2535 -35.7803

0.585938 0.320312 59.3605 -78.9581

0.570312 0.335938 9.08621 -10.9449

0.585938 0.335938 36.1046 -44.6681

0.570312 0.351562 63.5152 -81.6311

0.585938 0.351562 34.6343 -41.6033

0.570312 0.367188 66.9415 -80.9295

0.585938 0.367188 64.2039 -73.9235

0.601562 0.351562 43.4494 -49.4339

0.617188 0.351562 72.3316 -79.2746

0.601562 0.367188 16.5535 -17.6789

0.617188 0.367188 48.3569 -50.3441

0.601562 0.382812 65.6161 -68.4165

0.617188 0.382812 32.6129 -32.5172

0.601562 0.398438 76.4731 -75.9464

0.617188 0.398438 69.0869 -65.3767

0.632812 0.382812 50.2962 -47.878

0.648438 0.382812 79.5257 -71.6018

0.632812 0.398438 17.4634 -16.338

0.648438 0.398438 48.8113 -42.5644

0.632812 0.414062 75.0517 -64.2001

0.648438 0.414062 42.9153 -35.3641

0.632812 0.429688 80.6349 -65.8879

0.648438 0.429688 82.955 -63.4927

0.664062 0.414062 43.492 -35.0141

0.679688 0.414062 77.7612 -57.7772

0.664062 0.429688 10.641 -8.78224

0.679688 0.429688 34.2648 -26.116

0.664062 0.445312 90.3276 -61.8098

0.679688 0.445312 71.3974 -46.6606

0.664062 0.460938 68.7093 -46.4602

0.679688 0.460938 92.7852 -56.8645

0.664062 0.476562 39.0688 -25.4324

0.679688 0.476562 15.0243 -9.83755

0.664062 0.492188 89.9276 -50.4146

0.679688 0.492188 64.1163 -34.7111

0.695312 0.476562 84.2267 -46.0701

0.710938 0.476562 99.2855 -49.8081

0.695312 0.492188 31.6352 -19.3739

0.710938 0.492188 62.0189 -31.0619

0.289062 0.507812 -66.5648 33.2582

0.304688 0.507812 -34.3782 21.0725

0.289062 0.523438 -99.1292 50.5443

0.304688 0.523438 -86.9655 48.1368

0.320312 0.507812 -59.5703 33.3518

0.335938 0.507812 -87.3425 49.7209

0.320312 0.523438 -14.028 8.99904

0.335938 0.523438 -36.2234 24.1061

0.320312 0.539062 -93.3782 58.0314

0.335938 0.539062 -70.9848 48.4944

0.320312 0.554688 -68.2649 45.569

0.335938 0.554688 -89.4907 62.1244

0.320312 0.570312 -35.7803 27.2535

0.335938 0.570312 -10.9449 9.08621

0.320312 0.585938 -78.9581 59.3605

0.335938 0.585938 -44.6681 36.1046

0.351562 0.570312 -81.6311 63.5152

0.367188 0.570312 -80.9295 66.9415

0.351562 0.585938 -41.6033 34.6343

0.367188 0.585938 -73.9235 64.2039

0.351562 0.601562 -49.4339 43.4494

0.367188 0.601562 -17.6789 16.5535

0.351562 0.617188 -79.2746 72.3316

0.367188 0.617188 -50.3441 48.3569

0.382812 0.601562 -68.4165 65.6161

0.398438 0.601562 -75.9464 76.4731

0.382812 0.617188 -32.5172 32.6129

0.398438 0.617188 -65.3767 69.0869

0.382812 0.632812 -47.878 50.2962

0.398438 0.632812 -16.338 17.4634

0.382812 0.648438 -71.6018 79.5257

0.398438 0.648438 -42.5644 48.8113

0.414062 0.632812 -64.2001 75.0517

0.429688 0.632812 -65.8879 80.6349

0.414062 0.648438 -35.3641 42.9153

0.429688 0.648438 -63.4927 82.955

0.414062 0.664062 -35.0141 43.492

0.429688 0.664062 -8.78224 10.641

0.414062 0.679688 -57.7772 77.7612

0.429688 0.679688 -26.116 34.2648

0.445312 0.664062 -61.8098 90.3276

0.460938 0.664062 -46.4602 68.7093

0.445312 0.679688 -46.6606 71.3974

0.460938 0.679688 -56.8645 92.7852

0.476562 0.664062 -25.4324 39.0688

0.492188 0.664062 -50.4146 89.9276

0.476562 0.679688 -9.83755 15.0243

0.492188 0.679688 -34.7111 64.1163

0.476562 0.695312 -46.0701 84.2267

0.492188 0.695312 -19.3739 31.6352

0.476562 0.710938 -49.8081 99.2855

0.492188 0.710938 -31.0619 62.0189

0.695312 0.507812 92.4644 -40.6044

0.710938 0.507812 69.4221 -28.5196

0.695312 0.523438 89.8468 -38.3437

0.710938 0.523438 103.21 -40.4596

0.695312 0.539062 42.7427 -18.2615

0.710938 0.539062 24.1318 -8.42943

0.695312 0.554688 102.782 -33.4288

0.710938 0.554688 92.0777 -22.5774

0.726562 0.539062 83.9063 -25.1896

0.742188 0.539062 99.6724 -25.7547

0.726562 0.554688 19.9556 -7.97182

0.742188 0.554688 34.6605 -12.5014

0.726562 0.570312 105.382 -22.474

0.742188 0.570312 107.075 -15.7238

0.726562 0.585938 52.197 -12.4811

0.742188 0.585938 67.4118 -8.80917

0.726562 0.601562 107.84 -7.40232

0.742188 0.601562 108.008 2.11839

0.726562 0.617188 76.8836 -4.08004

0.742188 0.617188 79.2504 1.33121

0.507812 0.695312 -40.6044 92.4644

0.523438 0.695312 -38.3437 89.8468

0.507812 0.710938 -28.5196 69.4221

0.523438 0.710938 -40.4596 103.21

0.539062 0.695312 -18.2615 42.7427

0.554688 0.695312 -33.4288 102.782

0.539062 0.710938 -8.42943 24.1318

0.554688 0.710938 -22.5774 92.0777

0.539062 0.726562 -25.1896 83.9063

0.554688 0.726562 -7.97182 19.9556

0.539062 0.742188 -25.7547 99.6724

0.554688 0.742188 -12.5014 34.6605

0.570312 0.726562 -22.474 105.382

0.585938 0.726562 -12.4811 52.197

0.570312 0.742188 -15.7238 107.075

0.585938 0.742188 -8.80917 67.4118

0.601562 0.726562 -7.40232 107.84

0.617188 0.726562 -4.08004 76.8836

0.601562 0.742188 2.11839 108.008

0.617188 0.742188 1.33121 79.2504

0.726562 0.632812 107.491 13.0809

0.742188 0.632812 105.499 24.9679

0.726562 0.648438 73.4623 7.56266

0.742188 0.648438 58.81 13.8413

0.695312 0.664062 27.4674 15.0438

0.710938 0.664062 52.2444 39.6302

0.695312 0.679688 86.7383 33.1032

0.710938 0.679688 95.2117 54.8212

0.726562 0.664062 96.6445 34.6485

0.742188 0.664062 71.8407 36.9456

0.726562 0.679688 37.6326 15.7437

0.742188 0.679688 17.1273 10.5411

0.664062 0.695312 15.0438 27.4674

0.679688 0.695312 33.1032 86.7383

0.664062 0.710938 39.6302 52.2444

0.679688 0.710938 54.8212 95.2117

0.632812 0.726562 13.0809 107.491

0.648438 0.726562 7.56266 73.4623

0.632812 0.742188 24.9679 105.499

0.648438 0.742188 13.8413 58.81

0.664062 0.726562 34.6485 96.6445

0.679688 0.726562 15.7437 37.6326

0.664062 0.742188 36.9456 71.8407

0.679688 0.742188 10.5411 17.1273

0.695312 0.695312 73.6642 73.6642

0.710938 0.695312 61.783 77.1017

0.695312 0.710938 77.1017 61.783

0.710938 0.710938 38.0247 38.0247

0.289062 0.257812 -1.81692 -2.27126

0.304688 0.257812 -13.0403 -14.9514

0.289062 0.273438 -6.02049 -9.26891

0.304688 0.273438 -29.3398 -42.4964

0.257812 0.289062 -2.27126 -1.81692

0.273438 0.289062 -9.26891 -6.02049

0.257812 0.304688 -14.9514 -13.0403

0.273438 0.304688 -42.4964 -29.3398

0.28125 0.15625 -0.787797 -1.49408

0.328125 0.203125 -0.849322 -1.70307

0.359375 0.203125 -6.26885 -14.7693

0.320312 0.226562 0 0

0.335938 0.226562 -1.75205 -2.59181

0.320312 0.242188 0 0

0.335938 0.242188 -2.90417 -7.24802

0.351562 0.226562 0 0

0.367188 0.226562 -2.54597 -12.6982

0.351562 0.242188 0 0

0.367188 0.242188 -1.29473 -16.5389

0.351562 0.289062 -15.0749 -62.0789

0.367188 0.289062 -2.74932 -9.22069

0.351562 0.304688 -6.78122 -47.4266

0.367188 0.304688 -0.852577 -5.6188

0.359375 0.328125 -8.39791 -2.69995

0.328125 0.359375 -2.69995 -8.39791

0.359375 0.359375 -0.219212 -0.219212

0.320312 0.320312 -10.3513 -10.3513

0.335938 0.320312 -1.20556 -1.20556

0.320312 0.335938 -1.20556 -1.20556

0.335938 0.335938 0 0

0.15625 0.28125 -1.49408 -0.787797

0.203125 0.328125 -1.70307 -0.849322

0.203125 0.359375 -14.7693 -6.26885

0.226562 0.320312 0 0

0.242188 0.320312 0 0

0.226562 0.335938 -2.59181 -1.75205

0.242188 0.335938 -7.24802 -2.90417

0.289062 0.351562 -62.0789 -15.0749

0.304688 0.351562 -47.4266 -6.78122

0.289062 0.367188 -9.22069 -2.74932

0.304688 0.367188 -5.6188 -0.852577

0.226562 0.351562 0 0

0.242188 0.351562 0 0

0.226562 0.367188 -12.6982 -2.54597

0.242188 0.367188 -16.5389 -1.29473

0.390625 0.203125 0.236344 -3.6199

0.421875 0.203125 0.840216 -25.2043

0.382812 0.226562 0 0

0.398438 0.226562 -0.0464343 -17.88

0.382812 0.242188 0 0

0.398438 0.242188 1.03885 -16.8876

0.382812 0.289062 -0.654628 -41.6385

0.398438 0.289062 0.0287053 -4.79493

0.382812 0.304688 4.66974 -44.0053

0.398438 0.304688 0.795435 -5.61907

0.414062 0.226562 0 0

0.429688 0.226562 1.98837 -13.8604

0.414062 0.242188 0 0

0.429688 0.242188 2.58128 -9.29077

0.414062 0.289062 9.32627 -53.4771

0.429688 0.289062 1.46666 -7.88117

0.414062 0.304688 14.1413 -68.8234

0.429688 0.304688 2.72549 -11.8103

0.476562 0.257812 5.02264 -11.1927

0.492188 0.257812 25.1766 -63.5622

0.476562 0.273438 2.49725 -3.99364

0.492188 0.273438 17.9895 -35.115

0.453125 0.203125 0.645111 -1.06921

0.484375 0.203125 5.20198 -14.3705

0.484375 0.234375 3.32864 -7.51542

0.445312 0.226562 0 0

0.460938 0.226562 2.20086 -4.50863

0.445312 0.242188 0 0

0.460938 0.242188 0.993444 -1.31432

0.453125 0.359375 13.9205 -26.9919

0.484375 0.359375 3.2806 -5.39957

0.445312 0.320312 0.998696 -1.26175

0.460938 0.320312 0 0

0.445312 0.335938 2.81774 -4.99929

0.460938 0.335938 0.0394453 -0.0394453

0.476562 0.320312 6.64138 -13.2254

0.492188 0.320312 0.577036 -0.655926

0.476562 0.335938 17.5966 -30.5739

0.492188 0.335938 2.94664 -4.02177

0.289062 0.382812 -41.6385 -0.654628

0.304688 0.382812 -44.0053 4.66974

0.289062 0.398438 -4.79493 0.0287053

0.304688 0.398438 -5.61907 0.795435

0.203125 0.390625 -3.6199 0.236344

0.203125 0.421875 -25.2043 0.840216

0.226562 0.382812 0 0

0.242188 0.382812 0 0

0.226562 0.398438 -17.88 -0.0464343

0.242188 0.398438 -16.8876 1.03885

0.289062 0.414062 -53.4771 9.32627

0.304688 0.414062 -68.8234 14.1413

0.289062 0.429688 -7.88117 1.46666

0.304688 0.429688 -11.8103 2.72549

0.226562 0.414062 0 0

0.242188 0.414062 0 0

0.226562 0.429688 -13.8604 1.98837

0.242188 0.429688 -9.29077 2.58128

0.203125 0.453125 -1.06921 0.645111

0.203125 0.484375 -14.3705 5.20198

0.234375 0.484375 -7.51542 3.32864

0.226562 0.445312 0 0

0.242188 0.445312 0 0

0.226562 0.460938 -4.50863 2.20086

0.242188 0.460938 -1.31432 0.993444

0.257812 0.476562 -11.1927 5.02264

0.273438 0.476562 -3.99364 2.49725

0.257812 0.492188 -63.5622 25.1766

0.273438 0.492188 -35.115 17.9895

0.359375 0.453125 -26.9919 13.9205

0.359375 0.484375 -5.39957 3.2806

0.320312 0.445312 -1.26175 0.998696

0.335938 0.445312 -4.99929 2.81774

0.320312 0.460938 0 0

0.335938 0.460938 -0.0394453 0.0394453

0.320312 0.476562 -13.2254 6.64138

0.335938 0.476562 -30.5739 17.5966

0.320312 0.492188 -0.655926 0.577036

0.335938 0.492188 -4.02177 2.94664

0.539062 0.289062 8.53725 -12.3633

0.554688 0.289062 34.5695 -55.8837

0.539062 0.304688 2.38549 -2.91303

0.554688 0.304688 17.6832 -24.004

0.507812 0.257812 0.682886 -0.816179

0.523438 0.257812 8.64035 -14.8428

0.507812 0.273438 0.0666462 -0.0666462

0.523438 0.273438 3.18118 -4.52032

0.507812 0.351562 0.890817 -1.04865

0.523438 0.351562 0 0

0.507812 0.367188 4.85489 -6.2127

0.523438 0.367188 0.29083 -0.29083

0.539062 0.351562 16.8544 -22.1371

0.554688 0.351562 2.72303 -3.06191

0.539062 0.367188 39.3108 -52.4395

0.554688 0.367188 11.7992 -14.4024

0.601562 0.320312 1.72318 -1.91347

0.617188 0.320312 13.2635 -15.1408

0.601562 0.335938 0.152653 -0.152653

0.617188 0.335938 2.67879 -2.83523

0.578125 0.265625 1.73466 -2.12615

0.609375 0.265625 11.0521 -14.3481

0.609375 0.296875 3.32105 -3.82141

0.570312 0.289062 0.316417 -0.317757

0.585938 0.289062 5.23714 -6.3809

0.570312 0.304688 0.000670093 -0.000670093

0.585938 0.304688 0.832126 -0.94581

0.570312 0.382812 9.13103 -10.2452

0.585938 0.382812 1.00982 -1.05766

0.570312 0.398438 32.3919 -35.2403

0.585938 0.398438 8.13876 -8.43701

0.71875 0.28125 11.386 -11.2351

0.640625 0.328125 4.65486 -4.92843

0.671875 0.328125 18.039 -17.9524

0.671875 0.359375 4.88509 -4.61152

0.632812 0.351562 3.29018 -3.34924

0.648438 0.351562 18.0802 -18.0802

0.632812 0.367188 0.260409 -0.260409

0.648438 0.367188 3.34924 -3.29018

0.601562 0.414062 8.48485 -8.1866

0.617188 0.414062 1.05766 -1.00982

0.601562 0.429688 35.8389 -32.7031

0.617188 0.429688 10.4368 -9.32258

0.664062 0.382812 2.83523 -2.67879

0.679688 0.382812 14.7941 -12.9167

0.664062 0.398438 0.152653 -0.152653

0.679688 0.398438 1.91347 -1.72318

0.632812 0.445312 14.885 -12.2818

0.648438 0.445312 3.06191 -2.72303

0.632812 0.460938 54.7163 -40.4221

0.648438 0.460938 23.3602 -17.7619

0.703125 0.390625 3.76369 -3.26334

0.734375 0.390625 13.7013 -10.492

0.734375 0.421875 2.11177 -1.72028

0.695312 0.414062 0.94581 -0.832126

0.710938 0.414062 6.26588 -5.12212

0.695312 0.429688 0.000670093 -0.000670093

0.710938 0.429688 0.317757 -0.316417

0.695312 0.445312 22.6845 -16.591

0.710938 0.445312 52.7512 -32.5911

0.695312 0.460938 2.91169 -2.38415

0.710938 0.460938 11.7332 -7.90978

0.632812 0.476562 0.29083 -0.29083

0.648438 0.476562 0 0

0.632812 0.492188 6.37053 -5.01272

0.648438 0.492188 1.04865 -0.890817

0.640625 0.515625 5.7989 -3.61417

0.640625 0.546875 29.7617 -14.3793

0.664062 0.507812 4.10066 -3.02553

0.679688 0.507812 0.655926 -0.577036

0.664062 0.523438 34.2139 -18.978

0.679688 0.523438 14.6967 -7.58655

0.726562 0.476562 4.41369 -3.07454

0.742188 0.476562 13.6902 -7.70108

0.726562 0.492188 0.0666462 -0.0666462

0.742188 0.492188 0.816179 -0.682886

0.257812 0.507812 -0.816179 0.682886

0.273438 0.507812 -0.0666462 0.0666462

0.257812 0.523438 -14.8428 8.64035

0.273438 0.523438 -4.52032 3.18118

0.289062 0.539062 -12.3633 8.53725

0.304688 0.539062 -2.91303 2.38549

0.289062 0.554688 -55.8837 34.5695

0.304688 0.554688 -24.004 17.6832

0.351562 0.507812 -1.04865 0.890817

0.367188 0.507812 -6.2127 4.85489

0.351562 0.523438 0 0

0.367188 0.523438 -0.29083 0.29083

0.351562 0.539062 -22.1371 16.8544

0.367188 0.539062 -52.4395 39.3108

0.351562 0.554688 -3.06191 2.72303

0.367188 0.554688 -14.4024 11.7992

0.265625 0.578125 -2.12615 1.73466

0.265625 0.609375 -14.3481 11.0521

0.296875 0.609375 -3.82141 3.32105

0.289062 0.570312 -0.317757 0.316417

0.304688 0.570312 -0.000670093 0.000670093

0.289062 0.585938 -6.3809 5.23714

0.304688 0.585938 -0.94581 0.832126

0.320312 0.601562 -1.91347 1.72318

0.335938 0.601562 -0.152653 0.152653

0.320312 0.617188 -15.1408 13.2635

0.335938 0.617188 -2.83523 2.67879

0.382812 0.570312 -10.2452 9.13103

0.398438 0.570312 -35.2403 32.3919

0.382812 0.585938 -1.05766 1.00982

0.398438 0.585938 -8.43701 8.13876

0.28125 0.71875 -11.2351 11.386

0.328125 0.640625 -4.92843 4.65486

0.328125 0.671875 -17.9524 18.039

0.359375 0.671875 -4.61152 4.88509

0.351562 0.632812 -3.34924 3.29018

0.367188 0.632812 -0.260409 0.260409

0.351562 0.648438 -18.0802 18.0802

0.367188 0.648438 -3.29018 3.34924

0.414062 0.601562 -8.1866 8.48485

0.429688 0.601562 -32.7031 35.8389

0.414062 0.617188 -1.00982 1.05766

0.429688 0.617188 -9.32258 10.4368

0.382812 0.664062 -2.67879 2.83523

0.398438 0.664062 -0.152653 0.152653

0.382812 0.679688 -12.9167 14.7941

0.398438 0.679688 -1.72318 1.91347

0.445312 0.632812 -12.2818 14.885

0.460938 0.632812 -40.4221 54.7163

0.445312 0.648438 -2.72303 3.06191

0.460938 0.648438 -17.7619 23.3602

0.390625 0.703125 -3.26334 3.76369

0.390625 0.734375 -10.492 13.7013

0.421875 0.734375 -1.72028 2.11177

0.414062 0.695312 -0.832126 0.94581

0.429688 0.695312 -0.000670093 0.000670093

0.414062 0.710938 -5.12212 6.26588

0.429688 0.710938 -0.316417 0.317757

0.445312 0.695312 -16.591 22.6845

0.460938 0.695312 -2.38415 2.91169

0.445312 0.710938 -32.5911 52.7512

0.460938 0.710938 -7.90978 11.7332

0.515625 0.640625 -3.61417 5.7989

0.546875 0.640625 -14.3793 29.7617

0.507812 0.664062 -3.02553 4.10066

0.523438 0.664062 -18.978 34.2139

0.507812 0.679688 -0.577036 0.655926

0.523438 0.679688 -7.58655 14.6967

0.476562 0.632812 -0.29083 0.29083

0.492188 0.632812 -5.01272 6.37053

0.476562 0.648438 0 0

0.492188 0.648438 -0.890817 1.04865

0.476562 0.726562 -3.07454 4.41369

0.492188 0.726562 -0.0666462 0.0666462

0.476562 0.742188 -7.70108 13.6902

0.492188 0.742188 -0.682886 0.816179

0.726562 0.507812 31.4336 -16.1333

0.742188 0.507812 57.7602 -22.9804

0.726562 0.523438 3.86035 -2.36396

0.742188 0.523438 10.0935 -4.19004

0.664062 0.539062 0.0394453 -0.0394453

0.679688 0.539062 0 0

0.664062 0.554688 5.26235 -3.08079

0.679688 0.554688 1.26175 -0.998696

0.695312 0.570312 14.699 -3.26376

0.710938 0.570312 9.96851 -1.72981

0.695312 0.585938 75.6715 -14.9548

0.710938 0.585938 60.5882 -9.85257

0.765625 0.515625 6.69862 -2.77332

0.796875 0.515625 12.2731 -4.39917

0.796875 0.546875 1.03044 -0.606342

0.757812 0.539062 1.31164 -0.990763

0.773438 0.539062 4.19579 -1.89339

0.757812 0.554688 0 0

0.773438 0.554688 0 0

0.796875 0.578125 21.6817 -0.224008

0.796875 0.609375 2.79019 0.0553194

0.757812 0.570312 7.91883 -1.82965

0.773438 0.570312 10.9566 -1.20811

0.757812 0.585938 0 0

0.773438 0.585938 0 0

0.757812 0.601562 12.6653 -0.500584

0.773438 0.601562 12.8563 0.309585

0.757812 0.617188 0 0

0.773438 0.617188 0 0

0.695312 0.601562 7.4947 -0.744

0.710938 0.601562 7.13542 0.384725

0.695312 0.617188 51.1164 -4.56687

0.710938 0.617188 48.7496 1.48149

0.507812 0.726562 -16.1333 31.4336

0.523438 0.726562 -2.36396 3.86035

0.507812 0.742188 -22.9804 57.7602

0.523438 0.742188 -4.19004 10.0935

0.570312 0.695312 -3.26376 14.699

0.585938 0.695312 -14.9548 75.6715

0.570312 0.710938 -1.72981 9.96851

0.585938 0.710938 -9.85257 60.5882

0.539062 0.664062 -0.0394453 0.0394453

0.554688 0.664062 -3.08079 5.26235

0.539062 0.679688 0 0

0.554688 0.679688 -0.998696 1.26175

0.515625 0.765625 -2.77332 6.69862

0.515625 0.796875 -4.39917 12.2731

0.546875 0.796875 -0.606342 1.03044

0.539062 0.757812 -0.990763 1.31164

0.554688 0.757812 0 0

0.539062 0.773438 -1.89339 4.19579

0.554688 0.773438 0 0

0.578125 0.796875 -0.224008 21.6817

0.609375 0.796875 0.0553194 2.79019

0.570312 0.757812 -1.82965 7.91883

0.585938 0.757812 0 0

0.570312 0.773438 -1.20811 10.9566

0.585938 0.773438 0 0

0.601562 0.695312 -0.744 7.4947

0.617188 0.695312 -4.56687 51.1164

0.601562 0.710938 0.384725 7.13542

0.617188 0.710938 1.48149 48.7496

0.601562 0.757812 -0.500584 12.6653

0.617188 0.757812 0 0

0.601562 0.773438 0.309585 12.8563

0.617188 0.773438 0 0

0.84375 0.71875 0.657638 0.527919

0.796875 0.640625 11.2686 5.65622

0.796875 0.671875 0.776476 0.570407

0.757812 0.632812 11.3034 1.2433

0.773438 0.632812 7.92755 2.13254

0.757812 0.648438 0 0

0.773438 0.648438 0 0

0.695312 0.632812 9.2056 1.68546

0.710938 0.632812 14.574 4.55974

0.695312 0.648438 54.5377 8.44697

0.710938 0.648438 68.7516 17.3805

0.640625 0.640625 0.958268 0.958268

0.671875 0.640625 4.28597 11.5233

0.640625 0.671875 11.5233 4.28597

0.664062 0.664062 0.164355 0.164355

0.679688 0.664062 3.081 3.62914

0.664062 0.679688 3.62914 3.081

0.679688 0.679688 15.2226 15.2226

0.757812 0.664062 3.72371 2.07129

0.773438 0.664062 0.833954 0.818467

0.757812 0.679688 0 0

0.773438 0.679688 0 0

0.726562 0.695312 35.9657 25.6737

0.742188 0.695312 9.71966 8.81098

0.726562 0.710938 4.58138 3.65722

0.742188 0.710938 0.469824 0.469824

0.632812 0.695312 1.68546 9.2056

0.648438 0.695312 8.44697 54.5377

0.632812 0.710938 4.55974 14.574

0.648438 0.710938 17.3805 68.7516

0.71875 0.84375 0.527919 0.657638

0.640625 0.796875 5.65622 11.2686

0.671875 0.796875 0.570407 0.776476

0.632812 0.757812 1.2433 11.3034

0.648438 0.757812 0 0

0.632812 0.773438 2.13254 7.92755

0.648438 0.773438 0 0

0.695312 0.726562 25.6737 35.9657

0.710938 0.726562 3.65722 4.58138

0.695312 0.742188 8.81098 9.71966

0.710938 0.742188 0.469824 0.469824

0.664062 0.757812 2.07129 3.72371

0.679688 0.757812 0 0

0.664062 0.773438 0.818467 0.833954

0.679688 0.773438 0 0

0.265625 0.203125 -0.0515172 -0.0515172

0.296875 0.203125 -1.55903 -1.97487

0.265625 0.234375 -0.375359 -0.478393

0.296875 0.234375 -4.13484 -6.815

0.203125 0.265625 -0.0515172 -0.0515172

0.234375 0.265625 -0.478393 -0.375359

0.203125 0.296875 -1.97487 -1.55903

0.234375 0.296875 -6.815 -4.13484

0.390625 0.328125 0.219009 -6.32251

0.421875 0.328125 0.0164409 -0.0164409

0.390625 0.359375 2.09374 -8.13729

0.421875 0.359375 0.232548 -0.26543

0.328125 0.390625 -6.32251 0.219009

0.359375 0.390625 -8.13729 2.09374

0.328125 0.421875 -0.0164409 0.0164409

0.359375 0.421875 -0.26543 0.232548

0.40625 0.40625 -1.72095 -1.72095

0.46875 0.46875 -0.0360441 -0.0360441

0.453125 0.390625 0.00986452 -0.00986452

0.484375 0.390625 0 0

0.453125 0.421875 0.258733 -0.278462

0.484375 0.421875 0 0

0.390625 0.453125 -0.00986452 0.00986452

0.421875 0.453125 -0.278462 0.258733

0.390625 0.484375 0 0

0.421875 0.484375 0 0

0.6875 0.0625 2.99188 -5.7361

0.53125 0.15625 0.516849 -0.779822

0.59375 0.15625 4.18955 -7.13864

0.515625 0.203125 0.0193846 -0.0193846

0.546875 0.203125 1.72032 -2.89056

0.515625 0.234375 0 0

0.546875 0.234375 0.539136 -0.669873

0.640625 0.265625 0.00718897 -0.00718897

0.671875 0.265625 0.489622 -0.532964

0.640625 0.296875 0 0

0.671875 0.296875 0.0288596 -0.0288596

0.578125 0.203125 0 0

0.609375 0.203125 0.0653689 -0.0653689

0.578125 0.234375 0 0

0.609375 0.234375 0 0

0.515625 0.390625 1.98486 -2.29527

0.546875 0.390625 0.113395 -0.113395

0.515625 0.421875 8.08431 -9.54968

0.546875 0.421875 1.37894 -1.43581

0.578125 0.453125 1.43581 -1.37894

0.609375 0.453125 0.113395 -0.113395

0.578125 0.484375 9.85777 -8.35293

0.609375 0.484375 2.31499 -2.00459

0.9375 0.3125 5.39272 -2.64849

0.84375 0.40625 6.56793 -3.76971

0.84375 0.46875 0.76348 -0.500507

0.765625 0.390625 0 0

0.796875 0.390625 0.0653689 -0.0653689

0.765625 0.421875 0 0

0.796875 0.421875 0 0

0.703125 0.328125 0.0288596 -0.0288596

0.734375 0.328125 0.532964 -0.489622

0.703125 0.359375 0 0

0.734375 0.359375 0.00718897 -0.00718897

0.765625 0.453125 0.669873 -0.539136

0.796875 0.453125 2.75982 -1.58958

0.765625 0.484375 0 0

0.796875 0.484375 0.0193846 -0.0193846

0.0625 0.6875 -5.7361 2.99188

0.15625 0.53125 -0.779822 0.516849

0.15625 0.59375 -7.13864 4.18955

0.203125 0.515625 -0.0193846 0.0193846

0.234375 0.515625 0 0

0.203125 0.546875 -2.89056 1.72032

0.234375 0.546875 -0.669873 0.539136

0.390625 0.515625 -2.29527 1.98486

0.421875 0.515625 -9.54968 8.08431

0.390625 0.546875 -0.113395 0.113395

0.421875 0.546875 -1.43581 1.37894

0.203125 0.578125 0 0

0.234375 0.578125 0 0

0.203125 0.609375 -0.0653689 0.0653689

0.234375 0.609375 0 0

0.265625 0.640625 -0.00718897 0.00718897

0.296875 0.640625 0 0

0.265625 0.671875 -0.532964 0.489622

0.296875 0.671875 -0.0288596 0.0288596

0.453125 0.578125 -1.37894 1.43581

0.484375 0.578125 -8.35293 9.85777

0.453125 0.609375 -0.113395 0.113395

0.484375 0.609375 -2.00459 2.31499

0.328125 0.703125 -0.0288596 0.0288596

0.359375 0.703125 0 0

0.328125 0.734375 -0.489622 0.532964

0.359375 0.734375 -0.00718897 0.00718897

0.3125 0.9375 -2.64849 5.39272

0.40625 0.84375 -3.76971 6.56793

0.46875 0.84375 -0.500507 0.76348

0.390625 0.765625 0 0

0.421875 0.765625 0 0

0.390625 0.796875 -0.0653689 0.0653689

0.421875 0.796875 0 0

0.453125 0.765625 -0.539136 0.669873

0.484375 0.765625 0 0

0.453125 0.796875 -1.58958 2.75982

0.484375 0.796875 -0.0193846 0.0193846

0.53125 0.53125 0.0360441 0.0360441

0.59375 0.59375 2.51015 2.51015

0.578125 0.515625 0 0

0.609375 0.515625 0 0

0.578125 0.546875 0.278462 -0.258733

0.609375 0.546875 0.00986452 -0.00986452

0.640625 0.578125 0.26543 -0.232548

0.671875 0.578125 0.0712438 0.038362

0.640625 0.609375 10.5294 -2.13581

0.671875 0.609375 8.95147 0.169512

0.578125 0.640625 -0.232548 0.26543

0.609375 0.640625 -2.13581 10.5294

0.578125 0.671875 0.038362 0.0712438

0.609375 0.671875 0.169512 8.95147

0.515625 0.578125 0 0

0.546875 0.578125 -0.258733 0.278462

0.515625 0.609375 0 0

0.546875 0.609375 -0.00986452 0.00986452

0.765625 0.703125 3.9985 2.96075

0.796875 0.703125 0.62191 0.62191

0.765625 0.734375 0.103034 0.103034

0.796875 0.734375 0 0

0.703125 0.765625 2.96075 3.9985

0.734375 0.765625 0.103034 0.103034

0.703125 0.796875 0.62191 0.62191

0.734375 0.796875 0 0

0.328125 0.140625 0 0

0.359375 0.140625 0 0

0.328125 0.171875 0 0

0.359375 0.171875 0 0

0.140625 0.328125 0 0

0.171875 0.328125 0 0

0.140625 0.359375 0 0

0.171875 0.359375 0 0

0.390625 0.140625 0 0

0.421875 0.140625 0 0

0.390625 0.171875 0 0

0.421875 0.171875 0 0

0.453125 0.140625 0 0

0.484375 0.140625 0 0

0.453125 0.171875 0 0

0.484375 0.171875 0 0

0.140625 0.390625 0 0

0.171875 0.390625 0 0

0.140625 0.421875 0 0

0.171875 0.421875 0 0

0.140625 0.453125 0 0

0.171875 0.453125 0 0

0.140625 0.484375 0 0

0.171875 0.484375 0 0

0.828125 0.515625 0 0

0.859375 0.515625 0 0

0.828125 0.546875 0 0

0.859375 0.546875 0 0

0.828125 0.578125 0 0

0.859375 0.578125 0 0

0.828125 0.609375 0 0

0.859375 0.609375 0 0

0.515625 0.828125 0 0

0.546875 0.828125 0 0

0.515625 0.859375 0 0

0.546875 0.859375 0 0

0.578125 0.828125 0 0

0.609375 0.828125 0 0

0.578125 0.859375 0 0

0.609375 0.859375 0 0

0.828125 0.640625 0 0

0.859375 0.640625 0 0

0.828125 0.671875 0 0

0.859375 0.671875 0 0

0.640625 0.828125 0 0

0.671875 0.828125 0 0

0.640625 0.859375 0 0

0.671875 0.859375 0 0

0.78125 0.28125 0.0458873 -0.0458873

0.84375 0.28125 0.501588 -0.426156

0.78125 0.34375 0 0

0.84375 0.34375 0.00817111 -0.00817111

0.65625 0.15625 0.00817111 -0.00817111

0.71875 0.15625 0.426156 -0.501588

0.65625 0.21875 0 0

0.71875 0.21875 0.0458873 -0.0458873

0.15625 0.65625 -0.00817111 0.00817111

0.21875 0.65625 0 0

0.15625 0.71875 -0.501588 0.426156

0.21875 0.71875 -0.0458873 0.0458873

0.28125 0.78125 -0.0458873 0.0458873

0.34375 0.78125 0 0

0.28125 0.84375 -0.426156 0.501588

0.34375 0.84375 -0.00817111 0.00817111

0.28125 0.03125 0 0

0.34375 0.03125 0 0

0.28125 0.09375 0 0

0.34375 0.09375 0 0

0.0625 0.0625 -0.123572 -0.123572

0.1875 0.0625 -0.664597 -0.417452

0.0625 0.1875 -0.417452 -0.664597

0.15625 0.15625 -0.0324297 -0.0324297

0.21875 0.15625 -0.385571 -0.320712

0.15625 0.21875 -0.320712 -0.385571

0.21875 0.21875 -2.36871 -2.36871

0.40625 0.03125 0 0

0.46875 0.03125 0 0

0.40625 0.09375 0 0

0.46875 0.09375 0 0

0.03125 0.28125 0 0

0.09375 0.28125 0 0

0.03125 0.34375 0 0

0.09375 0.34375 0 0

0.03125 0.40625 0 0

0.09375 0.40625 0 0

0.03125 0.46875 0 0

0.09375 0.46875 0 0

0.90625 0.53125 0 0

0.96875 0.53125 0 0

0.90625 0.59375 0 0

0.96875 0.59375 0 0

0.90625 0.65625 0 0

0.96875 0.65625 0 0

0.90625 0.71875 0 0

0.96875 0.71875 0 0

0.9375 0.8125 0.247145 0.247145

0.8125 0.9375 0.247145 0.247145

0.9375 0.9375 0 0

0.78125 0.78125 1.41256 1.41256

0.84375 0.78125 0.0648595 0.0648595

0.78125 0.84375 0.0648595 0.0648595

0.84375 0.84375 0 0

0.53125 0.90625 0 0

0.59375 0.90625 0 0

0.53125 0.96875 0 0

0.59375 0.96875 0 0

0.65625 0.90625 0 0

0.71875 0.90625 0 0

0.65625 0.96875 0 0

0.71875 0.96875 0 0

0.53125 0.03125 0 0

0.59375 0.03125 0 0

0.53125 0.09375 0 0

0.59375 0.09375 0 0

0.90625 0.40625 0 0

0.96875 0.40625 0 0

0.90625 0.46875 0 0

0.96875 0.46875 0 0

0.03125 0.53125 0 0

0.09375 0.53125 0 0

0.03125 0.59375 0 0

0.09375 0.59375 0 0

0.40625 0.90625 0 0

0.46875 0.90625 0 0

0.40625 0.96875 0 0

0.46875 0.96875 0 0

0.25 -0.75 -0.00536825 -0.0804499

0.75 -0.75 -0.0724274 -0.351298

0.125 -0.375 0 0

0.375 -0.375 -0.214526 -0.386128

0.0625 -0.1875 0 0

0.1875 -0.1875 0 0

0.0625 -0.0625 0 0

0.1875 -0.0625 0 0

-0.75 0.25 0.0160934 0.0911751

-0.75 0.75 -0.335208 -0.0563368

-0.375 0.125 0 0

-0.375 0.375 -0.386128 -0.214526

-0.1875 0.0625 0 0

-0.0625 0.0625 0 0

-0.1875 0.1875 0 0

-0.0625 0.1875 0 0

0.3125 -0.1875 0 0

0.4375 -0.1875 0 0

-0.1875 0.3125 0 0

-0.1875 0.4375 0 0

0.8125 0.0625 0.0309548 -0.0309548

0.9375 0.0625 0.419331 -0.419331

0.8125 0.1875 0 0

0.9375 0.1875 0.0309548 -0.0309548

0.625 -0.375 0 0

0.875 -0.375 0.193064 -0.493482

0.5625 -0.1875 0 0

0.6875 -0.1875 0 0

0.6875 -0.0625 0 0

1.75 0.25 0.324482 0.0992431

1.75 0.75 0.058994 0.0160934

1.375 0.125 0.450558 -0.150141

1.375 0.375 0 0

1.0625 0.3125 0 0

1.1875 0.3125 0 0

1.1875 0.4375 0 0

-0.375 0.625 0 0

-0.375 0.875 -0.493482 0.193064

-0.1875 0.5625 0 0

-0.1875 0.6875 0 0

-0.0625 0.6875 0 0

0.0625 0.8125 -0.0309548 0.0309548

0.1875 0.8125 0 0

0.0625 0.9375 -0.419331 0.419331

0.1875 0.9375 -0.0309548 0.0309548

0.25 1.75 0.0992431 0.324482

0.75 1.75 0.0160934 0.058994

0.125 1.125 -0.128747 0.17167

0.125 1.375 -0.150141 0.450558

0.375 1.375 0 0

0.3125 1.0625 0 0

0.4375 1.0625 0 0

0.3125 1.1875 0 0

0.4375 1.1875 0 0

1.375 0.625 0.171602 0.171602

1.375 0.875 0 0

1.1875 0.5625 0 0

1.1875 0.6875 0 0

0.625 1.375 0.171602 0.171602

0.875 1.375 0 0

0.5625 1.0625 0 0

0.6875 1.0625 0 0

0.5625 1.1875 0 0

0.6875 1.1875 0 0

1.0625 0.8125 0 0

1.1875 0.8125 0 0

1.0625 0.9375 0 0

1.1875 0.9375 0 0

0.8125 1.0625 0 0

0.9375 1.0625 0 0

0.8125 1.1875 0 0

0.9375 1.1875 0 0

-0.09375 0.28125 0 0

-0.03125 0.28125 0 0

-0.09375 0.34375 0 0

-0.03125 0.34375 0 0

-0.09375 0.40625 0 0

-0.03125 0.40625 0 0

-0.09375 0.46875 0 0

-0.03125 0.46875 0 0

-0.09375 0.53125 0 0

-0.03125 0.53125 0 0

-0.09375 0.59375 0 0

-0.03125 0.59375 0 0

-0.1875 0.8125 0 0

-0.0625 0.8125 0 0

-0.1875 0.9375 0 0

-0.0625 0.9375 0 0

-0.75 1.25 0.0750845 0.112637

-0.75 1.75 -0.104603 0.136784

-0.25 1.75 -0.0120708 0.0174362

1.0625 0.0625 0 0

1.1875 0.0625 0 0

1.0625 0.1875 0 0

1.1875 0.1875 0 0

1.03125 0.40625 0 0

1.09375 0.40625 0 0

1.03125 0.46875 0 0

1.09375 0.46875 0 0

1.03125 0.53125 0 0

1.09375 0.53125 0 0

1.03125 0.59375 0 0

1.09375 0.59375 0 0

1.03125 0.65625 0 0

1.09375 0.65625 0 0

1.03125 0.71875 0 0

1.09375 0.71875 0 0

1.75 1.25 0.0214503 0.0214503

1.25 1.75 0.0214503 0.0214503

1.75 1.75 0 0

0.28125 -0.09375 0 0

0.34375 -0.09375 0 0

0.28125 -0.03125 0 0

0.34375 -0.03125 0 0

0.40625 -0.09375 0 0

0.46875 -0.09375 0 0

0.40625 -0.03125 0 0

0.46875 -0.03125 0 0

0.53125 -0.09375 0 0

0.59375 -0.09375 0 0

0.53125 -0.03125 0 0

0.59375 -0.03125 0 0

0.8125 -0.1875 0 0

0.9375 -0.1875 0 0

0.8125 -0.0625 0 0

0.9375 -0.0625 0 0

0.25 2.25 0 0

0.75 2.25 0 0

0.25 2.75 0 0

0.75 2.75 0 0

-0.75 -0.75 0.0858182 0.0858182

-0.25 -0.75 -0.0160849 -0.034861

-0.75 -0.25 -0.0107251 -0.0321754

-0.75 2.25 0.0965433 0.0965433

-0.25 2.25 0.0321811 -0.00804528

-0.75 2.75 0.0160906 0.0160906

-0.25 2.75 0.00402264 -0.00402264

1.25 -0.75 0.0160934 -0.0214588

1.75 -0.75 0.120693 -0.120693

1.75 -0.25 0.0214588 -0.0160934

1.25 2.25 0 0

1.75 2.25 0 0

1.25 2.75 0 0

1.75 2.75 0 0

-0.375 1.125 0 0

-0.125 1.125 0 0

-0.375 1.375 -0.0214616 0.0214616

-0.125 1.375 0 0

1.375 1.125 0 0

1.125 1.375 0 0

1.375 1.375 0 0

-0.375 -0.375 0 0

-0.125 -0.375 0 0

-0.375 -0.125 0 0

1.125 -0.375 0 0

1.375 -0.375 0.0214616 -0.0214616

1.375 -0.125 0 0

1.0625 1.0625 0 0

1.1875 1.0625 0 0

1.0625 1.1875 0 0

1.1875 1.1875 0 0

-0.1875 -0.1875 0 0

-0.0625 -0.1875 0 0

-0.1875 -0.0625 0 0

-0.0625 -0.0625 0 0

1.0625 -0.1875 0 0

1.1875 -0.1875 0 0

1.0625 -0.0625 0 0

1.1875 -0.0625 0 0

