2 -1 0
4 1 0

4 -1 0
2 1 0

2 0 0
4 2 0

4 0 0
2 2 0

2 1 0
4 3 0

4 1 0
2 3 0

2 2 0
4 4 0

4 2 0
2 4 0

0.3125 0.25 0
0.375 0.3125 0

0.375 0.25 0
0.3125 0.3125 0

0.34375 0.25 0
0.40625 0.3125 0

0.40625 0.25 0
0.34375 0.3125 0

0.3125 0.28125 0.0314685
0.375 0.34375 0.0314685

0.375 0.28125 0.0314685
0.3125 0.34375 0.0314685

0.34375 0.28125 0.576923
0.40625 0.34375 0.576923

0.40625 0.28125 0.576923
0.34375 0.34375 0.576923

0.25 0.3125 0
0.3125 0.375 0

0.3125 0.3125 0
0.25 0.375 0

0.28125 0.3125 0.0314685
0.34375 0.375 0.0314685

0.34375 0.3125 0.0314685
0.28125 0.375 0.0314685

0.25 0.34375 0
0.3125 0.40625 0

0.3125 0.34375 0
0.25 0.40625 0

0.28125 0.34375 0.576923
0.34375 0.40625 0.576923

0.34375 0.34375 0.576923
0.28125 0.40625 0.576923

0.3125 0.3125 0.735537
0.375 0.375 0.735537

0.375 0.3125 0.735537
0.3125 0.375 0.735537

0.34375 0.3125 1
0.40625 0.375 1

0.40625 0.3125 1
0.34375 0.375 1

0.3125 0.34375 1
0.375 0.40625 1

0.375 0.34375 1
0.3125 0.40625 1

0.34375 0.34375 1
0.40625 0.40625 1

0.40625 0.34375 1
0.34375 0.40625 1

0.375 0.25 0.171429
0.4375 0.3125 0.171429

0.4375 0.25 0.171429
0.375 0.3125 0.171429

0.40625 0.25 0.566667
0.46875 0.3125 0.566667

0.46875 0.25 0.566667
0.40625 0.3125 0.566667

0.375 0.28125 0.994505
0.4375 0.34375 0.994505

0.4375 0.28125 0.994505
0.375 0.34375 0.994505

0.40625 0.28125 1
0.46875 0.34375 1

0.46875 0.28125 1
0.40625 0.34375 1

0.4375 0.25 0.833333
0.5 0.3125 0.833333

0.5 0.25 0.833333
0.4375 0.3125 0.833333

0.46875 0.25 0.966667
0.53125 0.3125 0.966667

0.53125 0.25 0.966667
0.46875 0.3125 0.966667

0.4375 0.28125 1
0.5 0.34375 1

0.5 0.28125 1
0.4375 0.34375 1

0.46875 0.28125 1
0.53125 0.34375 1

0.53125 0.28125 1
0.46875 0.34375 1

0.25 0.375 0.171429
0.3125 0.4375 0.171429

0.3125 0.375 0.171429
0.25 0.4375 0.171429

0.28125 0.375 0.994505
0.34375 0.4375 0.994505

0.34375 0.375 0.994505
0.28125 0.4375 0.994505

0.25 0.40625 0.566667
0.3125 0.46875 0.566667

0.3125 0.40625 0.566667
0.25 0.46875 0.566667

0.28125 0.40625 1
0.34375 0.46875 1

0.34375 0.40625 1
0.28125 0.46875 1

0.25 0.4375 0.833333
0.3125 0.5 0.833333

0.3125 0.4375 0.833333
0.25 0.5 0.833333

0.28125 0.4375 1
0.34375 0.5 1

0.34375 0.4375 1
0.28125 0.5 1

0.25 0.46875 0.966667
0.3125 0.53125 0.966667

0.3125 0.46875 0.966667
0.25 0.53125 0.966667

0.28125 0.46875 1
0.34375 0.53125 1

0.34375 0.46875 1
0.28125 0.53125 1

0.5 0.25 0.966667
0.5625 0.3125 0.966667

0.5625 0.25 0.966667
0.5 0.3125 0.966667

0.53125 0.25 0.833333
0.59375 0.3125 0.833333

0.59375 0.25 0.833333
0.53125 0.3125 0.833333

0.5 0.28125 1
0.5625 0.34375 1

0.5625 0.28125 1
0.5 0.34375 1

0.53125 0.28125 1
0.59375 0.34375 1

0.59375 0.28125 1
0.53125 0.34375 1

0.5625 0.25 0.566667
0.625 0.3125 0.566667

0.625 0.25 0.566667
0.5625 0.3125 0.566667

0.59375 0.25 0.171429
0.65625 0.3125 0.171429

0.65625 0.25 0.171429
0.59375 0.3125 0.171429

0.5625 0.28125 1
0.625 0.34375 1

0.625 0.28125 1
0.5625 0.34375 1

0.59375 0.28125 0.994505
0.65625 0.34375 0.994505

0.65625 0.28125 0.994505
0.59375 0.34375 0.994505

0.625 0.25 0
0.6875 0.3125 0

0.6875 0.25 0
0.625 0.3125 0

0.65625 0.25 0
0.71875 0.3125 0

0.71875 0.25 0
0.65625 0.3125 0

0.625 0.28125 0.576923
0.6875 0.34375 0.576923

0.6875 0.28125 0.576923
0.625 0.34375 0.576923

0.65625 0.28125 0.0314685
0.71875 0.34375 0.0314685

0.71875 0.28125 0.0314685
0.65625 0.34375 0.0314685

0.625 0.3125 1
0.6875 0.375 1

0.6875 0.3125 1
0.625 0.375 1

0.65625 0.3125 0.735537
0.71875 0.375 0.735537

0.71875 0.3125 0.735537
0.65625 0.375 0.735537

0.625 0.34375 1
0.6875 0.40625 1

0.6875 0.34375 1
0.625 0.40625 1

0.65625 0.34375 1
0.71875 0.40625 1

0.71875 0.34375 1
0.65625 0.40625 1

0.6875 0.3125 0.0314685
0.75 0.375 0.0314685

0.75 0.3125 0.0314685
0.6875 0.375 0.0314685

0.71875 0.3125 0
0.78125 0.375 0

0.78125 0.3125 0
0.71875 0.375 0

0.6875 0.34375 0.576923
0.75 0.40625 0.576923

0.75 0.34375 0.576923
0.6875 0.40625 0.576923

0.71875 0.34375 0
0.78125 0.40625 0

0.78125 0.34375 0
0.71875 0.40625 0

0.6875 0.375 0.994505
0.75 0.4375 0.994505

0.75 0.375 0.994505
0.6875 0.4375 0.994505

0.71875 0.375 0.171429
0.78125 0.4375 0.171429

0.78125 0.375 0.171429
0.71875 0.4375 0.171429

0.6875 0.40625 1
0.75 0.46875 1

0.75 0.40625 1
0.6875 0.46875 1

0.71875 0.40625 0.566667
0.78125 0.46875 0.566667

0.78125 0.40625 0.566667
0.71875 0.46875 0.566667

0.6875 0.4375 1
0.75 0.5 1

0.75 0.4375 1
0.6875 0.5 1

0.71875 0.4375 0.833333
0.78125 0.5 0.833333

0.78125 0.4375 0.833333
0.71875 0.5 0.833333

0.6875 0.46875 1
0.75 0.53125 1

0.75 0.46875 1
0.6875 0.53125 1

0.71875 0.46875 0.966667
0.78125 0.53125 0.966667

0.78125 0.46875 0.966667
0.71875 0.53125 0.966667

0.25 0.5 0.966667
0.3125 0.5625 0.966667

0.3125 0.5 0.966667
0.25 0.5625 0.966667

0.28125 0.5 1
0.34375 0.5625 1

0.34375 0.5 1
0.28125 0.5625 1

0.25 0.53125 0.833333
0.3125 0.59375 0.833333

0.3125 0.53125 0.833333
0.25 0.59375 0.833333

0.28125 0.53125 1
0.34375 0.59375 1

0.34375 0.53125 1
0.28125 0.59375 1

0.25 0.5625 0.566667
0.3125 0.625 0.566667

0.3125 0.5625 0.566667
0.25 0.625 0.566667

0.28125 0.5625 1
0.34375 0.625 1

0.34375 0.5625 1
0.28125 0.625 1

0.25 0.59375 0.171429
0.3125 0.65625 0.171429

0.3125 0.59375 0.171429
0.25 0.65625 0.171429

0.28125 0.59375 0.994505
0.34375 0.65625 0.994505

0.34375 0.59375 0.994505
0.28125 0.65625 0.994505

0.25 0.625 0
0.3125 0.6875 0

0.3125 0.625 0
0.25 0.6875 0

0.28125 0.625 0.576923
0.34375 0.6875 0.576923

0.34375 0.625 0.576923
0.28125 0.6875 0.576923

0.25 0.65625 0
0.3125 0.71875 0

0.3125 0.65625 0
0.25 0.71875 0

0.28125 0.65625 0.0314685
0.34375 0.71875 0.0314685

0.34375 0.65625 0.0314685
0.28125 0.71875 0.0314685

0.3125 0.625 1
0.375 0.6875 1

0.375 0.625 1
0.3125 0.6875 1

0.34375 0.625 1
0.40625 0.6875 1

0.40625 0.625 1
0.34375 0.6875 1

0.3125 0.65625 0.735537
0.375 0.71875 0.735537

0.375 0.65625 0.735537
0.3125 0.71875 0.735537

0.34375 0.65625 1
0.40625 0.71875 1

0.40625 0.65625 1
0.34375 0.71875 1

0.3125 0.6875 0.0314685
0.375 0.75 0.0314685

0.375 0.6875 0.0314685
0.3125 0.75 0.0314685

0.34375 0.6875 0.576923
0.40625 0.75 0.576923

0.40625 0.6875 0.576923
0.34375 0.75 0.576923

0.3125 0.71875 0
0.375 0.78125 0

0.375 0.71875 0
0.3125 0.78125 0

0.34375 0.71875 0
0.40625 0.78125 0

0.40625 0.71875 0
0.34375 0.78125 0

0.375 0.6875 0.994505
0.4375 0.75 0.994505

0.4375 0.6875 0.994505
0.375 0.75 0.994505

0.40625 0.6875 1
0.46875 0.75 1

0.46875 0.6875 1
0.40625 0.75 1

0.375 0.71875 0.171429
0.4375 0.78125 0.171429

0.4375 0.71875 0.171429
0.375 0.78125 0.171429

0.40625 0.71875 0.566667
0.46875 0.78125 0.566667

0.46875 0.71875 0.566667
0.40625 0.78125 0.566667

0.4375 0.6875 1
0.5 0.75 1

0.5 0.6875 1
0.4375 0.75 1

0.46875 0.6875 1
0.53125 0.75 1

0.53125 0.6875 1
0.46875 0.75 1

0.4375 0.71875 0.833333
0.5 0.78125 0.833333

0.5 0.71875 0.833333
0.4375 0.78125 0.833333

0.46875 0.71875 0.966667
0.53125 0.78125 0.966667

0.53125 0.71875 0.966667
0.46875 0.78125 0.966667

0.6875 0.5 1
0.75 0.5625 1

0.75 0.5 1
0.6875 0.5625 1

0.71875 0.5 0.966667
0.78125 0.5625 0.966667

0.78125 0.5 0.966667
0.71875 0.5625 0.966667

0.6875 0.53125 1
0.75 0.59375 1

0.75 0.53125 1
0.6875 0.59375 1

0.71875 0.53125 0.833333
0.78125 0.59375 0.833333

0.78125 0.53125 0.833333
0.71875 0.59375 0.833333

0.6875 0.5625 1
0.75 0.625 1

0.75 0.5625 1
0.6875 0.625 1

0.71875 0.5625 0.566667
0.78125 0.625 0.566667

0.78125 0.5625 0.566667
0.71875 0.625 0.566667

0.6875 0.59375 0.994505
0.75 0.65625 0.994505

0.75 0.59375 0.994505
0.6875 0.65625 0.994505

0.71875 0.59375 0.171429
0.78125 0.65625 0.171429

0.78125 0.59375 0.171429
0.71875 0.65625 0.171429

0.5 0.6875 1
0.5625 0.75 1

0.5625 0.6875 1
0.5 0.75 1

0.53125 0.6875 1
0.59375 0.75 1

0.59375 0.6875 1
0.53125 0.75 1

0.5 0.71875 0.966667
0.5625 0.78125 0.966667

0.5625 0.71875 0.966667
0.5 0.78125 0.966667

0.53125 0.71875 0.833333
0.59375 0.78125 0.833333

0.59375 0.71875 0.833333
0.53125 0.78125 0.833333

0.5625 0.6875 1
0.625 0.75 1

0.625 0.6875 1
0.5625 0.75 1

0.59375 0.6875 0.994505
0.65625 0.75 0.994505

0.65625 0.6875 0.994505
0.59375 0.75 0.994505

0.5625 0.71875 0.566667
0.625 0.78125 0.566667

0.625 0.71875 0.566667
0.5625 0.78125 0.566667

0.59375 0.71875 0.171429
0.65625 0.78125 0.171429

0.65625 0.71875 0.171429
0.59375 0.78125 0.171429

0.625 0.625 1
0.6875 0.6875 1

0.6875 0.625 1
0.625 0.6875 1

0.65625 0.625 1
0.71875 0.6875 1

0.71875 0.625 1
0.65625 0.6875 1

0.625 0.65625 1
0.6875 0.71875 1

0.6875 0.65625 1
0.625 0.71875 1

0.65625 0.65625 0.735537
0.71875 0.71875 0.735537

0.71875 0.65625 0.735537
0.65625 0.71875 0.735537

0.6875 0.625 0.576923
0.75 0.6875 0.576923

0.75 0.625 0.576923
0.6875 0.6875 0.576923

0.71875 0.625 0
0.78125 0.6875 0

0.78125 0.625 0
0.71875 0.6875 0

0.6875 0.65625 0.0314685
0.75 0.71875 0.0314685

0.75 0.65625 0.0314685
0.6875 0.71875 0.0314685

0.71875 0.65625 0
0.78125 0.71875 0

0.78125 0.65625 0
0.71875 0.71875 0

0.625 0.6875 0.576923
0.6875 0.75 0.576923

0.6875 0.6875 0.576923
0.625 0.75 0.576923

0.65625 0.6875 0.0314685
0.71875 0.75 0.0314685

0.71875 0.6875 0.0314685
0.65625 0.75 0.0314685

0.625 0.71875 0
0.6875 0.78125 0

0.6875 0.71875 0
0.625 0.78125 0

0.65625 0.71875 0
0.71875 0.78125 0

0.71875 0.71875 0
0.65625 0.78125 0

0.25 0.125 0
0.375 0.25 0

0.375 0.125 0
0.25 0.25 0

0.3125 0.125 0
0.4375 0.25 0

0.4375 0.125 0
0.3125 0.25 0

0.25 0.1875 0
0.375 0.3125 0

0.375 0.1875 0
0.25 0.3125 0

0.3125 0.1875 0
0.375 0.25 0

0.375 0.1875 0
0.3125 0.25 0

0.34375 0.1875 0
0.40625 0.25 0

0.40625 0.1875 0
0.34375 0.25 0

0.3125 0.21875 0
0.375 0.28125 0

0.375 0.21875 0
0.3125 0.28125 0

0.34375 0.21875 0
0.40625 0.28125 0

0.40625 0.21875 0
0.34375 0.28125 0

0.25 0.25 0
0.3125 0.3125 0

0.3125 0.25 0
0.25 0.3125 0

0.28125 0.25 0
0.34375 0.3125 0

0.34375 0.25 0
0.28125 0.3125 0

0.25 0.28125 0
0.3125 0.34375 0

0.3125 0.28125 0
0.25 0.34375 0

0.28125 0.28125 0
0.34375 0.34375 0

0.34375 0.28125 0
0.28125 0.34375 0

0.125 0.25 0
0.25 0.375 0

0.25 0.25 0
0.125 0.375 0

0.1875 0.25 0
0.3125 0.375 0

0.3125 0.25 0
0.1875 0.375 0

0.125 0.3125 0
0.25 0.4375 0

0.25 0.3125 0
0.125 0.4375 0

0.1875 0.3125 0
0.25 0.375 0

0.25 0.3125 0
0.1875 0.375 0

0.21875 0.3125 0
0.28125 0.375 0

0.28125 0.3125 0
0.21875 0.375 0

0.1875 0.34375 0
0.25 0.40625 0

0.25 0.34375 0
0.1875 0.40625 0

0.21875 0.34375 0
0.28125 0.40625 0

0.28125 0.34375 0
0.21875 0.40625 0

0.375 0.3125 1
0.4375 0.375 1

0.4375 0.3125 1
0.375 0.375 1

0.40625 0.3125 1
0.46875 0.375 1

0.46875 0.3125 1
0.40625 0.375 1

0.375 0.34375 1
0.4375 0.40625 1

0.4375 0.34375 1
0.375 0.40625 1

0.40625 0.34375 1
0.46875 0.40625 1

0.46875 0.34375 1
0.40625 0.40625 1

0.3125 0.375 1
0.375 0.4375 1

0.375 0.375 1
0.3125 0.4375 1

0.34375 0.375 1
0.40625 0.4375 1

0.40625 0.375 1
0.34375 0.4375 1

0.3125 0.40625 1
0.375 0.46875 1

0.375 0.40625 1
0.3125 0.46875 1

0.34375 0.40625 1
0.40625 0.46875 1

0.40625 0.40625 1
0.34375 0.46875 1

0.375 0.125 0
0.5 0.25 0

0.5 0.125 0
0.375 0.25 0

0.4375 0.125 0
0.5625 0.25 0

0.5625 0.125 0
0.4375 0.25 0

0.375 0.1875 0
0.4375 0.25 0

0.4375 0.1875 0
0.375 0.25 0

0.40625 0.1875 0
0.46875 0.25 0

0.46875 0.1875 0
0.40625 0.25 0

0.375 0.21875 0
0.4375 0.28125 0

0.4375 0.21875 0
0.375 0.28125 0

0.40625 0.21875 0
0.46875 0.28125 0

0.46875 0.21875 0
0.40625 0.28125 0

0.4375 0.1875 0
0.5 0.25 0

0.5 0.1875 0
0.4375 0.25 0

0.46875 0.1875 0
0.53125 0.25 0

0.53125 0.1875 0
0.46875 0.25 0

0.4375 0.21875 0
0.5 0.28125 0

0.5 0.21875 0
0.4375 0.28125 0

0.46875 0.21875 0
0.53125 0.28125 0

0.53125 0.21875 0
0.46875 0.28125 0

0.4375 0.3125 1
0.5 0.375 1

0.5 0.3125 1
0.4375 0.375 1

0.46875 0.3125 1
0.53125 0.375 1

0.53125 0.3125 1
0.46875 0.375 1

0.4375 0.34375 1
0.5 0.40625 1

0.5 0.34375 1
0.4375 0.40625 1

0.46875 0.34375 1
0.53125 0.40625 1

0.53125 0.34375 1
0.46875 0.40625 1

0.125 0.375 0
0.25 0.5 0

0.25 0.375 0
0.125 0.5 0

0.125 0.4375 0
0.25 0.5625 0

0.25 0.4375 0
0.125 0.5625 0

0.1875 0.375 0
0.25 0.4375 0

0.25 0.375 0
0.1875 0.4375 0

0.21875 0.375 0
0.28125 0.4375 0

0.28125 0.375 0
0.21875 0.4375 0

0.1875 0.40625 0
0.25 0.46875 0

0.25 0.40625 0
0.1875 0.46875 0

0.21875 0.40625 0
0.28125 0.46875 0

0.28125 0.40625 0
0.21875 0.46875 0

0.3125 0.4375 1
0.375 0.5 1

0.375 0.4375 1
0.3125 0.5 1

0.34375 0.4375 1
0.40625 0.5 1

0.40625 0.4375 1
0.34375 0.5 1

0.3125 0.46875 1
0.375 0.53125 1

0.375 0.46875 1
0.3125 0.53125 1

0.34375 0.46875 1
0.40625 0.53125 1

0.40625 0.46875 1
0.34375 0.53125 1

0.1875 0.4375 0
0.25 0.5 0

0.25 0.4375 0
0.1875 0.5 0

0.21875 0.4375 0
0.28125 0.5 0

0.28125 0.4375 0
0.21875 0.5 0

0.1875 0.46875 0
0.25 0.53125 0

0.25 0.46875 0
0.1875 0.53125 0

0.21875 0.46875 0
0.28125 0.53125 0

0.28125 0.46875 0
0.21875 0.53125 0

0.5 0.125 0
0.625 0.25 0

0.625 0.125 0
0.5 0.25 0

0.5625 0.125 0
0.6875 0.25 0

0.6875 0.125 0
0.5625 0.25 0

0.5 0.1875 0
0.5625 0.25 0

0.5625 0.1875 0
0.5 0.25 0

0.53125 0.1875 0
0.59375 0.25 0

0.59375 0.1875 0
0.53125 0.25 0

0.5 0.21875 0
0.5625 0.28125 0

0.5625 0.21875 0
0.5 0.28125 0

0.53125 0.21875 0
0.59375 0.28125 0

0.59375 0.21875 0
0.53125 0.28125 0

0.5 0.3125 1
0.5625 0.375 1

0.5625 0.3125 1
0.5 0.375 1

0.53125 0.3125 1
0.59375 0.375 1

0.59375 0.3125 1
0.53125 0.375 1

0.5 0.34375 1
0.5625 0.40625 1

0.5625 0.34375 1
0.5 0.40625 1

0.53125 0.34375 1
0.59375 0.40625 1

0.59375 0.34375 1
0.53125 0.40625 1

0.5625 0.1875 0
0.625 0.25 0

0.625 0.1875 0
0.5625 0.25 0

0.59375 0.1875 0
0.65625 0.25 0

0.65625 0.1875 0
0.59375 0.25 0

0.5625 0.21875 0
0.625 0.28125 0

0.625 0.21875 0
0.5625 0.28125 0

0.59375 0.21875 0
0.65625 0.28125 0

0.65625 0.21875 0
0.59375 0.28125 0

0.5625 0.3125 1
0.625 0.375 1

0.625 0.3125 1
0.5625 0.375 1

0.59375 0.3125 1
0.65625 0.375 1

0.65625 0.3125 1
0.59375 0.375 1

0.5625 0.34375 1
0.625 0.40625 1

0.625 0.34375 1
0.5625 0.40625 1

0.59375 0.34375 1
0.65625 0.40625 1

0.65625 0.34375 1
0.59375 0.40625 1

0.6875 0.25 0
0.75 0.3125 0

0.75 0.25 0
0.6875 0.3125 0

0.71875 0.25 0
0.78125 0.3125 0

0.78125 0.25 0
0.71875 0.3125 0

0.6875 0.28125 0
0.75 0.34375 0

0.75 0.28125 0
0.6875 0.34375 0

0.71875 0.28125 0
0.78125 0.34375 0

0.78125 0.28125 0
0.71875 0.34375 0

0.625 0.125 0
0.75 0.25 0

0.75 0.125 0
0.625 0.25 0

0.6875 0.125 0
0.8125 0.25 0

0.8125 0.125 0
0.6875 0.25 0

0.6875 0.1875 0
0.8125 0.3125 0

0.8125 0.1875 0
0.6875 0.3125 0

0.625 0.1875 0
0.6875 0.25 0

0.6875 0.1875 0
0.625 0.25 0

0.65625 0.1875 0
0.71875 0.25 0

0.71875 0.1875 0
0.65625 0.25 0

0.625 0.21875 0
0.6875 0.28125 0

0.6875 0.21875 0
0.625 0.28125 0

0.65625 0.21875 0
0.71875 0.28125 0

0.71875 0.21875 0
0.65625 0.28125 0

0.625 0.375 1
0.6875 0.4375 1

0.6875 0.375 1
0.625 0.4375 1

0.65625 0.375 1
0.71875 0.4375 1

0.71875 0.375 1
0.65625 0.4375 1

0.625 0.40625 1
0.6875 0.46875 1

0.6875 0.40625 1
0.625 0.46875 1

0.65625 0.40625 1
0.71875 0.46875 1

0.71875 0.40625 1
0.65625 0.46875 1

0.75 0.25 0
0.875 0.375 0

0.875 0.25 0
0.75 0.375 0

0.8125 0.25 0
0.9375 0.375 0

0.9375 0.25 0
0.8125 0.375 0

0.8125 0.3125 0
0.9375 0.4375 0

0.9375 0.3125 0
0.8125 0.4375 0

0.75 0.3125 0
0.8125 0.375 0

0.8125 0.3125 0
0.75 0.375 0

0.78125 0.3125 0
0.84375 0.375 0

0.84375 0.3125 0
0.78125 0.375 0

0.75 0.34375 0
0.8125 0.40625 0

0.8125 0.34375 0
0.75 0.40625 0

0.78125 0.34375 0
0.84375 0.40625 0

0.84375 0.34375 0
0.78125 0.40625 0

0.8125 0.375 0
0.9375 0.5 0

0.9375 0.375 0
0.8125 0.5 0

0.8125 0.4375 0
0.9375 0.5625 0

0.9375 0.4375 0
0.8125 0.5625 0

0.75 0.375 0
0.8125 0.4375 0

0.8125 0.375 0
0.75 0.4375 0

0.78125 0.375 0
0.84375 0.4375 0

0.84375 0.375 0
0.78125 0.4375 0

0.75 0.40625 0
0.8125 0.46875 0

0.8125 0.40625 0
0.75 0.46875 0

0.78125 0.40625 0
0.84375 0.46875 0

0.84375 0.40625 0
0.78125 0.46875 0

0.75 0.4375 0
0.8125 0.5 0

0.8125 0.4375 0
0.75 0.5 0

0.78125 0.4375 0
0.84375 0.5 0

0.84375 0.4375 0
0.78125 0.5 0

0.75 0.46875 0
0.8125 0.53125 0

0.8125 0.46875 0
0.75 0.53125 0

0.78125 0.46875 0
0.84375 0.53125 0

0.84375 0.46875 0
0.78125 0.53125 0

0.625 0.4375 1
0.6875 0.5 1

0.6875 0.4375 1
0.625 0.5 1

0.65625 0.4375 1
0.71875 0.5 1

0.71875 0.4375 1
0.65625 0.5 1

0.625 0.46875 1
0.6875 0.53125 1

0.6875 0.46875 1
0.625 0.53125 1

0.65625 0.46875 1
0.71875 0.53125 1

0.71875 0.46875 1
0.65625 0.53125 1

0.3125 0.5 1
0.375 0.5625 1

0.375 0.5 1
0.3125 0.5625 1

0.34375 0.5 1
0.40625 0.5625 1

0.40625 0.5 1
0.34375 0.5625 1

0.3125 0.53125 1
0.375 0.59375 1

0.375 0.53125 1
0.3125 0.59375 1

0.34375 0.53125 1
0.40625 0.59375 1

0.40625 0.53125 1
0.34375 0.59375 1

0.125 0.5 0
0.25 0.625 0

0.25 0.5 0
0.125 0.625 0

0.125 0.5625 0
0.25 0.6875 0

0.25 0.5625 0
0.125 0.6875 0

0.1875 0.5 0
0.25 0.5625 0

0.25 0.5 0
0.1875 0.5625 0

0.21875 0.5 0
0.28125 0.5625 0

0.28125 0.5 0
0.21875 0.5625 0

0.1875 0.53125 0
0.25 0.59375 0

0.25 0.53125 0
0.1875 0.59375 0

0.21875 0.53125 0
0.28125 0.59375 0

0.28125 0.53125 0
0.21875 0.59375 0

0.3125 0.5625 1
0.375 0.625 1

0.375 0.5625 1
0.3125 0.625 1

0.34375 0.5625 1
0.40625 0.625 1

0.40625 0.5625 1
0.34375 0.625 1

0.3125 0.59375 1
0.375 0.65625 1

0.375 0.59375 1
0.3125 0.65625 1

0.34375 0.59375 1
0.40625 0.65625 1

0.40625 0.59375 1
0.34375 0.65625 1

0.1875 0.5625 0
0.25 0.625 0

0.25 0.5625 0
0.1875 0.625 0

0.21875 0.5625 0
0.28125 0.625 0

0.28125 0.5625 0
0.21875 0.625 0

0.1875 0.59375 0
0.25 0.65625 0

0.25 0.59375 0
0.1875 0.65625 0

0.21875 0.59375 0
0.28125 0.65625 0

0.28125 0.59375 0
0.21875 0.65625 0

0.125 0.625 0
0.25 0.75 0

0.25 0.625 0
0.125 0.75 0

0.125 0.6875 0
0.25 0.8125 0

0.25 0.6875 0
0.125 0.8125 0

0.1875 0.6875 0
0.3125 0.8125 0

0.3125 0.6875 0
0.1875 0.8125 0

0.1875 0.625 0
0.25 0.6875 0

0.25 0.625 0
0.1875 0.6875 0

0.21875 0.625 0
0.28125 0.6875 0

0.28125 0.625 0
0.21875 0.6875 0

0.1875 0.65625 0
0.25 0.71875 0

0.25 0.65625 0
0.1875 0.71875 0

0.21875 0.65625 0
0.28125 0.71875 0

0.28125 0.65625 0
0.21875 0.71875 0

0.25 0.6875 0
0.3125 0.75 0

0.3125 0.6875 0
0.25 0.75 0

0.28125 0.6875 0
0.34375 0.75 0

0.34375 0.6875 0
0.28125 0.75 0

0.25 0.71875 0
0.3125 0.78125 0

0.3125 0.71875 0
0.25 0.78125 0

0.28125 0.71875 0
0.34375 0.78125 0

0.34375 0.71875 0
0.28125 0.78125 0

0.375 0.625 1
0.4375 0.6875 1

0.4375 0.625 1
0.375 0.6875 1

0.40625 0.625 1
0.46875 0.6875 1

0.46875 0.625 1
0.40625 0.6875 1

0.375 0.65625 1
0.4375 0.71875 1

0.4375 0.65625 1
0.375 0.71875 1

0.40625 0.65625 1
0.46875 0.71875 1

0.46875 0.65625 1
0.40625 0.71875 1

0.25 0.75 0
0.375 0.875 0

0.375 0.75 0
0.25 0.875 0

0.25 0.8125 0
0.375 0.9375 0

0.375 0.8125 0
0.25 0.9375 0

0.3125 0.8125 0
0.4375 0.9375 0

0.4375 0.8125 0
0.3125 0.9375 0

0.3125 0.75 0
0.375 0.8125 0

0.375 0.75 0
0.3125 0.8125 0

0.34375 0.75 0
0.40625 0.8125 0

0.40625 0.75 0
0.34375 0.8125 0

0.3125 0.78125 0
0.375 0.84375 0

0.375 0.78125 0
0.3125 0.84375 0

0.34375 0.78125 0
0.40625 0.84375 0

0.40625 0.78125 0
0.34375 0.84375 0

0.375 0.8125 0
0.5 0.9375 0

0.5 0.8125 0
0.375 0.9375 0

0.4375 0.8125 0
0.5625 0.9375 0

0.5625 0.8125 0
0.4375 0.9375 0

0.375 0.75 0
0.4375 0.8125 0

0.4375 0.75 0
0.375 0.8125 0

0.40625 0.75 0
0.46875 0.8125 0

0.46875 0.75 0
0.40625 0.8125 0

0.375 0.78125 0
0.4375 0.84375 0

0.4375 0.78125 0
0.375 0.84375 0

0.40625 0.78125 0
0.46875 0.84375 0

0.46875 0.78125 0
0.40625 0.84375 0

0.4375 0.625 1
0.5 0.6875 1

0.5 0.625 1
0.4375 0.6875 1

0.46875 0.625 1
0.53125 0.6875 1

0.53125 0.625 1
0.46875 0.6875 1

0.4375 0.65625 1
0.5 0.71875 1

0.5 0.65625 1
0.4375 0.71875 1

0.46875 0.65625 1
0.53125 0.71875 1

0.53125 0.65625 1
0.46875 0.71875 1

0.4375 0.75 0
0.5 0.8125 0

0.5 0.75 0
0.4375 0.8125 0

0.46875 0.75 0
0.53125 0.8125 0

0.53125 0.75 0
0.46875 0.8125 0

0.4375 0.78125 0
0.5 0.84375 0

0.5 0.78125 0
0.4375 0.84375 0

0.46875 0.78125 0
0.53125 0.84375 0

0.53125 0.78125 0
0.46875 0.84375 0

0.8125 0.5 0
0.9375 0.625 0

0.9375 0.5 0
0.8125 0.625 0

0.8125 0.5625 0
0.9375 0.6875 0

0.9375 0.5625 0
0.8125 0.6875 0

0.75 0.5 0
0.8125 0.5625 0

0.8125 0.5 0
0.75 0.5625 0

0.78125 0.5 0
0.84375 0.5625 0

0.84375 0.5 0
0.78125 0.5625 0

0.75 0.53125 0
0.8125 0.59375 0

0.8125 0.53125 0
0.75 0.59375 0

0.78125 0.53125 0
0.84375 0.59375 0

0.84375 0.53125 0
0.78125 0.59375 0

0.625 0.5 1
0.6875 0.5625 1

0.6875 0.5 1
0.625 0.5625 1

0.65625 0.5 1
0.71875 0.5625 1

0.71875 0.5 1
0.65625 0.5625 1

0.625 0.53125 1
0.6875 0.59375 1

0.6875 0.53125 1
0.625 0.59375 1

0.65625 0.53125 1
0.71875 0.59375 1

0.71875 0.53125 1
0.65625 0.59375 1

0.75 0.5625 0
0.8125 0.625 0

0.8125 0.5625 0
0.75 0.625 0

0.78125 0.5625 0
0.84375 0.625 0

0.84375 0.5625 0
0.78125 0.625 0

0.75 0.59375 0
0.8125 0.65625 0

0.8125 0.59375 0
0.75 0.65625 0

0.78125 0.59375 0
0.84375 0.65625 0

0.84375 0.59375 0
0.78125 0.65625 0

0.625 0.5625 1
0.6875 0.625 1

0.6875 0.5625 1
0.625 0.625 1

0.65625 0.5625 1
0.71875 0.625 1

0.71875 0.5625 1
0.65625 0.625 1

0.625 0.59375 1
0.6875 0.65625 1

0.6875 0.59375 1
0.625 0.65625 1

0.65625 0.59375 1
0.71875 0.65625 1

0.71875 0.59375 1
0.65625 0.65625 1

0.5 0.625 1
0.5625 0.6875 1

0.5625 0.625 1
0.5 0.6875 1

0.53125 0.625 1
0.59375 0.6875 1

0.59375 0.625 1
0.53125 0.6875 1

0.5 0.65625 1
0.5625 0.71875 1

0.5625 0.65625 1
0.5 0.71875 1

0.53125 0.65625 1
0.59375 0.71875 1

0.59375 0.65625 1
0.53125 0.71875 1

0.5 0.8125 0
0.625 0.9375 0

0.625 0.8125 0
0.5 0.9375 0

0.5625 0.8125 0
0.6875 0.9375 0

0.6875 0.8125 0
0.5625 0.9375 0

0.5 0.75 0
0.5625 0.8125 0

0.5625 0.75 0
0.5 0.8125 0

0.53125 0.75 0
0.59375 0.8125 0

0.59375 0.75 0
0.53125 0.8125 0

0.5 0.78125 0
0.5625 0.84375 0

0.5625 0.78125 0
0.5 0.84375 0

0.53125 0.78125 0
0.59375 0.84375 0

0.59375 0.78125 0
0.53125 0.84375 0

0.5625 0.625 1
0.625 0.6875 1

0.625 0.625 1
0.5625 0.6875 1

0.59375 0.625 1
0.65625 0.6875 1

0.65625 0.625 1
0.59375 0.6875 1

0.5625 0.65625 1
0.625 0.71875 1

0.625 0.65625 1
0.5625 0.71875 1

0.59375 0.65625 1
0.65625 0.71875 1

0.65625 0.65625 1
0.59375 0.71875 1

0.5625 0.75 0
0.625 0.8125 0

0.625 0.75 0
0.5625 0.8125 0

0.59375 0.75 0
0.65625 0.8125 0

0.65625 0.75 0
0.59375 0.8125 0

0.5625 0.78125 0
0.625 0.84375 0

0.625 0.78125 0
0.5625 0.84375 0

0.59375 0.78125 0
0.65625 0.84375 0

0.65625 0.78125 0
0.59375 0.84375 0

0.8125 0.625 0
0.9375 0.75 0

0.9375 0.625 0
0.8125 0.75 0

0.75 0.6875 0
0.875 0.8125 0

0.875 0.6875 0
0.75 0.8125 0

0.8125 0.6875 0
0.9375 0.8125 0

0.9375 0.6875 0
0.8125 0.8125 0

0.75 0.625 0
0.8125 0.6875 0

0.8125 0.625 0
0.75 0.6875 0

0.78125 0.625 0
0.84375 0.6875 0

0.84375 0.625 0
0.78125 0.6875 0

0.75 0.65625 0
0.8125 0.71875 0

0.8125 0.65625 0
0.75 0.71875 0

0.78125 0.65625 0
0.84375 0.71875 0

0.84375 0.65625 0
0.78125 0.71875 0

0.6875 0.6875 0
0.75 0.75 0

0.75 0.6875 0
0.6875 0.75 0

0.71875 0.6875 0
0.78125 0.75 0

0.78125 0.6875 0
0.71875 0.75 0

0.6875 0.71875 0
0.75 0.78125 0

0.75 0.71875 0
0.6875 0.78125 0

0.71875 0.71875 0
0.78125 0.78125 0

0.78125 0.71875 0
0.71875 0.78125 0

0.6875 0.75 0
0.8125 0.875 0

0.8125 0.75 0
0.6875 0.875 0

0.625 0.8125 0
0.75 0.9375 0

0.75 0.8125 0
0.625 0.9375 0

0.6875 0.8125 0
0.8125 0.9375 0

0.8125 0.8125 0
0.6875 0.9375 0

0.625 0.75 0
0.6875 0.8125 0

0.6875 0.75 0
0.625 0.8125 0

0.65625 0.75 0
0.71875 0.8125 0

0.71875 0.75 0
0.65625 0.8125 0

0.625 0.78125 0
0.6875 0.84375 0

0.6875 0.78125 0
0.625 0.84375 0

0.65625 0.78125 0
0.71875 0.84375 0

0.71875 0.78125 0
0.65625 0.84375 0

0.375 0.375 1
0.5 0.5 1

0.5 0.375 1
0.375 0.5 1

0.4375 0.375 1
0.5625 0.5 1

0.5625 0.375 1
0.4375 0.5 1

0.375 0.4375 1
0.5 0.5625 1

0.5 0.4375 1
0.375 0.5625 1

0.4375 0.4375 1
0.5625 0.5625 1

0.5625 0.4375 1
0.4375 0.5625 1

0.5 0.375 1
0.625 0.5 1

0.625 0.375 1
0.5 0.5 1

0.5625 0.375 1
0.6875 0.5 1

0.6875 0.375 1
0.5625 0.5 1

0.5 0.4375 1
0.625 0.5625 1

0.625 0.4375 1
0.5 0.5625 1

0.5625 0.4375 1
0.6875 0.5625 1

0.6875 0.4375 1
0.5625 0.5625 1

0.375 0.5 1
0.5 0.625 1

0.5 0.5 1
0.375 0.625 1

0.4375 0.5 1
0.5625 0.625 1

0.5625 0.5 1
0.4375 0.625 1

0.375 0.5625 1
0.5 0.6875 1

0.5 0.5625 1
0.375 0.6875 1

0.4375 0.5625 1
0.5625 0.6875 1

0.5625 0.5625 1
0.4375 0.6875 1

0.5 0.5 1
0.625 0.625 1

0.625 0.5 1
0.5 0.625 1

0.5625 0.5 1
0.6875 0.625 1

0.6875 0.5 1
0.5625 0.625 1

0.5 0.5625 1
0.625 0.6875 1

0.625 0.5625 1
0.5 0.6875 1

0.5625 0.5625 1
0.6875 0.6875 1

0.6875 0.5625 1
0.5625 0.6875 1

0.25 0 0
0.375 0.125 0

0.375 0 0
0.25 0.125 0

0.3125 0 0
0.4375 0.125 0

0.4375 0 0
0.3125 0.125 0

0.25 0.0625 0
0.375 0.1875 0

0.375 0.0625 0
0.25 0.1875 0

0.3125 0.0625 0
0.4375 0.1875 0

0.4375 0.0625 0
0.3125 0.1875 0

0 0 0
0.25 0.25 0

0.25 0 0
0 0.25 0

0.125 0 0
0.375 0.25 0

0.375 0 0
0.125 0.25 0

0 0.125 0
0.25 0.375 0

0.25 0.125 0
0 0.375 0

0.125 0.125 0
0.25 0.25 0

0.25 0.125 0
0.125 0.25 0

0.1875 0.125 0
0.3125 0.25 0

0.3125 0.125 0
0.1875 0.25 0

0.125 0.1875 0
0.25 0.3125 0

0.25 0.1875 0
0.125 0.3125 0

0.1875 0.1875 0
0.3125 0.3125 0

0.3125 0.1875 0
0.1875 0.3125 0

0.375 0 0
0.5 0.125 0

0.5 0 0
0.375 0.125 0

0.4375 0 0
0.5625 0.125 0

0.5625 0 0
0.4375 0.125 0

0.375 0.0625 0
0.5 0.1875 0

0.5 0.0625 0
0.375 0.1875 0

0.4375 0.0625 0
0.5625 0.1875 0

0.5625 0.0625 0
0.4375 0.1875 0

0 0.25 0
0.125 0.375 0

0.125 0.25 0
0 0.375 0

0.0625 0.25 0
0.1875 0.375 0

0.1875 0.25 0
0.0625 0.375 0

0 0.3125 0
0.125 0.4375 0

0.125 0.3125 0
0 0.4375 0

0.0625 0.3125 0
0.1875 0.4375 0

0.1875 0.3125 0
0.0625 0.4375 0

0 0.375 0
0.125 0.5 0

0.125 0.375 0
0 0.5 0

0.0625 0.375 0
0.1875 0.5 0

0.1875 0.375 0
0.0625 0.5 0

0 0.4375 0
0.125 0.5625 0

0.125 0.4375 0
0 0.5625 0

0.0625 0.4375 0
0.1875 0.5625 0

0.1875 0.4375 0
0.0625 0.5625 0

0.5 0 0
0.625 0.125 0

0.625 0 0
0.5 0.125 0

0.5625 0 0
0.6875 0.125 0

0.6875 0 0
0.5625 0.125 0

0.5 0.0625 0
0.625 0.1875 0

0.625 0.0625 0
0.5 0.1875 0

0.5625 0.0625 0
0.6875 0.1875 0

0.6875 0.0625 0
0.5625 0.1875 0

0.75 0 0
1 0.25 0

1 0 0
0.75 0.25 0

0.875 0 0
1.125 0.25 0

1.125 0 0
0.875 0.25 0

0.875 0.125 0
1.125 0.375 0

1.125 0.125 0
0.875 0.375 0

0.75 0.125 0
0.875 0.25 0

0.875 0.125 0
0.75 0.25 0

0.8125 0.125 0
0.9375 0.25 0

0.9375 0.125 0
0.8125 0.25 0

0.75 0.1875 0
0.875 0.3125 0

0.875 0.1875 0
0.75 0.3125 0

0.8125 0.1875 0
0.9375 0.3125 0

0.9375 0.1875 0
0.8125 0.3125 0

0.625 0 0
0.75 0.125 0

0.75 0 0
0.625 0.125 0

0.6875 0 0
0.8125 0.125 0

0.8125 0 0
0.6875 0.125 0

0.625 0.0625 0
0.75 0.1875 0

0.75 0.0625 0
0.625 0.1875 0

0.6875 0.0625 0
0.8125 0.1875 0

0.8125 0.0625 0
0.6875 0.1875 0

0.875 0.25 0
1 0.375 0

1 0.25 0
0.875 0.375 0

0.9375 0.25 0
1.0625 0.375 0

1.0625 0.25 0
0.9375 0.375 0

0.875 0.3125 0
1 0.4375 0

1 0.3125 0
0.875 0.4375 0

0.9375 0.3125 0
1.0625 0.4375 0

1.0625 0.3125 0
0.9375 0.4375 0

0.875 0.375 0
1 0.5 0

1 0.375 0
0.875 0.5 0

0.9375 0.375 0
1.0625 0.5 0

1.0625 0.375 0
0.9375 0.5 0

0.875 0.4375 0
1 0.5625 0

1 0.4375 0
0.875 0.5625 0

0.9375 0.4375 0
1.0625 0.5625 0

1.0625 0.4375 0
0.9375 0.5625 0

0 0.5 0
0.125 0.625 0

0.125 0.5 0
0 0.625 0

0.0625 0.5 0
0.1875 0.625 0

0.1875 0.5 0
0.0625 0.625 0

0 0.5625 0
0.125 0.6875 0

0.125 0.5625 0
0 0.6875 0

0.0625 0.5625 0
0.1875 0.6875 0

0.1875 0.5625 0
0.0625 0.6875 0

0 0.625 0
0.125 0.75 0

0.125 0.625 0
0 0.75 0

0.0625 0.625 0
0.1875 0.75 0

0.1875 0.625 0
0.0625 0.75 0

0 0.6875 0
0.125 0.8125 0

0.125 0.6875 0
0 0.8125 0

0.0625 0.6875 0
0.1875 0.8125 0

0.1875 0.6875 0
0.0625 0.8125 0

0 0.75 0
0.25 1 0

0.25 0.75 0
0 1 0

0 0.875 0
0.25 1.125 0

0.25 0.875 0
0 1.125 0

0.125 0.875 0
0.375 1.125 0

0.375 0.875 0
0.125 1.125 0

0.125 0.75 0
0.25 0.875 0

0.25 0.75 0
0.125 0.875 0

0.1875 0.75 0
0.3125 0.875 0

0.3125 0.75 0
0.1875 0.875 0

0.125 0.8125 0
0.25 0.9375 0

0.25 0.8125 0
0.125 0.9375 0

0.1875 0.8125 0
0.3125 0.9375 0

0.3125 0.8125 0
0.1875 0.9375 0

0.25 0.875 0
0.375 1 0

0.375 0.875 0
0.25 1 0

0.3125 0.875 0
0.4375 1 0

0.4375 0.875 0
0.3125 1 0

0.25 0.9375 0
0.375 1.0625 0

0.375 0.9375 0
0.25 1.0625 0

0.3125 0.9375 0
0.4375 1.0625 0

0.4375 0.9375 0
0.3125 1.0625 0

0.375 0.875 0
0.5 1 0

0.5 0.875 0
0.375 1 0

0.4375 0.875 0
0.5625 1 0

0.5625 0.875 0
0.4375 1 0

0.375 0.9375 0
0.5 1.0625 0

0.5 0.9375 0
0.375 1.0625 0

0.4375 0.9375 0
0.5625 1.0625 0

0.5625 0.9375 0
0.4375 1.0625 0

0.875 0.5 0
1 0.625 0

1 0.5 0
0.875 0.625 0

0.9375 0.5 0
1.0625 0.625 0

1.0625 0.5 0
0.9375 0.625 0

0.875 0.5625 0
1 0.6875 0

1 0.5625 0
0.875 0.6875 0

0.9375 0.5625 0
1.0625 0.6875 0

1.0625 0.5625 0
0.9375 0.6875 0

0.875 0.625 0
1 0.75 0

1 0.625 0
0.875 0.75 0

0.9375 0.625 0
1.0625 0.75 0

1.0625 0.625 0
0.9375 0.75 0

0.875 0.6875 0
1 0.8125 0

1 0.6875 0
0.875 0.8125 0

0.9375 0.6875 0
1.0625 0.8125 0

1.0625 0.6875 0
0.9375 0.8125 0

0.875 0.75 0
1.125 1 0

1.125 0.75 0
0.875 1 0

0.75 0.875 0
1 1.125 0

1 0.875 0
0.75 1.125 0

0.875 0.875 0
1.125 1.125 0

1.125 0.875 0
0.875 1.125 0

0.75 0.75 0
0.875 0.875 0

0.875 0.75 0
0.75 0.875 0

0.8125 0.75 0
0.9375 0.875 0

0.9375 0.75 0
0.8125 0.875 0

0.75 0.8125 0
0.875 0.9375 0

0.875 0.8125 0
0.75 0.9375 0

0.8125 0.8125 0
0.9375 0.9375 0

0.9375 0.8125 0
0.8125 0.9375 0

0.5 0.875 0
0.625 1 0

0.625 0.875 0
0.5 1 0

0.5625 0.875 0
0.6875 1 0

0.6875 0.875 0
0.5625 1 0

0.5 0.9375 0
0.625 1.0625 0

0.625 0.9375 0
0.5 1.0625 0

0.5625 0.9375 0
0.6875 1.0625 0

0.6875 0.9375 0
0.5625 1.0625 0

0.625 0.875 0
0.75 1 0

0.75 0.875 0
0.625 1 0

0.6875 0.875 0
0.8125 1 0

0.8125 0.875 0
0.6875 1 0

0.625 0.9375 0
0.75 1.0625 0

0.75 0.9375 0
0.625 1.0625 0

0.6875 0.9375 0
0.8125 1.0625 0

0.8125 0.9375 0
0.6875 1.0625 0

0 -1 0
1 0 0

1 -1 0
0 0 0

0.5 -1 0
1.5 0 0

1.5 -1 0
0.5 0 0

0 -0.5 0
0.5 0 0

0.5 -0.5 0
0 0 0

0.25 -0.5 0
0.75 0 0

0.75 -0.5 0
0.25 0 0

0 -0.25 0
0.25 0 0

0.25 -0.25 0
0 0 0

0.125 -0.25 0
0.375 0 0

0.375 -0.25 0
0.125 0 0

0 -0.125 0
0.25 0.125 0

0.25 -0.125 0
0 0.125 0

0.125 -0.125 0
0.375 0.125 0

0.375 -0.125 0
0.125 0.125 0

-1 0 0
0 1 0

0 0 0
-1 1 0

-1 0.5 0
0 1.5 0

0 0.5 0
-1 1.5 0

-0.5 0 0
0 0.5 0

0 0 0
-0.5 0.5 0

-0.5 0.25 0
0 0.75 0

0 0.25 0
-0.5 0.75 0

-0.25 0 0
0 0.25 0

0 0 0
-0.25 0.25 0

-0.125 0 0
0.125 0.25 0

0.125 0 0
-0.125 0.25 0

-0.25 0.125 0
0 0.375 0

0 0.125 0
-0.25 0.375 0

-0.125 0.125 0
0.125 0.375 0

0.125 0.125 0
-0.125 0.375 0

0.25 -0.25 0
0.5 0 0

0.5 -0.25 0
0.25 0 0

0.375 -0.25 0
0.625 0 0

0.625 -0.25 0
0.375 0 0

-0.25 0.25 0
0 0.5 0

0 0.25 0
-0.25 0.5 0

-0.25 0.375 0
0 0.625 0

0 0.375 0
-0.25 0.625 0

0.5 -0.5 0
1 0 0

1 -0.5 0
0.5 0 0

0.75 -0.5 0
1.25 0 0

1.25 -0.5 0
0.75 0 0

0.5 -0.25 0
0.75 0 0

0.75 -0.25 0
0.5 0 0

0.625 -0.25 0
0.875 0 0

0.875 -0.25 0
0.625 0 0

1.5 0 0
2.5 1 0

2.5 0 0
1.5 1 0

1.5 0.5 0
2.5 1.5 0

2.5 0.5 0
1.5 1.5 0

1.25 0 0
1.75 0.5 0

1.75 0 0
1.25 0.5 0

1.25 0.25 0
1.75 0.75 0

1.75 0.25 0
1.25 0.75 0

1 0 0
1.25 0.25 0

1.25 0 0
1 0.25 0

1.125 0 0
1.375 0.25 0

1.375 0 0
1.125 0.25 0

1 0.125 0
1.25 0.375 0

1.25 0.125 0
1 0.375 0

1.125 0.125 0
1.375 0.375 0

1.375 0.125 0
1.125 0.375 0

0.75 -0.25 0
1 0 0

1 -0.25 0
0.75 0 0

0.875 -0.25 0
1.125 0 0

1.125 -0.25 0
0.875 0 0

0.75 -0.125 0
1 0.125 0

1 -0.125 0
0.75 0.125 0

0.875 -0.125 0
1.125 0.125 0

1.125 -0.125 0
0.875 0.125 0

1.125 0.25 0
1.375 0.5 0

1.375 0.25 0
1.125 0.5 0

1.125 0.375 0
1.375 0.625 0

1.375 0.375 0
1.125 0.625 0

-0.5 0.5 0
0 1 0

0 0.5 0
-0.5 1 0

-0.5 0.75 0
0 1.25 0

0 0.75 0
-0.5 1.25 0

-0.25 0.5 0
0 0.75 0

0 0.5 0
-0.25 0.75 0

-0.25 0.625 0
0 0.875 0

0 0.625 0
-0.25 0.875 0

-0.25 0.75 0
0 1 0

0 0.75 0
-0.25 1 0

-0.125 0.75 0
0.125 1 0

0.125 0.75 0
-0.125 1 0

-0.25 0.875 0
0 1.125 0

0 0.875 0
-0.25 1.125 0

-0.125 0.875 0
0.125 1.125 0

0.125 0.875 0
-0.125 1.125 0

0 1.5 0
1 2.5 0

1 1.5 0
0 2.5 0

0.5 1.5 0
1.5 2.5 0

1.5 1.5 0
0.5 2.5 0

0 1.25 0
0.5 1.75 0

0.5 1.25 0
0 1.75 0

0.25 1.25 0
0.75 1.75 0

0.75 1.25 0
0.25 1.75 0

0 1 0
0.25 1.25 0

0.25 1 0
0 1.25 0

0.125 1 0
0.375 1.25 0

0.375 1 0
0.125 1.25 0

0 1.125 0
0.25 1.375 0

0.25 1.125 0
0 1.375 0

0.125 1.125 0
0.375 1.375 0

0.375 1.125 0
0.125 1.375 0

0.25 1 0
0.5 1.25 0

0.5 1 0
0.25 1.25 0

0.375 1 0
0.625 1.25 0

0.625 1 0
0.375 1.25 0

0.25 1.125 0
0.5 1.375 0

0.5 1.125 0
0.25 1.375 0

0.375 1.125 0
0.625 1.375 0

0.625 1.125 0
0.375 1.375 0

1.25 0.5 0
1.75 1 0

1.75 0.5 0
1.25 1 0

1.25 0.75 0
1.75 1.25 0

1.75 0.75 0
1.25 1.25 0

1.125 0.5 0
1.375 0.75 0

1.375 0.5 0
1.125 0.75 0

1.125 0.625 0
1.375 0.875 0

1.375 0.625 0
1.125 0.875 0

0.5 1.25 0
1 1.75 0

1 1.25 0
0.5 1.75 0

0.75 1.25 0
1.25 1.75 0

1.25 1.25 0
0.75 1.75 0

0.5 1 0
0.75 1.25 0

0.75 1 0
0.5 1.25 0

0.625 1 0
0.875 1.25 0

0.875 1 0
0.625 1.25 0

0.5 1.125 0
0.75 1.375 0

0.75 1.125 0
0.5 1.375 0

0.625 1.125 0
0.875 1.375 0

0.875 1.125 0
0.625 1.375 0

1 0.75 0
1.25 1 0

1.25 0.75 0
1 1 0

1.125 0.75 0
1.375 1 0

1.375 0.75 0
1.125 1 0

1 0.875 0
1.25 1.125 0

1.25 0.875 0
1 1.125 0

1.125 0.875 0
1.375 1.125 0

1.375 0.875 0
1.125 1.125 0

0.75 1 0
1 1.25 0

1 1 0
0.75 1.25 0

0.875 1 0
1.125 1.25 0

1.125 1 0
0.875 1.25 0

0.75 1.125 0
1 1.375 0

1 1.125 0
0.75 1.375 0

0.875 1.125 0
1.125 1.375 0

1.125 1.125 0
0.875 1.375 0

-0.125 0.25 0
0 0.375 0

0 0.25 0
-0.125 0.375 0

-0.0625 0.25 0
0.0625 0.375 0

0.0625 0.25 0
-0.0625 0.375 0

-0.125 0.3125 0
0 0.4375 0

0 0.3125 0
-0.125 0.4375 0

-0.0625 0.3125 0
0.0625 0.4375 0

0.0625 0.3125 0
-0.0625 0.4375 0

-0.125 0.375 0
0 0.5 0

0 0.375 0
-0.125 0.5 0

-0.0625 0.375 0
0.0625 0.5 0

0.0625 0.375 0
-0.0625 0.5 0

-0.125 0.4375 0
0 0.5625 0

0 0.4375 0
-0.125 0.5625 0

-0.0625 0.4375 0
0.0625 0.5625 0

0.0625 0.4375 0
-0.0625 0.5625 0

-0.125 0.5 0
0 0.625 0

0 0.5 0
-0.125 0.625 0

-0.0625 0.5 0
0.0625 0.625 0

0.0625 0.5 0
-0.0625 0.625 0

-0.125 0.5625 0
0 0.6875 0

0 0.5625 0
-0.125 0.6875 0

-0.0625 0.5625 0
0.0625 0.6875 0

0.0625 0.5625 0
-0.0625 0.6875 0

-0.125 0.625 0
0 0.75 0

0 0.625 0
-0.125 0.75 0

-0.0625 0.625 0
0.0625 0.75 0

0.0625 0.625 0
-0.0625 0.75 0

-0.125 0.6875 0
0 0.8125 0

0 0.6875 0
-0.125 0.8125 0

-0.0625 0.6875 0
0.0625 0.8125 0

0.0625 0.6875 0
-0.0625 0.8125 0

-1 1 0
0 2 0

0 1 0
-1 2 0

-1 1.5 0
0 2.5 0

0 1.5 0
-1 2.5 0

-0.5 1.5 0
0.5 2.5 0

0.5 1.5 0
-0.5 2.5 0

1 0.25 0
1.125 0.375 0

1.125 0.25 0
1 0.375 0

1.0625 0.25 0
1.1875 0.375 0

1.1875 0.25 0
1.0625 0.375 0

1 0.3125 0
1.125 0.4375 0

1.125 0.3125 0
1 0.4375 0

1.0625 0.3125 0
1.1875 0.4375 0

1.1875 0.3125 0
1.0625 0.4375 0

1 0.375 0
1.125 0.5 0

1.125 0.375 0
1 0.5 0

1.0625 0.375 0
1.1875 0.5 0

1.1875 0.375 0
1.0625 0.5 0

1 0.4375 0
1.125 0.5625 0

1.125 0.4375 0
1 0.5625 0

1.0625 0.4375 0
1.1875 0.5625 0

1.1875 0.4375 0
1.0625 0.5625 0

1 0.5 0
1.125 0.625 0

1.125 0.5 0
1 0.625 0

1.0625 0.5 0
1.1875 0.625 0

1.1875 0.5 0
1.0625 0.625 0

1 0.5625 0
1.125 0.6875 0

1.125 0.5625 0
1 0.6875 0

1.0625 0.5625 0
1.1875 0.6875 0

1.1875 0.5625 0
1.0625 0.6875 0

1 0.625 0
1.125 0.75 0

1.125 0.625 0
1 0.75 0

1.0625 0.625 0
1.1875 0.75 0

1.1875 0.625 0
1.0625 0.75 0

1 0.6875 0
1.125 0.8125 0

1.125 0.6875 0
1 0.8125 0

1.0625 0.6875 0
1.1875 0.8125 0

1.1875 0.6875 0
1.0625 0.8125 0

1.5 1 0
2.5 2 0

2.5 1 0
1.5 2 0

1 1.5 0
2 2.5 0

2 1.5 0
1 2.5 0

1.5 1.5 0
2.5 2.5 0

2.5 1.5 0
1.5 2.5 0

0.25 -0.125 0
0.375 0 0

0.375 -0.125 0
0.25 0 0

0.3125 -0.125 0
0.4375 0 0

0.4375 -0.125 0
0.3125 0 0

0.25 -0.0625 0
0.375 0.0625 0

0.375 -0.0625 0
0.25 0.0625 0

0.3125 -0.0625 0
0.4375 0.0625 0

0.4375 -0.0625 0
0.3125 0.0625 0

0.375 -0.125 0
0.5 0 0

0.5 -0.125 0
0.375 0 0

0.4375 -0.125 0
0.5625 0 0

0.5625 -0.125 0
0.4375 0 0

0.375 -0.0625 0
0.5 0.0625 0

0.5 -0.0625 0
0.375 0.0625 0

0.4375 -0.0625 0
0.5625 0.0625 0

0.5625 -0.0625 0
0.4375 0.0625 0

0.5 -0.125 0
0.625 0 0

0.625 -0.125 0
0.5 0 0

0.5625 -0.125 0
0.6875 0 0

0.6875 -0.125 0
0.5625 0 0

0.5 -0.0625 0
0.625 0.0625 0

0.625 -0.0625 0
0.5 0.0625 0

0.5625 -0.0625 0
0.6875 0.0625 0

0.6875 -0.0625 0
0.5625 0.0625 0

0.625 -0.125 0
0.75 0 0

0.75 -0.125 0
0.625 0 0

0.6875 -0.125 0
0.8125 0 0

0.8125 -0.125 0
0.6875 0 0

0.625 -0.0625 0
0.75 0.0625 0

0.75 -0.0625 0
0.625 0.0625 0

0.6875 -0.0625 0
0.8125 0.0625 0

0.8125 -0.0625 0
0.6875 0.0625 0

0 2 0
1 3 0

1 2 0
0 3 0

0.5 2 0
1.5 3 0

1.5 2 0
0.5 3 0

0 2.5 0
1 3.5 0

1 2.5 0
0 3.5 0

0.5 2.5 0
1.5 3.5 0

1.5 2.5 0
0.5 3.5 0

-1 -1 0
0 0 0

0 -1 0
-1 0 0

-0.5 -1 0
0.5 0 0

0.5 -1 0
-0.5 0 0

-1 -0.5 0
0 0.5 0

0 -0.5 0
-1 0.5 0

-1 2 0
0 3 0

0 2 0
-1 3 0

-0.5 2 0
0.5 3 0

0.5 2 0
-0.5 3 0

-1 2.5 0
0 3.5 0

0 2.5 0
-1 3.5 0

-0.5 2.5 0
0.5 3.5 0

0.5 2.5 0
-0.5 3.5 0

1 -1 0
2 0 0

2 -1 0
1 0 0

1.5 -1 0
2.5 0 0

2.5 -1 0
1.5 0 0

1.5 -0.5 0
2.5 0.5 0

2.5 -0.5 0
1.5 0.5 0

1 2 0
2 3 0

2 2 0
1 3 0

1.5 2 0
2.5 3 0

2.5 2 0
1.5 3 0

1 2.5 0
2 3.5 0

2 2.5 0
1 3.5 0

1.5 2.5 0
2.5 3.5 0

2.5 2.5 0
1.5 3.5 0

-0.5 1 0
0 1.5 0

0 1 0
-0.5 1.5 0

-0.5 1.25 0
0 1.75 0

0 1.25 0
-0.5 1.75 0

-0.25 1.25 0
0.25 1.75 0

0.25 1.25 0
-0.25 1.75 0

1.25 1 0
1.75 1.5 0

1.75 1 0
1.25 1.5 0

1 1.25 0
1.5 1.75 0

1.5 1.25 0
1 1.75 0

1.25 1.25 0
1.75 1.75 0

1.75 1.25 0
1.25 1.75 0

-0.5 -0.5 0
0 0 0

0 -0.5 0
-0.5 0 0

-0.25 -0.5 0
0.25 0 0

0.25 -0.5 0
-0.25 0 0

-0.5 -0.25 0
0 0.25 0

0 -0.25 0
-0.5 0.25 0

1 -0.5 0
1.5 0 0

1.5 -0.5 0
1 0 0

1.25 -0.5 0
1.75 0 0

1.75 -0.5 0
1.25 0 0

1.25 -0.25 0
1.75 0.25 0

1.75 -0.25 0
1.25 0.25 0

-0.25 1 0
0 1.25 0

0 1 0
-0.25 1.25 0

-0.125 1 0
0.125 1.25 0

0.125 1 0
-0.125 1.25 0

-0.25 1.125 0
0 1.375 0

0 1.125 0
-0.25 1.375 0

-0.125 1.125 0
0.125 1.375 0

0.125 1.125 0
-0.125 1.375 0

1 1 0
1.25 1.25 0

1.25 1 0
1 1.25 0

1.125 1 0
1.375 1.25 0

1.375 1 0
1.125 1.25 0

1 1.125 0
1.25 1.375 0

1.25 1.125 0
1 1.375 0

1.125 1.125 0
1.375 1.375 0

1.375 1.125 0
1.125 1.375 0

-0.25 -0.25 0
0 0 0

0 -0.25 0
-0.25 0 0

-0.125 -0.25 0
0.125 0 0

0.125 -0.25 0
-0.125 0 0

-0.25 -0.125 0
0 0.125 0

0 -0.125 0
-0.25 0.125 0

-0.125 -0.125 0
0.125 0.125 0

0.125 -0.125 0
-0.125 0.125 0

1 -0.25 0
1.25 0 0

1.25 -0.25 0
1 0 0

1.125 -0.25 0
1.375 0 0

1.375 -0.25 0
1.125 0 0

1 -0.125 0
1.25 0.125 0

1.25 -0.125 0
1 0.125 0

1.125 -0.125 0
1.375 0.125 0

1.375 -0.125 0
1.125 0.125 0

