2 -1 0
4 1 0

4 -1 0
2 1 0

2 0 0
4 2 0

4 0 0
2 2 0

2 1 0
4 3 0

4 1 0
2 3 0

2 2 0
4 4 0

4 2 0
2 4 0

0 0 0
0.5 0.5 0

0.5 0 0
0 0.5 0

0.25 0 0
0.75 0.5 0

0.75 0 0
0.25 0.5 0

0 0.25 0
0.5 0.75 0

0.5 0.25 0
0 0.75 0

0.25 0.25 0
0.75 0.75 0

0.75 0.25 0
0.25 0.75 0

0.5 0 0
1 0.5 0

1 0 0
0.5 0.5 0

0.75 0 0
1.25 0.5 0

1.25 0 0
0.75 0.5 0

0.5 0.25 0
1 0.75 0

1 0.25 0
0.5 0.75 0

0.75 0.25 0
1.25 0.75 0

1.25 0.25 0
0.75 0.75 0

0 0.5 0
0.5 1 0

0.5 0.5 0
0 1 0

0.25 0.5 0
0.75 1 0

0.75 0.5 0
0.25 1 0

0 0.75 0
0.5 1.25 0

0.5 0.75 0
0 1.25 0

0.25 0.75 0
0.75 1.25 0

0.75 0.75 0
0.25 1.25 0

0.5 0.5 0
1 1 0

1 0.5 0
0.5 1 0

0.75 0.5 0
1.25 1 0

1.25 0.5 0
0.75 1 0

0.5 0.75 0
1 1.25 0

1 0.75 0
0.5 1.25 0

0.75 0.75 0
1.25 1.25 0

1.25 0.75 0
0.75 1.25 0

-1 1.5 0
0 2.5 0

0 1.5 0
-1 2.5 0

-0.5 1.5 0
0.5 2.5 0

0.5 1.5 0
-0.5 2.5 0

1.5 1 0
2.5 2 0

2.5 1 0
1.5 2 0

1 1.5 0
2 2.5 0

2 1.5 0
1 2.5 0

1.5 1.5 0
2.5 2.5 0

2.5 1.5 0
1.5 2.5 0

0 2 0
1 3 0

1 2 0
0 3 0

0.5 2 0
1.5 3 0

1.5 2 0
0.5 3 0

0 2.5 0
1 3.5 0

1 2.5 0
0 3.5 0

0.5 2.5 0
1.5 3.5 0

1.5 2.5 0
0.5 3.5 0

-1 2 0
0 3 0

0 2 0
-1 3 0

-0.5 2 0
0.5 3 0

0.5 2 0
-0.5 3 0

-1 2.5 0
0 3.5 0

0 2.5 0
-1 3.5 0

-0.5 2.5 0
0.5 3.5 0

0.5 2.5 0
-0.5 3.5 0

1 -1 0
2 0 0

2 -1 0
1 0 0

1.5 -1 0
2.5 0 0

2.5 -1 0
1.5 0 0

1.5 -0.5 0
2.5 0.5 0

2.5 -0.5 0
1.5 0.5 0

1 2 0
2 3 0

2 2 0
1 3 0

1.5 2 0
2.5 3 0

2.5 2 0
1.5 3 0

1 2.5 0
2 3.5 0

2 2.5 0
1 3.5 0

1.5 2.5 0
2.5 3.5 0

2.5 2.5 0
1.5 3.5 0

-0.5 1 0
0 1.5 0

0 1 0
-0.5 1.5 0

-0.25 1 0
0.25 1.5 0

0.25 1 0
-0.25 1.5 0

-0.5 1.25 0
0 1.75 0

0 1.25 0
-0.5 1.75 0

-0.25 1.25 0
0.25 1.75 0

0.25 1.25 0
-0.25 1.75 0

1 1 0
1.5 1.5 0

1.5 1 0
1 1.5 0

1.25 1 0
1.75 1.5 0

1.75 1 0
1.25 1.5 0

1 1.25 0
1.5 1.75 0

1.5 1.25 0
1 1.75 0

1.25 1.25 0
1.75 1.75 0

1.75 1.25 0
1.25 1.75 0

-0.5 -0.5 0.1161
0 0 0.1161

0 -0.5 0.1161
-0.5 0 0.1161

-0.25 -0.5 0
0.25 0 0

0.25 -0.5 0
-0.25 0 0

-0.5 -0.25 0.907374
0 0.25 0.907374

0 -0.25 0.907374
-0.5 0.25 0.907374

-0.25 -0.25 0.0721117
0.25 0.25 0.0721117

0.25 -0.25 0.0721117
-0.25 0.25 0.0721117

1 -0.5 0
1.5 0 0

1.5 -0.5 0
1 0 0

1.25 -0.5 0
1.75 0 0

1.75 -0.5 0
1.25 0 0

1 -0.25 0
1.5 0.25 0

1.5 -0.25 0
1 0.25 0

1.25 -0.25 0
1.75 0.25 0

1.75 -0.25 0
1.25 0.25 0

0 1 0
0.5 1.5 0

0.5 1 0
0 1.5 0

0.25 1 0
0.75 1.5 0

0.75 1 0
0.25 1.5 0

0 1.25 0
0.5 1.75 0

0.5 1.25 0
0 1.75 0

0.25 1.25 0
0.75 1.75 0

0.75 1.25 0
0.25 1.75 0

-0.5 0.5 0
0 1 0

0 0.5 0
-0.5 1 0

-0.25 0.5 0
0.25 1 0

0.25 0.5 0
-0.25 1 0

-0.5 0.75 0
0 1.25 0

0 0.75 0
-0.5 1.25 0

-0.25 0.75 0
0.25 1.25 0

0.25 0.75 0
-0.25 1.25 0

1 0 0
1.5 0.5 0

1.5 0 0
1 0.5 0

1.25 0 0
1.75 0.5 0

1.75 0 0
1.25 0.5 0

1 0.25 0
1.5 0.75 0

1.5 0.25 0
1 0.75 0

1.25 0.25 0
1.75 0.75 0

1.75 0.25 0
1.25 0.75 0

0.5 -0.5 0
1 0 0

1 -0.5 0
0.5 0 0

0.75 -0.5 0
1.25 0 0

1.25 -0.5 0
0.75 0 0

0.5 -0.25 0
1 0.25 0

1 -0.25 0
0.5 0.25 0

0.75 -0.25 0
1.25 0.25 0

1.25 -0.25 0
0.75 0.25 0

1.5 0 0
2.5 1 0

2.5 0 0
1.5 1 0

1.5 0.5 0
2.5 1.5 0

2.5 0.5 0
1.5 1.5 0

1 0.5 0
1.5 1 0

1.5 0.5 0
1 1 0

1.25 0.5 0
1.75 1 0

1.75 0.5 0
1.25 1 0

1 0.75 0
1.5 1.25 0

1.5 0.75 0
1 1.25 0

1.25 0.75 0
1.75 1.25 0

1.75 0.75 0
1.25 1.25 0

0 1.5 0
1 2.5 0

1 1.5 0
0 2.5 0

0.5 1.5 0
1.5 2.5 0

1.5 1.5 0
0.5 2.5 0

0.5 1 0
1 1.5 0

1 1 0
0.5 1.5 0

0.75 1 0
1.25 1.5 0

1.25 1 0
0.75 1.5 0

0.5 1.25 0
1 1.75 0

1 1.25 0
0.5 1.75 0

0.75 1.25 0
1.25 1.75 0

1.25 1.25 0
0.75 1.75 0

0 -0.5 0
0.5 0 0

0.5 -0.5 0
0 0 0

0.25 -0.5 0
0.75 0 0

0.75 -0.5 0
0.25 0 0

0 -0.25 0
0.5 0.25 0

0.5 -0.25 0
0 0.25 0

0.25 -0.25 0
0.75 0.25 0

0.75 -0.25 0
0.25 0.25 0

-0.5 0 0.993057
0 0.5 0.993057

0 0 0.993057
-0.5 0.5 0.993057

-0.25 0 0.0691569
0.25 0.5 0.0691569

0.25 0 0.0691569
-0.25 0.5 0.0691569

-0.5 0.25 0.359026
0 0.75 0.359026

0 0.25 0.359026
-0.5 0.75 0.359026

-0.25 0.25 0
0.25 0.75 0

0.25 0.25 0
-0.25 0.75 0

-1 0.5 0
-0.5 1 0

-0.5 0.5 0
-1 1 0

-0.75 0.5 0
-0.25 1 0

-0.25 0.5 0
-0.75 1 0

-1 0.75 0
-0.5 1.25 0

-0.5 0.75 0
-1 1.25 0

-0.75 0.75 0
-0.25 1.25 0

-0.25 0.75 0
-0.75 1.25 0

-1 0 0.954282
-0.5 0.5 0.954282

-0.5 0 0.954282
-1 0.5 0.954282

-0.75 0 1
-0.25 0.5 1

-0.25 0 1
-0.75 0.5 1

-1 0.25 0.231415
-0.5 0.75 0.231415

-0.5 0.25 0.231415
-1 0.75 0.231415

-0.75 0.25 0.751676
-0.25 0.75 0.751676

-0.25 0.25 0.751676
-0.75 0.75 0.751676

-1 1 0
-0.5 1.5 0

-0.5 1 0
-1 1.5 0

-0.75 1 0
-0.25 1.5 0

-0.25 1 0
-0.75 1.5 0

-1 1.25 0
-0.5 1.75 0

-0.5 1.25 0
-1 1.75 0

-0.75 1.25 0
-0.25 1.75 0

-0.25 1.25 0
-0.75 1.75 0

-1 -0.5 0.0714387
-0.5 0 0.0714387

-0.5 -0.5 0.0714387
-1 0 0.0714387

-0.75 -0.5 0.303194
-0.25 0 0.303194

-0.25 -0.5 0.303194
-0.75 0 0.303194

-1 -0.25 0.816708
-0.5 0.25 0.816708

-0.5 -0.25 0.816708
-1 0.25 0.816708

-0.75 -0.25 1
-0.25 0.25 1

-0.25 -0.25 1
-0.75 0.25 1

-1 -1 0
-0.5 -0.5 0

-0.5 -1 0
-1 -0.5 0

-0.75 -1 0
-0.25 -0.5 0

-0.25 -1 0
-0.75 -0.5 0

-1 -0.75 0
-0.5 -0.25 0

-0.5 -0.75 0
-1 -0.25 0

-0.75 -0.75 0
-0.25 -0.25 0

-0.25 -0.75 0
-0.75 -0.25 0

-0.5 -1 0
0 -0.5 0

0 -1 0
-0.5 -0.5 0

-0.25 -1 0
0.25 -0.5 0

0.25 -1 0
-0.25 -0.5 0

-0.5 -0.75 0
0 -0.25 0

0 -0.75 0
-0.5 -0.25 0

-0.25 -0.75 0
0.25 -0.25 0

0.25 -0.75 0
-0.25 -0.25 0

0 -1 0
0.5 -0.5 0

0.5 -1 0
0 -0.5 0

0.25 -1 0
0.75 -0.5 0

0.75 -1 0
0.25 -0.5 0

0 -0.75 0
0.5 -0.25 0

0.5 -0.75 0
0 -0.25 0

0.25 -0.75 0
0.75 -0.25 0

0.75 -0.75 0
0.25 -0.25 0

0.5 -1 0
1 -0.5 0

1 -1 0
0.5 -0.5 0

0.75 -1 0
1.25 -0.5 0

1.25 -1 0
0.75 -0.5 0

0.5 -0.75 0
1 -0.25 0

1 -0.75 0
0.5 -0.25 0

0.75 -0.75 0
1.25 -0.25 0

1.25 -0.75 0
0.75 -0.25 0

