2 -1 0
4 1 0

4 -1 0
2 1 0

2 0 0
4 2 0

4 0 0
2 2 0

2 1 0
4 3 0

4 1 0
2 3 0

2 2 0
4 4 0

4 2 0
2 4 0

0 0 0
0.5 0.5 0

0.5 0 0
0 0.5 0

0.25 0 0
0.75 0.5 0

0.75 0 0
0.25 0.5 0

0 0.25 0
0.5 0.75 0

0.5 0.25 0
0 0.75 0

0.25 0.25 0
0.75 0.75 0

0.75 0.25 0
0.25 0.75 0

0.5 0 0
1 0.5 0

1 0 0
0.5 0.5 0

0.75 0 0
1.25 0.5 0

1.25 0 0
0.75 0.5 0

0.5 0.25 0
1 0.75 0

1 0.25 0
0.5 0.75 0

0.75 0.25 0
1.25 0.75 0

1.25 0.25 0
0.75 0.75 0

0 0.5 0
0.5 1 0

0.5 0.5 0
0 1 0

0.25 0.5 0
0.75 1 0

0.75 0.5 0
0.25 1 0

0 0.75 0
0.5 1.25 0

0.5 0.75 0
0 1.25 0

0.25 0.75 0
0.75 1.25 0

0.75 0.75 0
0.25 1.25 0

0.5 0.5 0
1 1 0

1 0.5 0
0.5 1 0

0.75 0.5 0
1.25 1 0

1.25 0.5 0
0.75 1 0

0.5 0.75 0
1 1.25 0

1 0.75 0
0.5 1.25 0

0.75 0.75 0
1.25 1.25 0

1.25 0.75 0
0.75 1.25 0

-1 1.5 0
0 2.5 0

0 1.5 0
-1 2.5 0

-0.5 1.5 0
0.5 2.5 0

0.5 1.5 0
-0.5 2.5 0

1.5 1 0
2.5 2 0

2.5 1 0
1.5 2 0

1 1.5 0
2 2.5 0

2 1.5 0
1 2.5 0

1.5 1.5 0
2.5 2.5 0

2.5 1.5 0
1.5 2.5 0

0 2 0
1 3 0

1 2 0
0 3 0

0.5 2 0
1.5 3 0

1.5 2 0
0.5 3 0

0 2.5 0
1 3.5 0

1 2.5 0
0 3.5 0

0.5 2.5 0
1.5 3.5 0

1.5 2.5 0
0.5 3.5 0

-1 2 0
0 3 0

0 2 0
-1 3 0

-0.5 2 0
0.5 3 0

0.5 2 0
-0.5 3 0

-1 2.5 0
0 3.5 0

0 2.5 0
-1 3.5 0

-0.5 2.5 0
0.5 3.5 0

0.5 2.5 0
-0.5 3.5 0

1 -1 0
2 0 0

2 -1 0
1 0 0

1.5 -1 0
2.5 0 0

2.5 -1 0
1.5 0 0

1.5 -0.5 0
2.5 0.5 0

2.5 -0.5 0
1.5 0.5 0

1 2 0
2 3 0

2 2 0
1 3 0

1.5 2 0
2.5 3 0

2.5 2 0
1.5 3 0

1 2.5 0
2 3.5 0

2 2.5 0
1 3.5 0

1.5 2.5 0
2.5 3.5 0

2.5 2.5 0
1.5 3.5 0

-0.5 1 0
0 1.5 0

0 1 0
-0.5 1.5 0

-0.25 1 0
0.25 1.5 0

0.25 1 0
-0.25 1.5 0

-0.5 1.25 0
0 1.75 0

0 1.25 0
-0.5 1.75 0

-0.25 1.25 0
0.25 1.75 0

0.25 1.25 0
-0.25 1.75 0

1 1 0
1.5 1.5 0

1.5 1 0
1 1.5 0

1.25 1 0
1.75 1.5 0

1.75 1 0
1.25 1.5 0

1 1.25 0
1.5 1.75 0

1.5 1.25 0
1 1.75 0

1.25 1.25 0
1.75 1.75 0

1.75 1.25 0
1.25 1.75 0

-0.5 -0.5 0
0 0 0

0 -0.5 0
-0.5 0 0

-0.25 -0.5 0.208158
0.25 0 0.208158

0.25 -0.5 0.208158
-0.25 0 0.208158

-0.5 -0.25 0
0 0.25 0

0 -0.25 0
-0.5 0.25 0

-0.25 -0.25 0
0.25 0.25 0

0.25 -0.25 0
-0.25 0.25 0

1 -0.5 0
1.5 0 0

1.5 -0.5 0
1 0 0

1.25 -0.5 0
1.75 0 0

1.75 -0.5 0
1.25 0 0

1 -0.25 0
1.5 0.25 0

1.5 -0.25 0
1 0.25 0

1.25 -0.25 0
1.75 0.25 0

1.75 -0.25 0
1.25 0.25 0

0 1 0
0.5 1.5 0

0.5 1 0
0 1.5 0

0.25 1 0
0.75 1.5 0

0.75 1 0
0.25 1.5 0

0 1.25 0
0.5 1.75 0

0.5 1.25 0
0 1.75 0

0.25 1.25 0
0.75 1.75 0

0.75 1.25 0
0.25 1.75 0

-0.5 0.5 0
0 1 0

0 0.5 0
-0.5 1 0

-0.25 0.5 0
0.25 1 0

0.25 0.5 0
-0.25 1 0

-0.5 0.75 0
0 1.25 0

0 0.75 0
-0.5 1.25 0

-0.25 0.75 0
0.25 1.25 0

0.25 0.75 0
-0.25 1.25 0

1 0 0
1.5 0.5 0

1.5 0 0
1 0.5 0

1.25 0 0
1.75 0.5 0

1.75 0 0
1.25 0.5 0

1 0.25 0
1.5 0.75 0

1.5 0.25 0
1 0.75 0

1.25 0.25 0
1.75 0.75 0

1.75 0.25 0
1.25 0.75 0

0.5 -0.5 0.405387
1 0 0.405387

1 -0.5 0.405387
0.5 0 0.405387

0.75 -0.5 0
1.25 0 0

1.25 -0.5 0
0.75 0 0

0.5 -0.25 0.0226836
1 0.25 0.0226836

1 -0.25 0.0226836
0.5 0.25 0.0226836

0.75 -0.25 0
1.25 0.25 0

1.25 -0.25 0
0.75 0.25 0

1.5 0 0
2.5 1 0

2.5 0 0
1.5 1 0

1.5 0.5 0
2.5 1.5 0

2.5 0.5 0
1.5 1.5 0

1 0.5 0
1.5 1 0

1.5 0.5 0
1 1 0

1.25 0.5 0
1.75 1 0

1.75 0.5 0
1.25 1 0

1 0.75 0
1.5 1.25 0

1.5 0.75 0
1 1.25 0

1.25 0.75 0
1.75 1.25 0

1.75 0.75 0
1.25 1.25 0

0 1.5 0
1 2.5 0

1 1.5 0
0 2.5 0

0.5 1.5 0
1.5 2.5 0

1.5 1.5 0
0.5 2.5 0

0.5 1 0
1 1.5 0

1 1 0
0.5 1.5 0

0.75 1 0
1.25 1.5 0

1.25 1 0
0.75 1.5 0

0.5 1.25 0
1 1.75 0

1 1.25 0
0.5 1.75 0

0.75 1.25 0
1.25 1.75 0

1.25 1.25 0
0.75 1.75 0

0 -0.5 0.997332
0.5 0 0.997332

0.5 -0.5 0.997332
0 0 0.997332

0.25 -0.5 1
0.75 0 1

0.75 -0.5 1
0.25 0 1

0 -0.25 0.286064
0.5 0.25 0.286064

0.5 -0.25 0.286064
0 0.25 0.286064

0.25 -0.25 0.368581
0.75 0.25 0.368581

0.75 -0.25 0.368581
0.25 0.25 0.368581

-0.5 0 0
0 0.5 0

0 0 0
-0.5 0.5 0

-0.25 0 0
0.25 0.5 0

0.25 0 0
-0.25 0.5 0

-0.5 0.25 0
0 0.75 0

0 0.25 0
-0.5 0.75 0

-0.25 0.25 0
0.25 0.75 0

0.25 0.25 0
-0.25 0.75 0

-1 0.5 0
-0.5 1 0

-0.5 0.5 0
-1 1 0

-0.75 0.5 0
-0.25 1 0

-0.25 0.5 0
-0.75 1 0

-1 0.75 0
-0.5 1.25 0

-0.5 0.75 0
-1 1.25 0

-0.75 0.75 0
-0.25 1.25 0

-0.25 0.75 0
-0.75 1.25 0

-1 0 0
-0.5 0.5 0

-0.5 0 0
-1 0.5 0

-0.75 0 0
-0.25 0.5 0

-0.25 0 0
-0.75 0.5 0

-1 0.25 0
-0.5 0.75 0

-0.5 0.25 0
-1 0.75 0

-0.75 0.25 0
-0.25 0.75 0

-0.25 0.25 0
-0.75 0.75 0

-1 1 0
-0.5 1.5 0

-0.5 1 0
-1 1.5 0

-0.75 1 0
-0.25 1.5 0

-0.25 1 0
-0.75 1.5 0

-1 1.25 0
-0.5 1.75 0

-0.5 1.25 0
-1 1.75 0

-0.75 1.25 0
-0.25 1.75 0

-0.25 1.25 0
-0.75 1.75 0

-1 -0.5 0
-0.5 0 0

-0.5 -0.5 0
-1 0 0

-0.75 -0.5 0
-0.25 0 0

-0.25 -0.5 0
-0.75 0 0

-1 -0.25 0
-0.5 0.25 0

-0.5 -0.25 0
-1 0.25 0

-0.75 -0.25 0
-0.25 0.25 0

-0.25 -0.25 0
-0.75 0.25 0

-1 -1 0
-0.5 -0.5 0

-0.5 -1 0
-1 -0.5 0

-0.75 -1 0
-0.25 -0.5 0

-0.25 -1 0
-0.75 -0.5 0

-1 -0.75 0
-0.5 -0.25 0

-0.5 -0.75 0
-1 -0.25 0

-0.75 -0.75 0
-0.25 -0.25 0

-0.25 -0.75 0
-0.75 -0.25 0

-0.5 -1 0
0 -0.5 0

0 -1 0
-0.5 -0.5 0

-0.25 -1 0.0624979
0.25 -0.5 0.0624979

0.25 -1 0.0624979
-0.25 -0.5 0.0624979

-0.5 -0.75 0
0 -0.25 0

0 -0.75 0
-0.5 -0.25 0

-0.25 -0.75 0.455368
0.25 -0.25 0.455368

0.25 -0.75 0.455368
-0.25 -0.25 0.455368

0 -1 0.635381
0.5 -0.5 0.635381

0.5 -1 0.635381
0 -0.5 0.635381

0.25 -1 0.61701
0.75 -0.5 0.61701

0.75 -1 0.61701
0.25 -0.5 0.61701

0 -0.75 1
0.5 -0.25 1

0.5 -0.75 1
0 -0.25 1

0.25 -0.75 1
0.75 -0.25 1

0.75 -0.75 1
0.25 -0.25 1

0.5 -1 0.0360125
1 -0.5 0.0360125

1 -1 0.0360125
0.5 -0.5 0.0360125

0.75 -1 0
1.25 -0.5 0

1.25 -1 0
0.75 -0.5 0

0.5 -0.75 0.432177
1 -0.25 0.432177

1 -0.75 0.432177
0.5 -0.25 0.432177

0.75 -0.75 0
1.25 -0.25 0

1.25 -0.75 0
0.75 -0.25 0

