2 -1 0
4 1 0

4 -1 0
2 1 0

2 0 0
4 2 0

4 0 0
2 2 0

2 1 0
4 3 0

4 1 0
2 3 0

2 2 0
4 4 0

4 2 0
2 4 0

0 0 0
0.5 0.5 0

0.5 0 0
0 0.5 0

0.25 0 0
0.75 0.5 0

0.75 0 0
0.25 0.5 0

0 0.25 0
0.5 0.75 0

0.5 0.25 0
0 0.75 0

0.25 0.25 0
0.75 0.75 0

0.75 0.25 0
0.25 0.75 0

0.5 0 0
1 0.5 0

1 0 0
0.5 0.5 0

0.75 0 0
1.25 0.5 0

1.25 0 0
0.75 0.5 0

0.5 0.25 0
1 0.75 0

1 0.25 0
0.5 0.75 0

0.75 0.25 0
1.25 0.75 0

1.25 0.25 0
0.75 0.75 0

0 0.5 0
0.5 1 0

0.5 0.5 0
0 1 0

0.25 0.5 0
0.75 1 0

0.75 0.5 0
0.25 1 0

0 0.75 0
0.5 1.25 0

0.5 0.75 0
0 1.25 0

0.25 0.75 0
0.75 1.25 0

0.75 0.75 0
0.25 1.25 0

0.5 0.5 0
1 1 0

1 0.5 0
0.5 1 0

0.75 0.5 0
1.25 1 0

1.25 0.5 0
0.75 1 0

0.5 0.75 0
1 1.25 0

1 0.75 0
0.5 1.25 0

0.75 0.75 0
1.25 1.25 0

1.25 0.75 0
0.75 1.25 0

-1 1.5 0
0 2.5 0

0 1.5 0
-1 2.5 0

-0.5 1.5 0
0.5 2.5 0

0.5 1.5 0
-0.5 2.5 0

1.5 1 0
2.5 2 0

2.5 1 0
1.5 2 0

1 1.5 0
2 2.5 0

2 1.5 0
1 2.5 0

1.5 1.5 0
2.5 2.5 0

2.5 1.5 0
1.5 2.5 0

0 2 0
1 3 0

1 2 0
0 3 0

0.5 2 0
1.5 3 0

1.5 2 0
0.5 3 0

0 2.5 0
1 3.5 0

1 2.5 0
0 3.5 0

0.5 2.5 0
1.5 3.5 0

1.5 2.5 0
0.5 3.5 0

-1 2 0
0 3 0

0 2 0
-1 3 0

-0.5 2 0
0.5 3 0

0.5 2 0
-0.5 3 0

-1 2.5 0
0 3.5 0

0 2.5 0
-1 3.5 0

-0.5 2.5 0
0.5 3.5 0

0.5 2.5 0
-0.5 3.5 0

1 -1 0
2 0 0

2 -1 0
1 0 0

1.5 -1 0
2.5 0 0

2.5 -1 0
1.5 0 0

1.5 -0.5 0
2.5 0.5 0

2.5 -0.5 0
1.5 0.5 0

1 2 0
2 3 0

2 2 0
1 3 0

1.5 2 0
2.5 3 0

2.5 2 0
1.5 3 0

1 2.5 0
2 3.5 0

2 2.5 0
1 3.5 0

1.5 2.5 0
2.5 3.5 0

2.5 2.5 0
1.5 3.5 0

-0.5 1 0
0 1.5 0

0 1 0
-0.5 1.5 0

-0.25 1 0
0.25 1.5 0

0.25 1 0
-0.25 1.5 0

-0.5 1.25 0
0 1.75 0

0 1.25 0
-0.5 1.75 0

-0.25 1.25 0
0.25 1.75 0

0.25 1.25 0
-0.25 1.75 0

1 1 0
1.5 1.5 0

1.5 1 0
1 1.5 0

1.25 1 0
1.75 1.5 0

1.75 1 0
1.25 1.5 0

1 1.25 0
1.5 1.75 0

1.5 1.25 0
1 1.75 0

1.25 1.25 0
1.75 1.75 0

1.75 1.25 0
1.25 1.75 0

-0.5 -0.5 0.287394
0 0 0.287394

0 -0.5 0.287394
-0.5 0 0.287394

-0.25 -0.5 0
0.25 0 0

0.25 -0.5 0
-0.25 0 0

-0.5 -0.25 0.968677
0 0.25 0.968677

0 -0.25 0.968677
-0.5 0.25 0.968677

-0.25 -0.25 0.0975764
0.25 0.25 0.0975764

0.25 -0.25 0.0975764
-0.25 0.25 0.0975764

1 -0.5 0
1.5 0 0

1.5 -0.5 0
1 0 0

1.25 -0.5 0
1.75 0 0

1.75 -0.5 0
1.25 0 0

1 -0.25 0
1.5 0.25 0

1.5 -0.25 0
1 0.25 0

1.25 -0.25 0
1.75 0.25 0

1.75 -0.25 0
1.25 0.25 0

0 1 0
0.5 1.5 0

0.5 1 0
0 1.5 0

0.25 1 0
0.75 1.5 0

0.75 1 0
0.25 1.5 0

0 1.25 0
0.5 1.75 0

0.5 1.25 0
0 1.75 0

0.25 1.25 0
0.75 1.75 0

0.75 1.25 0
0.25 1.75 0

-0.5 0.5 0
0 1 0

0 0.5 0
-0.5 1 0

-0.25 0.5 0
0.25 1 0

0.25 0.5 0
-0.25 1 0

-0.5 0.75 0
0 1.25 0

0 0.75 0
-0.5 1.25 0

-0.25 0.75 0
0.25 1.25 0

0.25 0.75 0
-0.25 1.25 0

1 0 0
1.5 0.5 0

1.5 0 0
1 0.5 0

1.25 0 0
1.75 0.5 0

1.75 0 0
1.25 0.5 0

1 0.25 0
1.5 0.75 0

1.5 0.25 0
1 0.75 0

1.25 0.25 0
1.75 0.75 0

1.75 0.25 0
1.25 0.75 0

0.5 -0.5 0
1 0 0

1 -0.5 0
0.5 0 0

0.75 -0.5 0
1.25 0 0

1.25 -0.5 0
0.75 0 0

0.5 -0.25 0
1 0.25 0

1 -0.25 0
0.5 0.25 0

0.75 -0.25 0
1.25 0.25 0

1.25 -0.25 0
0.75 0.25 0

1.5 0 0
2.5 1 0

2.5 0 0
1.5 1 0

1.5 0.5 0
2.5 1.5 0

2.5 0.5 0
1.5 1.5 0

1 0.5 0
1.5 1 0

1.5 0.5 0
1 1 0

1.25 0.5 0
1.75 1 0

1.75 0.5 0
1.25 1 0

1 0.75 0
1.5 1.25 0

1.5 0.75 0
1 1.25 0

1.25 0.75 0
1.75 1.25 0

1.75 0.75 0
1.25 1.25 0

0 1.5 0
1 2.5 0

1 1.5 0
0 2.5 0

0.5 1.5 0
1.5 2.5 0

1.5 1.5 0
0.5 2.5 0

0.5 1 0
1 1.5 0

1 1 0
0.5 1.5 0

0.75 1 0
1.25 1.5 0

1.25 1 0
0.75 1.5 0

0.5 1.25 0
1 1.75 0

1 1.25 0
0.5 1.75 0

0.75 1.25 0
1.25 1.75 0

1.25 1.25 0
0.75 1.75 0

0 -0.5 0
0.5 0 0

0.5 -0.5 0
0 0 0

0.25 -0.5 0
0.75 0 0

0.75 -0.5 0
0.25 0 0

0 -0.25 0
0.5 0.25 0

0.5 -0.25 0
0 0.25 0

0.25 -0.25 0
0.75 0.25 0

0.75 -0.25 0
0.25 0.25 0

-0.5 0 0.916874
0 0.5 0.916874

0 0 0.916874
-0.5 0.5 0.916874

-0.25 0 0.0154022
0.25 0.5 0.0154022

0.25 0 0.0154022
-0.25 0.5 0.0154022

-0.5 0.25 0.127622
0 0.75 0.127622

0 0.25 0.127622
-0.5 0.75 0.127622

-0.25 0.25 0
0.25 0.75 0

0.25 0.25 0
-0.25 0.75 0

-1 0.5 0
-0.5 1 0

-0.5 0.5 0
-1 1 0

-0.75 0.5 0
-0.25 1 0

-0.25 0.5 0
-0.75 1 0

-1 0.75 0
-0.5 1.25 0

-0.5 0.75 0
-1 1.25 0

-0.75 0.75 0
-0.25 1.25 0

-0.25 0.75 0
-0.75 1.25 0

-1 0 0.832944
-0.5 0.5 0.832944

-0.5 0 0.832944
-1 0.5 0.832944

-0.75 0 1
-0.25 0.5 1

-0.25 0 1
-0.75 0.5 1

-1 0.25 0.064545
-0.5 0.75 0.064545

-0.5 0.25 0.064545
-1 0.75 0.064545

-0.75 0.25 0.448756
-0.25 0.75 0.448756

-0.25 0.25 0.448756
-0.75 0.75 0.448756

-1 1 0
-0.5 1.5 0

-0.5 1 0
-1 1.5 0

-0.75 1 0
-0.25 1.5 0

-0.25 1 0
-0.75 1.5 0

-1 1.25 0
-0.5 1.75 0

-0.5 1.25 0
-1 1.75 0

-0.75 1.25 0
-0.25 1.75 0

-0.25 1.25 0
-0.75 1.75 0

-1 -0.5 0.226534
-0.5 0 0.226534

-0.5 -0.5 0.226534
-1 0 0.226534

-0.75 -0.5 0.562039
-0.25 0 0.562039

-0.25 -0.5 0.562039
-0.75 0 0.562039

-1 -0.25 0.933089
-0.5 0.25 0.933089

-0.5 -0.25 0.933089
-1 0.25 0.933089

-0.75 -0.25 1
-0.25 0.25 1

-0.25 -0.25 1
-0.75 0.25 1

-1 -1 0
-0.5 -0.5 0

-0.5 -1 0
-1 -0.5 0

-0.75 -1 0
-0.25 -0.5 0

-0.25 -1 0
-0.75 -0.5 0

-1 -0.75 0
-0.5 -0.25 0

-0.5 -0.75 0
-1 -0.25 0

-0.75 -0.75 0
-0.25 -0.25 0

-0.25 -0.75 0
-0.75 -0.25 0

-0.5 -1 0
0 -0.5 0

0 -1 0
-0.5 -0.5 0

-0.25 -1 0
0.25 -0.5 0

0.25 -1 0
-0.25 -0.5 0

-0.5 -0.75 0
0 -0.25 0

0 -0.75 0
-0.5 -0.25 0

-0.25 -0.75 0
0.25 -0.25 0

0.25 -0.75 0
-0.25 -0.25 0

0 -1 0
0.5 -0.5 0

0.5 -1 0
0 -0.5 0

0.25 -1 0
0.75 -0.5 0

0.75 -1 0
0.25 -0.5 0

0 -0.75 0
0.5 -0.25 0

0.5 -0.75 0
0 -0.25 0

0.25 -0.75 0
0.75 -0.25 0

0.75 -0.75 0
0.25 -0.25 0

0.5 -1 0
1 -0.5 0

1 -1 0
0.5 -0.5 0

0.75 -1 0
1.25 -0.5 0

1.25 -1 0
0.75 -0.5 0

0.5 -0.75 0
1 -0.25 0

1 -0.75 0
0.5 -0.25 0

0.75 -0.75 0
1.25 -0.25 0

1.25 -0.75 0
0.75 -0.25 0

