2 -1 0
4 1 0

4 -1 0
2 1 0

2 0 0
4 2 0

4 0 0
2 2 0

2 1 0
4 3 0

4 1 0
2 3 0

2 2 0
4 4 0

4 2 0
2 4 0

0 0 0
0.5 0.5 0

0.5 0 0
0 0.5 0

0.25 0 0
0.75 0.5 0

0.75 0 0
0.25 0.5 0

0 0.25 0
0.5 0.75 0

0.5 0.25 0
0 0.75 0

0.25 0.25 0
0.75 0.75 0

0.75 0.25 0
0.25 0.75 0

0.5 0 0
1 0.5 0

1 0 0
0.5 0.5 0

0.75 0 0
1.25 0.5 0

1.25 0 0
0.75 0.5 0

0.5 0.25 0
1 0.75 0

1 0.25 0
0.5 0.75 0

0.75 0.25 0
1.25 0.75 0

1.25 0.25 0
0.75 0.75 0

0 0.5 0
0.5 1 0

0.5 0.5 0
0 1 0

0.25 0.5 0
0.75 1 0

0.75 0.5 0
0.25 1 0

0 0.75 0
0.5 1.25 0

0.5 0.75 0
0 1.25 0

0.25 0.75 0
0.75 1.25 0

0.75 0.75 0
0.25 1.25 0

0.5 0.5 0
1 1 0

1 0.5 0
0.5 1 0

0.75 0.5 0
1.25 1 0

1.25 0.5 0
0.75 1 0

0.5 0.75 0
1 1.25 0

1 0.75 0
0.5 1.25 0

0.75 0.75 0
1.25 1.25 0

1.25 0.75 0
0.75 1.25 0

-1 1.5 0
0 2.5 0

0 1.5 0
-1 2.5 0

-0.5 1.5 0
0.5 2.5 0

0.5 1.5 0
-0.5 2.5 0

1.5 1 0
2.5 2 0

2.5 1 0
1.5 2 0

1 1.5 0
2 2.5 0

2 1.5 0
1 2.5 0

1.5 1.5 0
2.5 2.5 0

2.5 1.5 0
1.5 2.5 0

0 2 0
1 3 0

1 2 0
0 3 0

0.5 2 0
1.5 3 0

1.5 2 0
0.5 3 0

0 2.5 0
1 3.5 0

1 2.5 0
0 3.5 0

0.5 2.5 0
1.5 3.5 0

1.5 2.5 0
0.5 3.5 0

-1 2 0
0 3 0

0 2 0
-1 3 0

-0.5 2 0
0.5 3 0

0.5 2 0
-0.5 3 0

-1 2.5 0
0 3.5 0

0 2.5 0
-1 3.5 0

-0.5 2.5 0
0.5 3.5 0

0.5 2.5 0
-0.5 3.5 0

1 -1 0
2 0 0

2 -1 0
1 0 0

1.5 -1 0
2.5 0 0

2.5 -1 0
1.5 0 0

1.5 -0.5 0
2.5 0.5 0

2.5 -0.5 0
1.5 0.5 0

1 2 0
2 3 0

2 2 0
1 3 0

1.5 2 0
2.5 3 0

2.5 2 0
1.5 3 0

1 2.5 0
2 3.5 0

2 2.5 0
1 3.5 0

1.5 2.5 0
2.5 3.5 0

2.5 2.5 0
1.5 3.5 0

-0.5 1 0
0 1.5 0

0 1 0
-0.5 1.5 0

-0.25 1 0
0.25 1.5 0

0.25 1 0
-0.25 1.5 0

-0.5 1.25 0
0 1.75 0

0 1.25 0
-0.5 1.75 0

-0.25 1.25 0
0.25 1.75 0

0.25 1.25 0
-0.25 1.75 0

1 1 0
1.5 1.5 0

1.5 1 0
1 1.5 0

1.25 1 0
1.75 1.5 0

1.75 1 0
1.25 1.5 0

1 1.25 0
1.5 1.75 0

1.5 1.25 0
1 1.75 0

1.25 1.25 0
1.75 1.75 0

1.75 1.25 0
1.25 1.75 0

-0.5 -0.5 1
0 0 1

0 -0.5 1
-0.5 0 1

-0.25 -0.5 0.701956
0.25 0 0.701956

0.25 -0.5 0.701956
-0.25 0 0.701956

-0.5 -0.25 0.757918
0 0.25 0.757918

0 -0.25 0.757918
-0.5 0.25 0.757918

-0.25 -0.25 0.260046
0.25 0.25 0.260046

0.25 -0.25 0.260046
-0.25 0.25 0.260046

1 -0.5 0
1.5 0 0

1.5 -0.5 0
1 0 0

1.25 -0.5 0
1.75 0 0

1.75 -0.5 0
1.25 0 0

1 -0.25 0
1.5 0.25 0

1.5 -0.25 0
1 0.25 0

1.25 -0.25 0
1.75 0.25 0

1.75 -0.25 0
1.25 0.25 0

0 1 0
0.5 1.5 0

0.5 1 0
0 1.5 0

0.25 1 0
0.75 1.5 0

0.75 1 0
0.25 1.5 0

0 1.25 0
0.5 1.75 0

0.5 1.25 0
0 1.75 0

0.25 1.25 0
0.75 1.75 0

0.75 1.25 0
0.25 1.75 0

-0.5 0.5 0
0 1 0

0 0.5 0
-0.5 1 0

-0.25 0.5 0
0.25 1 0

0.25 0.5 0
-0.25 1 0

-0.5 0.75 0
0 1.25 0

0 0.75 0
-0.5 1.25 0

-0.25 0.75 0
0.25 1.25 0

0.25 0.75 0
-0.25 1.25 0

1 0 0
1.5 0.5 0

1.5 0 0
1 0.5 0

1.25 0 0
1.75 0.5 0

1.75 0 0
1.25 0.5 0

1 0.25 0
1.5 0.75 0

1.5 0.25 0
1 0.75 0

1.25 0.25 0
1.75 0.75 0

1.75 0.25 0
1.25 0.75 0

0.5 -0.5 0
1 0 0

1 -0.5 0
0.5 0 0

0.75 -0.5 0
1.25 0 0

1.25 -0.5 0
0.75 0 0

0.5 -0.25 0
1 0.25 0

1 -0.25 0
0.5 0.25 0

0.75 -0.25 0
1.25 0.25 0

1.25 -0.25 0
0.75 0.25 0

1.5 0 0
2.5 1 0

2.5 0 0
1.5 1 0

1.5 0.5 0
2.5 1.5 0

2.5 0.5 0
1.5 1.5 0

1 0.5 0
1.5 1 0

1.5 0.5 0
1 1 0

1.25 0.5 0
1.75 1 0

1.75 0.5 0
1.25 1 0

1 0.75 0
1.5 1.25 0

1.5 0.75 0
1 1.25 0

1.25 0.75 0
1.75 1.25 0

1.75 0.75 0
1.25 1.25 0

0 1.5 0
1 2.5 0

1 1.5 0
0 2.5 0

0.5 1.5 0
1.5 2.5 0

1.5 1.5 0
0.5 2.5 0

0.5 1 0
1 1.5 0

1 1 0
0.5 1.5 0

0.75 1 0
1.25 1.5 0

1.25 1 0
0.75 1.5 0

0.5 1.25 0
1 1.75 0

1 1.25 0
0.5 1.75 0

0.75 1.25 0
1.25 1.75 0

1.25 1.25 0
0.75 1.75 0

0 -0.5 0
0.5 0 0

0.5 -0.5 0
0 0 0

0.25 -0.5 0
0.75 0 0

0.75 -0.5 0
0.25 0 0

0 -0.25 0
0.5 0.25 0

0.5 -0.25 0
0 0.25 0

0.25 -0.25 0
0.75 0.25 0

0.75 -0.25 0
0.25 0.25 0

-0.5 0 0
0 0.5 0

0 0 0
-0.5 0.5 0

-0.25 0 0
0.25 0.5 0

0.25 0 0
-0.25 0.5 0

-0.5 0.25 0
0 0.75 0

0 0.25 0
-0.5 0.75 0

-0.25 0.25 0
0.25 0.75 0

0.25 0.25 0
-0.25 0.75 0

-1 0.5 0
-0.5 1 0

-0.5 0.5 0
-1 1 0

-0.75 0.5 0
-0.25 1 0

-0.25 0.5 0
-0.75 1 0

-1 0.75 0
-0.5 1.25 0

-0.5 0.75 0
-1 1.25 0

-0.75 0.75 0
-0.25 1.25 0

-0.25 0.75 0
-0.75 1.25 0

-1 0 0
-0.5 0.5 0

-0.5 0 0
-1 0.5 0

-0.75 0 0
-0.25 0.5 0

-0.25 0 0
-0.75 0.5 0

-1 0.25 0
-0.5 0.75 0

-0.5 0.25 0
-1 0.75 0

-0.75 0.25 0
-0.25 0.75 0

-0.25 0.25 0
-0.75 0.75 0

-1 1 0
-0.5 1.5 0

-0.5 1 0
-1 1.5 0

-0.75 1 0
-0.25 1.5 0

-0.25 1 0
-0.75 1.5 0

-1 1.25 0
-0.5 1.75 0

-0.5 1.25 0
-1 1.75 0

-0.75 1.25 0
-0.25 1.75 0

-0.25 1.25 0
-0.75 1.75 0

-1 -0.5 0.377881
-0.5 0 0.377881

-0.5 -0.5 0.377881
-1 0 0.377881

-0.75 -0.5 1
-0.25 0 1

-0.25 -0.5 1
-0.75 0 1

-1 -0.25 0.0116176
-0.5 0.25 0.0116176

-0.5 -0.25 0.0116176
-1 0.25 0.0116176

-0.75 -0.25 0.678861
-0.25 0.25 0.678861

-0.25 -0.25 0.678861
-0.75 0.25 0.678861

-1 -1 0
-0.5 -0.5 0

-0.5 -1 0
-1 -0.5 0

-0.75 -1 0.075949
-0.25 -0.5 0.075949

-0.25 -1 0.075949
-0.75 -0.5 0.075949

-1 -0.75 0.245229
-0.5 -0.25 0.245229

-0.5 -0.75 0.245229
-1 -0.25 0.245229

-0.75 -0.75 0.924622
-0.25 -0.25 0.924622

-0.25 -0.75 0.924622
-0.75 -0.25 0.924622

-0.5 -1 0.0853697
0 -0.5 0.0853697

0 -1 0.0853697
-0.5 -0.5 0.0853697

-0.25 -1 0
0.25 -0.5 0

0.25 -1 0
-0.25 -0.5 0

-0.5 -0.75 0.987439
0 -0.25 0.987439

0 -0.75 0.987439
-0.5 -0.25 0.987439

-0.25 -0.75 0.351863
0.25 -0.25 0.351863

0.25 -0.75 0.351863
-0.25 -0.25 0.351863

0 -1 0
0.5 -0.5 0

0.5 -1 0
0 -0.5 0

0.25 -1 0
0.75 -0.5 0

0.75 -1 0
0.25 -0.5 0

0 -0.75 0
0.5 -0.25 0

0.5 -0.75 0
0 -0.25 0

0.25 -0.75 0
0.75 -0.25 0

0.75 -0.75 0
0.25 -0.25 0

0.5 -1 0
1 -0.5 0

1 -1 0
0.5 -0.5 0

0.75 -1 0
1.25 -0.5 0

1.25 -1 0
0.75 -0.5 0

0.5 -0.75 0
1 -0.25 0

1 -0.75 0
0.5 -0.25 0

0.75 -0.75 0
1.25 -0.25 0

1.25 -0.75 0
0.75 -0.25 0

