2 -1 0
4 1 0

4 -1 0
2 1 0

2 0 0
4 2 0

4 0 0
2 2 0

2 1 0
4 3 0

4 1 0
2 3 0

2 2 0
4 4 0

4 2 0
2 4 0

0 0 7.72495e-06
0.5 0.5 7.72495e-06

0.5 0 7.72495e-06
0 0.5 7.72495e-06

0.25 0 0
0.75 0.5 0

0.75 0 0
0.25 0.5 0

0 0.25 0.740421
0.5 0.75 0.740421

0.5 0.25 0.740421
0 0.75 0.740421

0.25 0.25 0.00482165
0.75 0.75 0.00482165

0.75 0.25 0.00482165
0.25 0.75 0.00482165

0.5 0 0
1 0.5 0

1 0 0
0.5 0.5 0

0.75 0 0
1.25 0.5 0

1.25 0 0
0.75 0.5 0

0.5 0.25 0
1 0.75 0

1 0.25 0
0.5 0.75 0

0.75 0.25 0
1.25 0.75 0

1.25 0.25 0
0.75 0.75 0

0 0.5 1
0.5 1 1

0.5 0.5 1
0 1 1

0.25 0.5 0.17381
0.75 1 0.17381

0.75 0.5 0.17381
0.25 1 0.17381

0 0.75 0.684558
0.5 1.25 0.684558

0.5 0.75 0.684558
0 1.25 0.684558

0.25 0.75 0.0269741
0.75 1.25 0.0269741

0.75 0.75 0.0269741
0.25 1.25 0.0269741

0.5 0.5 0
1 1 0

1 0.5 0
0.5 1 0

0.75 0.5 0
1.25 1 0

1.25 0.5 0
0.75 1 0

0.5 0.75 0
1 1.25 0

1 0.75 0
0.5 1.25 0

0.75 0.75 0
1.25 1.25 0

1.25 0.75 0
0.75 1.25 0

-1 1.5 0
0 2.5 0

0 1.5 0
-1 2.5 0

-0.5 1.5 0
0.5 2.5 0

0.5 1.5 0
-0.5 2.5 0

1.5 1 0
2.5 2 0

2.5 1 0
1.5 2 0

1 1.5 0
2 2.5 0

2 1.5 0
1 2.5 0

1.5 1.5 0
2.5 2.5 0

2.5 1.5 0
1.5 2.5 0

0 2 0
1 3 0

1 2 0
0 3 0

0.5 2 0
1.5 3 0

1.5 2 0
0.5 3 0

0 2.5 0
1 3.5 0

1 2.5 0
0 3.5 0

0.5 2.5 0
1.5 3.5 0

1.5 2.5 0
0.5 3.5 0

-1 2 0
0 3 0

0 2 0
-1 3 0

-0.5 2 0
0.5 3 0

0.5 2 0
-0.5 3 0

-1 2.5 0
0 3.5 0

0 2.5 0
-1 3.5 0

-0.5 2.5 0
0.5 3.5 0

0.5 2.5 0
-0.5 3.5 0

1 -1 0
2 0 0

2 -1 0
1 0 0

1.5 -1 0
2.5 0 0

2.5 -1 0
1.5 0 0

1.5 -0.5 0
2.5 0.5 0

2.5 -0.5 0
1.5 0.5 0

1 2 0
2 3 0

2 2 0
1 3 0

1.5 2 0
2.5 3 0

2.5 2 0
1.5 3 0

1 2.5 0
2 3.5 0

2 2.5 0
1 3.5 0

1.5 2.5 0
2.5 3.5 0

2.5 2.5 0
1.5 3.5 0

-0.5 1 0
0 1.5 0

0 1 0
-0.5 1.5 0

-0.25 1 0.00108011
0.25 1.5 0.00108011

0.25 1 0.00108011
-0.25 1.5 0.00108011

-0.5 1.25 0
0 1.75 0

0 1.25 0
-0.5 1.75 0

-0.25 1.25 0
0.25 1.75 0

0.25 1.25 0
-0.25 1.75 0

1 1 0
1.5 1.5 0

1.5 1 0
1 1.5 0

1.25 1 0
1.75 1.5 0

1.75 1 0
1.25 1.5 0

1 1.25 0
1.5 1.75 0

1.5 1.25 0
1 1.75 0

1.25 1.25 0
1.75 1.75 0

1.75 1.25 0
1.25 1.75 0

-0.5 -0.5 0
0 0 0

0 -0.5 0
-0.5 0 0

-0.25 -0.5 0
0.25 0 0

0.25 -0.5 0
-0.25 0 0

-0.5 -0.25 0
0 0.25 0

0 -0.25 0
-0.5 0.25 0

-0.25 -0.25 0
0.25 0.25 0

0.25 -0.25 0
-0.25 0.25 0

1 -0.5 0
1.5 0 0

1.5 -0.5 0
1 0 0

1.25 -0.5 0
1.75 0 0

1.75 -0.5 0
1.25 0 0

1 -0.25 0
1.5 0.25 0

1.5 -0.25 0
1 0.25 0

1.25 -0.25 0
1.75 0.25 0

1.75 -0.25 0
1.25 0.25 0

0 1 0.00560923
0.5 1.5 0.00560923

0.5 1 0.00560923
0 1.5 0.00560923

0.25 1 0
0.75 1.5 0

0.75 1 0
0.25 1.5 0

0 1.25 0
0.5 1.75 0

0.5 1.25 0
0 1.75 0

0.25 1.25 0
0.75 1.75 0

0.75 1.25 0
0.25 1.75 0

-0.5 0.5 0.809994
0 1 0.809994

0 0.5 0.809994
-0.5 1 0.809994

-0.25 0.5 1
0.25 1 1

0.25 0.5 1
-0.25 1 1

-0.5 0.75 0.306144
0 1.25 0.306144

0 0.75 0.306144
-0.5 1.25 0.306144

-0.25 0.75 0.951692
0.25 1.25 0.951692

0.25 0.75 0.951692
-0.25 1.25 0.951692

1 0 0
1.5 0.5 0

1.5 0 0
1 0.5 0

1.25 0 0
1.75 0.5 0

1.75 0 0
1.25 0.5 0

1 0.25 0
1.5 0.75 0

1.5 0.25 0
1 0.75 0

1.25 0.25 0
1.75 0.75 0

1.75 0.25 0
1.25 0.75 0

0.5 -0.5 0
1 0 0

1 -0.5 0
0.5 0 0

0.75 -0.5 0
1.25 0 0

1.25 -0.5 0
0.75 0 0

0.5 -0.25 0
1 0.25 0

1 -0.25 0
0.5 0.25 0

0.75 -0.25 0
1.25 0.25 0

1.25 -0.25 0
0.75 0.25 0

1.5 0 0
2.5 1 0

2.5 0 0
1.5 1 0

1.5 0.5 0
2.5 1.5 0

2.5 0.5 0
1.5 1.5 0

1 0.5 0
1.5 1 0

1.5 0.5 0
1 1 0

1.25 0.5 0
1.75 1 0

1.75 0.5 0
1.25 1 0

1 0.75 0
1.5 1.25 0

1.5 0.75 0
1 1.25 0

1.25 0.75 0
1.75 1.25 0

1.75 0.75 0
1.25 1.25 0

0 1.5 0
1 2.5 0

1 1.5 0
0 2.5 0

0.5 1.5 0
1.5 2.5 0

1.5 1.5 0
0.5 2.5 0

0.5 1 0
1 1.5 0

1 1 0
0.5 1.5 0

0.75 1 0
1.25 1.5 0

1.25 1 0
0.75 1.5 0

0.5 1.25 0
1 1.75 0

1 1.25 0
0.5 1.75 0

0.75 1.25 0
1.25 1.75 0

1.25 1.25 0
0.75 1.75 0

0 -0.5 0
0.5 0 0

0.5 -0.5 0
0 0 0

0.25 -0.5 0
0.75 0 0

0.75 -0.5 0
0.25 0 0

0 -0.25 0
0.5 0.25 0

0.5 -0.25 0
0 0.25 0

0.25 -0.25 0
0.75 0.25 0

0.75 -0.25 0
0.25 0.25 0

-0.5 0 0.0304938
0 0.5 0.0304938

0 0 0.0304938
-0.5 0.5 0.0304938

-0.25 0 0.177753
0.25 0.5 0.177753

0.25 0 0.177753
-0.25 0.5 0.177753

-0.5 0.25 0.613293
0 0.75 0.613293

0 0.25 0.613293
-0.5 0.75 0.613293

-0.25 0.25 1
0.25 0.75 1

0.25 0.25 1
-0.25 0.75 1

-1 0.5 0
-0.5 1 0

-0.5 0.5 0
-1 1 0

-0.75 0.5 0
-0.25 1 0

-0.25 0.5 0
-0.75 1 0

-1 0.75 0
-0.5 1.25 0

-0.5 0.75 0
-1 1.25 0

-0.75 0.75 0
-0.25 1.25 0

-0.25 0.75 0
-0.75 1.25 0

-1 0 0
-0.5 0.5 0

-0.5 0 0
-1 0.5 0

-0.75 0 0
-0.25 0.5 0

-0.25 0 0
-0.75 0.5 0

-1 0.25 0
-0.5 0.75 0

-0.5 0.25 0
-1 0.75 0

-0.75 0.25 0
-0.25 0.75 0

-0.25 0.25 0
-0.75 0.75 0

-1 1 0
-0.5 1.5 0

-0.5 1 0
-1 1.5 0

-0.75 1 0
-0.25 1.5 0

-0.25 1 0
-0.75 1.5 0

-1 1.25 0
-0.5 1.75 0

-0.5 1.25 0
-1 1.75 0

-0.75 1.25 0
-0.25 1.75 0

-0.25 1.25 0
-0.75 1.75 0

-1 -0.5 0
-0.5 0 0

-0.5 -0.5 0
-1 0 0

-0.75 -0.5 0
-0.25 0 0

-0.25 -0.5 0
-0.75 0 0

-1 -0.25 0
-0.5 0.25 0

-0.5 -0.25 0
-1 0.25 0

-0.75 -0.25 0
-0.25 0.25 0

-0.25 -0.25 0
-0.75 0.25 0

-1 -1 0
-0.5 -0.5 0

-0.5 -1 0
-1 -0.5 0

-0.75 -1 0
-0.25 -0.5 0

-0.25 -1 0
-0.75 -0.5 0

-1 -0.75 0
-0.5 -0.25 0

-0.5 -0.75 0
-1 -0.25 0

-0.75 -0.75 0
-0.25 -0.25 0

-0.25 -0.75 0
-0.75 -0.25 0

-0.5 -1 0
0 -0.5 0

0 -1 0
-0.5 -0.5 0

-0.25 -1 0
0.25 -0.5 0

0.25 -1 0
-0.25 -0.5 0

-0.5 -0.75 0
0 -0.25 0

0 -0.75 0
-0.5 -0.25 0

-0.25 -0.75 0
0.25 -0.25 0

0.25 -0.75 0
-0.25 -0.25 0

0 -1 0
0.5 -0.5 0

0.5 -1 0
0 -0.5 0

0.25 -1 0
0.75 -0.5 0

0.75 -1 0
0.25 -0.5 0

0 -0.75 0
0.5 -0.25 0

0.5 -0.75 0
0 -0.25 0

0.25 -0.75 0
0.75 -0.25 0

0.75 -0.75 0
0.25 -0.25 0

0.5 -1 0
1 -0.5 0

1 -1 0
0.5 -0.5 0

0.75 -1 0
1.25 -0.5 0

1.25 -1 0
0.75 -0.5 0

0.5 -0.75 0
1 -0.25 0

1 -0.75 0
0.5 -0.25 0

0.75 -0.75 0
1.25 -0.25 0

1.25 -0.75 0
0.75 -0.25 0

