2 -1 0
4 1 0

4 -1 0
2 1 0

2 0 0
4 2 0

4 0 0
2 2 0

2 1 0
4 3 0

4 1 0
2 3 0

2 2 0
4 4 0

4 2 0
2 4 0

0 0 0.167666
0.5 0.5 0.167666

0.5 0 0.167666
0 0.5 0.167666

0.25 0 0.0273333
0.75 0.5 0.0273333

0.75 0 0.0273333
0.25 0.5 0.0273333

0 0.25 1
0.5 0.75 1

0.5 0.25 1
0 0.75 1

0.25 0.25 0.889582
0.75 0.75 0.889582

0.75 0.25 0.889582
0.25 0.75 0.889582

0.5 0 0
1 0.5 0

1 0 0
0.5 0.5 0

0.75 0 0
1.25 0.5 0

1.25 0 0
0.75 0.5 0

0.5 0.25 0.0564731
1 0.75 0.0564731

1 0.25 0.0564731
0.5 0.75 0.0564731

0.75 0.25 0
1.25 0.75 0

1.25 0.25 0
0.75 0.75 0

0 0.5 1
0.5 1 1

0.5 0.5 1
0 1 1

0.25 0.5 1
0.75 1 1

0.75 0.5 1
0.25 1 1

0 0.75 0.841445
0.5 1.25 0.841445

0.5 0.75 0.841445
0 1.25 0.841445

0.25 0.75 0.717668
0.75 1.25 0.717668

0.75 0.75 0.717668
0.25 1.25 0.717668

0.5 0.5 0.355769
1 1 0.355769

1 0.5 0.355769
0.5 1 0.355769

0.75 0.5 0
1.25 1 0

1.25 0.5 0
0.75 1 0

0.5 0.75 0.0887699
1 1.25 0.0887699

1 0.75 0.0887699
0.5 1.25 0.0887699

0.75 0.75 0
1.25 1.25 0

1.25 0.75 0
0.75 1.25 0

-1 1.5 0
0 2.5 0

0 1.5 0
-1 2.5 0

-0.5 1.5 0
0.5 2.5 0

0.5 1.5 0
-0.5 2.5 0

1.5 1 0
2.5 2 0

2.5 1 0
1.5 2 0

1 1.5 0
2 2.5 0

2 1.5 0
1 2.5 0

1.5 1.5 0
2.5 2.5 0

2.5 1.5 0
1.5 2.5 0

0 2 0
1 3 0

1 2 0
0 3 0

0.5 2 0
1.5 3 0

1.5 2 0
0.5 3 0

0 2.5 0
1 3.5 0

1 2.5 0
0 3.5 0

0.5 2.5 0
1.5 3.5 0

1.5 2.5 0
0.5 3.5 0

-1 2 0
0 3 0

0 2 0
-1 3 0

-0.5 2 0
0.5 3 0

0.5 2 0
-0.5 3 0

-1 2.5 0
0 3.5 0

0 2.5 0
-1 3.5 0

-0.5 2.5 0
0.5 3.5 0

0.5 2.5 0
-0.5 3.5 0

1 -1 0
2 0 0

2 -1 0
1 0 0

1.5 -1 0
2.5 0 0

2.5 -1 0
1.5 0 0

1.5 -0.5 0
2.5 0.5 0

2.5 -0.5 0
1.5 0.5 0

1 2 0
2 3 0

2 2 0
1 3 0

1.5 2 0
2.5 3 0

2.5 2 0
1.5 3 0

1 2.5 0
2 3.5 0

2 2.5 0
1 3.5 0

1.5 2.5 0
2.5 3.5 0

2.5 2.5 0
1.5 3.5 0

-0.5 1 0
0 1.5 0

0 1 0
-0.5 1.5 0

-0.25 1 0
0.25 1.5 0

0.25 1 0
-0.25 1.5 0

-0.5 1.25 0
0 1.75 0

0 1.25 0
-0.5 1.75 0

-0.25 1.25 0
0.25 1.75 0

0.25 1.25 0
-0.25 1.75 0

1 1 0
1.5 1.5 0

1.5 1 0
1 1.5 0

1.25 1 0
1.75 1.5 0

1.75 1 0
1.25 1.5 0

1 1.25 0
1.5 1.75 0

1.5 1.25 0
1 1.75 0

1.25 1.25 0
1.75 1.75 0

1.75 1.25 0
1.25 1.75 0

-0.5 -0.5 0
0 0 0

0 -0.5 0
-0.5 0 0

-0.25 -0.5 0
0.25 0 0

0.25 -0.5 0
-0.25 0 0

-0.5 -0.25 0
0 0.25 0

0 -0.25 0
-0.5 0.25 0

-0.25 -0.25 0
0.25 0.25 0

0.25 -0.25 0
-0.25 0.25 0

1 -0.5 0
1.5 0 0

1.5 -0.5 0
1 0 0

1.25 -0.5 0
1.75 0 0

1.75 -0.5 0
1.25 0 0

1 -0.25 0
1.5 0.25 0

1.5 -0.25 0
1 0.25 0

1.25 -0.25 0
1.75 0.25 0

1.75 -0.25 0
1.25 0.25 0

0 1 0
0.5 1.5 0

0.5 1 0
0 1.5 0

0.25 1 0.00163654
0.75 1.5 0.00163654

0.75 1 0.00163654
0.25 1.5 0.00163654

0 1.25 0
0.5 1.75 0

0.5 1.25 0
0 1.75 0

0.25 1.25 0
0.75 1.75 0

0.75 1.25 0
0.25 1.75 0

-0.5 0.5 0
0 1 0

0 0.5 0
-0.5 1 0

-0.25 0.5 0.706096
0.25 1 0.706096

0.25 0.5 0.706096
-0.25 1 0.706096

-0.5 0.75 0
0 1.25 0

0 0.75 0
-0.5 1.25 0

-0.25 0.75 0.202821
0.25 1.25 0.202821

0.25 0.75 0.202821
-0.25 1.25 0.202821

1 0 0
1.5 0.5 0

1.5 0 0
1 0.5 0

1.25 0 0
1.75 0.5 0

1.75 0 0
1.25 0.5 0

1 0.25 0
1.5 0.75 0

1.5 0.25 0
1 0.75 0

1.25 0.25 0
1.75 0.75 0

1.75 0.25 0
1.25 0.75 0

0.5 -0.5 0
1 0 0

1 -0.5 0
0.5 0 0

0.75 -0.5 0
1.25 0 0

1.25 -0.5 0
0.75 0 0

0.5 -0.25 0
1 0.25 0

1 -0.25 0
0.5 0.25 0

0.75 -0.25 0
1.25 0.25 0

1.25 -0.25 0
0.75 0.25 0

1.5 0 0
2.5 1 0

2.5 0 0
1.5 1 0

1.5 0.5 0
2.5 1.5 0

2.5 0.5 0
1.5 1.5 0

1 0.5 0
1.5 1 0

1.5 0.5 0
1 1 0

1.25 0.5 0
1.75 1 0

1.75 0.5 0
1.25 1 0

1 0.75 0
1.5 1.25 0

1.5 0.75 0
1 1.25 0

1.25 0.75 0
1.75 1.25 0

1.75 0.75 0
1.25 1.25 0

0 1.5 0
1 2.5 0

1 1.5 0
0 2.5 0

0.5 1.5 0
1.5 2.5 0

1.5 1.5 0
0.5 2.5 0

0.5 1 0
1 1.5 0

1 1 0
0.5 1.5 0

0.75 1 0
1.25 1.5 0

1.25 1 0
0.75 1.5 0

0.5 1.25 0
1 1.75 0

1 1.25 0
0.5 1.75 0

0.75 1.25 0
1.25 1.75 0

1.25 1.25 0
0.75 1.75 0

0 -0.5 0
0.5 0 0

0.5 -0.5 0
0 0 0

0.25 -0.5 0
0.75 0 0

0.75 -0.5 0
0.25 0 0

0 -0.25 0
0.5 0.25 0

0.5 -0.25 0
0 0.25 0

0.25 -0.25 0
0.75 0.25 0

0.75 -0.25 0
0.25 0.25 0

-0.5 0 0
0 0.5 0

0 0 0
-0.5 0.5 0

-0.25 0 0.0279303
0.25 0.5 0.0279303

0.25 0 0.0279303
-0.25 0.5 0.0279303

-0.5 0.25 0
0 0.75 0

0 0.25 0
-0.5 0.75 0

-0.25 0.25 0.592131
0.25 0.75 0.592131

0.25 0.25 0.592131
-0.25 0.75 0.592131

-1 0.5 0
-0.5 1 0

-0.5 0.5 0
-1 1 0

-0.75 0.5 0
-0.25 1 0

-0.25 0.5 0
-0.75 1 0

-1 0.75 0
-0.5 1.25 0

-0.5 0.75 0
-1 1.25 0

-0.75 0.75 0
-0.25 1.25 0

-0.25 0.75 0
-0.75 1.25 0

-1 0 0
-0.5 0.5 0

-0.5 0 0
-1 0.5 0

-0.75 0 0
-0.25 0.5 0

-0.25 0 0
-0.75 0.5 0

-1 0.25 0
-0.5 0.75 0

-0.5 0.25 0
-1 0.75 0

-0.75 0.25 0
-0.25 0.75 0

-0.25 0.25 0
-0.75 0.75 0

-1 1 0
-0.5 1.5 0

-0.5 1 0
-1 1.5 0

-0.75 1 0
-0.25 1.5 0

-0.25 1 0
-0.75 1.5 0

-1 1.25 0
-0.5 1.75 0

-0.5 1.25 0
-1 1.75 0

-0.75 1.25 0
-0.25 1.75 0

-0.25 1.25 0
-0.75 1.75 0

-1 -0.5 0
-0.5 0 0

-0.5 -0.5 0
-1 0 0

-0.75 -0.5 0
-0.25 0 0

-0.25 -0.5 0
-0.75 0 0

-1 -0.25 0
-0.5 0.25 0

-0.5 -0.25 0
-1 0.25 0

-0.75 -0.25 0
-0.25 0.25 0

-0.25 -0.25 0
-0.75 0.25 0

-1 -1 0
-0.5 -0.5 0

-0.5 -1 0
-1 -0.5 0

-0.75 -1 0
-0.25 -0.5 0

-0.25 -1 0
-0.75 -0.5 0

-1 -0.75 0
-0.5 -0.25 0

-0.5 -0.75 0
-1 -0.25 0

-0.75 -0.75 0
-0.25 -0.25 0

-0.25 -0.75 0
-0.75 -0.25 0

-0.5 -1 0
0 -0.5 0

0 -1 0
-0.5 -0.5 0

-0.25 -1 0
0.25 -0.5 0

0.25 -1 0
-0.25 -0.5 0

-0.5 -0.75 0
0 -0.25 0

0 -0.75 0
-0.5 -0.25 0

-0.25 -0.75 0
0.25 -0.25 0

0.25 -0.75 0
-0.25 -0.25 0

0 -1 0
0.5 -0.5 0

0.5 -1 0
0 -0.5 0

0.25 -1 0
0.75 -0.5 0

0.75 -1 0
0.25 -0.5 0

0 -0.75 0
0.5 -0.25 0

0.5 -0.75 0
0 -0.25 0

0.25 -0.75 0
0.75 -0.25 0

0.75 -0.75 0
0.25 -0.25 0

0.5 -1 0
1 -0.5 0

1 -1 0
0.5 -0.5 0

0.75 -1 0
1.25 -0.5 0

1.25 -1 0
0.75 -0.5 0

0.5 -0.75 0
1 -0.25 0

1 -0.75 0
0.5 -0.25 0

0.75 -0.75 0
1.25 -0.25 0

1.25 -0.75 0
0.75 -0.25 0

