2 -1 0
4 1 0

4 -1 0
2 1 0

2 0 0
4 2 0

4 0 0
2 2 0

2 1 0
4 3 0

4 1 0
2 3 0

2 2 0
4 4 0

4 2 0
2 4 0

0 0 0
0.5 0.5 0

0.5 0 0
0 0.5 0

0.25 0 0
0.75 0.5 0

0.75 0 0
0.25 0.5 0

0 0.25 0
0.5 0.75 0

0.5 0.25 0
0 0.75 0

0.25 0.25 0
0.75 0.75 0

0.75 0.25 0
0.25 0.75 0

0.5 0 0
1 0.5 0

1 0 0
0.5 0.5 0

0.75 0 0
1.25 0.5 0

1.25 0 0
0.75 0.5 0

0.5 0.25 0
1 0.75 0

1 0.25 0
0.5 0.75 0

0.75 0.25 0
1.25 0.75 0

1.25 0.25 0
0.75 0.75 0

0 0.5 0
0.5 1 0

0.5 0.5 0
0 1 0

0.25 0.5 0
0.75 1 0

0.75 0.5 0
0.25 1 0

0 0.75 0
0.5 1.25 0

0.5 0.75 0
0 1.25 0

0.25 0.75 0
0.75 1.25 0

0.75 0.75 0
0.25 1.25 0

0.5 0.5 0
1 1 0

1 0.5 0
0.5 1 0

0.75 0.5 0
1.25 1 0

1.25 0.5 0
0.75 1 0

0.5 0.75 0
1 1.25 0

1 0.75 0
0.5 1.25 0

0.75 0.75 0
1.25 1.25 0

1.25 0.75 0
0.75 1.25 0

-1 1.5 0
0 2.5 0

0 1.5 0
-1 2.5 0

-0.5 1.5 0
0.5 2.5 0

0.5 1.5 0
-0.5 2.5 0

1.5 1 0
2.5 2 0

2.5 1 0
1.5 2 0

1 1.5 0
2 2.5 0

2 1.5 0
1 2.5 0

1.5 1.5 0
2.5 2.5 0

2.5 1.5 0
1.5 2.5 0

0 2 0
1 3 0

1 2 0
0 3 0

0.5 2 0
1.5 3 0

1.5 2 0
0.5 3 0

0 2.5 0
1 3.5 0

1 2.5 0
0 3.5 0

0.5 2.5 0
1.5 3.5 0

1.5 2.5 0
0.5 3.5 0

-1 2 0
0 3 0

0 2 0
-1 3 0

-0.5 2 0
0.5 3 0

0.5 2 0
-0.5 3 0

-1 2.5 0
0 3.5 0

0 2.5 0
-1 3.5 0

-0.5 2.5 0
0.5 3.5 0

0.5 2.5 0
-0.5 3.5 0

1 -1 0
2 0 0

2 -1 0
1 0 0

1.5 -1 0
2.5 0 0

2.5 -1 0
1.5 0 0

1.5 -0.5 0
2.5 0.5 0

2.5 -0.5 0
1.5 0.5 0

1 2 0
2 3 0

2 2 0
1 3 0

1.5 2 0
2.5 3 0

2.5 2 0
1.5 3 0

1 2.5 0
2 3.5 0

2 2.5 0
1 3.5 0

1.5 2.5 0
2.5 3.5 0

2.5 2.5 0
1.5 3.5 0

-0.5 1 0
0 1.5 0

0 1 0
-0.5 1.5 0

-0.25 1 0
0.25 1.5 0

0.25 1 0
-0.25 1.5 0

-0.5 1.25 0
0 1.75 0

0 1.25 0
-0.5 1.75 0

-0.25 1.25 0
0.25 1.75 0

0.25 1.25 0
-0.25 1.75 0

1 1 0
1.5 1.5 0

1.5 1 0
1 1.5 0

1.25 1 0
1.75 1.5 0

1.75 1 0
1.25 1.5 0

1 1.25 0
1.5 1.75 0

1.5 1.25 0
1 1.75 0

1.25 1.25 0
1.75 1.75 0

1.75 1.25 0
1.25 1.75 0

-0.5 -0.5 0
0 0 0

0 -0.5 0
-0.5 0 0

-0.25 -0.5 0.410998
0.25 0 0.410998

0.25 -0.5 0.410998
-0.25 0 0.410998

-0.5 -0.25 0
0 0.25 0

0 -0.25 0
-0.5 0.25 0

-0.25 -0.25 0.000428832
0.25 0.25 0.000428832

0.25 -0.25 0.000428832
-0.25 0.25 0.000428832

1 -0.5 0
1.5 0 0

1.5 -0.5 0
1 0 0

1.25 -0.5 0
1.75 0 0

1.75 -0.5 0
1.25 0 0

1 -0.25 0
1.5 0.25 0

1.5 -0.25 0
1 0.25 0

1.25 -0.25 0
1.75 0.25 0

1.75 -0.25 0
1.25 0.25 0

0 1 0
0.5 1.5 0

0.5 1 0
0 1.5 0

0.25 1 0
0.75 1.5 0

0.75 1 0
0.25 1.5 0

0 1.25 0
0.5 1.75 0

0.5 1.25 0
0 1.75 0

0.25 1.25 0
0.75 1.75 0

0.75 1.25 0
0.25 1.75 0

-0.5 0.5 0
0 1 0

0 0.5 0
-0.5 1 0

-0.25 0.5 0
0.25 1 0

0.25 0.5 0
-0.25 1 0

-0.5 0.75 0
0 1.25 0

0 0.75 0
-0.5 1.25 0

-0.25 0.75 0
0.25 1.25 0

0.25 0.75 0
-0.25 1.25 0

1 0 0
1.5 0.5 0

1.5 0 0
1 0.5 0

1.25 0 0
1.75 0.5 0

1.75 0 0
1.25 0.5 0

1 0.25 0
1.5 0.75 0

1.5 0.25 0
1 0.75 0

1.25 0.25 0
1.75 0.75 0

1.75 0.25 0
1.25 0.75 0

0.5 -0.5 0.1615
1 0 0.1615

1 -0.5 0.1615
0.5 0 0.1615

0.75 -0.5 0
1.25 0 0

1.25 -0.5 0
0.75 0 0

0.5 -0.25 0
1 0.25 0

1 -0.25 0
0.5 0.25 0

0.75 -0.25 0
1.25 0.25 0

1.25 -0.25 0
0.75 0.25 0

1.5 0 0
2.5 1 0

2.5 0 0
1.5 1 0

1.5 0.5 0
2.5 1.5 0

2.5 0.5 0
1.5 1.5 0

1 0.5 0
1.5 1 0

1.5 0.5 0
1 1 0

1.25 0.5 0
1.75 1 0

1.75 0.5 0
1.25 1 0

1 0.75 0
1.5 1.25 0

1.5 0.75 0
1 1.25 0

1.25 0.75 0
1.75 1.25 0

1.75 0.75 0
1.25 1.25 0

0 1.5 0
1 2.5 0

1 1.5 0
0 2.5 0

0.5 1.5 0
1.5 2.5 0

1.5 1.5 0
0.5 2.5 0

0.5 1 0
1 1.5 0

1 1 0
0.5 1.5 0

0.75 1 0
1.25 1.5 0

1.25 1 0
0.75 1.5 0

0.5 1.25 0
1 1.75 0

1 1.25 0
0.5 1.75 0

0.75 1.25 0
1.25 1.75 0

1.25 1.25 0
0.75 1.75 0

0 -0.5 1
0.5 0 1

0.5 -0.5 1
0 0 1

0.25 -0.5 0.9464
0.75 0 0.9464

0.75 -0.5 0.9464
0.25 0 0.9464

0 -0.25 0.310482
0.5 0.25 0.310482

0.5 -0.25 0.310482
0 0.25 0.310482

0.25 -0.25 0.191518
0.75 0.25 0.191518

0.75 -0.25 0.191518
0.25 0.25 0.191518

-0.5 0 0
0 0.5 0

0 0 0
-0.5 0.5 0

-0.25 0 0
0.25 0.5 0

0.25 0 0
-0.25 0.5 0

-0.5 0.25 0
0 0.75 0

0 0.25 0
-0.5 0.75 0

-0.25 0.25 0
0.25 0.75 0

0.25 0.25 0
-0.25 0.75 0

-1 0.5 0
-0.5 1 0

-0.5 0.5 0
-1 1 0

-0.75 0.5 0
-0.25 1 0

-0.25 0.5 0
-0.75 1 0

-1 0.75 0
-0.5 1.25 0

-0.5 0.75 0
-1 1.25 0

-0.75 0.75 0
-0.25 1.25 0

-0.25 0.75 0
-0.75 1.25 0

-1 0 0
-0.5 0.5 0

-0.5 0 0
-1 0.5 0

-0.75 0 0
-0.25 0.5 0

-0.25 0 0
-0.75 0.5 0

-1 0.25 0
-0.5 0.75 0

-0.5 0.25 0
-1 0.75 0

-0.75 0.25 0
-0.25 0.75 0

-0.25 0.25 0
-0.75 0.75 0

-1 1 0
-0.5 1.5 0

-0.5 1 0
-1 1.5 0

-0.75 1 0
-0.25 1.5 0

-0.25 1 0
-0.75 1.5 0

-1 1.25 0
-0.5 1.75 0

-0.5 1.25 0
-1 1.75 0

-0.75 1.25 0
-0.25 1.75 0

-0.25 1.25 0
-0.75 1.75 0

-1 -0.5 0
-0.5 0 0

-0.5 -0.5 0
-1 0 0

-0.75 -0.5 0
-0.25 0 0

-0.25 -0.5 0
-0.75 0 0

-1 -0.25 0
-0.5 0.25 0

-0.5 -0.25 0
-1 0.25 0

-0.75 -0.25 0
-0.25 0.25 0

-0.25 -0.25 0
-0.75 0.25 0

-1 -1 0
-0.5 -0.5 0

-0.5 -1 0
-1 -0.5 0

-0.75 -1 0
-0.25 -0.5 0

-0.25 -1 0
-0.75 -0.5 0

-1 -0.75 0
-0.5 -0.25 0

-0.5 -0.75 0
-1 -0.25 0

-0.75 -0.75 0
-0.25 -0.25 0

-0.25 -0.75 0
-0.75 -0.25 0

-0.5 -1 0
0 -0.5 0

0 -1 0
-0.5 -0.5 0

-0.25 -1 0.289663
0.25 -0.5 0.289663

0.25 -1 0.289663
-0.25 -0.5 0.289663

-0.5 -0.75 0
0 -0.25 0

0 -0.75 0
-0.5 -0.25 0

-0.25 -0.75 0.673476
0.25 -0.25 0.673476

0.25 -0.75 0.673476
-0.25 -0.25 0.673476

0 -1 0.879571
0.5 -0.5 0.879571

0.5 -1 0.879571
0 -0.5 0.879571

0.25 -1 0.580956
0.75 -0.5 0.580956

0.75 -1 0.580956
0.25 -0.5 0.580956

0 -0.75 1
0.5 -0.25 1

0.5 -0.75 1
0 -0.25 1

0.25 -0.75 1
0.75 -0.25 1

0.75 -0.75 1
0.25 -0.25 1

0.5 -1 0.00788937
1 -0.5 0.00788937

1 -1 0.00788937
0.5 -0.5 0.00788937

0.75 -1 0
1.25 -0.5 0

1.25 -1 0
0.75 -0.5 0

0.5 -0.75 0.222439
1 -0.25 0.222439

1 -0.75 0.222439
0.5 -0.25 0.222439

0.75 -0.75 0
1.25 -0.25 0

1.25 -0.75 0
0.75 -0.25 0

