2 -1 0
4 1 0

4 -1 0
2 1 0

2 0 0
4 2 0

4 0 0
2 2 0

2 1 0
4 3 0

4 1 0
2 3 0

2 2 0
4 4 0

4 2 0
2 4 0

0 0 0.551311
0.5 0.5 0.551311

0.5 0 0.551311
0 0.5 0.551311

0.25 0 0.696261
0.75 0.5 0.696261

0.75 0 0.696261
0.25 0.5 0.696261

0 0.25 0.835932
0.5 0.75 0.835932

0.5 0.25 0.835932
0 0.75 0.835932

0.25 0.25 1
0.75 0.75 1

0.75 0.25 1
0.25 0.75 1

0.5 0 0.180132
1 0.5 0.180132

1 0 0.180132
0.5 0.5 0.180132

0.75 0 0
1.25 0.5 0

1.25 0 0
0.75 0.5 0

0.5 0.25 0.950101
1 0.75 0.950101

1 0.25 0.950101
0.5 0.75 0.950101

0.75 0.25 0.148413
1.25 0.75 0.148413

1.25 0.25 0.148413
0.75 0.75 0.148413

0 0.5 0.396345
0.5 1 0.396345

0.5 0.5 0.396345
0 1 0.396345

0.25 0.5 1
0.75 1 1

0.75 0.5 1
0.25 1 1

0 0.75 0.00397671
0.5 1.25 0.00397671

0.5 0.75 0.00397671
0 1.25 0.00397671

0.25 0.75 0.455168
0.75 1.25 0.455168

0.75 0.75 0.455168
0.25 1.25 0.455168

0.5 0.5 1
1 1 1

1 0.5 1
0.5 1 1

0.75 0.5 0.620881
1.25 1 0.620881

1.25 0.5 0.620881
0.75 1 0.620881

0.5 0.75 0.904702
1 1.25 0.904702

1 0.75 0.904702
0.5 1.25 0.904702

0.75 0.75 0.513514
1.25 1.25 0.513514

1.25 0.75 0.513514
0.75 1.25 0.513514

-1 1 0
0 2 0

0 1 0
-1 2 0

-1 1.5 0
0 2.5 0

0 1.5 0
-1 2.5 0

-0.5 1.5 0
0.5 2.5 0

0.5 1.5 0
-0.5 2.5 0

1.5 1 0
2.5 2 0

2.5 1 0
1.5 2 0

1 1.5 0
2 2.5 0

2 1.5 0
1 2.5 0

1.5 1.5 0
2.5 2.5 0

2.5 1.5 0
1.5 2.5 0

0 2 0
1 3 0

1 2 0
0 3 0

0.5 2 0
1.5 3 0

1.5 2 0
0.5 3 0

0 2.5 0
1 3.5 0

1 2.5 0
0 3.5 0

0.5 2.5 0
1.5 3.5 0

1.5 2.5 0
0.5 3.5 0

-1 -1 0
0 0 0

0 -1 0
-1 0 0

-0.5 -1 0
0.5 0 0

0.5 -1 0
-0.5 0 0

-1 -0.5 0
0 0.5 0

0 -0.5 0
-1 0.5 0

-1 2 0
0 3 0

0 2 0
-1 3 0

-0.5 2 0
0.5 3 0

0.5 2 0
-0.5 3 0

-1 2.5 0
0 3.5 0

0 2.5 0
-1 3.5 0

-0.5 2.5 0
0.5 3.5 0

0.5 2.5 0
-0.5 3.5 0

1 -1 0
2 0 0

2 -1 0
1 0 0

1.5 -1 0
2.5 0 0

2.5 -1 0
1.5 0 0

1.5 -0.5 0
2.5 0.5 0

2.5 -0.5 0
1.5 0.5 0

1 2 0
2 3 0

2 2 0
1 3 0

1.5 2 0
2.5 3 0

2.5 2 0
1.5 3 0

1 2.5 0
2 3.5 0

2 2.5 0
1 3.5 0

1.5 2.5 0
2.5 3.5 0

2.5 2.5 0
1.5 3.5 0

-0.5 1 0
0 1.5 0

0 1 0
-0.5 1.5 0

-0.25 1 0
0.25 1.5 0

0.25 1 0
-0.25 1.5 0

-0.5 1.25 0
0 1.75 0

0 1.25 0
-0.5 1.75 0

-0.25 1.25 0
0.25 1.75 0

0.25 1.25 0
-0.25 1.75 0

1 1 0
1.5 1.5 0

1.5 1 0
1 1.5 0

1.25 1 0
1.75 1.5 0

1.75 1 0
1.25 1.5 0

1 1.25 0
1.5 1.75 0

1.5 1.25 0
1 1.75 0

1.25 1.25 0
1.75 1.75 0

1.75 1.25 0
1.25 1.75 0

-0.5 -0.5 0
0 0 0

0 -0.5 0
-0.5 0 0

-0.25 -0.5 0
0.25 0 0

0.25 -0.5 0
-0.25 0 0

-0.5 -0.25 0
0 0.25 0

0 -0.25 0
-0.5 0.25 0

-0.25 -0.25 0
0.25 0.25 0

0.25 -0.25 0
-0.25 0.25 0

1 -0.5 0
1.5 0 0

1.5 -0.5 0
1 0 0

1.25 -0.5 0
1.75 0 0

1.75 -0.5 0
1.25 0 0

1 -0.25 0
1.5 0.25 0

1.5 -0.25 0
1 0.25 0

1.25 -0.25 0
1.75 0.25 0

1.75 -0.25 0
1.25 0.25 0

0 1 0
0.5 1.5 0

0.5 1 0
0 1.5 0

0.25 1 0
0.75 1.5 0

0.75 1 0
0.25 1.5 0

0 1.25 0
0.5 1.75 0

0.5 1.25 0
0 1.75 0

0.25 1.25 0
0.75 1.75 0

0.75 1.25 0
0.25 1.75 0

-0.5 0.5 0
0 1 0

0 0.5 0
-0.5 1 0

-0.25 0.5 0
0.25 1 0

0.25 0.5 0
-0.25 1 0

-0.5 0.75 0
0 1.25 0

0 0.75 0
-0.5 1.25 0

-0.25 0.75 0
0.25 1.25 0

0.25 0.75 0
-0.25 1.25 0

1 0 0
1.5 0.5 0

1.5 0 0
1 0.5 0

1.25 0 0
1.75 0.5 0

1.75 0 0
1.25 0.5 0

1 0.25 0
1.5 0.75 0

1.5 0.25 0
1 0.75 0

1.25 0.25 0
1.75 0.75 0

1.75 0.25 0
1.25 0.75 0

0.5 -0.5 0
1 0 0

1 -0.5 0
0.5 0 0

0.75 -0.5 0
1.25 0 0

1.25 -0.5 0
0.75 0 0

0.5 -0.25 0
1 0.25 0

1 -0.25 0
0.5 0.25 0

0.75 -0.25 0
1.25 0.25 0

1.25 -0.25 0
0.75 0.25 0

1.5 0 0
2.5 1 0

2.5 0 0
1.5 1 0

1.5 0.5 0
2.5 1.5 0

2.5 0.5 0
1.5 1.5 0

1 0.5 0
1.5 1 0

1.5 0.5 0
1 1 0

1.25 0.5 0
1.75 1 0

1.75 0.5 0
1.25 1 0

1 0.75 0
1.5 1.25 0

1.5 0.75 0
1 1.25 0

1.25 0.75 0
1.75 1.25 0

1.75 0.75 0
1.25 1.25 0

0 -1 0
1 0 0

1 -1 0
0 0 0

0.5 -1 0
1.5 0 0

1.5 -1 0
0.5 0 0

0 1.5 0
1 2.5 0

1 1.5 0
0 2.5 0

0.5 1.5 0
1.5 2.5 0

1.5 1.5 0
0.5 2.5 0

0.5 1 0.00449202
1 1.5 0.00449202

1 1 0.00449202
0.5 1.5 0.00449202

0.75 1 0.00554608
1.25 1.5 0.00554608

1.25 1 0.00554608
0.75 1.5 0.00554608

0.5 1.25 0
1 1.75 0

1 1.25 0
0.5 1.75 0

0.75 1.25 0
1.25 1.75 0

1.25 1.25 0
0.75 1.75 0

0 -0.5 0
0.5 0 0

0.5 -0.5 0
0 0 0

0.25 -0.5 0
0.75 0 0

0.75 -0.5 0
0.25 0 0

0 -0.25 0
0.5 0.25 0

0.5 -0.25 0
0 0.25 0

0.25 -0.25 0
0.75 0.25 0

0.75 -0.25 0
0.25 0.25 0

-1 0 0
0 1 0

0 0 0
-1 1 0

-1 0.5 0
0 1.5 0

0 0.5 0
-1 1.5 0

-0.5 0 0
0 0.5 0

0 0 0
-0.5 0.5 0

-0.25 0 0.00138376
0.25 0.5 0.00138376

0.25 0 0.00138376
-0.25 0.5 0.00138376

-0.5 0.25 0
0 0.75 0

0 0.25 0
-0.5 0.75 0

-0.25 0.25 0
0.25 0.75 0

0.25 0.25 0
-0.25 0.75 0

