0.798913 0.105352 
0.796414 0.117686 
0.793490 0.129758 
0.789999 0.142460 
0.786505 0.153225 
0.782456 0.164510 
0.777979 0.175435 
0.772799 0.186872 
0.767845 0.196418 
0.762211 0.206383 
0.756150 0.215923 
0.749243 0.225861 
0.742801 0.234040 
0.735551 0.242541 
0.727897 0.250569 
0.719255 0.258891 
0.711330 0.265643 
0.702469 0.272629 
0.693261 0.279118 
0.682932 0.285806 
0.673565 0.291151 
0.663147 0.296647 
0.652518 0.301621 
0.640673 0.306701 
0.630005 0.310681 
0.618206 0.314729 
0.606388 0.318256 
0.593308 0.321798 
0.581600 0.324469 
0.568727 0.327123 
0.556069 0.329280 
0.542160 0.331361 
0.529798 0.332772 
0.516295 0.334080 
0.503224 0.334938 
0.488977 0.335624 
0.476424 0.335820 
0.462810 0.335822 
0.449601 0.335448 
0.435740 0.334760 
0.423286 0.333781 
0.410247 0.332484 
0.397568 0.330860 
0.384386 0.328854 
0.372629 0.326677 
0.360436 0.324112 
0.348679 0.321237 
0.336543 0.317903 
0.325810 0.314514 
0.314757 0.310662 
0.304203 0.306517 
0.293373 0.301830 
0.283877 0.297207 
0.274152 0.292040 
0.264944 0.286595 
0.255542 0.280520 
0.247379 0.274638 
0.239057 0.268129 
0.231238 0.261359 
0.223290 0.253868 
0.216461 0.246714 
0.209531 0.238851 
0.203078 0.230758 
0.196550 0.221861 
0.191004 0.213458 
0.185405 0.204275 
0.180247 0.194909 
0.175060 0.184669 
0.170719 0.175101 
0.166365 0.164702 
0.162410 0.154179 
0.158468 0.142738 
0.155239 0.132163 
0.152035 0.120736 
0.149189 0.109262 
0.146396 0.096863 
0.144187 0.085522 
0.142042 0.073343 
0.140218 0.061216 
0.138488 0.048195 
0.137219 0.036412 
0.136052 0.023840 
0.135174 0.011418 
0.134429 -0.001832 
0.134034 -0.013691 
0.133778 -0.026265 
0.133784 -0.038594 
0.133966 -0.051662 
0.134392 -0.063233 
0.134995 -0.075429 
0.135839 -0.087302 
0.136904 -0.099813 
0.138110 -0.110779 
0.139534 -0.122270 
0.141184 -0.133393 
0.143102 -0.145053 
0.145062 -0.155175 
0.147280 -0.165733 
0.149717 -0.175899 
0.152466 -0.186503 
0.155162 -0.195634 
0.158155 -0.205116 
0.161364 -0.214212 
0.164932 -0.223660 
0.168351 -0.231738 
0.172105 -0.240090 
0.176075 -0.248078 
0.180447 -0.256348 
0.184575 -0.263369 
0.189072 -0.270606 
0.193791 -0.277513 
0.198949 -0.284639 
0.203767 -0.290652 
0.208981 -0.296830 
0.214424 -0.302716 
0.220340 -0.308774 
0.231711 -0.319057 
0.237843 -0.324007 
0.244466 -0.329088 
0.257071 -0.337645 
0.271094 -0.345958 
0.284786 -0.352981 
0.299898 -0.359767 
0.314481 -0.365438 
0.330454 -0.370884 
0.345690 -0.375373 
0.362252 -0.379649 
0.377869 -0.383114 
0.394718 -0.386373 
0.410426 -0.388953 
0.427247 -0.391336 
0.442758 -0.393158 
0.459251 -0.394789 
0.474297 -0.395965 
0.490187 -0.396958 
0.504539 -0.397588 
0.519598 -0.398045 
0.533069 -0.398222 
0.547124 -0.398235 
0.559580 -0.398043 
0.572507 -0.397698 
0.583860 -0.397213 
0.595587 -0.396591 
0.605786 -0.395883 
0.616288 -0.395057 
0.634599 -0.393232 
0.650556 -0.391241 
0.664226 -0.389197 
0.675693 -0.387205 
0.685047 -0.385356 
0.692373 -0.383729 
0.697749 -0.382387 
0.701239 -0.381380 
0.702891 -0.380740 
0.702736 -0.380483 
0.700788 -0.380609 
0.697043 -0.381100 
0.691481 -0.381922 
0.684068 -0.383028 
0.674763 -0.384355 
0.663514 -0.385829 
0.650272 -0.387363 
0.634993 -0.388862 
0.617649 -0.390222 
0.598239 -0.391330 
0.576798 -0.392069 
0.553414 -0.392312 
0.528231 -0.391926 
0.501465 -0.390770 
0.473402 -0.388694 
0.458578 -0.387201 
0.444397 -0.385536 
0.429276 -0.383426 
0.414861 -0.381122 
0.399661 -0.378300 
0.385244 -0.375266 
0.370201 -0.371631 
0.356009 -0.367762 
0.341349 -0.363203 
0.327610 -0.358392 
0.313550 -0.352791 
0.300461 -0.346919 
0.287194 -0.340152 
0.274927 -0.333095 
0.262612 -0.325033 
0.251304 -0.316664 
0.240063 -0.307174 
0.229823 -0.297371 
0.219748 -0.286332 
0.210653 -0.274982 
0.201808 -0.262289 
0.193909 -0.249303 
0.186336 -0.234879 
0.179669 -0.220213 
0.173398 -0.204044 
0.167987 -0.187705 
0.163038 -0.169837 
0.158908 -0.151923 
0.157005 -0.142083 
0.155304 -0.132504 
0.152479 -0.113207 
0.151276 -0.102689 
0.150251 -0.092492 
0.149433 -0.082139 
0.148765 -0.072112 
0.148282 -0.061095 
0.147955 -0.050469 
0.147841 -0.039742 
0.147855 -0.029406 
0.148122 -0.018124 
0.148520 -0.007297 
0.149142 0.003562 
0.149870 0.013970 
0.150923 0.025254 
0.152085 0.036023 
0.153484 0.046754 
0.154966 0.056982 
0.156854 0.068000 
0.158827 0.078457 
0.161051 0.088796 
0.163332 0.098594 
0.166109 0.109085 
0.168947 0.118984 
0.175190 0.137873 
0.178921 0.147625 
0.182685 0.156774 
0.190777 0.174053 
0.195531 0.182903 
0.200280 0.191153 
0.210335 0.206575 
0.221962 0.221664 
0.234075 0.235079 
0.247928 0.248047 
0.262140 0.259374 
0.278242 0.270158 
0.294550 0.279387 
0.312882 0.287990 
0.331138 0.295117 
0.351511 0.301534 
0.371489 0.306588 
0.393577 0.310822 
0.414891 0.313816 
0.426870 0.314962 
0.438189 0.315857 
0.460335 0.316785 
0.472649 0.316787 
0.484216 0.316601 
0.495731 0.316081 
0.506565 0.315428 
0.518848 0.314261 
0.530318 0.312966 
0.541619 0.311339 
0.552197 0.309632 
0.564072 0.307257 
0.575097 0.304812 
0.585851 0.302041 
0.595862 0.299239 
0.606980 0.295614 
0.617243 0.291976 
0.627166 0.288013 
0.636354 0.284068 
0.646443 0.279145 
0.655701 0.274266 
0.664563 0.269073 
0.672725 0.263949 
0.681576 0.257698 
0.689654 0.251548 
0.697310 0.245095 
0.704319 0.238768 
0.711811 0.231180 
0.718601 0.223757 
0.724961 0.216055 
0.730744 0.208536 
0.736815 0.199645 
0.742268 0.190990 
0.747290 0.182100 
0.751810 0.173462 
0.756437 0.163377 
0.760530 0.153608 
0.764205 0.143659 
0.767452 0.134039 
0.770635 0.122946 
0.773368 0.112259 
0.775694 0.101470 
0.777667 0.091099 
0.779410 0.079288 
0.780784 0.067974 
0.781759 0.056634 
0.782457 0.045828 
0.782763 0.033660 
0.782775 0.022083 
0.781806 -0.000300 
0.780665 -0.012410 
0.779310 -0.023829 
0.775667 -0.045663 
0.773032 -0.057342 
0.770330 -0.068148 
0.763982 -0.088673 
0.759876 -0.099458 
0.755786 -0.109371 
0.746712 -0.127954 
0.741141 -0.137534 
0.735666 -0.146287 
0.723894 -0.162450 
0.716897 -0.170611 
0.710072 -0.178018 
0.702795 -0.185054 
0.695709 -0.191456 
0.687376 -0.198073 
0.679291 -0.204027 
0.670796 -0.209574 
0.662562 -0.214574 
0.653055 -0.219588 
0.643869 -0.224042 
0.634344 -0.228067 
0.625151 -0.231633 
0.614712 -0.235036 
0.604674 -0.237976 
0.594392 -0.240476 
0.584511 -0.242604 
0.573467 -0.244410 
0.562896 -0.245846 
0.552207 -0.246835 
0.541987 -0.247537 
0.530732 -0.247771 
0.520013 -0.247720 
0.499146 -0.246518 
0.488087 -0.245203 
0.477633 -0.243695 
0.457613 -0.239664 
0.437341 -0.233898 
0.418897 -0.227138 
0.400538 -0.218527 
0.384235 -0.209188 
0.368335 -0.197925 
0.354522 -0.186192 
0.341415 -0.172557 
0.330304 -0.158712 
0.320148 -0.143086 
0.311832 -0.127524 
0.304660 -0.110403 
0.299137 -0.093628 
0.294890 -0.075604 
0.292092 -0.058206 
0.290657 -0.039931 
0.290470 -0.022543 
0.291690 -0.004672 
0.293961 0.012084 
0.297657 0.028973 
0.302181 0.044529 
0.308138 0.059940 
0.314671 0.073866 
0.322598 0.087393 
0.330885 0.099439 
0.340449 0.110847 
0.350188 0.120864 
0.361026 0.130062 
0.371869 0.138005 
0.383597 0.145013 
0.395163 0.150919 
0.407417 0.155835 
0.419283 0.159815 
0.431629 0.162794 
0.443473 0.165007 
0.455535 0.166248 
0.467048 0.166882 
0.478525 0.166600 
0.489434 0.165874 
0.510192 0.162445 
0.529030 0.157072 
0.545791 0.150229 
0.560442 0.142375 
0.573046 0.133943 
0.583741 0.125333 
0.592711 0.116902 
0.600166 0.108961 
0.606322 0.101778 
0.611387 0.095578 
0.615542 0.090545 
0.618938 0.086834 
0.621681 0.084567 
0.623829 0.083843 
0.625383 0.084734 
0.626292 0.087286 
0.626444 0.091509 
0.625672 0.097376 
0.623756 0.104807 
0.620434 0.113661 
0.615409 0.123727 
0.608366 0.134714 
0.598991 0.146253 
0.586993 0.157901 
0.572140 0.169147 
0.554287 0.179431 
0.533420 0.188164 
0.521928 0.191645 
0.509691 0.194744 
0.496964 0.196919 
0.483448 0.198575 
0.469680 0.199196 
0.455250 0.199086 
0.440852 0.197870 
0.425855 0.195738 
0.411266 0.192450 
0.396181 0.188044 
0.381842 0.182473 
0.367235 0.175585 
0.353609 0.167550 
0.340044 0.158040 
0.327679 0.147463 
0.315577 0.135239 
0.304908 0.122132 
0.294689 0.107230 
0.286069 0.091725 
0.278103 0.074350 
0.271808 0.056721 
0.266402 0.037298 
0.262644 0.017941 
0.260054 -0.002849 
0.259056 -0.023228 
0.259442 -0.044679 
0.261369 -0.065259 
0.262940 -0.075685 
0.264888 -0.086573 
0.267186 -0.096352 
0.269869 -0.106535 
0.273025 -0.116505 
0.276668 -0.126886 
0.280489 -0.136001 
0.284803 -0.145470 
0.289591 -0.154621 
0.294992 -0.164120 
0.300361 -0.172269 
0.306337 -0.180709 
0.312778 -0.188747 
0.319959 -0.197055 
0.326861 -0.204009 
0.334483 -0.211183 
0.342544 -0.217904 
0.351461 -0.224798 
0.359825 -0.230412 
0.369008 -0.236167 
0.378615 -0.241485 
0.389064 -0.246760 
0.398787 -0.251002 
0.409306 -0.255195 
0.420169 -0.258958 
0.431903 -0.262591 
0.442703 -0.265365 
0.454306 -0.267997 
0.466032 -0.270156 
0.478621 -0.272102 
0.490089 -0.273362 
0.502344 -0.274391 
0.514478 -0.274940 
0.527433 -0.275180 
0.539075 -0.274900 
0.551453 -0.274292 
0.563508 -0.273221 
0.576313 -0.271731 
0.587635 -0.269892 
0.599610 -0.267614 
0.611107 -0.264902 
0.623257 -0.261641 
0.633816 -0.258222 
0.644933 -0.254240 
0.655463 -0.249858 
0.666533 -0.244784 
0.675987 -0.239765 
0.685898 -0.234046 
0.695160 -0.227971 
0.704846 -0.221053 
0.712964 -0.214433 
0.721436 -0.206972 
0.729252 -0.199206 
0.737364 -0.190455 
0.744025 -0.182272 
0.750934 -0.173121 
0.757294 -0.163646 
0.763658 -0.153235 
0.768885 -0.143528 
0.774121 -0.132906 
0.778900 -0.121949 
0.783590 -0.110018 
0.787321 -0.099052 
0.790956 -0.087182 
0.794159 -0.075043 
0.797193 -0.061926 
0.799442 -0.050063 
0.801517 -0.037319 
0.803169 -0.024423 
0.804570 -0.010590 
0.805367 0.001717 
0.805910 0.014845 
0.806033 0.027985 
0.805815 0.041980 
0.805182 0.054227 
0.804208 0.067206 
0.802812 0.080053 
0.800970 0.093649 
