0.680474 0.235669 
0.680328 0.240912 
0.680022 0.246156 
0.679555 0.251394 
0.678928 0.256620 
0.678143 0.261827 
0.677199 0.267009 
0.676097 0.272160 
0.674839 0.277273 
0.673425 0.282343 
0.671858 0.287363 
0.670139 0.292329 
0.668269 0.297233 
0.666251 0.302071 
0.664086 0.306837 
0.661778 0.311527 
0.659328 0.316134 
0.656739 0.320654 
0.654015 0.325083 
0.651157 0.329416 
0.648170 0.333648 
0.645057 0.337775 
0.641821 0.341794 
0.638467 0.345701 
0.634998 0.349491 
0.631418 0.353162 
0.627732 0.356711 
0.623944 0.360134 
0.620059 0.363428 
0.616082 0.366591 
0.612017 0.369621 
0.607870 0.372514 
0.603645 0.375270 
0.599348 0.377886 
0.594984 0.380359 
0.590559 0.382690 
0.586078 0.384876 
0.581546 0.386915 
0.576969 0.388807 
0.572352 0.390552 
0.567701 0.392147 
0.563022 0.393592 
0.558319 0.394888 
0.553599 0.396032 
0.548867 0.397027 
0.544127 0.397870 
0.539385 0.398562 
0.534647 0.399104 
0.529917 0.399496 
0.525200 0.399738 
0.520502 0.399830 
0.515825 0.399775 
0.511177 0.399572 
0.506559 0.399223 
0.501978 0.398729 
0.497437 0.398091 
0.492941 0.397310 
0.488492 0.396389 
0.484096 0.395329 
0.479755 0.394133 
0.475474 0.392801 
0.471255 0.391336 
0.467102 0.389741 
0.463018 0.388017 
0.459006 0.386168 
0.455070 0.384196 
0.451212 0.382103 
0.447434 0.379892 
0.443741 0.377567 
0.440134 0.375131 
0.436616 0.372585 
0.433190 0.369934 
0.429858 0.367180 
0.426622 0.364327 
0.423485 0.361378 
0.420449 0.358336 
0.417517 0.355205 
0.414690 0.351988 
0.411971 0.348689 
0.409362 0.345310 
0.406865 0.341855 
0.404482 0.338327 
0.402215 0.334731 
0.400065 0.331069 
0.398035 0.327344 
0.396126 0.323561 
0.394340 0.319721 
0.392679 0.315830 
0.391144 0.311890 
0.389736 0.307904 
0.388456 0.303875 
0.387307 0.299808 
0.386288 0.295704 
0.385402 0.291568 
0.384648 0.287401 
0.384028 0.283209 
0.383542 0.278993 
0.383190 0.274756 
0.382973 0.270502 
0.382891 0.266234 
0.382945 0.261954 
0.383133 0.257665 
0.383456 0.253371 
0.383913 0.249074 
0.384504 0.244777 
0.385228 0.240483 
0.386084 0.236195 
0.387072 0.231914 
0.388190 0.227645 
0.389436 0.223390 
0.390811 0.219152 
0.392312 0.214932 
0.393938 0.210735 
0.395687 0.206563 
0.397557 0.202418 
0.399547 0.198303 
0.401654 0.194221 
0.403877 0.190176 
0.406214 0.186168 
0.408662 0.182202 
0.411220 0.178281 
0.413885 0.174406 
0.416654 0.170582 
0.419527 0.166811 
0.422499 0.163096 
0.425570 0.159441 
0.428735 0.155848 
0.431994 0.152320 
0.435343 0.148862 
0.438781 0.145476 
0.442303 0.142166 
0.445909 0.138935 
0.449595 0.135787 
0.453359 0.132724 
0.457197 0.129752 
0.461108 0.126873 
0.465089 0.124090 
0.469135 0.121409 
0.473246 0.118831 
0.477417 0.116362 
0.481646 0.114004 
0.485929 0.111761 
0.490263 0.109637 
0.494645 0.107636 
0.499071 0.105761 
0.503539 0.104015 
0.508043 0.102402 
0.512581 0.100926 
0.517148 0.099589 
0.521741 0.098395 
0.526355 0.097347 
0.530987 0.096448 
0.535631 0.095701 
0.540283 0.095108 
0.544939 0.094671 
0.549593 0.094394 
0.554242 0.094277 
0.558880 0.094324 
0.563502 0.094536 
0.568104 0.094914 
0.572679 0.095459 
0.577223 0.096173 
0.581731 0.097056 
0.586197 0.098109 
0.590616 0.099331 
0.594983 0.100724 
0.599292 0.102287 
0.603538 0.104018 
0.607717 0.105917 
0.611822 0.107983 
0.615848 0.110215 
0.619792 0.112610 
0.623647 0.115167 
0.627409 0.117882 
0.631073 0.120754 
0.634635 0.123780 
0.638091 0.126955 
0.641435 0.130277 
0.644664 0.133742 
0.647774 0.137346 
0.650761 0.141084 
0.653621 0.144952 
0.656352 0.148945 
0.658949 0.153058 
0.661410 0.157285 
0.663732 0.161622 
0.665912 0.166063 
0.667948 0.170601 
0.669837 0.175232 
0.671577 0.179948 
0.673167 0.184745 
0.674604 0.189614 
0.675887 0.194551 
0.677015 0.199548 
0.677986 0.204600 
0.678799 0.209698 
0.679454 0.214838 
0.679949 0.220011 
0.680284 0.225212 
0.680459 0.230434 
