0.188004 0.113858 
0.183065 0.094953 
0.179068 0.075877 
0.175537 0.054297 
0.173376 0.035939 
0.171717 0.015412 
0.170902 -0.004787 
0.170847 -0.027222 
0.171569 -0.045748 
0.173084 -0.066125 
0.175360 -0.085675 
0.178749 -0.107007 
0.182326 -0.124148 
0.187045 -0.142721 
0.192445 -0.160081 
0.199376 -0.178732 
0.205894 -0.193368 
0.213964 -0.209022 
0.222608 -0.223292 
0.233258 -0.238414 
0.242875 -0.250050 
0.254502 -0.262346 
0.266467 -0.273208 
0.280910 -0.284553 
0.293682 -0.293115 
0.308899 -0.302019 
0.324053 -0.309585 
0.342059 -0.317310 
0.357724 -0.322954 
0.376135 -0.328643 
0.393904 -0.333179 
0.414677 -0.337566 
0.432429 -0.340501 
0.452977 -0.343185 
0.472250 -0.344950 
0.494365 -0.346249 
0.512879 -0.346648 
0.533960 -0.346481 
0.553797 -0.345616 
0.574907 -0.343978 
0.593213 -0.341868 
0.612600 -0.338944 
0.630923 -0.335415 
0.650015 -0.330900 
0.666322 -0.326217 
0.683248 -0.320498 
0.698980 -0.314219 
0.715116 -0.306702 
0.728680 -0.299315 
0.742543 -0.290642 
0.755204 -0.281468 
0.768013 -0.270781 
0.778606 -0.260557 
0.789286 -0.248788 
0.798869 -0.236607 
0.808424 -0.222652 
0.816160 -0.209573 
0.823830 -0.194734 
0.830559 -0.179641 
0.837122 -0.162589 
0.842261 -0.146919 
0.847209 -0.129385 
0.851359 -0.111880 
0.855218 -0.092395 
0.858023 -0.074848 
0.860512 -0.055506 
0.862335 -0.036575 
0.863730 -0.015835 
0.864406 0.002434 
0.864628 0.022263 
0.864293 0.041295 
0.863374 0.061818 
0.862041 0.079496 
0.860094 0.098402 
0.857675 0.116218 
0.854483 0.135155 
0.851170 0.151141 
0.847054 0.168020 
0.842536 0.183663 
0.837023 0.200091 
0.831684 0.213716 
0.825326 0.227954 
0.818625 0.240972 
0.810679 0.254512 
0.803226 0.265560 
0.794518 0.277011 
0.785535 0.287352 
0.775040 0.298018 
0.765402 0.306583 
0.754274 0.315389 
0.742965 0.323240 
0.729897 0.331264 
0.718106 0.337589 
0.704632 0.344022 
0.691108 0.349666 
0.675642 0.355354 
0.661926 0.359721 
0.646412 0.364085 
0.631046 0.367805 
0.613677 0.371450 
0.598538 0.374118 
0.581613 0.376678 
0.565069 0.378718 
0.546603 0.380572 
0.530790 0.381752 
0.513335 0.382722 
0.496505 0.383272 
0.477959 0.383521 
0.462356 0.383370 
0.445338 0.382906 
0.429129 0.382098 
0.411489 0.380874 
0.396886 0.379496 
0.381137 0.377701 
0.366292 0.375620 
0.350305 0.373002 
0.323316 0.367398 
0.310280 0.364090 
0.296365 0.360121 
0.273243 0.352159 
0.250444 0.342353 
0.231203 0.332081 
0.212418 0.319794 
0.196781 0.307284 
0.181630 0.292604 
0.169177 0.277980 
0.157194 0.261076 
0.147469 0.244558 
0.138183 0.225718 
0.130756 0.207640 
0.123732 0.187281 
0.118215 0.168092 
0.113072 0.146757 
0.109134 0.127001 
0.105546 0.105304 
0.102903 0.085565 
0.100590 0.064141 
0.099002 0.044979 
0.097726 0.024406 
0.096986 0.006307 
0.096540 -0.012943 
0.096469 -0.029609 
0.096671 -0.047203 
0.097110 -0.062165 
0.097799 -0.077928 
0.099634 -0.104905 
0.101913 -0.128098 
0.104399 -0.147593 
0.106878 -0.163542 
0.109165 -0.176125 
0.111103 -0.185518 
0.112569 -0.191873 
0.113477 -0.195306 
0.113778 -0.195889 
0.113463 -0.193647 
0.112565 -0.188558 
0.111152 -0.180560 
0.109330 -0.169549 
0.107237 -0.155398 
0.105039 -0.137968 
0.102928 -0.117134 
0.101118 -0.092816 
0.099844 -0.065018 
0.099359 -0.033873 
0.099942 0.000309 
0.101900 0.037013 
0.105571 0.075510 
0.111342 0.114884 
0.119651 0.154107 
0.131003 0.192129 
0.138271 0.211009 
0.145977 0.227985 
0.155341 0.245364 
0.165226 0.260871 
0.177049 0.276442 
0.189463 0.290185 
0.204114 0.303724 
0.219419 0.315524 
0.237263 0.326910 
0.255755 0.336651 
0.277053 0.345810 
0.298914 0.353434 
0.323734 0.360326 
0.348905 0.365792 
0.376995 0.370376 
0.405054 0.373627 
0.435749 0.375833 
0.465823 0.376773 
0.497987 0.376480 
0.528821 0.374956 
0.560995 0.371969 
0.591131 0.367755 
0.621807 0.361797 
0.649856 0.354590 
0.677728 0.345308 
0.702661 0.334727 
0.726871 0.321695 
0.748055 0.307323 
0.758728 0.298671 
0.768171 0.290096 
0.785371 0.271530 
0.793869 0.260536 
0.801297 0.249737 
0.808370 0.238083 
0.814529 0.226710 
0.820895 0.213283 
0.826357 0.200212 
0.831434 0.186264 
0.835750 0.172776 
0.840061 0.157040 
0.843627 0.141878 
0.846778 0.125895 
0.849309 0.110618 
0.851625 0.093025 
0.853337 0.076282 
0.854595 0.058876 
0.855363 0.042459 
0.855689 0.023810 
0.855538 0.006323 
0.854876 -0.011574 
0.853843 -0.028177 
0.852117 -0.046774 
0.850024 -0.063948 
0.844411 -0.097057 
0.840489 -0.114517 
0.836313 -0.130368 
0.826468 -0.160229 
0.820143 -0.175670 
0.813694 -0.189448 
0.799227 -0.214847 
0.781337 -0.239042 
0.761876 -0.259428 
0.738500 -0.278299 
0.713891 -0.293579 
0.685032 -0.307156 
0.655518 -0.317510 
0.621705 -0.325987 
0.588350 -0.331583 
0.551093 -0.335065 
0.515682 -0.336009 
0.477298 -0.334468 
0.442231 -0.330692 
0.422636 -0.327443 
0.405456 -0.323931 
0.373091 -0.315196 
0.355489 -0.309044 
0.340285 -0.302867 
0.325341 -0.295783 
0.312437 -0.288824 
0.297695 -0.279563 
0.285145 -0.270525 
0.273080 -0.260504 
0.262802 -0.250840 
0.251320 -0.238320 
0.241708 -0.226297 
0.232703 -0.213274 
0.225172 -0.200877 
0.217024 -0.185162 
0.210385 -0.170274 
0.204405 -0.154445 
0.199582 -0.139558 
0.194682 -0.121089 
0.190949 -0.103833 
0.187916 -0.085864 
0.185748 -0.069193 
0.184020 -0.048979 
0.183151 -0.030383 
0.183025 -0.011416 
0.183510 0.005912 
0.184949 0.026403 
0.186983 0.044928 
0.189818 0.063423 
0.193039 0.080046 
0.197743 0.099214 
0.202806 0.116242 
0.208738 0.132863 
0.214839 0.147553 
0.222962 0.164080 
0.231216 0.178503 
0.240406 0.192290 
0.249536 0.204264 
0.261210 0.217388 
0.272761 0.228620 
0.285274 0.239096 
0.297442 0.247989 
0.312595 0.257428 
0.327301 0.265270 
0.342974 0.272338 
0.357849 0.278075 
0.376011 0.283827 
0.393303 0.288295 
0.428225 0.294598 
0.448354 0.296727 
0.467054 0.297866 
0.503811 0.297711 
0.524564 0.296178 
0.542853 0.294027 
0.578266 0.287311 
0.597522 0.282036 
0.614149 0.276521 
0.645340 0.263029 
0.661647 0.253922 
0.675464 0.244938 
0.700492 0.224538 
0.713026 0.211613 
0.723414 0.199191 
0.733278 0.185330 
0.741398 0.172153 
0.749871 0.155741 
0.756629 0.140249 
0.762672 0.123421 
0.767368 0.107675 
0.771780 0.088647 
0.774904 0.070986 
0.777163 0.052300 
0.778447 0.035107 
0.778866 0.014945 
0.778374 -0.003428 
0.776884 -0.022352 
0.774749 -0.039448 
0.771198 -0.058907 
0.767067 -0.076296 
0.761817 -0.093718 
0.756235 -0.109132 
0.748700 -0.126197 
0.740906 -0.141122 
0.722896 -0.168240 
0.711398 -0.181815 
0.700062 -0.193327 
0.675293 -0.213332 
0.645658 -0.230605 
0.615334 -0.243044 
0.580598 -0.252288 
0.546941 -0.257209 
0.510044 -0.258483 
0.475995 -0.256072 
0.440450 -0.249535 
0.409145 -0.239945 
0.378113 -0.225828 
0.352052 -0.209320 
0.327641 -0.188115 
0.308252 -0.165325 
0.291419 -0.138079 
0.279214 -0.110306 
0.270117 -0.078864 
0.265077 -0.048230 
0.263497 -0.015210 
0.265364 0.015572 
0.270954 0.047299 
0.279314 0.075449 
0.291618 0.103301 
0.305854 0.126750 
0.324075 0.148901 
0.343339 0.166611 
0.366258 0.182269 
0.389290 0.193911 
0.415246 0.203038 
0.440330 0.208742 
0.467345 0.211708 
0.492510 0.211882 
0.518663 0.209225 
0.541961 0.204479 
0.565377 0.196915 
0.585593 0.187950 
0.605105 0.176354 
0.621497 0.163983 
0.636648 0.149315 
0.648939 0.134531 
0.668102 0.101731 
0.679754 0.067736 
0.684994 0.034496 
0.685071 0.003565 
0.681283 -0.024007 
0.674898 -0.047671 
0.667100 -0.067297 
0.658951 -0.083049 
0.651353 -0.095259 
0.645040 -0.104314 
0.640569 -0.110570 
0.638328 -0.114290 
0.638543 -0.115608 
0.641276 -0.114500 
0.646422 -0.110787 
0.653697 -0.104143 
0.662618 -0.094131 
0.672494 -0.080254 
0.682428 -0.062045 
0.691330 -0.039177 
0.697959 -0.011610 
0.700968 0.020255 
0.698965 0.055459 
0.690571 0.092447 
0.674509 0.129163 
0.649734 0.163268 
0.615672 0.192415 
0.595709 0.204120 
0.572562 0.214471 
0.548744 0.222010 
0.521833 0.227624 
0.495128 0.230305 
0.466305 0.230377 
0.438747 0.227533 
0.409939 0.221475 
0.383679 0.212619 
0.357122 0.199891 
0.334055 0.184634 
0.311808 0.165005 
0.293430 0.143217 
0.276967 0.117069 
0.264463 0.089533 
0.254522 0.057897 
0.248506 0.026289 
0.245639 -0.008626 
0.246478 -0.041732 
0.251113 -0.076847 
0.259123 -0.108517 
0.271613 -0.140613 
0.287160 -0.168345 
0.307599 -0.194798 
0.330677 -0.216610 
0.358778 -0.236105 
0.388622 -0.250967 
0.404797 -0.257139 
0.423169 -0.262911 
0.439522 -0.266925 
0.457910 -0.270464 
0.476061 -0.272908 
0.496322 -0.274605 
0.513691 -0.275084 
0.532910 -0.274739 
0.551354 -0.273412 
0.571599 -0.270921 
0.588311 -0.267845 
0.606525 -0.263527 
0.623511 -0.258357 
0.641844 -0.251529 
0.656433 -0.244847 
0.672105 -0.236440 
0.686334 -0.227334 
0.701377 -0.216051 
0.712939 -0.205739 
0.725147 -0.193205 
0.736057 -0.180003 
0.746920 -0.164603 
0.755226 -0.150608 
0.763444 -0.134467 
0.770533 -0.117799 
0.777236 -0.098823 
0.782026 -0.081934 
0.786381 -0.062917 
0.789641 -0.043997 
0.792209 -0.022894 
0.793477 -0.004526 
0.793987 0.015759 
0.793518 0.035205 
0.792009 0.056483 
0.789774 0.074506 
0.786412 0.094062 
0.782239 0.112216 
0.776601 0.131736 
0.770828 0.147777 
0.763494 0.164907 
0.755550 0.180357 
0.745646 0.196698 
0.736272 0.209713 
0.724863 0.223398 
0.713107 0.235381 
0.698889 0.247825 
0.685984 0.257386 
0.670607 0.267237 
0.655254 0.275544 
0.637058 0.283911 
0.621083 0.289994 
0.602371 0.296002 
0.584153 0.300715 
0.563021 0.305080 
0.545031 0.307824 
0.524333 0.310116 
0.504261 0.311395 
0.482367 0.311848 
0.463589 0.311380 
0.443156 0.310052 
0.423441 0.307858 
0.402463 0.304535 
0.384879 0.300811 
0.366270 0.295924 
0.348632 0.290208 
0.330227 0.283013 
0.315211 0.275960 
0.299607 0.267405 
0.285121 0.258048 
0.270265 0.246820 
0.258480 0.236353 
0.246440 0.224032 
0.235522 0.210982 
0.224543 0.195686 
0.216125 0.181888 
0.207716 0.165942 
0.200352 0.149460 
0.193192 0.130483 
