0.246769 0.187905 
0.241815 0.181812 
0.236999 0.175321 
0.232129 0.168484 
0.227965 0.161912 
0.223764 0.155036 
0.219721 0.147757 
0.215638 0.140108 
0.212214 0.132831 
0.208761 0.125234 
0.205487 0.117237 
0.202188 0.108863 
0.199489 0.100959 
0.196774 0.092736 
0.194260 0.084132 
0.191734 0.075156 
0.189746 0.066741 
0.187752 0.058015 
0.185982 0.048950 
0.184214 0.039523 
0.182917 0.030729 
0.181625 0.021637 
0.180586 0.012289 
0.179561 0.002608 
0.178943 -0.006404 
0.178341 -0.015687 
0.178015 -0.025130 
0.177716 -0.034869 
0.177769 -0.043921 
0.177847 -0.053210 
0.178220 -0.062561 
0.178633 -0.072164 
0.179352 -0.081071 
0.180105 -0.090177 
0.181167 -0.099265 
0.182283 -0.108563 
0.183667 -0.117157 
0.185093 -0.125909 
0.186795 -0.134590 
0.188658 -0.143433 
0.190657 -0.151568 
0.192810 -0.159838 
0.195193 -0.167983 
0.197766 -0.176256 
0.200426 -0.183828 
0.203266 -0.191504 
0.206339 -0.199025 
0.209626 -0.206646 
0.212955 -0.213583 
0.216489 -0.220600 
0.220256 -0.227435 
0.224264 -0.234348 
0.228265 -0.240604 
0.232497 -0.246922 
0.236963 -0.253045 
0.241696 -0.259228 
0.246370 -0.264786 
0.251298 -0.270391 
0.256463 -0.275798 
0.261918 -0.281250 
0.267260 -0.286117 
0.272875 -0.291017 
0.278727 -0.295719 
0.284888 -0.300455 
0.290879 -0.304648 
0.297158 -0.308866 
0.303670 -0.312888 
0.310507 -0.316934 
0.317110 -0.320482 
0.324011 -0.324047 
0.331140 -0.327423 
0.338602 -0.330814 
0.345764 -0.333754 
0.353223 -0.336702 
0.360904 -0.339469 
0.368916 -0.342242 
0.376561 -0.344611 
0.384493 -0.346981 
0.392635 -0.349175 
0.401095 -0.351370 
0.409122 -0.353204 
0.417419 -0.355034 
0.425911 -0.356695 
0.434699 -0.358350 
0.442990 -0.359685 
0.451526 -0.361012 
0.460238 -0.362173 
0.469218 -0.363325 
0.477640 -0.364195 
0.486278 -0.365055 
0.495070 -0.365749 
0.504095 -0.366431 
0.512515 -0.366866 
0.521110 -0.367290 
0.529841 -0.367548 
0.538767 -0.367790 
0.547049 -0.367820 
0.555471 -0.367836 
0.564010 -0.367684 
0.572700 -0.367515 
0.580725 -0.367163 
0.588850 -0.366799 
0.597080 -0.366260 
0.605419 -0.365705 
0.613090 -0.364995 
0.620818 -0.364276 
0.628642 -0.363372 
0.636536 -0.362454 
0.643770 -0.361406 
0.651030 -0.360353 
0.658380 -0.359103 
0.665761 -0.357845 
0.679244 -0.355114 
0.686070 -0.353538 
0.692900 -0.351961 
0.705315 -0.348639 
0.717851 -0.344882 
0.729177 -0.341008 
0.740588 -0.336690 
0.750839 -0.332308 
0.761147 -0.327472 
0.770359 -0.322628 
0.779609 -0.317323 
0.787836 -0.312066 
0.796087 -0.306348 
0.803393 -0.300733 
0.810715 -0.294661 
0.817170 -0.288747 
0.823634 -0.282389 
0.829309 -0.276243 
0.834989 -0.269669 
0.839955 -0.263359 
0.844923 -0.256647 
0.849249 -0.250248 
0.853574 -0.243479 
0.857324 -0.237068 
0.861071 -0.230324 
0.864305 -0.223977 
0.867533 -0.217344 
0.870306 -0.211138 
0.873072 -0.204698 
0.875433 -0.198701 
0.877786 -0.192540 
0.881767 -0.181017 
0.885094 -0.170263 
0.887838 -0.160398 
0.890062 -0.151529 
0.891818 -0.143746 
0.893153 -0.137122 
0.894104 -0.131715 
0.894702 -0.127567 
0.894967 -0.124706 
0.894918 -0.123145 
0.894562 -0.122883 
0.893902 -0.123907 
0.892933 -0.126190 
0.891646 -0.129696 
0.890022 -0.134376 
0.888040 -0.140167 
0.885670 -0.146999 
0.882877 -0.154787 
0.879621 -0.163440 
0.875853 -0.172854 
0.871523 -0.182919 
0.866571 -0.193518 
0.860935 -0.204527 
0.854546 -0.215821 
0.847331 -0.227273 
0.843288 -0.233106 
0.839212 -0.238758 
0.834683 -0.244561 
0.830110 -0.250151 
0.825051 -0.255862 
0.819941 -0.261336 
0.814311 -0.266896 
0.808623 -0.272200 
0.802378 -0.277555 
0.796073 -0.282640 
0.789175 -0.287740 
0.782214 -0.292559 
0.774625 -0.297359 
0.766975 -0.301870 
0.758665 -0.306328 
0.750297 -0.310492 
0.741241 -0.314572 
0.732137 -0.318355 
0.722320 -0.322021 
0.712472 -0.325391 
0.701894 -0.328613 
0.691308 -0.331540 
0.679982 -0.334289 
0.668680 -0.336746 
0.656642 -0.338994 
0.644667 -0.340953 
0.631969 -0.342673 
0.619385 -0.344108 
0.606105 -0.345272 
0.592997 -0.346156 
0.579235 -0.346735 
0.565712 -0.347039 
0.558643 -0.347023 
0.551589 -0.347004 
0.537778 -0.346698 
0.530591 -0.346360 
0.523434 -0.346017 
0.516452 -0.345543 
0.509478 -0.345068 
0.502248 -0.344391 
0.495066 -0.343705 
0.488080 -0.342894 
0.481118 -0.342079 
0.473928 -0.341042 
0.466795 -0.339996 
0.459894 -0.338829 
0.453017 -0.337657 
0.445946 -0.336242 
0.438949 -0.334815 
0.425490 -0.331722 
0.418621 -0.329905 
0.411827 -0.328077 
0.398838 -0.324191 
0.392243 -0.321951 
0.385724 -0.319699 
0.373335 -0.314979 
0.360896 -0.309595 
0.349220 -0.304001 
0.337559 -0.297679 
0.326694 -0.291177 
0.315904 -0.283881 
0.305918 -0.276435 
0.296058 -0.268121 
0.287015 -0.259720 
0.278142 -0.250372 
0.270074 -0.240999 
0.262226 -0.230610 
0.255159 -0.220270 
0.248363 -0.208863 
0.242311 -0.197575 
0.236586 -0.185190 
0.231561 -0.173007 
0.229238 -0.166359 
0.226919 -0.159717 
0.222929 -0.146719 
0.221150 -0.139664 
0.219380 -0.132629 
0.216434 -0.118931 
0.215205 -0.111540 
0.213989 -0.104189 
0.213041 -0.097053 
0.212098 -0.089933 
0.211425 -0.082291 
0.210768 -0.074709 
0.210352 -0.067377 
0.209944 -0.060079 
0.209836 -0.052293 
0.209744 -0.044584 
0.209869 -0.037153 
0.210005 -0.029778 
0.210469 -0.021959 
0.210950 -0.014238 
0.211627 -0.006824 
0.212315 0.000522 
0.213363 0.008253 
0.214427 0.015873 
0.215665 0.023154 
0.216915 0.030357 
0.218556 0.037884 
0.220212 0.045280 
0.222022 0.052320 
0.223845 0.059272 
0.226088 0.066478 
0.228344 0.073545 
0.230735 0.080235 
0.233138 0.086840 
0.235988 0.093619 
0.238850 0.100263 
0.241829 0.106500 
0.244817 0.112683 
0.248275 0.118949 
0.251745 0.125086 
0.258882 0.136484 
0.262943 0.142160 
0.267013 0.147732 
0.275305 0.157991 
0.284605 0.167982 
0.294012 0.177015 
0.304423 0.185678 
0.314880 0.193425 
0.326313 0.200714 
0.337722 0.207140 
0.350053 0.213031 
0.362281 0.218117 
0.375351 0.222601 
0.388231 0.226340 
0.401846 0.229422 
0.415179 0.231817 
0.422152 0.232665 
0.429118 0.233511 
0.442678 0.234575 
0.449692 0.234737 
0.456698 0.234897 
0.470244 0.234650 
0.484098 0.233629 
0.497385 0.232098 
0.510830 0.229765 
0.523621 0.226990 
0.536432 0.223384 
0.548511 0.219418 
0.560488 0.214592 
0.571674 0.209500 
0.582638 0.203538 
0.592801 0.197387 
0.602620 0.190389 
0.611659 0.183266 
0.620245 0.175346 
0.628090 0.167363 
0.635394 0.158655 
0.642008 0.149943 
0.648013 0.140600 
0.653387 0.131307 
0.658101 0.121497 
0.662252 0.111788 
0.665708 0.101686 
0.668670 0.091735 
0.670913 0.081516 
0.672744 0.071506 
0.673838 0.061344 
0.674605 0.051450 
0.674637 0.041524 
0.674406 0.031891 
0.673471 0.022357 
0.672321 0.013121 
0.670515 0.004111 
0.668539 -0.004618 
0.665963 -0.013001 
0.663262 -0.021132 
0.660007 -0.028808 
0.656701 -0.036286 
0.652901 -0.043224 
0.649076 -0.049996 
0.644849 -0.056177 
0.640603 -0.062232 
0.636058 -0.067642 
0.631501 -0.073004 
0.621977 -0.082366 
0.612231 -0.090398 
0.602444 -0.097208 
0.592783 -0.102919 
0.583395 -0.107667 
0.574407 -0.111596 
0.565928 -0.114848 
0.558049 -0.117566 
0.550849 -0.119885 
0.544392 -0.121933 
0.538736 -0.123822 
0.533932 -0.125654 
0.530031 -0.127512 
0.527082 -0.129458 
0.525134 -0.131535 
0.524242 -0.133761 
0.524457 -0.136132 
0.525837 -0.138615 
0.528431 -0.141152 
0.532287 -0.143658 
0.537440 -0.146020 
0.543909 -0.148101 
0.551692 -0.149744 
0.560759 -0.150767 
0.571045 -0.150975 
0.582448 -0.150162 
0.594823 -0.148115 
0.607984 -0.144618 
0.614836 -0.142058 
0.621701 -0.139464 
0.628701 -0.136045 
0.635711 -0.132458 
0.642706 -0.128066 
0.649718 -0.123425 
0.656555 -0.117983 
0.663405 -0.112221 
0.669943 -0.105679 
0.676446 -0.098743 
0.682537 -0.091084 
0.688514 -0.082943 
0.693979 -0.074164 
0.699289 -0.064836 
0.703978 -0.054978 
0.708468 -0.044518 
0.712247 -0.033661 
0.715770 -0.022171 
0.718520 -0.010433 
0.720937 0.001931 
0.722562 0.014406 
0.723736 0.027421 
0.724119 0.040404 
0.723958 0.053855 
0.722999 0.067090 
0.721415 0.080729 
0.719036 0.093949 
0.715942 0.107502 
0.712074 0.120441 
0.709738 0.127035 
0.707398 0.133635 
0.701987 0.146038 
0.698829 0.152321 
0.695667 0.158609 
0.688673 0.170245 
0.684682 0.176097 
0.680673 0.181958 
0.672076 0.192634 
0.667307 0.197952 
0.662387 0.203280 
0.657348 0.208060 
0.652190 0.212843 
0.646614 0.217541 
0.640850 0.222249 
0.635048 0.226415 
0.629085 0.230584 
0.622742 0.234593 
0.616192 0.238608 
0.609671 0.242104 
0.602963 0.245602 
0.595918 0.248884 
0.588650 0.252168 
0.581491 0.254952 
0.574133 0.257735 
0.566474 0.260266 
0.558583 0.262794 
0.550895 0.264839 
0.543010 0.266878 
0.534856 0.268640 
0.526476 0.270391 
0.518397 0.271681 
0.510130 0.272960 
0.501634 0.273935 
0.492925 0.274893 
0.484617 0.275416 
0.476137 0.275921 
0.467473 0.276099 
0.458611 0.276247 
0.450253 0.275994 
0.441737 0.275714 
0.433086 0.275086 
0.424258 0.274408 
0.416020 0.273369 
0.407651 0.272295 
0.399197 0.270886 
0.390577 0.269328 
0.382638 0.267535 
0.374567 0.265614 
0.366470 0.263379 
0.358227 0.260956 
0.350721 0.258373 
0.343101 0.255619 
0.335498 0.252541 
0.327771 0.249240 
0.320813 0.245852 
0.313761 0.242262 
0.306762 0.238326 
0.299660 0.234137 
0.293338 0.229938 
0.286937 0.225505 
0.280621 0.220707 
0.274221 0.215622 
0.268592 0.210612 
0.262899 0.205341 
0.257319 0.199685 
0.251671 0.193711 
