0.218101 0.125978 
0.214804 0.118752 
0.211664 0.111136 
0.208513 0.103217 
0.205907 0.095671 
0.203296 0.087873 
0.200860 0.079694 
0.198422 0.071210 
0.196484 0.063199 
0.194548 0.054938 
0.192807 0.046316 
0.191073 0.037403 
0.189791 0.029047 
0.188517 0.020458 
0.187463 0.011545 
0.186424 0.002365 
0.185787 -0.006190 
0.185164 -0.014953 
0.184786 -0.023989 
0.184432 -0.033268 
0.184431 -0.041876 
0.184450 -0.050670 
0.184741 -0.059649 
0.185065 -0.068836 
0.185697 -0.077345 
0.186355 -0.086008 
0.187310 -0.094769 
0.188305 -0.103698 
0.189571 -0.111960 
0.190869 -0.120345 
0.192485 -0.128743 
0.194146 -0.137272 
0.196052 -0.145153 
0.197992 -0.153125 
0.200268 -0.161047 
0.202600 -0.169071 
0.205150 -0.176460 
0.207737 -0.183915 
0.210622 -0.191274 
0.213686 -0.198714 
0.216824 -0.205526 
0.220128 -0.212402 
0.223675 -0.219139 
0.227428 -0.225938 
0.231210 -0.232131 
0.235183 -0.238370 
0.239401 -0.244453 
0.243846 -0.250581 
0.248276 -0.256132 
0.252920 -0.261717 
0.257806 -0.267130 
0.262942 -0.272575 
0.268014 -0.277478 
0.273321 -0.282404 
0.278868 -0.287152 
0.284684 -0.291923 
0.290384 -0.296186 
0.296334 -0.300465 
0.302524 -0.304567 
0.308996 -0.308683 
0.315297 -0.312329 
0.321858 -0.315984 
0.328652 -0.319463 
0.335738 -0.322949 
0.342593 -0.326004 
0.349713 -0.329063 
0.357055 -0.331949 
0.364691 -0.334836 
0.372034 -0.337331 
0.379639 -0.339826 
0.387453 -0.342151 
0.395557 -0.344473 
0.403303 -0.346441 
0.411296 -0.348403 
0.419488 -0.350200 
0.427949 -0.351989 
0.435996 -0.353461 
0.444266 -0.354924 
0.452717 -0.356224 
0.461414 -0.357513 
0.469639 -0.358518 
0.478061 -0.359513 
0.486644 -0.360345 
0.495442 -0.361163 
0.503718 -0.361730 
0.512160 -0.362285 
0.520743 -0.362676 
0.529506 -0.363051 
0.537705 -0.363206 
0.546038 -0.363347 
0.554490 -0.363321 
0.563088 -0.363278 
0.571093 -0.363042 
0.579193 -0.362794 
0.587398 -0.362372 
0.595714 -0.361934 
0.603418 -0.361329 
0.611187 -0.360713 
0.619046 -0.359914 
0.626978 -0.359102 
0.634298 -0.358145 
0.641651 -0.357181 
0.649086 -0.356023 
0.656560 -0.354856 
0.670310 -0.352272 
0.677263 -0.350771 
0.684228 -0.349267 
0.696977 -0.346053 
0.709839 -0.342403 
0.721547 -0.338594 
0.733329 -0.334334 
0.743990 -0.329965 
0.754697 -0.325131 
0.764332 -0.320241 
0.773993 -0.314876 
0.782644 -0.309507 
0.791306 -0.303655 
0.799026 -0.297855 
0.806749 -0.291570 
0.813601 -0.285391 
0.820450 -0.278731 
0.826500 -0.272233 
0.832545 -0.265263 
0.837862 -0.258510 
0.843171 -0.251304 
0.847820 -0.244369 
0.852461 -0.237001 
0.856509 -0.229956 
0.860547 -0.222512 
0.864052 -0.215436 
0.867547 -0.207999 
0.870567 -0.200973 
0.873577 -0.193626 
0.876164 -0.186727 
0.878740 -0.179559 
0.880941 -0.172864 
0.883132 -0.165955 
0.884990 -0.159527 
0.886838 -0.152963 
0.889938 -0.140723 
0.892501 -0.129358 
0.894589 -0.118977 
0.896255 -0.109675 
0.897547 -0.101526 
0.898505 -0.094594 
0.899161 -0.088924 
0.899544 -0.084549 
0.899673 -0.081489 
0.899564 -0.079752 
0.899224 -0.079334 
0.898656 -0.080222 
0.897858 -0.082393 
0.896821 -0.085815 
0.895532 -0.090445 
0.893971 -0.096230 
0.892113 -0.103111 
0.889930 -0.111015 
0.887387 -0.119863 
0.884444 -0.129562 
0.881056 -0.140015 
0.877176 -0.151115 
0.872748 -0.162746 
0.867716 -0.174791 
0.862016 -0.187126 
0.858813 -0.193450 
0.855582 -0.199626 
0.851983 -0.205991 
0.848344 -0.212169 
0.844311 -0.218507 
0.840231 -0.224632 
0.835726 -0.230885 
0.831166 -0.236898 
0.826151 -0.243007 
0.821075 -0.248858 
0.815511 -0.254769 
0.809881 -0.260408 
0.803731 -0.266071 
0.797512 -0.271452 
0.790741 -0.276824 
0.783899 -0.281904 
0.776473 -0.286944 
0.768980 -0.291687 
0.760874 -0.296358 
0.752706 -0.300730 
0.743899 -0.305000 
0.735040 -0.308970 
0.725521 -0.312810 
0.715966 -0.316352 
0.705737 -0.319736 
0.695492 -0.322824 
0.684566 -0.325726 
0.673655 -0.328338 
0.662063 -0.330737 
0.650524 -0.332849 
0.638316 -0.334720 
0.626207 -0.336311 
0.613452 -0.337633 
0.600848 -0.338679 
0.587635 -0.339427 
0.574634 -0.339905 
0.561070 -0.340053 
0.547784 -0.339937 
0.533991 -0.339458 
0.520549 -0.338722 
0.513604 -0.338155 
0.506667 -0.337586 
0.493205 -0.336199 
0.486285 -0.335288 
0.479373 -0.334374 
0.466037 -0.332307 
0.459216 -0.331033 
0.452403 -0.329757 
0.439333 -0.326976 
0.426040 -0.323666 
0.413372 -0.320136 
0.400549 -0.316025 
0.388412 -0.311716 
0.376185 -0.306767 
0.364683 -0.301642 
0.353150 -0.295812 
0.342384 -0.289847 
0.331640 -0.283105 
0.321679 -0.276269 
0.311796 -0.268590 
0.302699 -0.260863 
0.293736 -0.252232 
0.285542 -0.243599 
0.277541 -0.234013 
0.270282 -0.224475 
0.263273 -0.213947 
0.256972 -0.203525 
0.250976 -0.192088 
0.245648 -0.180823 
0.240679 -0.168542 
0.236336 -0.156495 
0.232407 -0.143453 
0.229057 -0.130723 
0.226176 -0.117040 
0.223831 -0.103747 
0.222917 -0.096650 
0.222007 -0.089570 
0.220677 -0.075863 
0.220296 -0.068600 
0.219922 -0.061363 
0.219618 -0.047421 
0.219775 -0.040085 
0.219942 -0.032795 
0.220309 -0.025796 
0.220678 -0.018806 
0.221380 -0.011504 
0.222094 -0.004260 
0.222987 0.002662 
0.223883 0.009574 
0.225136 0.016730 
0.226401 0.023827 
0.229257 0.037306 
0.231067 0.044213 
0.232888 0.051062 
0.236821 0.063995 
0.239190 0.070549 
0.241567 0.077064 
0.246581 0.089279 
0.252441 0.101494 
0.258530 0.112842 
0.265487 0.124065 
0.272634 0.134423 
0.280658 0.144543 
0.288827 0.153817 
0.297866 0.162754 
0.307003 0.170874 
0.316983 0.178572 
0.327006 0.185493 
0.337826 0.191920 
0.348627 0.197614 
0.360160 0.202755 
0.371604 0.207213 
0.383695 0.211067 
0.395621 0.214290 
0.408093 0.216868 
0.420316 0.218870 
0.432976 0.220192 
0.445296 0.220996 
0.457943 0.221085 
0.470150 0.220725 
0.482576 0.219615 
0.494471 0.218133 
0.506463 0.215879 
0.517873 0.213314 
0.529245 0.209976 
0.540009 0.206382 
0.550603 0.202032 
0.560585 0.197475 
0.570275 0.192195 
0.579365 0.186755 
0.588058 0.180641 
0.596178 0.174409 
0.603811 0.167571 
0.610913 0.160654 
0.617456 0.153209 
0.623514 0.145728 
0.628955 0.137797 
0.633978 0.129887 
0.638335 0.121605 
0.642342 0.113403 
0.645657 0.104922 
0.648680 0.096551 
0.651011 0.088014 
0.653094 0.079602 
0.654503 0.071144 
0.655711 0.062811 
0.656268 0.054555 
0.656675 0.046413 
0.656442 0.038468 
0.656145 0.030613 
0.655234 0.023058 
0.654289 0.015578 
0.652797 0.008484 
0.651284 0.001440 
0.647311 -0.011712 
0.642549 -0.023823 
0.637179 -0.034875 
0.631373 -0.044880 
0.625299 -0.053877 
0.619114 -0.061923 
0.612964 -0.069092 
0.606987 -0.075468 
0.601305 -0.081139 
0.596033 -0.086195 
0.591272 -0.090722 
0.587116 -0.094798 
0.583648 -0.098491 
0.580946 -0.101857 
0.579078 -0.104933 
0.578107 -0.107741 
0.578087 -0.110279 
0.579064 -0.112528 
0.581073 -0.114446 
0.584136 -0.115967 
0.588260 -0.117006 
0.593432 -0.117459 
0.599616 -0.117201 
0.606751 -0.116096 
0.614746 -0.113995 
0.623480 -0.110741 
0.632801 -0.106180 
0.642528 -0.100157 
0.652451 -0.092532 
0.662338 -0.083184 
0.667152 -0.077656 
0.671938 -0.072018 
0.676482 -0.065590 
0.680989 -0.058977 
0.685131 -0.051634 
0.689224 -0.044050 
0.692849 -0.035808 
0.696377 -0.027280 
0.699372 -0.018196 
0.702186 -0.008774 
0.704411 0.001072 
0.706405 0.011291 
0.707741 0.021785 
0.708797 0.032671 
0.709141 0.043670 
0.709145 0.055055 
0.708404 0.066394 
0.707248 0.078079 
0.705345 0.089585 
0.702925 0.101334 
0.699773 0.112780 
0.696016 0.124390 
0.691543 0.135552 
0.686386 0.146817 
0.680543 0.157485 
0.673932 0.168199 
0.666685 0.178183 
0.658590 0.188155 
0.649934 0.197292 
0.640352 0.206352 
0.630306 0.214499 
0.619273 0.222504 
0.607894 0.229553 
0.601745 0.232973 
0.595492 0.236380 
0.589215 0.239318 
0.582871 0.242245 
0.576123 0.245027 
0.569244 0.247796 
0.562428 0.250112 
0.555511 0.252415 
0.548257 0.254518 
0.540866 0.256607 
0.533604 0.258267 
0.526229 0.259915 
0.518580 0.261318 
0.510794 0.262705 
0.503213 0.263682 
0.495520 0.264646 
0.487604 0.265333 
0.479554 0.266002 
0.471794 0.266278 
0.463933 0.266538 
0.455892 0.266493 
0.447733 0.266426 
0.439945 0.265985 
0.432071 0.265527 
0.424060 0.264734 
0.415949 0.263914 
0.408283 0.262743 
0.400548 0.261552 
0.392720 0.259995 
0.384807 0.258404 
0.377409 0.256492 
0.369952 0.254553 
0.362447 0.252222 
0.354869 0.249840 
0.347859 0.247172 
0.340808 0.244476 
0.333750 0.241405 
0.326622 0.238167 
0.320115 0.234788 
0.313559 0.231273 
0.307040 0.227411 
0.300462 0.223345 
0.294528 0.219219 
0.288552 0.214913 
0.282645 0.210252 
0.276689 0.205359 
0.271381 0.200480 
0.266042 0.195396 
0.260795 0.189941 
0.255511 0.184229 
0.250865 0.178614 
0.246194 0.172770 
0.241638 0.166543 
0.237056 0.160039 
0.233088 0.153719 
0.229103 0.147154 
0.225253 0.140198 
0.221385 0.132949 
