0.304395 -0.240526 
0.312419 -0.248697 
0.320691 -0.256124 
0.329622 -0.263538 
0.338747 -0.270215 
0.348557 -0.276855 
0.358500 -0.282775 
0.369142 -0.288630 
0.379853 -0.293794 
0.391264 -0.298862 
0.402682 -0.303283 
0.414772 -0.307563 
0.426816 -0.311251 
0.439480 -0.314755 
0.452049 -0.317718 
0.465169 -0.320463 
0.478137 -0.322712 
0.491588 -0.324717 
0.504818 -0.326263 
0.518465 -0.327548 
0.531815 -0.328404 
0.545514 -0.328985 
0.558840 -0.329164 
0.572450 -0.329055 
0.585616 -0.328570 
0.598997 -0.327783 
0.611871 -0.326644 
0.624901 -0.325190 
0.637364 -0.323407 
0.649935 -0.321295 
0.661892 -0.318877 
0.673909 -0.316114 
0.685279 -0.313068 
0.696671 -0.309660 
0.707393 -0.305995 
0.718108 -0.301950 
0.728141 -0.297671 
0.738144 -0.292997 
0.747464 -0.288116 
0.756736 -0.282821 
0.765334 -0.277349 
0.773873 -0.271447 
0.781752 -0.265400 
0.789566 -0.258906 
0.796742 -0.252303 
0.803848 -0.245241 
0.810342 -0.238108 
0.816767 -0.230506 
0.822609 -0.222875 
0.828382 -0.214769 
0.833605 -0.206679 
0.838760 -0.198113 
0.843400 -0.189612 
0.847975 -0.180638 
0.852068 -0.171780 
0.856100 -0.162459 
0.859685 -0.153307 
0.863212 -0.143705 
0.866326 -0.134328 
0.869386 -0.124521 
0.872066 -0.114991 
0.874696 -0.105058 
0.876978 -0.095454 
0.879214 -0.085476 
0.881131 -0.075875 
0.883008 -0.065935 
0.884595 -0.056416 
0.886145 -0.046594 
0.887432 -0.037232 
0.888687 -0.027605 
0.889705 -0.018469 
0.890695 -0.009111 
0.891472 -0.000267 
0.892224 0.008763 
0.892786 0.017261 
0.893329 0.025901 
0.893702 0.034005 
0.894060 0.042210 
0.894268 0.049878 
0.894465 0.057610 
0.894529 0.064814 
0.894589 0.072040 
0.894475 0.085455 
0.894161 0.097823 
0.893686 0.109124 
0.893084 0.119352 
0.892386 0.128505 
0.891622 0.136591 
0.890818 0.143622 
0.889997 0.149613 
0.889180 0.154582 
0.888384 0.158546 
0.887624 0.161526 
0.886911 0.163539 
0.886253 0.164603 
0.885656 0.164734 
0.885120 0.163949 
0.884646 0.162260 
0.884228 0.159681 
0.883859 0.156225 
0.883531 0.151902 
0.883230 0.146725 
0.882942 0.140705 
0.882650 0.133857 
0.882334 0.126196 
0.881974 0.117738 
0.881547 0.108504 
0.881028 0.098520 
0.880393 0.087814 
0.879614 0.076421 
0.878663 0.064378 
0.877512 0.051733 
0.876131 0.038536 
0.874490 0.024843 
0.873525 0.017775 
0.872557 0.010719 
0.871434 0.003459 
0.870300 -0.003768 
0.869003 -0.011185 
0.867688 -0.018546 
0.866199 -0.026079 
0.864687 -0.033538 
0.862990 -0.041147 
0.861264 -0.048665 
0.859341 -0.056309 
0.857386 -0.063845 
0.855219 -0.071482 
0.853017 -0.078997 
0.850591 -0.086588 
0.848124 -0.094039 
0.845420 -0.101542 
0.842672 -0.108894 
0.839673 -0.116271 
0.836627 -0.123485 
0.833315 -0.130699 
0.829954 -0.137740 
0.826313 -0.144756 
0.822620 -0.151591 
0.818634 -0.158378 
0.814593 -0.164976 
0.810245 -0.171505 
0.805842 -0.177839 
0.801117 -0.184080 
0.796338 -0.190126 
0.791223 -0.196059 
0.786054 -0.201792 
0.780537 -0.207394 
0.774970 -0.212797 
0.769040 -0.218048 
0.763066 -0.223103 
0.756717 -0.227987 
0.750332 -0.232679 
0.743558 -0.237178 
0.736762 -0.241496 
0.729567 -0.245599 
0.722361 -0.249527 
0.714746 -0.253219 
0.707141 -0.256751 
0.699119 -0.260021 
0.691128 -0.263146 
0.682716 -0.265984 
0.674357 -0.268690 
0.665582 -0.271090 
0.656880 -0.273366 
0.647774 -0.275317 
0.638761 -0.277152 
0.629363 -0.278645 
0.620081 -0.280030 
0.610436 -0.281055 
0.600932 -0.281979 
0.591096 -0.282529 
0.581424 -0.282980 
0.571456 -0.283042 
0.561677 -0.283012 
0.551643 -0.282578 
0.541823 -0.282054 
0.531793 -0.281114 
0.522001 -0.280086 
0.512049 -0.278628 
0.502356 -0.277089 
0.492555 -0.275107 
0.483033 -0.273046 
0.473459 -0.270530 
0.464178 -0.267941 
0.454899 -0.264888 
0.445928 -0.261765 
0.437015 -0.258171 
0.428416 -0.254513 
0.419927 -0.250380 
0.411760 -0.246187 
0.403755 -0.241518 
0.396069 -0.236796 
0.388592 -0.231604 
0.381435 -0.226364 
0.374531 -0.220663 
0.367938 -0.214923 
0.361640 -0.208737 
0.355643 -0.202519 
0.349977 -0.195878 
0.344599 -0.189216 
0.339585 -0.182158 
0.334843 -0.175089 
0.330494 -0.167660 
0.326401 -0.160233 
0.322726 -0.152487 
0.319284 -0.144756 
0.316285 -0.136754 
0.313496 -0.128781 
0.311173 -0.120591 
0.309029 -0.112445 
0.307378 -0.104137 
0.305866 -0.095892 
0.304877 -0.087544 
0.303984 -0.079274 
0.303630 -0.070965 
0.303349 -0.062744 
0.303605 -0.054553 
0.303922 -0.046455 
0.304761 -0.038456 
0.305652 -0.030553 
0.307046 -0.022816 
0.308483 -0.015173 
0.310399 -0.007761 
0.312352 -0.000438 
0.314755 0.006589 
0.317187 0.013546 
0.320037 0.020143 
0.322909 0.026690 
0.329431 0.038925 
0.336665 0.050201 
0.344513 0.060488 
0.352877 0.069773 
0.361657 0.078061 
0.370753 0.085373 
0.380065 0.091741 
0.389499 0.097213 
0.398965 0.101843 
0.408379 0.105697 
0.417666 0.108845 
0.426758 0.111364 
0.435595 0.113333 
0.444127 0.114836 
0.452313 0.115956 
0.460115 0.116777 
0.467508 0.117382 
0.474466 0.117850 
0.480971 0.118260 
0.487005 0.118686 
0.492554 0.119195 
0.497599 0.119851 
0.502124 0.120712 
0.506108 0.121824 
0.509526 0.123230 
0.512349 0.124961 
0.514545 0.127037 
0.516075 0.129469 
0.516898 0.132255 
0.516968 0.135380 
0.516236 0.138817 
0.514655 0.142525 
0.512174 0.146451 
0.508749 0.150526 
0.504338 0.154673 
0.498908 0.158799 
0.492435 0.162803 
0.484908 0.166577 
0.476333 0.170003 
0.466732 0.172960 
0.456148 0.175324 
0.444644 0.176969 
0.432307 0.177771 
0.419245 0.177609 
0.405587 0.176365 
0.398539 0.175153 
0.391481 0.173929 
0.384296 0.172080 
0.377090 0.170198 
0.369850 0.167672 
0.362590 0.165077 
0.355379 0.161856 
0.348162 0.158484 
0.341075 0.154525 
0.333991 0.150350 
0.327118 0.145613 
0.320257 0.140621 
0.313687 0.135089 
0.307134 0.129263 
0.300948 0.122926 
0.294787 0.116262 
0.289057 0.109128 
0.283364 0.101632 
0.278156 0.093716 
0.273001 0.085414 
0.268370 0.076751 
0.263816 0.067684 
0.259808 0.058322 
0.255913 0.048549 
0.252561 0.038552 
0.249379 0.028154 
0.246726 0.017608 
0.244289 0.006679 
0.242374 -0.004313 
0.240707 -0.015666 
0.239558 -0.026987 
0.238686 -0.038643 
0.238327 -0.050166 
0.238272 -0.061995 
0.238723 -0.073589 
0.239508 -0.085456 
0.240787 -0.096988 
0.242429 -0.108759 
0.244552 -0.120101 
0.247070 -0.131645 
0.250051 -0.142676 
0.253462 -0.153874 
0.257313 -0.164486 
0.261632 -0.175231 
0.266364 -0.185330 
0.271603 -0.195530 
0.277222 -0.205038 
0.283390 -0.214616 
0.289900 -0.223472 
0.296998 -0.232369 
