0.707453 0.214482 
0.707432 0.220366 
0.707238 0.226261 
0.706871 0.232159 
0.706331 0.238051 
0.705619 0.243928 
0.704735 0.249782 
0.703680 0.255603 
0.702455 0.261385 
0.701062 0.267120 
0.699501 0.272798 
0.697774 0.278414 
0.695884 0.283959 
0.693831 0.289427 
0.691620 0.294811 
0.689251 0.300104 
0.686729 0.305300 
0.684055 0.310394 
0.681234 0.315379 
0.678269 0.320251 
0.675163 0.325004 
0.671921 0.329634 
0.668547 0.334136 
0.665045 0.338506 
0.661421 0.342741 
0.657679 0.346837 
0.653825 0.350790 
0.649864 0.354599 
0.645803 0.358260 
0.641646 0.361771 
0.637400 0.365130 
0.633071 0.368335 
0.628666 0.371385 
0.624191 0.374278 
0.619653 0.377013 
0.615059 0.379589 
0.610414 0.382006 
0.605727 0.384264 
0.601004 0.386360 
0.596251 0.388297 
0.591476 0.390073 
0.586685 0.391689 
0.581885 0.393145 
0.577081 0.394442 
0.572281 0.395580 
0.567491 0.396560 
0.562716 0.397383 
0.557962 0.398050 
0.553235 0.398562 
0.548540 0.398920 
0.543883 0.399126 
0.539268 0.399182 
0.534699 0.399088 
0.530182 0.398847 
0.525720 0.398461 
0.521318 0.397931 
0.516978 0.397261 
0.512705 0.396452 
0.508501 0.395506 
0.504370 0.394427 
0.500314 0.393216 
0.496336 0.391877 
0.492439 0.390413 
0.488623 0.388826 
0.484892 0.387119 
0.481248 0.385296 
0.477692 0.383360 
0.474226 0.381313 
0.470851 0.379160 
0.467569 0.376903 
0.464381 0.374547 
0.461289 0.372094 
0.458294 0.369547 
0.455398 0.366911 
0.452601 0.364188 
0.449905 0.361381 
0.447311 0.358495 
0.444820 0.355533 
0.442434 0.352497 
0.440153 0.349391 
0.437980 0.346218 
0.435914 0.342982 
0.433958 0.339684 
0.432113 0.336328 
0.430379 0.332918 
0.428758 0.329455 
0.427251 0.325942 
0.425860 0.322382 
0.424584 0.318778 
0.423426 0.315131 
0.422385 0.311445 
0.421464 0.307721 
0.420662 0.303962 
0.419981 0.300170 
0.419420 0.296347 
0.418980 0.292494 
0.418662 0.288613 
0.418466 0.284707 
0.418391 0.280778 
0.418438 0.276825 
0.418606 0.272852 
0.418895 0.268860 
0.419304 0.264850 
0.419832 0.260824 
0.420479 0.256783 
0.421243 0.252728 
0.422124 0.248662 
0.423119 0.244584 
0.424228 0.240497 
0.425448 0.236401 
0.426779 0.232298 
0.428218 0.228190 
0.429763 0.224078 
0.431413 0.219963 
0.433165 0.215846 
0.435017 0.211730 
0.436967 0.207615 
0.439014 0.203504 
0.441153 0.199398 
0.443385 0.195299 
0.445705 0.191210 
0.448113 0.187132 
0.450606 0.183067 
0.453183 0.179019 
0.455840 0.174990 
0.458577 0.170982 
0.461391 0.166998 
0.464282 0.163042 
0.467246 0.159117 
0.470282 0.155226 
0.473390 0.151373 
0.476568 0.147562 
0.479813 0.143796 
0.483126 0.140081 
0.486505 0.136421 
0.489948 0.132819 
0.493455 0.129281 
0.497024 0.125812 
0.500654 0.122417 
0.504345 0.119101 
0.508094 0.115868 
0.511902 0.112726 
0.515766 0.109679 
0.519685 0.106733 
0.523657 0.103893 
0.527682 0.101166 
0.531756 0.098556 
0.535879 0.096071 
0.540049 0.093715 
0.544262 0.091495 
0.548516 0.089416 
0.552809 0.087484 
0.557137 0.085705 
0.561497 0.084083 
0.565886 0.082624 
0.570300 0.081334 
0.574734 0.080216 
0.579185 0.079277 
0.583648 0.078520 
0.588118 0.077950 
0.592590 0.077570 
0.597058 0.077385 
0.601517 0.077398 
0.605962 0.077610 
0.610387 0.078026 
0.614784 0.078648 
0.619149 0.079476 
0.623475 0.080513 
0.627756 0.081760 
0.631985 0.083216 
0.636156 0.084882 
0.640262 0.086758 
0.644297 0.088843 
0.648254 0.091135 
0.652128 0.093632 
0.655912 0.096333 
0.659600 0.099233 
0.663187 0.102331 
0.666666 0.105622 
0.670033 0.109102 
0.673281 0.112766 
0.676406 0.116610 
0.679403 0.120627 
0.682267 0.124813 
0.684994 0.129160 
0.687580 0.133662 
0.690022 0.138312 
0.692315 0.143103 
0.694456 0.148028 
0.696442 0.153078 
0.698271 0.158245 
0.699940 0.163521 
0.701446 0.168898 
0.702788 0.174367 
0.703964 0.179920 
0.704972 0.185547 
0.705810 0.191239 
0.706479 0.196987 
0.706976 0.202784 
0.707300 0.208618 
