0.235835 -0.211931 
0.244825 -0.224847 
0.254448 -0.236811 
0.265843 -0.249170 
0.276188 -0.258848 
0.288251 -0.268814 
0.300852 -0.277842 
0.315547 -0.287023 
0.328540 -0.293990 
0.343505 -0.301036 
0.358814 -0.307209 
0.376430 -0.313310 
0.391653 -0.317708 
0.408974 -0.321980 
0.426295 -0.325455 
0.445953 -0.328631 
0.462573 -0.330616 
0.481245 -0.332257 
0.499471 -0.333189 
0.519859 -0.333572 
0.536771 -0.333252 
0.555532 -0.332342 
0.573312 -0.330818 
0.592922 -0.328468 
0.608946 -0.325863 
0.626508 -0.322382 
0.642678 -0.318418 
0.660288 -0.313309 
0.674492 -0.308360 
0.689895 -0.302206 
0.703699 -0.295743 
0.718567 -0.287777 
0.730408 -0.280385 
0.743125 -0.271424 
0.754267 -0.262361 
0.766129 -0.251427 
0.775436 -0.241509 
0.785331 -0.229659 
0.794051 -0.217646 
0.802718 -0.204038 
0.809760 -0.191308 
0.816739 -0.176980 
0.822896 -0.162395 
0.828853 -0.146148 
0.833556 -0.131138 
0.838052 -0.114531 
0.841843 -0.097880 
0.845323 -0.079605 
0.847865 -0.062985 
0.850082 -0.044884 
0.851688 -0.027066 
0.852866 -0.007805 
0.853388 0.009406 
0.853464 0.027873 
0.853009 0.045728 
0.851995 0.064745 
0.850579 0.081419 
0.848579 0.099063 
0.846111 0.115847 
0.842925 0.133489 
0.839580 0.148681 
0.835490 0.164567 
0.830983 0.179442 
0.825572 0.194905 
0.820246 0.208011 
0.813990 0.221581 
0.807366 0.234112 
0.799628 0.247018 
0.792240 0.257791 
0.783721 0.268855 
0.774888 0.278946 
0.764717 0.289254 
0.755203 0.297723 
0.744360 0.306348 
0.733281 0.314112 
0.720661 0.321966 
0.709048 0.328305 
0.695940 0.334690 
0.682731 0.340332 
0.667832 0.345959 
0.654340 0.350383 
0.639260 0.354758 
0.624262 0.358509 
0.607523 0.362146 
0.592619 0.364868 
0.576138 0.367448 
0.559971 0.369510 
0.542132 0.371357 
0.526526 0.372553 
0.509458 0.373514 
0.492953 0.374043 
0.474949 0.374252 
0.459475 0.374050 
0.442743 0.373515 
0.426766 0.372617 
0.409530 0.371285 
0.394964 0.369769 
0.379365 0.367810 
0.364649 0.365544 
0.348928 0.362720 
0.335835 0.359927 
0.321936 0.356578 
0.308942 0.352962 
0.295174 0.348654 
0.283851 0.344592 
0.271917 0.339855 
0.260847 0.334884 
0.249192 0.329080 
0.239713 0.323745 
0.229778 0.317610 
0.220615 0.311270 
0.211021 0.303958 
0.203297 0.297347 
0.195243 0.289823 
0.187851 0.282119 
0.180149 0.273316 
0.167640 0.256589 
0.161824 0.247573 
0.155797 0.237354 
0.146144 0.218238 
0.137118 0.196559 
0.129914 0.175416 
0.123305 0.151776 
0.118187 0.129153 
0.113637 0.104215 
0.110290 0.080803 
0.107495 0.055360 
0.105652 0.031922 
0.104354 0.006797 
0.103789 -0.015933 
0.103769 -0.039999 
0.104291 -0.061411 
0.105359 -0.083835 
0.106800 -0.103492 
0.108789 -0.123898 
0.110996 -0.141553 
0.113751 -0.159754 
0.116583 -0.175323 
0.119954 -0.191291 
0.123274 -0.204810 
0.127115 -0.218630 
0.130784 -0.230216 
0.134949 -0.242039 
0.138825 -0.251836 
0.143171 -0.261860 
0.151492 -0.278462 
0.159631 -0.292199 
0.167315 -0.303398 
0.174290 -0.312347 
0.180325 -0.319285 
0.185227 -0.324409 
0.188839 -0.327869 
0.191051 -0.329771 
0.191799 -0.330177 
0.191070 -0.329111 
0.188898 -0.326553 
0.185368 -0.322445 
0.180607 -0.316687 
0.174782 -0.309142 
0.168094 -0.299629 
0.160771 -0.287934 
0.153060 -0.273803 
0.145222 -0.256956 
0.137520 -0.237097 
0.130221 -0.213931 
0.123585 -0.187200 
0.117870 -0.156722 
0.113330 -0.122446 
0.110224 -0.084524 
0.108819 -0.043361 
0.108864 -0.021024 
0.109405 0.000340 
0.110596 0.023548 
0.112301 0.045590 
0.114817 0.069094 
0.117871 0.091184 
0.121915 0.114320 
0.126535 0.135825 
0.132347 0.157963 
0.138774 0.178273 
0.146625 0.198845 
0.155137 0.217478 
0.165327 0.236050 
0.176228 0.252658 
0.189076 0.268942 
0.202679 0.283311 
0.218503 0.297158 
0.235085 0.309179 
0.254138 0.320530 
0.273895 0.330174 
0.296297 0.339025 
0.319248 0.346300 
0.344894 0.352669 
0.370770 0.357577 
0.399190 0.361460 
0.427386 0.363984 
0.457744 0.365340 
0.487253 0.365408 
0.503313 0.364906 
0.518348 0.364132 
0.547911 0.361614 
0.563719 0.359678 
0.578363 0.357534 
0.593080 0.354958 
0.606663 0.352229 
0.621532 0.348738 
0.635162 0.345101 
0.648697 0.340970 
0.661065 0.336748 
0.674445 0.331548 
0.686587 0.326268 
0.698511 0.320421 
0.709297 0.314556 
0.720835 0.307477 
0.731204 0.300391 
0.741272 0.292665 
0.750288 0.285005 
0.759829 0.275873 
0.768308 0.266830 
0.776435 0.257087 
0.783620 0.247535 
0.791124 0.236252 
0.797704 0.225179 
0.809298 0.201896 
0.814817 0.188459 
0.819543 0.175418 
0.827522 0.148434 
0.831111 0.133062 
0.834038 0.118339 
0.838497 0.088398 
0.841340 0.055734 
0.842309 0.024100 
0.841441 -0.009614 
0.838850 -0.041262 
0.834125 -0.074170 
0.827805 -0.104156 
0.818955 -0.134611 
0.808678 -0.161440 
0.795389 -0.188111 
0.780879 -0.210893 
0.762840 -0.233021 
0.743883 -0.251325 
0.732114 -0.260695 
0.720948 -0.268599 
0.697511 -0.282360 
0.683246 -0.289166 
0.669839 -0.294778 
0.655611 -0.299888 
0.642297 -0.304078 
0.625868 -0.308374 
0.610583 -0.311740 
0.594648 -0.314559 
0.579880 -0.316684 
0.561966 -0.318520 
0.545491 -0.319663 
0.528631 -0.320221 
0.513180 -0.320285 
0.494794 -0.319662 
0.478101 -0.318556 
0.461315 -0.316824 
0.446115 -0.314776 
0.428391 -0.311630 
0.412511 -0.308193 
0.396844 -0.304083 
0.382831 -0.299824 
0.366821 -0.294046 
0.352660 -0.288155 
0.338931 -0.281542 
0.326802 -0.274945 
0.313235 -0.266411 
0.301396 -0.257947 
0.290122 -0.248727 
0.280290 -0.239697 
0.269546 -0.228338 
0.260317 -0.217253 
0.251728 -0.205425 
0.244371 -0.193993 
0.236573 -0.179922 
0.230042 -0.166367 
0.224171 -0.152138 
0.219307 -0.138554 
0.214436 -0.122168 
0.210583 -0.106588 
0.207403 -0.090500 
0.205014 -0.075360 
0.203025 -0.057456 
0.201826 -0.040682 
0.201320 -0.023594 
0.201397 -0.007847 
0.202282 0.010449 
0.203752 0.027302 
0.208537 0.059476 
0.212354 0.076909 
0.216541 0.092634 
0.226698 0.121978 
0.233634 0.137596 
0.240511 0.151075 
0.256183 0.175936 
0.266204 0.188740 
0.275867 0.199604 
0.297032 0.219053 
0.310027 0.228669 
0.322356 0.236656 
0.348571 0.250318 
0.364145 0.256648 
0.378728 0.261689 
0.394353 0.266102 
0.408902 0.269511 
0.426269 0.272581 
0.442318 0.274688 
0.459144 0.276058 
0.474614 0.276705 
0.492604 0.276559 
0.509005 0.275739 
0.525813 0.274086 
0.541057 0.271960 
0.558325 0.268614 
0.573837 0.264851 
0.589377 0.260168 
0.603268 0.255244 
0.618601 0.248701 
0.632166 0.241979 
0.645434 0.234279 
0.657097 0.226577 
0.669648 0.216893 
0.680550 0.207281 
0.699872 0.186350 
0.709224 0.173705 
0.717101 0.161487 
0.730344 0.135780 
0.741103 0.106392 
0.748204 0.077325 
0.752498 0.045189 
0.753574 0.014802 
0.751495 -0.017622 
0.746703 -0.047085 
0.738413 -0.077284 
0.727917 -0.103708 
0.713681 -0.129647 
0.697788 -0.151473 
0.678114 -0.171870 
0.657432 -0.188233 
0.633234 -0.202527 
0.608823 -0.213125 
0.581515 -0.221244 
0.554940 -0.226114 
0.526388 -0.228244 
0.499558 -0.227601 
0.471759 -0.224035 
0.446651 -0.218218 
0.421463 -0.209331 
0.399644 -0.198818 
0.378525 -0.185198 
0.360900 -0.170584 
0.344623 -0.153051 
0.331613 -0.135149 
0.320385 -0.114759 
0.312036 -0.094646 
0.305698 -0.072652 
0.301792 -0.051603 
0.299985 -0.029270 
0.300127 -0.008667 
0.302373 0.012598 
0.306063 0.031756 
0.311764 0.050891 
0.318455 0.067816 
0.326972 0.084186 
0.336024 0.098371 
0.357391 0.122966 
0.381136 0.141700 
0.405887 0.155057 
0.430410 0.163759 
0.453687 0.168644 
0.474961 0.170587 
0.493732 0.170447 
0.509729 0.169020 
0.522854 0.167017 
0.533116 0.165041 
0.540575 0.163574 
0.545288 0.162971 
0.547279 0.163451 
0.546511 0.165094 
0.542882 0.167836 
0.536235 0.171462 
0.526385 0.175603 
0.513160 0.179738 
0.496467 0.183197 
0.476360 0.185186 
0.453121 0.184801 
0.427329 0.181074 
0.399888 0.173009 
0.372016 0.159648 
0.345171 0.140152 
0.320936 0.113937 
0.300894 0.080843 
0.293132 0.062242 
0.286531 0.041351 
0.282061 0.020147 
0.279177 -0.003246 
0.278543 -0.026295 
0.280005 -0.050809 
0.283734 -0.074233 
0.290030 -0.098555 
0.298518 -0.120874 
0.310081 -0.143468 
0.323643 -0.163372 
0.340664 -0.182758 
0.359427 -0.199147 
0.381677 -0.214180 
0.405139 -0.226084 
0.432010 -0.236119 
0.459115 -0.242968 
0.489220 -0.247481 
0.518288 -0.248908 
0.549567 -0.247495 
0.578544 -0.243209 
0.608605 -0.235542 
0.635520 -0.225222 
0.662099 -0.211119 
0.685094 -0.194607 
0.706779 -0.174023 
0.724642 -0.151507 
0.732647 -0.139039 
0.740592 -0.124802 
0.746720 -0.111768 
0.752720 -0.097029 
0.757756 -0.082130 
0.762483 -0.065345 
0.765741 -0.050484 
0.768628 -0.033881 
0.770608 -0.017491 
0.771996 0.000743 
0.772353 0.016359 
0.772058 0.033602 
0.770933 0.050217 
0.768881 0.068455 
0.766313 0.083580 
0.762759 0.100091 
0.758465 0.115651 
0.752862 0.132459 
0.747318 0.146005 
0.740408 0.160616 
0.732772 0.174264 
0.723630 0.188344 
0.714938 0.199747 
0.704727 0.211506 
0.693819 0.222339 
0.681139 0.233288 
0.669395 0.241969 
0.655917 0.250698 
0.642035 0.258400 
0.626187 0.265972 
0.611803 0.271738 
0.595547 0.277308 
0.579342 0.281869 
0.561118 0.286059 
0.544959 0.288892 
0.526950 0.291287 
0.509492 0.292778 
0.490142 0.293628 
0.473439 0.293571 
0.455078 0.292801 
0.437730 0.291263 
0.418775 0.288767 
0.402861 0.285832 
0.385590 0.281864 
0.369666 0.277277 
0.352499 0.271359 
0.338473 0.265512 
0.323431 0.258262 
0.309875 0.250561 
0.295456 0.241118 
0.283996 0.232320 
0.271853 0.221729 
0.261144 0.210874 
0.249954 0.197897 
0.241326 0.186210 
0.232333 0.172380 
0.224469 0.158274 
0.216774 0.142277 
0.210874 0.127784 
0.205136 0.111418 
0.200278 0.094787 
0.195811 0.076297 
0.192677 0.059877 
0.189950 0.041769 
0.188004 0.023654 
0.186654 0.003859 
0.186206 -0.013282 
0.186370 -0.031866 
0.187263 -0.050100 
0.188983 -0.069703 
0.191171 -0.086246 
0.194203 -0.103912 
0.197931 -0.120910 
0.202763 -0.138918 
0.207610 -0.153737 
0.213569 -0.169362 
0.220202 -0.184113 
0.228260 -0.199540 
