0.177350 0.045540 
0.175291 0.025527 
0.174068 0.005717 
0.173553 -0.016232 
0.173881 -0.034558 
0.174945 -0.054663 
0.176770 -0.074084 
0.179627 -0.095236 
0.182764 -0.112400 
0.186956 -0.130956 
0.191850 -0.148465 
0.198161 -0.167241 
0.204174 -0.182099 
0.211618 -0.197957 
0.219685 -0.212564 
0.229611 -0.228018 
0.238622 -0.239975 
0.249481 -0.252586 
0.260824 -0.263917 
0.274484 -0.275738 
0.286574 -0.284689 
0.300929 -0.293994 
0.315447 -0.302059 
0.332657 -0.310305 
0.347635 -0.316369 
0.365188 -0.322508 
0.382393 -0.327537 
0.402476 -0.332456 
0.419675 -0.335830 
0.439546 -0.339001 
0.458416 -0.341243 
0.480078 -0.343080 
0.498292 -0.343931 
0.519013 -0.344282 
0.538136 -0.343919 
0.559691 -0.342826 
0.577460 -0.341243 
0.597362 -0.338832 
0.615808 -0.335842 
0.635131 -0.331918 
0.651656 -0.327781 
0.668915 -0.322658 
0.685014 -0.316975 
0.701567 -0.310130 
0.715539 -0.303356 
0.729870 -0.295366 
0.743041 -0.286855 
0.756392 -0.276920 
0.767493 -0.267366 
0.778713 -0.256353 
0.788844 -0.244900 
0.798968 -0.231771 
0.807235 -0.219389 
0.815459 -0.205334 
0.822726 -0.190979 
0.829847 -0.174761 
0.835496 -0.159752 
0.840974 -0.142951 
0.845643 -0.126081 
0.850043 -0.107292 
0.853331 -0.090250 
0.856329 -0.071446 
0.858643 -0.052928 
0.860561 -0.032619 
0.861698 -0.014580 
0.862415 0.005022 
0.862556 0.023944 
0.862155 0.044371 
0.861273 0.062126 
0.859821 0.081137 
0.857880 0.099152 
0.855221 0.118318 
0.852366 0.134636 
0.848765 0.151879 
0.844741 0.167955 
0.839792 0.184846 
0.834930 0.198969 
0.829116 0.213734 
0.822941 0.227297 
0.815602 0.241407 
0.808651 0.253015 
0.800522 0.265046 
0.792092 0.275960 
0.782242 0.287219 
0.773120 0.296336 
0.762588 0.305709 
0.751840 0.314106 
0.739423 0.322692 
0.728129 0.329523 
0.715219 0.336479 
0.702219 0.342614 
0.687356 0.348808 
0.674063 0.353620 
0.659026 0.358444 
0.644074 0.362595 
0.627162 0.366690 
0.612302 0.369743 
0.595674 0.372704 
0.579366 0.375117 
0.561146 0.377363 
0.545420 0.378873 
0.528034 0.380189 
0.511210 0.381061 
0.492652 0.381654 
0.476913 0.381784 
0.459730 0.381618 
0.443319 0.381089 
0.425437 0.380165 
0.410524 0.379026 
0.394421 0.377487 
0.379212 0.375646 
0.362822 0.373288 
0.349354 0.370948 
0.334953 0.368099 
0.321472 0.364994 
0.307072 0.361244 
0.282992 0.353613 
0.271464 0.349264 
0.259241 0.344142 
0.239082 0.334108 
0.219405 0.322048 
0.202946 0.309655 
0.187020 0.295067 
0.173873 0.280414 
0.161246 0.263434 
0.150961 0.246711 
0.141164 0.227595 
0.133304 0.209112 
0.125896 0.188261 
0.120065 0.168463 
0.114655 0.146416 
0.110510 0.125856 
0.106762 0.103256 
0.104011 0.082553 
0.101638 0.060075 
0.100033 0.039839 
0.098789 0.018118 
0.098117 -0.001116 
0.097792 -0.021552 
0.097868 -0.039367 
0.098274 -0.058138 
0.098934 -0.074259 
0.099905 -0.091136 
0.100999 -0.105391 
0.102382 -0.120300 
0.105428 -0.145594 
0.108786 -0.167122 
0.112218 -0.185070 
0.115507 -0.199663 
0.118465 -0.211122 
0.120928 -0.219652 
0.122769 -0.225419 
0.123898 -0.228546 
0.124263 -0.229109 
0.123856 -0.227132 
0.122708 -0.222593 
0.120891 -0.215421 
0.118513 -0.205502 
0.115717 -0.192688 
0.112674 -0.176805 
0.109577 -0.157674 
0.106642 -0.135134 
0.104099 -0.109076 
0.102197 -0.079488 
0.101200 -0.046502 
0.101390 -0.010448 
0.103078 0.028118 
0.106607 0.068407 
0.112362 0.109438 
0.120785 0.150114 
0.126365 0.170656 
0.132384 0.189338 
0.139805 0.208670 
0.147738 0.226117 
0.157329 0.243830 
0.167499 0.259650 
0.179610 0.275423 
0.192372 0.289354 
0.207379 0.302993 
0.223069 0.314861 
0.241305 0.326249 
0.260212 0.335971 
0.281909 0.345053 
0.304178 0.352587 
0.329358 0.359337 
0.354881 0.364653 
0.383246 0.369043 
0.411528 0.372090 
0.442339 0.374054 
0.472465 0.374743 
0.504544 0.374162 
0.535231 0.372342 
0.567128 0.369022 
0.596915 0.364469 
0.627126 0.358140 
0.654707 0.350551 
0.682021 0.340857 
0.706399 0.329869 
0.718864 0.323139 
0.730012 0.316401 
0.750629 0.301610 
0.760989 0.292738 
0.770159 0.283950 
0.779005 0.274391 
0.786818 0.264986 
0.795023 0.253796 
0.802196 0.242808 
0.809004 0.230988 
0.814930 0.219455 
0.821029 0.205887 
0.826257 0.192683 
0.831094 0.178631 
0.835195 0.165061 
0.839263 0.149276 
0.842612 0.134076 
0.845543 0.118096 
0.847875 0.102840 
0.849968 0.085305 
0.851477 0.068639 
0.852528 0.051364 
0.853106 0.035120 
0.853221 0.016686 
0.852874 -0.000586 
0.850798 -0.034567 
0.848864 -0.052862 
0.846581 -0.069717 
0.840605 -0.102112 
0.836476 -0.119207 
0.832119 -0.134681 
0.821933 -0.163768 
0.808793 -0.192229 
0.794028 -0.216888 
0.775802 -0.240408 
0.756142 -0.260119 
0.732548 -0.278388 
0.707851 -0.293119 
0.678864 -0.306215 
0.649521 -0.316089 
0.615831 -0.324145 
0.582846 -0.329356 
0.545961 -0.332473 
0.511140 -0.333099 
0.491195 -0.332417 
0.473386 -0.331241 
0.439011 -0.327200 
0.419841 -0.323815 
0.402979 -0.320171 
0.386133 -0.315746 
0.371341 -0.311226 
0.354166 -0.304975 
0.339276 -0.298695 
0.324715 -0.291547 
0.312091 -0.284514 
0.297729 -0.275209 
0.285452 -0.266109 
0.273704 -0.256084 
0.263656 -0.246393 
0.252489 -0.233919 
0.243105 -0.221912 
0.234337 -0.208956 
0.226978 -0.196589 
0.219064 -0.181017 
0.212595 -0.166224 
0.206797 -0.150575 
0.202109 -0.135820 
0.197383 -0.117632 
0.193778 -0.100586 
0.190871 -0.082890 
0.188802 -0.066427 
0.187192 -0.046602 
0.186414 -0.028310 
0.186372 -0.009695 
0.186926 0.007362 
0.188431 0.027413 
0.190522 0.045605 
0.193397 0.063715 
0.196653 0.080039 
0.201363 0.098768 
0.206435 0.115465 
0.212356 0.131753 
0.218451 0.146189 
0.226512 0.162354 
0.234715 0.176514 
0.243828 0.190042 
0.252879 0.201811 
0.264394 0.214665 
0.275799 0.225703 
0.288189 0.236034 
0.300162 0.244772 
0.315053 0.254044 
0.329508 0.261766 
0.359526 0.274399 
0.377336 0.280072 
0.394233 0.284478 
0.428467 0.290730 
0.448419 0.292856 
0.466413 0.293994 
0.502395 0.293899 
0.522633 0.292430 
0.540535 0.290352 
0.575254 0.283822 
0.594060 0.278710 
0.610397 0.273336 
0.641066 0.260197 
0.657054 0.251372 
0.670697 0.242621 
0.684065 0.232570 
0.695435 0.222780 
0.707796 0.210278 
0.718123 0.198198 
0.727914 0.184777 
0.736038 0.171949 
0.744475 0.156101 
0.751272 0.141055 
0.757355 0.124777 
0.762135 0.109464 
0.766634 0.091093 
0.769882 0.073940 
0.772286 0.055849 
0.773730 0.039111 
0.774354 0.019591 
0.774076 0.001689 
0.772838 -0.016704 
0.770955 -0.033388 
0.767733 -0.052342 
0.763925 -0.069375 
0.753837 -0.101568 
0.746745 -0.118394 
0.739420 -0.133111 
0.722454 -0.159939 
0.700802 -0.185010 
0.677400 -0.205072 
0.649187 -0.222686 
0.620464 -0.235510 
0.587359 -0.245374 
0.555211 -0.251015 
0.519845 -0.253221 
0.486975 -0.251833 
0.452533 -0.246580 
0.421884 -0.238337 
0.391337 -0.225893 
0.365330 -0.211079 
0.340763 -0.191929 
0.320876 -0.171136 
0.303312 -0.146209 
0.290147 -0.120590 
0.279829 -0.091474 
0.273414 -0.062862 
0.270164 -0.031740 
0.270244 -0.002576 
0.273733 0.027963 
0.279869 0.055225 
0.289592 0.082660 
0.301241 0.106164 
0.316461 0.128738 
0.332881 0.147311 
0.352583 0.164168 
0.372698 0.177313 
0.395547 0.188295 
0.417931 0.196033 
0.442411 0.201415 
0.465331 0.204089 
0.489581 0.204341 
0.511611 0.202518 
0.534055 0.198306 
0.553967 0.192609 
0.573538 0.184674 
0.590458 0.175845 
0.620112 0.153869 
0.642793 0.128423 
0.658966 0.101248 
0.669461 0.073951 
0.675297 0.047881 
0.677553 0.024053 
0.677291 0.003132 
0.675498 -0.014528 
0.673047 -0.028808 
0.670671 -0.039736 
0.668946 -0.047400 
0.668279 -0.051886 
0.668904 -0.053227 
0.670876 -0.051376 
0.674062 -0.046206 
0.678140 -0.037523 
0.682595 -0.025113 
0.686725 -0.008808 
0.689653 0.011425 
0.690357 0.035378 
0.687707 0.062506 
0.680517 0.091854 
0.667612 0.122057 
0.647931 0.151417 
0.620685 0.178044 
0.585588 0.200027 
0.543147 0.215571 
0.520202 0.220271 
0.494915 0.223074 
0.470171 0.223332 
0.443542 0.221128 
0.418375 0.216333 
0.392484 0.208521 
0.368900 0.198192 
0.345417 0.184287 
0.325086 0.168157 
0.305615 0.147938 
0.289758 0.126021 
0.275588 0.099917 
0.265080 0.072814 
0.257055 0.042168 
0.252589 0.011658 
0.251164 -0.021550 
0.253147 -0.053031 
0.258767 -0.086060 
0.267518 -0.115838 
0.280569 -0.145895 
0.296351 -0.171688 
0.316994 -0.196534 
0.339911 -0.216839 
0.367658 -0.235017 
0.396942 -0.248817 
0.430546 -0.259801 
0.464316 -0.266656 
0.481920 -0.268806 
0.501380 -0.270212 
0.518261 -0.270490 
0.536772 -0.269956 
0.554588 -0.268482 
0.573965 -0.265891 
0.590177 -0.262732 
0.607694 -0.258384 
0.624109 -0.253204 
0.641692 -0.246460 
0.655873 -0.239806 
0.670988 -0.231530 
0.684760 -0.222568 
0.699273 -0.211548 
0.710544 -0.201402 
0.722371 -0.189181 
0.732825 -0.176481 
0.743566 -0.161303 
0.751550 -0.147875 
0.759707 -0.132008 
0.766685 -0.115757 
0.773286 -0.097317 
0.777995 -0.080984 
0.782305 -0.062602 
0.785597 -0.044084 
0.788205 -0.023539 
0.789525 -0.005689 
0.790120 0.013937 
0.789763 0.033004 
0.788404 0.053750 
0.786314 0.071396 
0.783155 0.090446 
0.779177 0.108304 
0.773815 0.127402 
0.768268 0.143236 
0.761256 0.160062 
0.753602 0.175364 
0.744119 0.191470 
0.735057 0.204439 
0.724098 0.218011 
0.712735 0.229997 
0.699082 0.242394 
0.686571 0.252034 
0.671759 0.261931 
0.656893 0.270351 
0.639369 0.278821 
0.623831 0.285071 
0.605733 0.291244 
0.588061 0.296143 
0.567602 0.300727 
0.550024 0.303697 
0.529884 0.306241 
0.510696 0.307745 
0.488949 0.308541 
0.470824 0.308349 
0.450415 0.307348 
0.431037 0.305490 
0.410359 0.302559 
0.392975 0.299188 
0.374427 0.294688 
0.356873 0.289386 
0.338559 0.282691 
0.323483 0.276052 
0.307807 0.267987 
0.293206 0.259134 
0.278246 0.248528 
0.266251 0.238547 
0.254000 0.226818 
0.242834 0.214357 
0.231611 0.199796 
0.222896 0.186536 
0.214187 0.171256 
0.206498 0.155403 
0.199001 0.137210 
0.193473 0.121112 
0.188178 0.102861 
0.183809 0.084356 
0.179878 0.063483 
