0.696262 -0.266689 
0.707845 -0.259817 
0.718794 -0.252427 
0.730160 -0.243828 
0.739342 -0.235889 
0.748852 -0.226783 
0.757700 -0.217196 
0.766807 -0.206177 
0.774001 -0.196237 
0.781386 -0.184941 
0.788121 -0.173245 
0.794964 -0.159932 
0.800220 -0.148142 
0.805534 -0.134853 
0.810220 -0.121329 
0.814871 -0.106076 
0.818277 -0.092788 
0.821607 -0.077933 
0.824348 -0.063089 
0.826904 -0.046504 
0.828554 -0.032251 
0.829987 -0.016451 
0.830871 -0.001029 
0.831412 0.016029 
0.831366 0.030534 
0.830945 0.046471 
0.830040 0.061659 
0.828618 0.078293 
0.826897 0.092302 
0.824623 0.107563 
0.821954 0.121777 
0.818574 0.137201 
0.815160 0.150066 
0.810998 0.163970 
0.806541 0.176681 
0.801164 0.190351 
0.796012 0.201632 
0.789899 0.213741 
0.783482 0.224889 
0.776158 0.236268 
0.769083 0.245970 
0.761078 0.255875 
0.752721 0.265066 
0.743331 0.274344 
0.734380 0.282185 
0.724391 0.290094 
0.714096 0.297349 
0.702649 0.304595 
0.691869 0.310635 
0.679961 0.316648 
0.667849 0.322065 
0.654508 0.327395 
0.642097 0.331740 
0.628513 0.335985 
0.614866 0.339700 
0.599973 0.343259 
0.586310 0.346034 
0.571495 0.348641 
0.556788 0.350782 
0.540894 0.352697 
0.526523 0.354016 
0.511088 0.355098 
0.495970 0.355767 
0.479789 0.356133 
0.465368 0.356080 
0.450025 0.355712 
0.435191 0.354979 
0.419461 0.353855 
0.405644 0.352481 
0.391069 0.350705 
0.377138 0.348602 
0.362487 0.346009 
0.349796 0.343330 
0.336509 0.340153 
0.323938 0.336679 
0.310811 0.332602 
0.299578 0.328607 
0.287894 0.324006 
0.276942 0.319137 
0.265574 0.313543 
0.255958 0.308205 
0.246005 0.302149 
0.236751 0.295849 
0.227193 0.288697 
0.219197 0.281992 
0.210960 0.274452 
0.203361 0.266702 
0.195548 0.257973 
0.189088 0.249901 
0.182463 0.240888 
0.176404 0.231708 
0.170206 0.221437 
0.165150 0.212055 
0.159996 0.201649 
0.155329 0.191131 
0.150589 0.179438 
0.146791 0.168884 
0.142950 0.157253 
0.139528 0.145590 
0.136092 0.132718 
0.133411 0.121232 
0.130738 0.108666 
0.128422 0.096157 
0.126147 0.082459 
0.124456 0.070373 
0.122822 0.057260 
0.121494 0.044303 
0.120258 0.030229 
0.119452 0.017953 
0.118746 0.004736 
0.118307 -0.008233 
0.118008 -0.022201 
0.117999 -0.034255 
0.118133 -0.047127 
0.118501 -0.059680 
0.119058 -0.073098 
0.120677 -0.096708 
0.121791 -0.108497 
0.123136 -0.121005 
0.126136 -0.142743 
0.130025 -0.164889 
0.134309 -0.184429 
0.139537 -0.204169 
0.145021 -0.221383 
0.151503 -0.238667 
0.158101 -0.253586 
0.165747 -0.268498 
0.173366 -0.281258 
0.182072 -0.293969 
0.190601 -0.304764 
0.200242 -0.315491 
0.209551 -0.324537 
0.219976 -0.333511 
0.229910 -0.341027 
0.240940 -0.348473 
0.251321 -0.354668 
0.262755 -0.360797 
0.273385 -0.365860 
0.285003 -0.370863 
0.295672 -0.374964 
0.307243 -0.379013 
0.317736 -0.382301 
0.329033 -0.385546 
0.339134 -0.388148 
0.349951 -0.390723 
0.369608 -0.394773 
0.387664 -0.397890 
0.403835 -0.400243 
0.417895 -0.401974 
0.429673 -0.403200 
0.439046 -0.404019 
0.445930 -0.404504 
0.450279 -0.404710 
0.452071 -0.404671 
0.451309 -0.404401 
0.448018 -0.403895 
0.442242 -0.403129 
0.434052 -0.402059 
0.423544 -0.400623 
0.410848 -0.398739 
0.396133 -0.396307 
0.379610 -0.393206 
0.361533 -0.389295 
0.342202 -0.384413 
0.321954 -0.378372 
0.301154 -0.370963 
0.280186 -0.361949 
0.259432 -0.351066 
0.239262 -0.338024 
0.220019 -0.322508 
0.210567 -0.313417 
0.202007 -0.304188 
0.193316 -0.293547 
0.185490 -0.282727 
0.177668 -0.270364 
0.170691 -0.257808 
0.163835 -0.243583 
0.157795 -0.229165 
0.151982 -0.212969 
0.146960 -0.196633 
0.142262 -0.178440 
0.138329 -0.160202 
0.134814 -0.140094 
0.132037 -0.120087 
0.129777 -0.098282 
0.128231 -0.076781 
0.127307 -0.053644 
0.127080 -0.031084 
0.127589 -0.007135 
0.128785 0.015930 
0.130845 0.040058 
0.133592 0.062993 
0.137347 0.086633 
0.141793 0.108786 
0.147409 0.131283 
0.153730 0.152089 
0.161402 0.172909 
0.169789 0.191901 
0.174762 0.201661 
0.179723 0.210643 
0.190378 0.227507 
0.196608 0.236077 
0.202785 0.243916 
0.209383 0.251519 
0.215901 0.258474 
0.223484 0.265783 
0.230966 0.272423 
0.238896 0.278805 
0.246693 0.284601 
0.255697 0.290627 
0.264536 0.296055 
0.273843 0.301211 
0.282943 0.305848 
0.293378 0.310599 
0.303567 0.314825 
0.314220 0.318769 
0.324577 0.322263 
0.336374 0.325757 
0.347821 0.328799 
0.359691 0.331547 
0.371141 0.333909 
0.384096 0.336160 
0.396575 0.338025 
0.421699 0.340823 
0.435500 0.341827 
0.448671 0.342511 
0.474821 0.342971 
0.489023 0.342703 
0.502435 0.342178 
0.528677 0.340233 
0.555916 0.336858 
0.581273 0.332397 
0.607162 0.326283 
0.630728 0.319165 
0.654405 0.310133 
0.675522 0.300181 
0.696424 0.288009 
0.714616 0.275084 
0.732357 0.259606 
0.747431 0.243588 
0.761848 0.224714 
0.773748 0.205605 
0.779688 0.194222 
0.784798 0.183433 
0.793562 0.161401 
0.797759 0.148455 
0.801277 0.136264 
0.804376 0.123637 
0.806952 0.111760 
0.809426 0.097574 
0.811366 0.084308 
0.812873 0.070753 
0.813979 0.058089 
0.814738 0.043155 
0.815093 0.029300 
0.815003 0.015338 
0.814626 0.002392 
0.813649 -0.012657 
0.812389 -0.026498 
0.810671 -0.040274 
0.808767 -0.052944 
0.806006 -0.067452 
0.803074 -0.080677 
0.799670 -0.093659 
0.796179 -0.105501 
0.791569 -0.118852 
0.786895 -0.130921 
0.781734 -0.142619 
0.776581 -0.153202 
0.770054 -0.164940 
0.763570 -0.175456 
0.756591 -0.185517 
0.749720 -0.194542 
0.741232 -0.204380 
0.732900 -0.213108 
0.724089 -0.221329 
0.715498 -0.228627 
0.705081 -0.236419 
0.694950 -0.243241 
0.684373 -0.249542 
0.674146 -0.255050 
0.661947 -0.260757 
0.650183 -0.265643 
0.638048 -0.270007 
0.626424 -0.273709 
0.612767 -0.277337 
0.599718 -0.280291 
0.586379 -0.282727 
0.573777 -0.284629 
0.559167 -0.286197 
0.545354 -0.287226 
0.518357 -0.287836 
0.503453 -0.287341 
0.489559 -0.286443 
0.462823 -0.283288 
0.448246 -0.280666 
0.435085 -0.277862 
0.409944 -0.270878 
0.396554 -0.266131 
0.384590 -0.261365 
0.362154 -0.250491 
0.350499 -0.243610 
0.340186 -0.236866 
0.321248 -0.222114 
0.311676 -0.213147 
0.303300 -0.204473 
0.295307 -0.195065 
0.288310 -0.186007 
0.280995 -0.175107 
0.274695 -0.164660 
0.268858 -0.153530 
0.263848 -0.142897 
0.258842 -0.130375 
0.254660 -0.118464 
0.250999 -0.105985 
0.247998 -0.094155 
0.245288 -0.080499 
0.243225 -0.067617 
0.241723 -0.054339 
0.240724 -0.041853 
0.240279 -0.027718 
0.240317 -0.014499 
0.240950 -0.001102 
0.241940 0.011373 
0.243727 0.025245 
0.245851 0.038089 
0.251548 0.062683 
0.255547 0.075600 
0.259721 0.087395 
0.269398 0.109479 
0.281731 0.131090 
0.295192 0.149765 
0.311453 0.167526 
0.328333 0.182271 
0.348016 0.195742 
0.367785 0.206378 
0.390118 0.215424 
0.411972 0.221930 
0.435920 0.226593 
0.458803 0.229046 
0.483133 0.229463 
0.505858 0.227997 
0.529297 0.224363 
0.550703 0.219163 
0.572122 0.211729 
0.591232 0.203050 
0.609773 0.192148 
0.625896 0.180348 
0.641043 0.166397 
0.653770 0.151998 
0.665270 0.135568 
0.674480 0.119227 
0.682279 0.101109 
0.688065 0.083530 
0.692302 0.064604 
0.694841 0.046578 
0.695769 0.027723 
0.695310 0.010061 
0.693245 -0.007923 
0.690099 -0.024489 
0.685383 -0.040993 
0.679939 -0.055852 
0.673013 -0.070340 
0.665648 -0.083195 
0.656986 -0.095390 
0.648119 -0.106087 
0.638187 -0.115924 
0.628287 -0.124440 
0.607090 -0.138438 
0.585418 -0.148455 
0.564064 -0.154985 
0.543686 -0.158591 
0.524784 -0.159864 
0.507700 -0.159390 
0.492633 -0.157732 
0.479665 -0.155409 
0.468795 -0.152886 
0.459975 -0.150566 
0.453136 -0.148782 
0.448220 -0.147793 
0.445196 -0.147786 
0.444078 -0.148865 
0.444928 -0.151056 
0.447858 -0.154294 
0.453023 -0.158423 
0.460602 -0.163190 
0.470777 -0.168243 
0.483699 -0.173132 
0.499446 -0.177320 
0.517978 -0.180193 
0.539088 -0.181080 
0.562372 -0.179276 
0.587204 -0.174066 
0.612745 -0.164763 
0.637989 -0.150743 
0.649929 -0.141874 
0.661822 -0.131514 
0.672590 -0.120016 
0.683104 -0.106787 
0.692244 -0.092562 
0.700739 -0.076591 
0.707685 -0.059881 
0.713724 -0.041374 
0.718041 -0.022607 
0.721172 -0.002094 
0.722501 0.018133 
0.722311 0.039781 
0.720315 0.060667 
0.716473 0.082379 
0.710865 0.102812 
0.703093 0.123638 
0.693671 0.142612 
0.681753 0.161563 
0.668414 0.178221 
0.652286 0.194441 
0.635074 0.208132 
0.614945 0.220945 
0.594092 0.231231 
0.570606 0.240136 
0.546869 0.246619 
0.520921 0.251378 
0.495453 0.253808 
0.482347 0.254247 
0.468288 0.254226 
0.455802 0.253576 
0.442466 0.252438 
0.429447 0.250703 
0.415575 0.248327 
0.403575 0.245589 
0.390837 0.242183 
0.378610 0.238205 
0.365666 0.233370 
0.354765 0.228498 
0.343262 0.222755 
0.332417 0.216479 
0.321024 0.209113 
0.311686 0.202095 
0.301897 0.193989 
0.292839 0.185411 
0.283432 0.175523 
0.275936 0.166412 
0.268157 0.156009 
0.261050 0.145146 
0.253979 0.133013 
0.248387 0.121874 
0.242846 0.109516 
0.237931 0.096780 
0.233207 0.082727 
0.229665 0.069994 
0.226337 0.056039 
0.223663 0.042033 
0.221326 0.026735 
0.219880 0.013058 
0.218800 -0.001791 
0.218354 -0.016318 
0.218409 -0.032038 
0.219075 -0.045850 
0.220278 -0.060717 
0.222056 -0.074955 
0.224529 -0.090230 
0.227325 -0.103379 
0.230854 -0.117416 
0.234883 -0.130610 
0.239832 -0.144647 
0.244787 -0.156475 
0.250695 -0.169009 
0.257013 -0.180577 
0.264501 -0.192786 
0.271634 -0.202848 
0.279957 -0.213432 
0.288576 -0.223021 
0.298615 -0.233048 
0.307888 -0.241109 
0.318578 -0.249512 
0.329429 -0.256974 
0.341902 -0.264658 
0.353156 -0.270649 
0.366000 -0.276801 
0.379020 -0.282194 
0.393414 -0.287419 
0.406464 -0.291430 
0.420851 -0.295281 
0.435407 -0.298514 
0.451276 -0.301436 
0.465436 -0.303438 
0.480782 -0.305123 
0.496134 -0.306237 
0.512676 -0.306903 
0.527145 -0.306930 
0.542645 -0.306503 
0.557934 -0.305526 
0.574229 -0.303948 
0.588197 -0.302020 
0.603008 -0.299486 
0.617412 -0.296414 
0.632613 -0.292561 
0.645386 -0.288664 
0.658814 -0.283990 
0.671689 -0.278783 
0.685161 -0.272591 
