0.200092 0.016867 
0.199010 0.008976 
0.198122 0.000768 
0.197251 -0.007611 
0.196743 -0.015515 
0.196249 -0.023540 
0.195973 -0.031856 
0.195717 -0.040325 
0.195793 -0.048250 
0.195884 -0.056281 
0.196218 -0.064570 
0.196576 -0.072985 
0.197233 -0.080812 
0.197906 -0.088719 
0.198853 -0.096843 
0.199825 -0.105066 
0.201066 -0.112674 
0.202322 -0.120340 
0.203882 -0.128172 
0.205471 -0.136084 
0.207299 -0.143375 
0.209144 -0.150711 
0.211323 -0.158140 
0.213529 -0.165624 
0.215955 -0.172515 
0.218395 -0.179432 
0.221195 -0.186375 
0.224021 -0.193353 
0.227055 -0.199774 
0.230097 -0.206205 
0.233523 -0.212604 
0.236971 -0.219021 
0.244266 -0.230813 
0.248321 -0.236633 
0.252394 -0.242464 
0.260911 -0.253131 
0.265512 -0.258354 
0.270295 -0.263590 
0.275080 -0.268345 
0.280026 -0.273107 
0.285235 -0.277735 
0.290648 -0.282368 
0.296016 -0.286551 
0.301564 -0.290734 
0.307370 -0.294775 
0.313392 -0.298816 
0.319322 -0.302438 
0.325447 -0.306056 
0.331817 -0.309524 
0.338412 -0.312988 
0.344867 -0.316063 
0.351523 -0.319132 
0.358413 -0.322049 
0.365533 -0.324959 
0.372457 -0.327509 
0.379585 -0.330051 
0.386934 -0.332440 
0.394509 -0.334820 
0.401835 -0.336870 
0.409355 -0.338909 
0.417082 -0.340795 
0.425024 -0.342670 
0.432662 -0.344243 
0.440482 -0.345805 
0.448488 -0.347212 
0.456694 -0.348606 
0.464541 -0.349726 
0.472554 -0.350833 
0.480730 -0.351785 
0.489087 -0.352723 
0.497036 -0.353412 
0.505122 -0.354089 
0.513356 -0.354607 
0.521740 -0.355111 
0.529677 -0.355391 
0.537723 -0.355658 
0.545896 -0.355762 
0.554187 -0.355851 
0.562001 -0.355740 
0.569893 -0.355617 
0.577895 -0.355324 
0.585985 -0.355018 
0.593573 -0.354532 
0.601213 -0.354037 
0.608946 -0.353363 
0.616737 -0.352677 
0.624013 -0.351831 
0.631315 -0.350980 
0.638696 -0.349938 
0.646111 -0.348888 
0.659903 -0.346502 
0.666870 -0.345105 
0.673848 -0.343705 
0.686758 -0.340657 
0.699767 -0.337180 
0.711733 -0.333495 
0.723757 -0.329363 
0.734753 -0.325068 
0.745774 -0.320309 
0.755797 -0.315431 
0.765825 -0.310074 
0.774896 -0.304646 
0.783958 -0.298725 
0.792115 -0.292783 
0.800254 -0.286338 
0.807546 -0.279925 
0.814814 -0.273003 
0.821295 -0.266167 
0.827751 -0.258822 
0.833481 -0.251618 
0.839186 -0.243912 
0.844226 -0.236403 
0.849242 -0.228405 
0.853652 -0.220661 
0.858039 -0.212446 
0.861878 -0.204539 
0.865695 -0.196191 
0.869018 -0.188202 
0.872321 -0.179803 
0.875180 -0.171811 
0.878021 -0.163450 
0.880465 -0.155538 
0.882893 -0.147302 
0.884968 -0.139550 
0.887027 -0.131521 
0.888774 -0.124003 
0.890506 -0.116265 
0.891963 -0.109052 
0.893407 -0.101677 
0.894607 -0.094824 
0.895799 -0.087890 
0.897743 -0.075019 
0.899297 -0.063163 
0.900511 -0.052403 
0.901429 -0.042808 
0.902090 -0.034428 
0.902528 -0.027302 
0.902771 -0.021455 
0.902842 -0.016904 
0.902758 -0.013654 
0.902534 -0.011706 
0.902177 -0.011051 
0.901691 -0.011675 
0.901074 -0.013558 
0.900321 -0.016675 
0.899422 -0.020994 
0.898361 -0.026479 
0.897120 -0.033086 
0.895677 -0.040764 
0.894004 -0.049454 
0.892070 -0.059089 
0.889841 -0.069595 
0.887279 -0.080888 
0.884343 -0.092877 
0.880986 -0.105462 
0.877162 -0.118537 
0.874998 -0.125303 
0.872817 -0.131991 
0.870372 -0.138911 
0.867899 -0.145708 
0.865142 -0.152719 
0.862350 -0.159572 
0.859252 -0.166612 
0.856110 -0.173464 
0.852639 -0.180472 
0.849118 -0.187269 
0.845243 -0.194190 
0.841311 -0.200877 
0.836999 -0.207655 
0.832625 -0.214181 
0.827843 -0.220766 
0.822995 -0.227083 
0.817713 -0.233426 
0.812360 -0.239492 
0.806545 -0.245551 
0.800658 -0.251324 
0.794283 -0.257061 
0.787835 -0.262506 
0.780872 -0.267886 
0.773840 -0.272972 
0.766270 -0.277966 
0.758635 -0.282665 
0.750440 -0.287246 
0.742190 -0.291533 
0.733362 -0.295678 
0.724492 -0.299532 
0.715031 -0.303219 
0.705547 -0.306622 
0.695465 -0.309833 
0.685384 -0.312764 
0.674704 -0.315481 
0.664055 -0.317925 
0.652815 -0.320131 
0.641642 -0.322070 
0.629893 -0.323747 
0.618258 -0.325164 
0.606070 -0.326295 
0.594045 -0.327173 
0.581499 -0.327737 
0.569176 -0.328056 
0.556370 -0.328033 
0.543849 -0.327775 
0.530893 -0.327141 
0.518287 -0.326282 
0.505294 -0.325012 
0.492725 -0.323532 
0.479823 -0.321601 
0.467408 -0.319472 
0.454713 -0.316846 
0.442578 -0.314049 
0.430217 -0.310701 
0.418471 -0.307207 
0.406559 -0.303109 
0.395304 -0.298892 
0.383948 -0.294020 
0.373274 -0.289051 
0.362566 -0.283380 
0.352552 -0.277638 
0.342571 -0.271147 
0.333283 -0.264614 
0.324092 -0.257291 
0.315585 -0.249955 
0.307236 -0.241798 
0.299551 -0.233657 
0.292082 -0.224670 
0.285251 -0.215738 
0.278692 -0.205946 
0.272740 -0.196246 
0.267111 -0.185690 
0.262057 -0.175268 
0.257373 -0.164005 
0.253228 -0.152928 
0.249500 -0.141043 
0.246276 -0.129396 
0.243513 -0.116993 
0.241217 -0.104887 
0.239424 -0.092093 
0.238063 -0.079656 
0.237246 -0.066617 
0.236827 -0.053997 
0.236988 -0.040874 
0.237517 -0.028229 
0.238660 -0.015194 
0.240139 -0.002688 
0.242263 0.010089 
0.244694 0.022289 
0.247794 0.034639 
0.251173 0.046378 
0.255240 0.058147 
0.259556 0.069280 
0.264571 0.080330 
0.269806 0.090731 
0.275741 0.100945 
0.281864 0.110509 
0.288679 0.119794 
0.295647 0.128438 
0.303287 0.136721 
0.311039 0.144384 
0.319433 0.151616 
0.327892 0.158256 
0.336954 0.164407 
0.346022 0.170002 
0.355651 0.175057 
0.365212 0.179600 
0.375286 0.183559 
0.385212 0.187059 
0.395583 0.189937 
0.405749 0.192408 
0.416263 0.194234 
0.426530 0.195699 
0.437033 0.196508 
0.447257 0.196999 
0.457599 0.196837 
0.467639 0.196396 
0.477676 0.195312 
0.487397 0.193988 
0.496998 0.192042 
0.506283 0.189892 
0.515337 0.187148 
0.524080 0.184238 
0.532490 0.180762 
0.540614 0.177171 
0.548312 0.173040 
0.555753 0.168850 
0.562694 0.164161 
0.569407 0.159442 
0.575569 0.154294 
0.581530 0.149127 
0.586902 0.143614 
0.592112 0.138088 
0.596700 0.132304 
0.601176 0.126510 
0.604985 0.120543 
0.608774 0.114577 
0.614985 0.102465 
0.619902 0.090337 
0.623638 0.078345 
0.626314 0.066619 
0.628059 0.055273 
0.629010 0.044398 
0.629303 0.034067 
0.629075 0.024331 
0.628459 0.015228 
0.627588 0.006779 
0.626586 -0.001006 
0.625572 -0.008124 
0.624656 -0.014579 
0.623939 -0.020372 
0.623513 -0.025505 
0.623458 -0.029976 
0.623842 -0.033774 
0.624720 -0.036880 
0.626132 -0.039265 
0.628102 -0.040890 
0.630635 -0.041704 
0.633720 -0.041647 
0.637322 -0.040650 
0.641387 -0.038638 
0.645838 -0.035533 
0.650576 -0.031257 
0.655482 -0.025739 
0.660415 -0.018915 
0.665215 -0.010738 
0.669710 -0.001184 
0.673713 0.009746 
0.677029 0.022018 
0.679460 0.035560 
0.680145 0.042889 
0.680805 0.050259 
0.680861 0.058074 
0.680866 0.065960 
0.680212 0.074173 
0.679452 0.082467 
0.678021 0.090961 
0.676381 0.099547 
0.674067 0.108193 
0.671484 0.116935 
0.668210 0.125592 
0.664609 0.134343 
0.660311 0.142868 
0.655627 0.151471 
0.650255 0.159726 
0.644433 0.168018 
0.637957 0.175878 
0.630960 0.183688 
0.623362 0.191002 
0.615181 0.198206 
0.606468 0.204836 
0.597123 0.211316 
0.587334 0.217149 
0.576871 0.222793 
0.566077 0.227731 
0.554582 0.232438 
0.542889 0.236399 
0.530483 0.240082 
0.518031 0.242995 
0.504878 0.245580 
0.491835 0.247389 
0.478135 0.248808 
0.464691 0.249465 
0.457688 0.249564 
0.450677 0.249659 
0.437032 0.249123 
0.430001 0.248584 
0.422962 0.248042 
0.409354 0.246265 
0.402410 0.245071 
0.395459 0.243873 
0.382131 0.240815 
0.375380 0.238948 
0.368622 0.237078 
0.355794 0.232707 
0.342873 0.227594 
0.330734 0.221885 
0.318581 0.215370 
0.307291 0.208309 
0.296055 0.200376 
0.285739 0.191960 
0.275536 0.182610 
0.266289 0.172857 
0.261745 0.167558 
0.257203 0.162114 
0.253143 0.156640 
0.249088 0.151067 
0.245132 0.145113 
0.241180 0.138983 
0.237704 0.132920 
0.234236 0.126716 
0.230885 0.120144 
0.227540 0.113382 
0.224660 0.106769 
0.221788 0.100006 
0.219051 0.092877 
0.216323 0.085555 
0.214041 0.078467 
0.211768 0.071222 
0.209648 0.063621 
0.207541 0.055830 
0.205854 0.048356 
0.204178 0.040731 
0.202676 0.032764 
0.201188 0.024615 
