0.482687 0.305833 
0.471958 0.306106 
0.461117 0.306068 
0.449724 0.305844 
0.439582 0.305284 
0.428979 0.304541 
0.418349 0.303474 
0.407219 0.302167 
0.397429 0.300637 
0.387226 0.298876 
0.377077 0.296773 
0.366492 0.294374 
0.357276 0.291866 
0.347702 0.289075 
0.338266 0.285926 
0.328458 0.282420 
0.319993 0.278919 
0.311225 0.275079 
0.302668 0.270872 
0.293796 0.266239 
0.286191 0.261723 
0.278328 0.256804 
0.270764 0.251532 
0.262943 0.245770 
0.256266 0.240221 
0.249378 0.234207 
0.242852 0.227873 
0.236122 0.220990 
0.230404 0.214406 
0.224516 0.207302 
0.219031 0.199929 
0.213389 0.191956 
0.208633 0.184372 
0.203747 0.176222 
0.199271 0.167862 
0.194684 0.158862 
0.190868 0.150353 
0.186961 0.141250 
0.183394 0.131957 
0.179872 0.122082 
0.176912 0.112741 
0.173993 0.102852 
0.171353 0.092814 
0.168788 0.082205 
0.166694 0.072234 
0.164674 0.061738 
0.162917 0.051160 
0.161259 0.040036 
0.159994 0.029659 
0.158829 0.018790 
0.157916 0.007926 
0.157129 -0.003441 
0.156660 -0.013963 
0.156316 -0.024931 
0.156214 -0.035812 
0.156264 -0.047145 
0.156564 -0.057544 
0.157017 -0.068335 
0.157702 -0.078973 
0.158569 -0.090002 
0.159619 -0.100036 
0.160851 -0.110405 
0.162309 -0.120559 
0.163982 -0.131044 
0.165771 -0.140509 
0.167773 -0.150253 
0.169998 -0.159735 
0.172473 -0.169493 
0.174998 -0.178232 
0.177769 -0.187201 
0.180761 -0.195885 
0.184040 -0.204794 
0.187303 -0.212713 
0.190843 -0.220815 
0.194608 -0.228626 
0.198697 -0.236618 
0.202700 -0.243671 
0.207013 -0.250869 
0.211553 -0.257778 
0.216452 -0.264829 
0.221195 -0.271010 
0.226277 -0.277304 
0.231591 -0.283321 
0.237298 -0.289451 
0.242771 -0.294783 
0.248610 -0.300203 
0.254684 -0.305363 
0.261180 -0.310611 
0.267360 -0.315139 
0.273928 -0.319734 
0.280731 -0.324088 
0.287978 -0.328508 
0.294824 -0.332288 
0.302067 -0.336115 
0.309545 -0.339722 
0.317480 -0.343379 
0.324923 -0.346469 
0.332767 -0.349594 
0.340841 -0.352516 
0.349366 -0.355471 
0.357315 -0.357934 
0.365652 -0.360418 
0.374212 -0.362716 
0.383206 -0.365033 
0.391544 -0.366927 
0.400240 -0.368830 
0.409149 -0.370561 
0.418461 -0.372300 
0.427045 -0.373677 
0.435950 -0.375057 
0.445057 -0.376274 
0.454519 -0.377491 
0.463197 -0.378402 
0.472147 -0.379309 
0.481284 -0.380060 
0.490727 -0.380805 
0.508177 -0.381776 
0.517186 -0.382106 
0.526442 -0.382424 
0.543420 -0.382632 
0.561078 -0.382513 
0.577331 -0.382034 
0.594139 -0.381223 
0.609471 -0.380125 
0.625245 -0.378692 
0.639516 -0.377042 
0.654136 -0.375052 
0.667265 -0.372912 
0.680666 -0.370430 
0.692619 -0.367860 
0.704784 -0.364950 
0.715569 -0.362012 
0.726519 -0.358738 
0.736174 -0.355494 
0.745956 -0.351923 
0.754539 -0.348434 
0.763218 -0.344635 
0.770797 -0.340968 
0.778449 -0.337010 
0.785101 -0.333231 
0.791807 -0.329186 
0.797607 -0.325363 
0.803447 -0.321306 
0.808470 -0.317502 
0.813521 -0.313509 
0.822172 -0.305936 
0.829530 -0.298720 
0.835714 -0.291991 
0.840825 -0.285866 
0.844953 -0.280450 
0.848174 -0.275835 
0.850548 -0.272097 
0.852123 -0.269294 
0.852936 -0.267466 
0.853009 -0.266633 
0.852352 -0.266801 
0.850965 -0.267952 
0.848836 -0.270054 
0.845941 -0.273058 
0.842245 -0.276897 
0.837704 -0.281494 
0.832260 -0.286757 
0.825850 -0.292583 
0.818396 -0.298863 
0.809815 -0.305481 
0.800016 -0.312317 
0.788901 -0.319248 
0.776370 -0.326154 
0.762322 -0.332916 
0.746662 -0.339416 
0.737974 -0.342587 
0.729303 -0.345543 
0.719732 -0.348481 
0.710177 -0.351189 
0.699695 -0.353840 
0.689242 -0.356251 
0.677840 -0.358564 
0.666489 -0.360628 
0.654177 -0.362553 
0.641955 -0.364224 
0.628773 -0.365713 
0.615732 -0.366943 
0.601752 -0.367948 
0.587974 -0.368690 
0.573301 -0.369162 
0.558902 -0.369367 
0.543671 -0.369255 
0.528802 -0.368873 
0.513183 -0.368125 
0.498019 -0.367102 
0.482208 -0.365661 
0.466946 -0.363942 
0.451149 -0.361747 
0.436000 -0.359272 
0.420438 -0.356260 
0.405606 -0.352963 
0.390484 -0.349065 
0.376167 -0.344879 
0.368809 -0.342454 
0.361679 -0.340022 
0.348053 -0.334876 
0.341092 -0.331933 
0.334365 -0.328986 
0.327870 -0.325899 
0.321578 -0.322807 
0.315083 -0.319309 
0.308829 -0.315810 
0.302810 -0.312168 
0.297000 -0.308528 
0.291029 -0.304436 
0.285296 -0.300351 
0.279804 -0.296121 
0.274513 -0.291898 
0.269107 -0.287180 
0.263931 -0.282477 
0.258997 -0.277629 
0.254258 -0.272797 
0.249444 -0.267424 
0.244846 -0.262075 
0.240496 -0.256591 
0.236324 -0.251133 
0.232120 -0.245089 
0.228119 -0.239084 
0.220770 -0.226860 
0.217186 -0.220141 
0.213787 -0.213478 
0.207624 -0.199998 
0.204667 -0.192619 
0.201874 -0.185321 
0.196905 -0.170648 
0.192396 -0.154766 
0.188627 -0.139017 
0.185369 -0.122064 
0.182808 -0.105425 
0.180817 -0.087622 
0.179479 -0.070312 
0.178782 -0.051900 
0.178687 -0.034227 
0.179318 -0.015535 
0.180496 0.002196 
0.182499 0.020820 
0.184989 0.038279 
0.186700 0.047543 
0.188412 0.056469 
0.192265 0.073345 
0.194720 0.082237 
0.197163 0.090764 
0.199805 0.098916 
0.202431 0.106761 
0.205660 0.115125 
0.208863 0.123113 
0.212244 0.130702 
0.215598 0.137979 
0.219628 0.145686 
0.223614 0.153019 
0.227758 0.159940 
0.231861 0.166555 
0.236710 0.173504 
0.241497 0.180091 
0.246422 0.186271 
0.251291 0.192156 
0.256970 0.198281 
0.262566 0.204063 
0.268273 0.209446 
0.273905 0.214553 
0.280400 0.219805 
0.286793 0.224744 
0.293268 0.229300 
0.299645 0.233602 
0.306926 0.237959 
0.314075 0.242032 
0.321273 0.245740 
0.328351 0.249224 
0.336353 0.252672 
0.344195 0.255870 
0.352038 0.258722 
0.359734 0.261378 
0.368356 0.263915 
0.376779 0.266233 
0.385159 0.268225 
0.393361 0.270049 
0.402461 0.271672 
0.411328 0.273107 
0.420092 0.274236 
0.428648 0.275225 
0.438046 0.275932 
0.447178 0.276483 
0.456149 0.276738 
0.464882 0.276892 
0.474376 0.276680 
0.483571 0.276343 
0.501254 0.275029 
0.510623 0.273892 
0.519667 0.272663 
0.536921 0.269612 
0.545943 0.267518 
0.554633 0.265418 
0.571063 0.260617 
0.579543 0.257599 
0.587685 0.254596 
0.602946 0.248042 
0.610717 0.244106 
0.618152 0.240206 
0.631962 0.231919 
0.638892 0.227087 
0.645499 0.222309 
0.651706 0.217299 
0.657647 0.212340 
0.663642 0.206652 
0.669338 0.201037 
0.674631 0.195226 
0.679680 0.189481 
0.684680 0.183005 
0.689416 0.176618 
0.693750 0.170079 
0.697867 0.163625 
0.701845 0.156455 
0.705591 0.149397 
0.708943 0.142240 
0.712112 0.135183 
0.715058 0.127450 
0.717808 0.119847 
0.720174 0.112215 
0.722392 0.104697 
0.724311 0.096566 
0.726071 0.088579 
0.728735 0.072835 
0.729635 0.064492 
0.730426 0.056304 
0.731204 0.040359 
0.730946 0.023814 
0.729890 0.008080 
0.727736 -0.008068 
0.724915 -0.023197 
0.720944 -0.038532 
0.716432 -0.052733 
0.710748 -0.066907 
0.704639 -0.079900 
0.697371 -0.092643 
0.689791 -0.104207 
0.681100 -0.115330 
0.672207 -0.125313 
0.662288 -0.134699 
0.652276 -0.143016 
0.641358 -0.150616 
0.630459 -0.157235 
0.618799 -0.163054 
0.607273 -0.167990 
0.595138 -0.172072 
0.583278 -0.175380 
0.570953 -0.177799 
0.559048 -0.179563 
0.546844 -0.180426 
0.535140 -0.180746 
0.523334 -0.180182 
0.512066 -0.179172 
0.500892 -0.177322 
0.490263 -0.175116 
0.479904 -0.172130 
0.470079 -0.168876 
0.460666 -0.164898 
0.451763 -0.160773 
0.443382 -0.155996 
0.435466 -0.151137 
0.428156 -0.145745 
0.421247 -0.140308 
0.415014 -0.134469 
0.409085 -0.128622 
0.398895 -0.116401 
0.390541 -0.103950 
0.383847 -0.091543 
0.378616 -0.079422 
0.374634 -0.067793 
0.371680 -0.056824 
0.369535 -0.046647 
0.367990 -0.037364 
0.366845 -0.029051 
0.365919 -0.021764 
0.365049 -0.015549 
0.364100 -0.010444 
0.362959 -0.006488 
0.361546 -0.003722 
0.359811 -0.002196 
0.357738 -0.001968 
0.355349 -0.003103 
0.352704 -0.005671 
0.349902 -0.009743 
0.347084 -0.015382 
0.344425 -0.022635 
0.342140 -0.031526 
0.340475 -0.042040 
0.339702 -0.054113 
0.340115 -0.067626 
0.342017 -0.082392 
0.345717 -0.098158 
0.348489 -0.106333 
0.351517 -0.114600 
0.355434 -0.122922 
0.359699 -0.131336 
0.364861 -0.139628 
0.370512 -0.147936 
0.377031 -0.155946 
0.384156 -0.163938 
0.392101 -0.171435 
0.400760 -0.178867 
0.410165 -0.185644 
0.420359 -0.192252 
0.431203 -0.198108 
0.442870 -0.203646 
0.455038 -0.208342 
0.468070 -0.212627 
0.481389 -0.215976 
0.495585 -0.218816 
0.509811 -0.220654 
0.524884 -0.221868 
0.539724 -0.222052 
0.555301 -0.221478 
0.570443 -0.219880 
0.586074 -0.217374 
0.601087 -0.213868 
0.616391 -0.209321 
0.630853 -0.203809 
0.638099 -0.200569 
0.645452 -0.197125 
0.652177 -0.193432 
0.658991 -0.189541 
0.665705 -0.185220 
0.672521 -0.180649 
0.678625 -0.175927 
0.684812 -0.170963 
0.690841 -0.165551 
0.696961 -0.159838 
0.702318 -0.154094 
0.707746 -0.148070 
0.712965 -0.141583 
0.718255 -0.134756 
0.722766 -0.128032 
0.727333 -0.120996 
0.731648 -0.113499 
0.736006 -0.105623 
0.739604 -0.098001 
0.743238 -0.090044 
0.746606 -0.081665 
0.749924 -0.072859 
0.752593 -0.064483 
0.755215 -0.055724 
0.757552 -0.046636 
0.759804 -0.037105 
0.761487 -0.028130 
0.763084 -0.018760 
0.764352 -0.009204 
0.765499 0.000788 
0.766160 0.010122 
0.766696 0.019847 
0.766877 0.029613 
0.766897 0.039800 
0.766509 0.049214 
0.765953 0.059003 
0.765032 0.068715 
0.763901 0.078823 
0.762442 0.088047 
0.760771 0.097612 
0.758726 0.107010 
0.756416 0.116762 
0.753869 0.125545 
0.751057 0.134631 
0.747866 0.143474 
0.744350 0.152626 
0.740698 0.160758 
0.736725 0.169150 
0.732370 0.177244 
0.727623 0.185600 
0.722858 0.192916 
0.717711 0.200454 
0.712183 0.207660 
0.706194 0.215073 
0.700321 0.221467 
0.694010 0.228038 
0.687316 0.234310 
0.680105 0.240639 
0.673157 0.246084 
0.665718 0.251585 
0.657906 0.256818 
0.649527 0.262062 
0.641571 0.266496 
0.633091 0.270933 
0.624254 0.275100 
0.614816 0.279242 
0.605975 0.282652 
0.596589 0.286030 
0.586882 0.289130 
0.576556 0.292168 
0.567012 0.294563 
0.556915 0.296892 
0.546552 0.298933 
0.535575 0.300876 
0.525557 0.302272 
0.515001 0.303567 
0.504250 0.304564 
0.492907 0.305420 
