0.730678 0.189536 
0.730891 0.196148 
0.730917 0.202785 
0.730757 0.209437 
0.730410 0.216092 
0.729877 0.222739 
0.729157 0.229366 
0.728252 0.235964 
0.727163 0.242520 
0.725889 0.249025 
0.724434 0.255469 
0.722798 0.261842 
0.720984 0.268135 
0.718993 0.274339 
0.716829 0.280445 
0.714493 0.286445 
0.711988 0.292331 
0.709319 0.298097 
0.706489 0.303735 
0.703501 0.309239 
0.700360 0.314604 
0.697071 0.319823 
0.693638 0.324892 
0.690068 0.329807 
0.686364 0.334563 
0.682534 0.339157 
0.678583 0.343585 
0.674519 0.347845 
0.670347 0.351935 
0.666075 0.355853 
0.661710 0.359596 
0.657260 0.363164 
0.652732 0.366556 
0.648134 0.369771 
0.643475 0.372809 
0.638761 0.375670 
0.634003 0.378354 
0.629206 0.380861 
0.624381 0.383191 
0.619535 0.385347 
0.614675 0.387328 
0.609810 0.389135 
0.604948 0.390771 
0.600097 0.392236 
0.595263 0.393532 
0.590453 0.394660 
0.585675 0.395623 
0.580936 0.396422 
0.576240 0.397059 
0.571595 0.397536 
0.567006 0.397856 
0.562478 0.398021 
0.558016 0.398033 
0.553625 0.397894 
0.549308 0.397608 
0.545069 0.397178 
0.540912 0.396605 
0.536840 0.395893 
0.532855 0.395045 
0.528961 0.394064 
0.525158 0.392954 
0.521449 0.391717 
0.517835 0.390357 
0.514318 0.388877 
0.510899 0.387281 
0.507578 0.385573 
0.504357 0.383755 
0.501236 0.381832 
0.498216 0.379808 
0.495296 0.377685 
0.492477 0.375467 
0.489760 0.373159 
0.487145 0.370763 
0.484631 0.368283 
0.482219 0.365723 
0.479909 0.363086 
0.477701 0.360375 
0.475596 0.357593 
0.473594 0.354744 
0.471694 0.351830 
0.469898 0.348855 
0.468206 0.345822 
0.466618 0.342732 
0.465135 0.339588 
0.463757 0.336393 
0.462484 0.333149 
0.461317 0.329859 
0.460257 0.326523 
0.459304 0.323145 
0.458458 0.319725 
0.457721 0.316266 
0.457091 0.312768 
0.456570 0.309233 
0.456158 0.305663 
0.455854 0.302058 
0.455658 0.298419 
0.455571 0.294747 
0.455592 0.291044 
0.455721 0.287309 
0.455956 0.283543 
0.456297 0.279747 
0.456743 0.275920 
0.457293 0.272065 
0.457945 0.268180 
0.458698 0.264266 
0.459549 0.260324 
0.460498 0.256353 
0.461542 0.252354 
0.462678 0.248327 
0.463906 0.244273 
0.465221 0.240191 
0.466621 0.236081 
0.468104 0.231946 
0.469668 0.227784 
0.471309 0.223597 
0.473024 0.219385 
0.474812 0.215149 
0.476669 0.210890 
0.478592 0.206609 
0.480579 0.202308 
0.482628 0.197988 
0.484737 0.193650 
0.486902 0.189297 
0.489123 0.184930 
0.491396 0.180553 
0.493722 0.176167 
0.496098 0.171775 
0.498523 0.167381 
0.500997 0.162988 
0.503518 0.158599 
0.506086 0.154219 
0.508701 0.149851 
0.511363 0.145499 
0.514072 0.141170 
0.516829 0.136866 
0.519634 0.132595 
0.522489 0.128360 
0.525393 0.124168 
0.528348 0.120025 
0.531356 0.115937 
0.534417 0.111911 
0.537534 0.107952 
0.540706 0.104068 
0.543936 0.100266 
0.547225 0.096552 
0.550573 0.092935 
0.553982 0.089422 
0.557453 0.086020 
0.560985 0.082737 
0.564580 0.079581 
0.568236 0.076560 
0.571955 0.073680 
0.575734 0.070951 
0.579574 0.068379 
0.583471 0.065973 
0.587425 0.063739 
0.591433 0.061686 
0.595493 0.059821 
0.599599 0.058150 
0.603750 0.056681 
0.607941 0.055419 
0.612166 0.054372 
0.616420 0.053544 
0.620699 0.052942 
0.624996 0.052571 
0.629304 0.052434 
0.633616 0.052537 
0.637926 0.052883 
0.642226 0.053475 
0.646509 0.054316 
0.650766 0.055407 
0.654989 0.056751 
0.659171 0.058347 
0.663303 0.060197 
0.667377 0.062299 
0.671384 0.064653 
0.675318 0.067256 
0.679169 0.070107 
0.682930 0.073202 
0.686594 0.076537 
0.690152 0.080108 
0.693599 0.083911 
0.696926 0.087939 
0.700128 0.092186 
0.703198 0.096646 
0.706131 0.101311 
0.708920 0.106173 
0.711561 0.111224 
0.714049 0.116455 
0.716380 0.121856 
0.718548 0.127418 
0.720552 0.133132 
0.722386 0.138985 
0.724048 0.144969 
0.725536 0.151070 
0.726847 0.157280 
0.727978 0.163585 
0.728928 0.169975 
0.729696 0.176438 
0.730280 0.182963 
