0.205360 -0.158083 
0.211547 -0.173912 
0.218406 -0.188794 
0.226778 -0.204412 
0.234582 -0.216836 
0.243883 -0.229829 
0.253807 -0.241805 
0.265620 -0.254216 
0.276258 -0.263838 
0.288728 -0.273780 
0.301705 -0.282731 
0.316914 -0.291857 
0.330273 -0.298714 
0.345735 -0.305665 
0.361456 -0.311692 
0.379630 -0.317652 
0.395248 -0.321900 
0.413100 -0.326018 
0.430820 -0.329308 
0.451012 -0.332285 
0.468033 -0.334091 
0.487240 -0.335531 
0.505735 -0.336242 
0.526494 -0.336377 
0.543711 -0.335841 
0.562879 -0.334671 
0.580779 -0.332902 
0.600578 -0.330259 
0.616758 -0.327395 
0.634545 -0.323588 
0.650683 -0.319347 
0.668300 -0.313892 
0.682493 -0.308636 
0.697924 -0.302089 
0.711598 -0.295294 
0.726341 -0.286911 
0.738044 -0.279158 
0.750642 -0.269732 
0.761892 -0.260018 
0.773233 -0.248837 
0.782592 -0.238226 
0.792021 -0.226111 
0.800502 -0.213607 
0.808891 -0.199474 
0.815699 -0.186242 
0.822403 -0.171393 
0.828288 -0.156301 
0.833958 -0.139487 
0.838401 -0.123984 
0.842614 -0.106853 
0.846118 -0.089749 
0.849294 -0.070976 
0.851561 -0.053964 
0.853482 -0.035445 
0.854797 -0.017288 
0.855661 0.002338 
0.855900 0.019776 
0.855669 0.038479 
0.854913 0.056497 
0.853566 0.075689 
0.851854 0.092409 
0.849526 0.110099 
0.846738 0.126844 
0.843191 0.144447 
0.839530 0.159513 
0.835082 0.175268 
0.830228 0.189948 
0.824416 0.205216 
0.818749 0.218066 
0.812098 0.231380 
0.805091 0.243623 
0.796902 0.256242 
0.789141 0.266698 
0.780187 0.277441 
0.770935 0.287201 
0.760270 0.297175 
0.750356 0.305311 
0.739045 0.313600 
0.727531 0.321022 
0.714398 0.328532 
0.702389 0.334543 
0.688819 0.340596 
0.675186 0.345916 
0.659791 0.351213 
0.645945 0.355334 
0.630456 0.359398 
0.615103 0.362851 
0.597952 0.366180 
0.582791 0.368626 
0.566014 0.370922 
0.549617 0.372712 
0.531511 0.374275 
0.515791 0.375224 
0.498598 0.375925 
0.482019 0.376208 
0.463926 0.376155 
0.448496 0.375732 
0.431804 0.374960 
0.415918 0.373839 
0.398778 0.372264 
0.384395 0.370549 
0.368992 0.368375 
0.354490 0.365905 
0.338995 0.362854 
0.326174 0.359883 
0.312565 0.356338 
0.299869 0.352538 
0.286408 0.348022 
0.275408 0.343806 
0.263808 0.338895 
0.253058 0.333760 
0.241736 0.327771 
0.232582 0.322306 
0.222984 0.316030 
0.214136 0.309555 
0.204864 0.302090 
0.189696 0.287757 
0.182589 0.279957 
0.175180 0.271048 
0.163205 0.254229 
0.151853 0.234906 
0.142641 0.215824 
0.134017 0.194208 
0.127162 0.173257 
0.120860 0.149847 
0.115999 0.127582 
0.111666 0.103049 
0.108487 0.080152 
0.105820 0.055272 
0.104060 0.032477 
0.102801 0.008031 
0.102235 -0.013975 
0.102167 -0.037292 
0.102603 -0.057943 
0.103535 -0.079603 
0.104803 -0.098508 
0.106563 -0.118171 
0.108512 -0.135113 
0.110943 -0.152618 
0.113427 -0.167527 
0.116378 -0.182861 
0.119259 -0.195776 
0.122584 -0.209024 
0.125722 -0.220042 
0.129281 -0.231364 
0.136190 -0.250202 
0.143041 -0.265876 
0.149576 -0.278712 
0.155552 -0.289005 
0.160752 -0.297007 
0.164989 -0.302927 
0.168116 -0.306926 
0.170025 -0.309118 
0.170657 -0.309571 
0.169999 -0.308310 
0.168086 -0.305312 
0.164998 -0.300513 
0.160858 -0.293806 
0.155828 -0.285041 
0.150099 -0.274028 
0.143889 -0.260541 
0.137435 -0.244323 
0.130984 -0.225101 
0.124791 -0.202602 
0.119112 -0.176583 
0.114206 -0.146877 
0.110332 -0.113439 
0.107754 -0.076416 
0.106751 -0.036196 
0.107620 0.006549 
0.108920 0.029343 
0.110692 0.050870 
0.113265 0.073965 
0.116340 0.095608 
0.120398 0.118386 
0.124994 0.139504 
0.130776 0.161330 
0.137147 0.181345 
0.144935 0.201681 
0.153360 0.220091 
0.163463 0.238500 
0.174255 0.254954 
0.187005 0.271140 
0.200489 0.285416 
0.216211 0.299214 
0.232688 0.311197 
0.251663 0.322542 
0.271344 0.332188 
0.293717 0.341067 
0.316648 0.348372 
0.342328 0.354791 
0.368277 0.359756 
0.396843 0.363710 
0.425193 0.366304 
0.455785 0.367743 
0.485558 0.367893 
0.516977 0.366708 
0.546875 0.364276 
0.562890 0.362385 
0.577707 0.360286 
0.606375 0.355064 
0.621459 0.351611 
0.635266 0.348014 
0.648998 0.343915 
0.661528 0.339726 
0.675108 0.334552 
0.687414 0.329299 
0.699510 0.323470 
0.710442 0.317619 
0.722151 0.310542 
0.732658 0.303459 
0.742869 0.295722 
0.752004 0.288049 
0.761673 0.278892 
0.770258 0.269822 
0.778496 0.260028 
0.785782 0.250407 
0.793389 0.239038 
0.800050 0.227882 
0.806331 0.215966 
0.811790 0.204386 
0.817375 0.190822 
0.822158 0.177638 
0.830242 0.150294 
0.833873 0.134737 
0.836836 0.119803 
0.841357 0.089382 
0.843070 0.072337 
0.844240 0.056217 
0.845227 0.024024 
0.844362 -0.010204 
0.841740 -0.042459 
0.836969 -0.075890 
0.830564 -0.106386 
0.821629 -0.137209 
0.811171 -0.164500 
0.797706 -0.191449 
0.782925 -0.214522 
0.764605 -0.236807 
0.745256 -0.255269 
0.721883 -0.272610 
0.697948 -0.286402 
0.683359 -0.293212 
0.669696 -0.298795 
0.641538 -0.308043 
0.624717 -0.312299 
0.609130 -0.315605 
0.592805 -0.318369 
0.577741 -0.320425 
0.559403 -0.322180 
0.542613 -0.323235 
0.525366 -0.323698 
0.509632 -0.323666 
0.490833 -0.322916 
0.473848 -0.321689 
0.456744 -0.319819 
0.441333 -0.317645 
0.423290 -0.314321 
0.407209 -0.310722 
0.391309 -0.306422 
0.377159 -0.301992 
0.360931 -0.295966 
0.346661 -0.289855 
0.332822 -0.282993 
0.320659 -0.276176 
0.306998 -0.267314 
0.295145 -0.258562 
0.283861 -0.249017 
0.274076 -0.239705 
0.263346 -0.227934 
0.254189 -0.216492 
0.245667 -0.204258 
0.238410 -0.192472 
0.230706 -0.177897 
0.224302 -0.163909 
0.218566 -0.149222 
0.213853 -0.135244 
0.209144 -0.118309 
0.205469 -0.102270 
0.202474 -0.085707 
0.200273 -0.070156 
0.198506 -0.051709 
0.197532 -0.034493 
0.197261 -0.017032 
0.197574 -0.000898 
0.198746 0.017835 
0.200497 0.035031 
0.203001 0.052213 
0.205870 0.067740 
0.210044 0.085432 
0.214595 0.101385 
0.225481 0.130945 
0.232767 0.146474 
0.240194 0.160177 
0.256771 0.184967 
0.267380 0.197725 
0.277565 0.208474 
0.299805 0.227598 
0.313499 0.237036 
0.326415 0.244794 
0.353843 0.257952 
0.370182 0.263995 
0.385379 0.268728 
0.416775 0.275892 
0.434885 0.278580 
0.451493 0.280305 
0.468932 0.281264 
0.484839 0.281515 
0.503437 0.280884 
0.520242 0.279604 
0.537483 0.277443 
0.552990 0.274842 
0.570629 0.270895 
0.586330 0.266575 
0.602059 0.261272 
0.616000 0.255776 
0.631425 0.248503 
0.644941 0.241115 
0.658153 0.232671 
0.669676 0.224279 
0.682065 0.213738 
0.692722 0.203345 
0.702843 0.191888 
0.711477 0.180764 
0.720441 0.167208 
0.727930 0.154107 
0.740326 0.126615 
0.745777 0.110589 
0.750021 0.095457 
0.756029 0.064663 
0.759009 0.031020 
0.758734 -0.000758 
0.755067 -0.034271 
0.748651 -0.064458 
0.738455 -0.095103 
0.726057 -0.121553 
0.709595 -0.147248 
0.691540 -0.168483 
0.669382 -0.188034 
0.646382 -0.203306 
0.619615 -0.216266 
0.592940 -0.225373 
0.563276 -0.231748 
0.534772 -0.234780 
0.504410 -0.234790 
0.476276 -0.231969 
0.447532 -0.225929 
0.421867 -0.217578 
0.396653 -0.205881 
0.375097 -0.192512 
0.354724 -0.175748 
0.338176 -0.158127 
0.323341 -0.137291 
0.312034 -0.116409 
0.302833 -0.092845 
0.296669 -0.070013 
0.292844 -0.045304 
0.291527 -0.022060 
0.292640 0.002164 
0.295733 0.024295 
0.301274 0.046672 
0.308189 0.066368 
0.317477 0.085708 
0.327592 0.102293 
0.339836 0.117978 
0.352427 0.131111 
0.366795 0.143010 
0.381011 0.152652 
0.411589 0.167308 
0.442475 0.175831 
0.472209 0.179166 
0.499669 0.178351 
0.524117 0.174446 
0.545190 0.168477 
0.562822 0.161402 
0.577160 0.154076 
0.588472 0.147234 
0.597066 0.141480 
0.603230 0.137283 
0.607183 0.134981 
0.609042 0.134789 
0.608808 0.136794 
0.606354 0.140955 
0.601435 0.147091 
0.593707 0.154870 
0.582761 0.163793 
0.568177 0.173190 
0.549604 0.182229 
0.526852 0.189934 
0.500011 0.195221 
0.469555 0.196939 
0.436417 0.193913 
0.401990 0.185005 
0.368038 0.169173 
0.336519 0.145592 
0.322642 0.131053 
0.309381 0.113827 
0.298360 0.095409 
0.288402 0.074090 
0.280907 0.052054 
0.275106 0.027515 
0.271848 0.002965 
0.270760 -0.023697 
0.272249 -0.049300 
0.276429 -0.076414 
0.283106 -0.101450 
0.292999 -0.127046 
0.305263 -0.149900 
0.321095 -0.172181 
0.339015 -0.191266 
0.360817 -0.209079 
0.384068 -0.223373 
0.411282 -0.235833 
0.438918 -0.244722 
0.470155 -0.251248 
0.500517 -0.254364 
0.533534 -0.254563 
0.564497 -0.251603 
0.596501 -0.245205 
0.625506 -0.235886 
0.654204 -0.222675 
0.679143 -0.206842 
0.690836 -0.197597 
0.702840 -0.186694 
0.712513 -0.176403 
0.722393 -0.164447 
0.731198 -0.152030 
0.740042 -0.137661 
0.746818 -0.124613 
0.753545 -0.109678 
0.759225 -0.094571 
0.764661 -0.077334 
0.768433 -0.062220 
0.771884 -0.045138 
0.774360 -0.028294 
0.776272 -0.009350 
0.777027 0.006716 
0.777146 0.024644 
0.776391 0.041912 
0.774701 0.060995 
0.772426 0.076704 
0.769150 0.094000 
0.765056 0.110500 
0.759724 0.127896 
0.754287 0.142289 
0.747582 0.157439 
0.740086 0.171713 
0.731032 0.186485 
0.722353 0.198505 
0.712101 0.210903 
0.701243 0.222187 
0.688513 0.233663 
0.676667 0.242790 
0.662963 0.252013 
0.648981 0.260058 
0.632880 0.268028 
0.618282 0.274092 
0.601646 0.279998 
0.585162 0.284809 
0.566464 0.289279 
0.549976 0.292305 
0.531456 0.294908 
0.513586 0.296561 
0.493625 0.297573 
0.476526 0.297629 
0.457590 0.296963 
0.439788 0.295506 
0.420203 0.293063 
0.403902 0.290174 
0.386093 0.286213 
0.369752 0.281629 
0.352038 0.275656 
0.337702 0.269789 
0.322238 0.262452 
0.308337 0.254658 
0.293521 0.245048 
0.281846 0.236152 
0.269417 0.225368 
0.258264 0.214109 
0.247038 0.201045 
0.238123 0.188961 
0.229136 0.175036 
0.221138 0.160598 
0.213330 0.144205 
0.207356 0.129362 
0.201593 0.112669 
0.196702 0.095639 
0.192210 0.076637 
0.189092 0.059866 
0.186390 0.041327 
0.184484 0.022789 
0.183192 0.002453 
0.182814 -0.015022 
0.183066 -0.034025 
0.184060 -0.052633 
0.185916 -0.072712 
0.188221 -0.089509 
0.191406 -0.107507 
0.195295 -0.124769 
0.200346 -0.143121 
