0.194254 -0.127541 
0.199055 -0.144675 
0.204545 -0.160906 
0.211409 -0.178077 
0.217937 -0.191836 
0.225836 -0.206330 
0.234383 -0.219789 
0.244688 -0.233848 
0.254071 -0.244837 
0.265177 -0.256284 
0.276844 -0.266686 
0.290651 -0.277401 
0.302882 -0.285553 
0.317157 -0.293916 
0.331793 -0.301287 
0.348867 -0.308716 
0.363659 -0.314150 
0.380712 -0.319567 
0.397778 -0.324086 
0.417407 -0.328411 
0.434089 -0.331313 
0.453077 -0.333961 
0.471514 -0.335810 
0.492397 -0.337206 
0.509856 -0.337709 
0.529455 -0.337696 
0.547901 -0.337018 
0.568476 -0.335598 
0.585412 -0.333757 
0.604169 -0.331103 
0.621302 -0.327947 
0.640143 -0.323720 
0.655417 -0.319506 
0.672130 -0.314138 
0.687027 -0.308454 
0.703192 -0.301330 
0.716097 -0.294648 
0.730069 -0.286435 
0.742620 -0.277882 
0.755351 -0.267945 
0.765922 -0.258436 
0.776640 -0.247495 
0.786349 -0.236120 
0.796029 -0.223166 
0.803954 -0.210955 
0.811832 -0.197159 
0.818829 -0.183040 
0.825662 -0.167198 
0.831110 -0.152493 
0.836377 -0.136128 
0.840879 -0.119676 
0.845101 -0.101482 
0.848276 -0.084881 
0.851154 -0.066676 
0.853378 -0.048701 
0.855205 -0.029122 
0.856284 -0.011607 
0.856946 0.007314 
0.857049 0.025666 
0.856619 0.045354 
0.855716 0.062615 
0.854257 0.080997 
0.852312 0.098499 
0.849676 0.117016 
0.846825 0.132948 
0.843254 0.149702 
0.839258 0.165390 
0.834380 0.181792 
0.829546 0.195660 
0.823802 0.210094 
0.817683 0.223424 
0.810463 0.237225 
0.803565 0.248707 
0.795547 0.260554 
0.787208 0.271361 
0.777532 0.282455 
0.768487 0.291544 
0.758109 0.300846 
0.747492 0.309218 
0.735312 0.317735 
0.724120 0.324594 
0.711408 0.331546 
0.698574 0.337703 
0.683999 0.343888 
0.670828 0.348753 
0.656012 0.353606 
0.641251 0.357795 
0.624663 0.361907 
0.609925 0.365010 
0.593523 0.368006 
0.577406 0.370452 
0.559501 0.372717 
0.543875 0.374258 
0.526685 0.375593 
0.510023 0.376478 
0.491731 0.377073 
0.476054 0.377201 
0.459003 0.377023 
0.442698 0.376472 
0.425010 0.375517 
0.410105 0.374333 
0.394066 0.372736 
0.378906 0.370826 
0.362631 0.368388 
0.349119 0.365945 
0.334718 0.362979 
0.321240 0.359744 
0.306895 0.355850 
0.295141 0.352172 
0.282705 0.347852 
0.271151 0.343297 
0.258943 0.337948 
0.249050 0.333037 
0.238648 0.327367 
0.229039 0.321488 
0.218940 0.314678 
0.202364 0.301526 
0.194569 0.294330 
0.186421 0.286077 
0.173203 0.270424 
0.160603 0.252324 
0.150312 0.234341 
0.140608 0.213841 
0.132823 0.193851 
0.125586 0.171371 
0.119921 0.149856 
0.114774 0.125993 
0.110894 0.103578 
0.107511 0.079059 
0.105130 0.056454 
0.103233 0.032051 
0.102110 0.009954 
0.101464 -0.013604 
0.101393 -0.034583 
0.101794 -0.056708 
0.102595 -0.076112 
0.103863 -0.096391 
0.105376 -0.113933 
0.107345 -0.132135 
0.109422 -0.147687 
0.111940 -0.163739 
0.114439 -0.177295 
0.117358 -0.191239 
0.120140 -0.202861 
0.123318 -0.214833 
0.129548 -0.234803 
0.135782 -0.251471 
0.141765 -0.265154 
0.147262 -0.276146 
0.152060 -0.284704 
0.155979 -0.291041 
0.158873 -0.295322 
0.160638 -0.297665 
0.161218 -0.298140 
0.160598 -0.296772 
0.158814 -0.293538 
0.155944 -0.288372 
0.152110 -0.281161 
0.147468 -0.271753 
0.142206 -0.259954 
0.136538 -0.245535 
0.130694 -0.228244 
0.124918 -0.207818 
0.119459 -0.184005 
0.114573 -0.156604 
0.110518 -0.125507 
0.107556 -0.090759 
0.105962 -0.052614 
0.106024 -0.011586 
0.108060 0.031529 
0.110012 0.054314 
0.112425 0.075692 
0.115724 0.098485 
0.119522 0.119702 
0.124398 0.141891 
0.129816 0.162325 
0.136528 0.183312 
0.143839 0.202431 
0.152690 0.221735 
0.162191 0.239100 
0.173508 0.256354 
0.185525 0.271675 
0.199646 0.286645 
0.214505 0.299752 
0.231746 0.312318 
0.249727 0.323132 
0.270330 0.333258 
0.291583 0.341751 
0.315603 0.349432 
0.340063 0.355602 
0.367265 0.360837 
0.394539 0.364671 
0.424315 0.367433 
0.453595 0.368877 
0.484887 0.369086 
0.515029 0.368032 
0.546502 0.365542 
0.576125 0.361814 
0.591866 0.359197 
0.606343 0.356403 
0.634132 0.349755 
0.648637 0.345498 
0.661838 0.341129 
0.674900 0.336217 
0.686755 0.331249 
0.699541 0.325175 
0.711061 0.319057 
0.722329 0.312319 
0.732457 0.305598 
0.743252 0.297517 
0.752882 0.289474 
0.762190 0.280732 
0.770469 0.272104 
0.779179 0.261852 
0.786861 0.251744 
0.794181 0.240876 
0.800606 0.230244 
0.807257 0.217735 
0.813023 0.205515 
0.818400 0.192518 
0.823016 0.179947 
0.827664 0.165287 
0.831572 0.151111 
0.837942 0.121930 
0.840649 0.105458 
0.842746 0.089740 
0.845559 0.058002 
0.846337 0.040381 
0.846629 0.023830 
0.845865 -0.008902 
0.843107 -0.043228 
0.838635 -0.075119 
0.831828 -0.107709 
0.823420 -0.137016 
0.812258 -0.166225 
0.799606 -0.191726 
0.783696 -0.216556 
0.766538 -0.237507 
0.745589 -0.257431 
0.723752 -0.273649 
0.697695 -0.288563 
0.671334 -0.300108 
0.655411 -0.305648 
0.640602 -0.310089 
0.610370 -0.317115 
0.592491 -0.320112 
0.576052 -0.322280 
0.558957 -0.323880 
0.543303 -0.324878 
0.524387 -0.325361 
0.507218 -0.325257 
0.489721 -0.324529 
0.473892 -0.323404 
0.455130 -0.321333 
0.438334 -0.318890 
0.421562 -0.315767 
0.406579 -0.312434 
0.389181 -0.307704 
0.373819 -0.302803 
0.358758 -0.297157 
0.345469 -0.291479 
0.330357 -0.283939 
0.317192 -0.276426 
0.304536 -0.268120 
0.293511 -0.259967 
0.281244 -0.249499 
0.270709 -0.239267 
0.260785 -0.228216 
0.252272 -0.217524 
0.243054 -0.204124 
0.235297 -0.191208 
0.228194 -0.177507 
0.222250 -0.164406 
0.216084 -0.148332 
0.211097 -0.133033 
0.206789 -0.117096 
0.203393 -0.102051 
0.200223 -0.083971 
0.197970 -0.067004 
0.196412 -0.049635 
0.195542 -0.033472 
0.195335 -0.014472 
0.195813 0.003083 
0.197017 0.020719 
0.198703 0.036857 
0.201492 0.055416 
0.204757 0.072272 
0.208814 0.088947 
0.213125 0.103864 
0.219006 0.120694 
0.225158 0.135704 
0.239212 0.163101 
0.248298 0.177263 
0.257397 0.189616 
0.277259 0.211588 
0.289726 0.222677 
0.301559 0.231886 
0.327000 0.247888 
0.342432 0.255542 
0.356843 0.261683 
0.387017 0.271610 
0.404734 0.275837 
0.421043 0.278924 
0.454244 0.282811 
0.473101 0.283657 
0.490201 0.283708 
0.507966 0.282915 
0.523995 0.281564 
0.542531 0.279045 
0.559083 0.276034 
0.575872 0.272060 
0.590803 0.267794 
0.607590 0.261889 
0.622350 0.255768 
0.636961 0.248585 
0.649756 0.241361 
0.663735 0.232077 
0.675820 0.222846 
0.687470 0.212502 
0.697490 0.202377 
0.708086 0.189859 
0.717041 0.177682 
0.725372 0.164431 
0.732328 0.151711 
0.739342 0.136394 
0.745011 0.121760 
0.753778 0.091556 
0.757211 0.074242 
0.759589 0.058084 
0.761897 0.025753 
0.760907 -0.008749 
0.756867 -0.040556 
0.749129 -0.073275 
0.738884 -0.102001 
0.724554 -0.130400 
0.708322 -0.154234 
0.687807 -0.176681 
0.666106 -0.194585 
0.640272 -0.210343 
0.614160 -0.221929 
0.584528 -0.230855 
0.555709 -0.236124 
0.524438 -0.238372 
0.495127 -0.237500 
0.464687 -0.233344 
0.437204 -0.226594 
0.409868 -0.216399 
0.386130 -0.204165 
0.363497 -0.188423 
0.344769 -0.171377 
0.327741 -0.150885 
0.314535 -0.130036 
0.303438 -0.106099 
0.295718 -0.082724 
0.290405 -0.057010 
0.287912 -0.032689 
0.287990 -0.007007 
0.290330 0.016578 
0.295279 0.040554 
0.301936 0.061922 
0.311179 0.082967 
0.321457 0.101009 
0.334183 0.118211 
0.347362 0.132520 
0.362643 0.145565 
0.377874 0.156059 
0.394748 0.165063 
0.411054 0.171914 
0.444962 0.180807 
0.477857 0.183709 
0.508360 0.181718 
0.535544 0.175978 
0.558939 0.167627 
0.578459 0.157745 
0.594295 0.147319 
0.606812 0.137211 
0.616447 0.128140 
0.623637 0.120682 
0.628759 0.115272 
0.632094 0.112221 
0.633797 0.111725 
0.633882 0.113875 
0.632216 0.118646 
0.628522 0.125892 
0.622397 0.135322 
0.613340 0.146477 
0.600796 0.158715 
0.584226 0.171210 
0.563201 0.182965 
0.537517 0.192850 
0.507333 0.199642 
0.473294 0.202085 
0.436599 0.198933 
0.398967 0.189007 
0.362482 0.171267 
0.345784 0.159463 
0.329350 0.144943 
0.315133 0.128884 
0.301660 0.109753 
0.290712 0.089427 
0.281220 0.066210 
0.274391 0.042400 
0.269506 0.015913 
0.267378 -0.010132 
0.267710 -0.038363 
0.270758 -0.065046 
0.276821 -0.092959 
0.285497 -0.118482 
0.297637 -0.143976 
0.312180 -0.166407 
0.330629 -0.187981 
0.350999 -0.205965 
0.375566 -0.222431 
0.401218 -0.235113 
0.430984 -0.245697 
0.460662 -0.252597 
0.493746 -0.256819 
0.525537 -0.257620 
0.559184 -0.255178 
0.590394 -0.249582 
0.621988 -0.240261 
0.650087 -0.228057 
0.663497 -0.220617 
0.677438 -0.211637 
0.688832 -0.202977 
0.700626 -0.192745 
0.711313 -0.181940 
0.722234 -0.169242 
0.730795 -0.157544 
0.739485 -0.143979 
0.747061 -0.130076 
0.754577 -0.114002 
0.760101 -0.099732 
0.765477 -0.083408 
0.769797 -0.067116 
0.773740 -0.048559 
0.776187 -0.032636 
0.778177 -0.014660 
0.779215 0.002855 
0.779509 0.022447 
0.778884 0.038754 
0.777446 0.056907 
0.775143 0.074415 
0.771745 0.093081 
0.767966 0.108687 
0.763060 0.125284 
0.757332 0.141083 
0.750184 0.157610 
0.743139 0.171204 
0.734645 0.185370 
0.725475 0.198413 
0.714540 0.211838 
0.704210 0.222660 
0.692100 0.233744 
0.679583 0.243575 
0.664986 0.253496 
0.651595 0.261229 
0.636159 0.268955 
0.620690 0.275484 
0.602937 0.281827 
0.587109 0.286442 
0.569133 0.290782 
0.551598 0.294066 
0.531784 0.296870 
0.514631 0.298441 
0.495431 0.299444 
0.477192 0.299560 
0.456906 0.298860 
0.439855 0.297448 
0.421042 0.295131 
0.403614 0.292101 
0.384534 0.287864 
0.368952 0.283466 
0.351991 0.277772 
0.336610 0.271533 
0.320061 0.263659 
0.306903 0.256217 
0.292769 0.247054 
0.279961 0.237340 
0.266934 0.225916 
0.256471 0.215220 
0.245801 0.202758 
0.236171 0.189697 
0.226619 0.174706 
0.219161 0.160996 
0.211811 0.145425 
0.205384 0.129382 
0.199255 0.111294 
0.194753 0.095174 
0.190570 0.077181 
0.187227 0.059012 
0.184394 0.038874 
0.182712 0.021403 
0.181560 0.002223 
0.181180 -0.016736 
0.181548 -0.037397 
0.182591 -0.054834 
0.184400 -0.073683 
0.186934 -0.091915 
0.190502 -0.111471 
