0.202791 0.054571 
0.201006 0.046737 
0.199400 0.038554 
0.197806 0.030151 
0.196627 0.022200 
0.195459 0.014081 
0.194492 0.005636 
0.193542 -0.003017 
0.192970 -0.011135 
0.192412 -0.019408 
0.192079 -0.027976 
0.191768 -0.036725 
0.191797 -0.044881 
0.191844 -0.053167 
0.192142 -0.061705 
0.192466 -0.070394 
0.193095 -0.078451 
0.193743 -0.086612 
0.194671 -0.094972 
0.195630 -0.103459 
0.196859 -0.111297 
0.198109 -0.119219 
0.199669 -0.127262 
0.201262 -0.135403 
0.203097 -0.142912 
0.204955 -0.150482 
0.207147 -0.158098 
0.209375 -0.165783 
0.211825 -0.172869 
0.214296 -0.179994 
0.217126 -0.187097 
0.219990 -0.194248 
0.223063 -0.200831 
0.226153 -0.207436 
0.229624 -0.213971 
0.233131 -0.220539 
0.236833 -0.226565 
0.240546 -0.232600 
0.244589 -0.238529 
0.248816 -0.244488 
0.253068 -0.249917 
0.257487 -0.255367 
0.262163 -0.260679 
0.267049 -0.266010 
0.271912 -0.270840 
0.276965 -0.275682 
0.282272 -0.280376 
0.287804 -0.285081 
0.293269 -0.289317 
0.298941 -0.293558 
0.304859 -0.297642 
0.311016 -0.301731 
0.317058 -0.305384 
0.323318 -0.309037 
0.329817 -0.312531 
0.336565 -0.316024 
0.343143 -0.319114 
0.349945 -0.322200 
0.356979 -0.325128 
0.364264 -0.328051 
0.371323 -0.330602 
0.378605 -0.333148 
0.386105 -0.335534 
0.393852 -0.337913 
0.401316 -0.339953 
0.408995 -0.341984 
0.416875 -0.343857 
0.424991 -0.345720 
0.432766 -0.347274 
0.440742 -0.348818 
0.448899 -0.350204 
0.457277 -0.351578 
0.465258 -0.352673 
0.473415 -0.353756 
0.481738 -0.354681 
0.490252 -0.355592 
0.498323 -0.356252 
0.506542 -0.356900 
0.514906 -0.357387 
0.523431 -0.357858 
0.531472 -0.358106 
0.539631 -0.358341 
0.547915 -0.358411 
0.556328 -0.358466 
0.564224 -0.358321 
0.572208 -0.358165 
0.580299 -0.357837 
0.588486 -0.357494 
0.596134 -0.356975 
0.603840 -0.356446 
0.611638 -0.355737 
0.619501 -0.355015 
0.626816 -0.354136 
0.634157 -0.353252 
0.641579 -0.352177 
0.649041 -0.351092 
0.655951 -0.349870 
0.662867 -0.348647 
0.669853 -0.347218 
0.676852 -0.345786 
0.689754 -0.342686 
0.702762 -0.339154 
0.714686 -0.335428 
0.726673 -0.331252 
0.737597 -0.326929 
0.748554 -0.322139 
0.758484 -0.317251 
0.768426 -0.311882 
0.777389 -0.306463 
0.786350 -0.300552 
0.794389 -0.294643 
0.802417 -0.288234 
0.809586 -0.281881 
0.816739 -0.275025 
0.823097 -0.268279 
0.829436 -0.261034 
0.835046 -0.253955 
0.840636 -0.246386 
0.845561 -0.239039 
0.850466 -0.231219 
0.854768 -0.223675 
0.859052 -0.215682 
0.862790 -0.208019 
0.866511 -0.199934 
0.869743 -0.192229 
0.872957 -0.184141 
0.875735 -0.176476 
0.878496 -0.168471 
0.880868 -0.160927 
0.883225 -0.153089 
0.885236 -0.145742 
0.887233 -0.138156 
0.888924 -0.131080 
0.890603 -0.123823 
0.892010 -0.117076 
0.893409 -0.110230 
0.895719 -0.097500 
0.897593 -0.085743 
0.899085 -0.075051 
0.900242 -0.065500 
0.901106 -0.057151 
0.901712 -0.050050 
0.902090 -0.044231 
0.902264 -0.039714 
0.902253 -0.036511 
0.902070 -0.034624 
0.901724 -0.034046 
0.901219 -0.034764 
0.900551 -0.036758 
0.899715 -0.039999 
0.898699 -0.044452 
0.897488 -0.050076 
0.896061 -0.056821 
0.894392 -0.064628 
0.892454 -0.073433 
0.890212 -0.083159 
0.887628 -0.093724 
0.884662 -0.105034 
0.881268 -0.116990 
0.877397 -0.129485 
0.872997 -0.142404 
0.870514 -0.149070 
0.868010 -0.155632 
0.865210 -0.162413 
0.862379 -0.169048 
0.859230 -0.175879 
0.856040 -0.182531 
0.852510 -0.189353 
0.848930 -0.195964 
0.844983 -0.202713 
0.840982 -0.209232 
0.836585 -0.215853 
0.832127 -0.222224 
0.827246 -0.228664 
0.822298 -0.234839 
0.816899 -0.241049 
0.811429 -0.246981 
0.805477 -0.252915 
0.799453 -0.258563 
0.792919 -0.264182 
0.786313 -0.269508 
0.779168 -0.274776 
0.771954 -0.279746 
0.764175 -0.284630 
0.756333 -0.289217 
0.747905 -0.293689 
0.739421 -0.297865 
0.730332 -0.301901 
0.721203 -0.305643 
0.711455 -0.309219 
0.701687 -0.312506 
0.691293 -0.315603 
0.680905 -0.318415 
0.669891 -0.321013 
0.658916 -0.323332 
0.647324 -0.325411 
0.635811 -0.327218 
0.623700 -0.328761 
0.611714 -0.330037 
0.599157 -0.331022 
0.586782 -0.331748 
0.573874 -0.332155 
0.561205 -0.332309 
0.548048 -0.332114 
0.535199 -0.331675 
0.521914 -0.330853 
0.509004 -0.329797 
0.495716 -0.328321 
0.482874 -0.326621 
0.469711 -0.324460 
0.457066 -0.322092 
0.444163 -0.319216 
0.431838 -0.316149 
0.419312 -0.312521 
0.407431 -0.308732 
0.395405 -0.304324 
0.384068 -0.299782 
0.372647 -0.294561 
0.361946 -0.289240 
0.351226 -0.283184 
0.341236 -0.277055 
0.331291 -0.270141 
0.322075 -0.263186 
0.312968 -0.255401 
0.304576 -0.247609 
0.296354 -0.238948 
0.288825 -0.230319 
0.281523 -0.220794 
0.274886 -0.211339 
0.268531 -0.200973 
0.262806 -0.190727 
0.257416 -0.179570 
0.252619 -0.168581 
0.248207 -0.156700 
0.244350 -0.145044 
0.240927 -0.132532 
0.238019 -0.120309 
0.235592 -0.107285 
0.233643 -0.094616 
0.232220 -0.081222 
0.231236 -0.068252 
0.230823 -0.054651 
0.230815 -0.041540 
0.231419 -0.027909 
0.232392 -0.014832 
0.234017 -0.001355 
0.235980 0.011510 
0.238629 0.024649 
0.241585 0.037130 
0.245255 0.049755 
0.249202 0.061686 
0.253887 0.073637 
0.258816 0.084873 
0.264498 0.096010 
0.270391 0.106424 
0.277040 0.116633 
0.283866 0.126123 
0.291438 0.135313 
0.299149 0.143800 
0.307584 0.151906 
0.316114 0.159333 
0.325332 0.166309 
0.334594 0.172642 
0.344494 0.178465 
0.354381 0.183684 
0.364847 0.188344 
0.375228 0.192448 
0.386125 0.195950 
0.396851 0.198949 
0.408025 0.201306 
0.418939 0.203223 
0.430210 0.204468 
0.441161 0.205327 
0.452355 0.205498 
0.463184 0.205333 
0.474131 0.204477 
0.484684 0.203330 
0.495226 0.201503 
0.505358 0.199425 
0.515356 0.196689 
0.524939 0.193741 
0.534272 0.190167 
0.543201 0.186419 
0.551777 0.182086 
0.559967 0.177616 
0.567712 0.172604 
0.575109 0.167507 
0.581982 0.161909 
0.588548 0.156282 
0.594531 0.150212 
0.600249 0.144140 
0.605348 0.137710 
0.610217 0.131291 
0.614448 0.124611 
0.618493 0.117946 
0.621886 0.111121 
0.625146 0.104311 
0.627729 0.097442 
0.630271 0.090587 
0.632129 0.083769 
0.633978 0.076959 
0.636397 0.063592 
0.637664 0.050629 
0.637926 0.038190 
0.637331 0.026366 
0.636031 0.015224 
0.634176 0.004808 
0.631914 -0.004862 
0.629389 -0.013783 
0.626736 -0.021966 
0.624086 -0.029433 
0.621560 -0.036212 
0.619272 -0.042334 
0.617325 -0.047829 
0.615811 -0.052722 
0.614816 -0.057028 
0.614410 -0.060756 
0.614653 -0.063900 
0.615592 -0.066439 
0.617258 -0.068341 
0.619666 -0.069555 
0.622815 -0.070019 
0.626679 -0.069656 
0.631216 -0.068378 
0.636355 -0.066089 
0.642006 -0.062688 
0.648051 -0.058073 
0.654351 -0.052148 
0.660742 -0.044826 
0.667045 -0.036038 
0.673060 -0.025738 
0.678580 -0.013909 
0.680989 -0.007256 
0.683385 -0.000574 
0.685339 0.006771 
0.687255 0.014203 
0.688643 0.022193 
0.689971 0.030308 
0.690700 0.038871 
0.691318 0.047579 
0.691306 0.056608 
0.691087 0.065803 
0.690217 0.075174 
0.689082 0.084722 
0.687263 0.094293 
0.685123 0.104041 
0.682275 0.113657 
0.679045 0.123435 
0.675100 0.132942 
0.670703 0.142567 
0.665612 0.151820 
0.659984 0.161096 
0.653698 0.169915 
0.646803 0.178692 
0.639299 0.186914 
0.631121 0.195048 
0.622403 0.202532 
0.612951 0.209885 
0.603051 0.216510 
0.592370 0.222959 
0.581356 0.228623 
0.569527 0.234061 
0.557504 0.238678 
0.544654 0.243016 
0.531762 0.246520 
0.524929 0.248103 
0.518067 0.249680 
0.504476 0.252015 
0.497341 0.252978 
0.490156 0.253930 
0.483119 0.254494 
0.476063 0.255053 
0.468745 0.255366 
0.461380 0.255667 
0.454220 0.255600 
0.447033 0.255527 
0.439658 0.255171 
0.432237 0.254802 
0.425085 0.254082 
0.417908 0.253355 
0.410597 0.252313 
0.403245 0.251258 
0.396226 0.249866 
0.389191 0.248468 
0.382063 0.246723 
0.374907 0.244965 
0.368140 0.242885 
0.361365 0.240803 
0.354537 0.238337 
0.347690 0.235859 
0.334869 0.230300 
0.328443 0.227101 
0.322002 0.223888 
0.310078 0.216915 
0.304135 0.212979 
0.298180 0.209017 
0.287288 0.200627 
0.281894 0.196014 
0.276486 0.191241 
0.271608 0.186403 
0.266725 0.181447 
0.261923 0.176116 
0.257111 0.170591 
0.252830 0.165093 
0.248547 0.159433 
0.244366 0.153403 
0.240180 0.147159 
0.236515 0.141023 
0.232852 0.134709 
0.229309 0.128019 
0.225766 0.121107 
0.222726 0.114386 
0.219689 0.107476 
0.216792 0.100192 
0.213900 0.092680 
0.211485 0.085447 
0.209076 0.078024 
0.206827 0.070235 
0.204585 0.062219 
