0.185801 -0.094993 
0.189229 -0.113258 
0.193366 -0.130698 
0.198736 -0.149302 
0.204000 -0.164321 
0.210506 -0.180257 
0.217680 -0.195165 
0.226468 -0.210859 
0.234581 -0.223217 
0.244294 -0.236185 
0.254608 -0.248065 
0.266941 -0.260410 
0.277967 -0.269892 
0.290949 -0.279715 
0.304373 -0.288478 
0.320176 -0.297429 
0.333978 -0.304093 
0.350023 -0.310856 
0.366213 -0.316646 
0.385006 -0.322365 
0.401107 -0.326395 
0.419594 -0.330283 
0.437692 -0.333297 
0.458384 -0.335978 
0.475824 -0.337535 
0.495570 -0.338693 
0.514304 -0.339111 
0.535385 -0.338915 
0.552869 -0.338094 
0.572387 -0.336586 
0.590344 -0.334504 
0.610247 -0.331490 
0.626486 -0.328301 
0.644380 -0.324095 
0.660428 -0.319501 
0.677959 -0.313615 
0.692034 -0.307988 
0.707366 -0.300973 
0.721218 -0.293570 
0.735353 -0.284873 
0.747157 -0.276469 
0.759197 -0.266715 
0.770172 -0.256492 
0.781187 -0.244758 
0.790271 -0.233618 
0.799370 -0.220942 
0.807526 -0.207883 
0.815571 -0.193123 
0.822066 -0.179333 
0.828431 -0.163880 
0.833970 -0.148239 
0.839278 -0.130815 
0.843392 -0.114807 
0.847257 -0.097126 
0.850417 -0.079546 
0.853230 -0.060250 
0.855167 -0.042868 
0.856737 -0.023954 
0.857708 -0.005482 
0.858203 0.014484 
0.858111 0.032104 
0.857520 0.050996 
0.856413 0.069098 
0.854680 0.088378 
0.852628 0.105062 
0.849921 0.122711 
0.846766 0.139326 
0.842804 0.156795 
0.838785 0.171636 
0.833929 0.187159 
0.828680 0.201559 
0.822410 0.216540 
0.816356 0.229054 
0.809260 0.242021 
0.801821 0.253897 
0.793127 0.266142 
0.784948 0.276215 
0.775508 0.286568 
0.765796 0.295927 
0.754591 0.305494 
0.744245 0.313240 
0.732430 0.321131 
0.720444 0.328164 
0.706757 0.335279 
0.694329 0.340922 
0.680275 0.346599 
0.666204 0.351557 
0.650299 0.356485 
0.636099 0.360271 
0.620205 0.363992 
0.604507 0.367118 
0.586961 0.370107 
0.571569 0.372256 
0.554540 0.374241 
0.537945 0.375740 
0.519617 0.376995 
0.503831 0.377681 
0.486564 0.378103 
0.469972 0.378125 
0.451870 0.377791 
0.436547 0.377136 
0.419975 0.376114 
0.404243 0.374758 
0.387272 0.372926 
0.373129 0.371004 
0.357990 0.368606 
0.343773 0.365925 
0.328578 0.362641 
0.316091 0.359489 
0.302832 0.355746 
0.290480 0.351757 
0.277383 0.347032 
0.266745 0.342661 
0.255528 0.337582 
0.245140 0.332287 
0.234193 0.326119 
0.216162 0.314124 
0.207655 0.307523 
0.198737 0.299922 
0.184222 0.285430 
0.170315 0.268562 
0.158895 0.251700 
0.148057 0.232359 
0.139297 0.213387 
0.131082 0.191919 
0.124576 0.171248 
0.118581 0.148174 
0.113971 0.126366 
0.109847 0.102353 
0.106827 0.080077 
0.104275 0.055873 
0.102583 0.033823 
0.101348 0.010170 
0.100764 -0.011011 
0.100630 -0.033478 
0.100962 -0.053279 
0.101737 -0.074078 
0.102816 -0.092148 
0.104328 -0.110979 
0.106002 -0.127126 
0.108092 -0.143853 
0.110216 -0.158021 
0.112736 -0.172640 
0.115170 -0.184851 
0.117977 -0.197464 
0.123544 -0.218562 
0.129175 -0.236230 
0.134622 -0.250772 
0.139653 -0.262478 
0.144061 -0.271605 
0.147671 -0.278370 
0.150340 -0.282940 
0.151967 -0.285437 
0.152497 -0.285933 
0.151918 -0.284453 
0.150262 -0.280973 
0.147608 -0.275425 
0.144075 -0.267694 
0.139814 -0.257624 
0.135012 -0.245019 
0.129875 -0.229654 
0.124630 -0.211281 
0.119517 -0.189655 
0.114782 -0.164555 
0.110680 -0.135829 
0.107470 -0.103441 
0.105421 -0.067532 
0.104817 -0.028471 
0.105962 0.013105 
0.109193 0.056297 
0.111817 0.078913 
0.114893 0.099996 
0.118946 0.122335 
0.123497 0.142994 
0.129229 0.164464 
0.135507 0.184109 
0.143195 0.204160 
0.151493 0.222312 
0.161462 0.240528 
0.172092 0.256810 
0.184682 0.272886 
0.197980 0.287065 
0.213531 0.300822 
0.229815 0.312771 
0.248621 0.324125 
0.268134 0.333792 
0.290375 0.342724 
0.313185 0.350089 
0.338804 0.356595 
0.364712 0.361650 
0.393306 0.365716 
0.421737 0.368428 
0.452499 0.370000 
0.482457 0.370287 
0.514152 0.369252 
0.544359 0.366970 
0.575562 0.363141 
0.604611 0.358076 
0.619923 0.354706 
0.633924 0.351190 
0.660591 0.343056 
0.674403 0.337958 
0.686902 0.332781 
0.699209 0.327019 
0.710318 0.321236 
0.722241 0.314219 
0.732926 0.307197 
0.743322 0.299510 
0.752617 0.291881 
0.762471 0.282755 
0.771209 0.273716 
0.779606 0.263936 
0.787026 0.254324 
0.794780 0.242952 
0.801565 0.231788 
0.807977 0.219834 
0.813554 0.208192 
0.819263 0.194550 
0.824150 0.181288 
0.828638 0.167245 
0.832426 0.153728 
0.836152 0.138042 
0.839199 0.122956 
0.843877 0.092149 
0.845666 0.074907 
0.846902 0.058560 
0.848008 0.025856 
0.847845 0.007872 
0.847250 -0.008898 
0.844708 -0.041730 
0.840013 -0.075683 
0.833634 -0.106781 
0.824720 -0.138115 
0.814230 -0.165899 
0.800750 -0.193209 
0.785818 -0.216719 
0.767374 -0.239286 
0.747774 -0.258035 
0.724153 -0.275558 
0.699828 -0.289527 
0.671150 -0.302029 
0.642494 -0.311351 
0.625348 -0.315636 
0.609516 -0.318947 
0.577522 -0.323771 
0.558802 -0.325515 
0.541731 -0.326548 
0.524113 -0.326982 
0.508109 -0.326917 
0.488920 -0.326116 
0.471659 -0.324838 
0.454211 -0.322899 
0.438561 -0.320661 
0.420161 -0.317236 
0.403842 -0.313546 
0.387682 -0.309132 
0.373370 -0.304605 
0.356887 -0.298420 
0.342468 -0.292175 
0.328450 -0.285137 
0.316188 -0.278170 
0.302363 -0.269066 
0.290435 -0.260111 
0.279074 -0.250324 
0.269270 -0.240809 
0.258474 -0.228708 
0.249312 -0.216987 
0.240787 -0.204432 
0.233568 -0.192378 
0.225880 -0.177390 
0.219531 -0.163060 
0.213850 -0.147975 
0.209214 -0.133663 
0.204582 -0.116239 
0.201006 -0.099798 
0.198120 -0.082813 
0.196036 -0.066914 
0.194406 -0.047972 
0.193577 -0.030367 
0.193463 -0.012508 
0.193933 0.003957 
0.195304 0.023129 
0.197254 0.040661 
0.199959 0.058101 
0.203045 0.073903 
0.207489 0.091898 
0.212306 0.108067 
0.217957 0.123903 
0.223748 0.137926 
0.231383 0.153587 
0.239176 0.167402 
0.256468 0.192224 
0.267384 0.204836 
0.278170 0.215701 
0.301308 0.234653 
0.315598 0.243992 
0.329025 0.251609 
0.357483 0.264421 
0.374499 0.270269 
0.390232 0.274780 
0.422708 0.281463 
0.441494 0.283863 
0.458602 0.285300 
0.492899 0.285887 
0.512065 0.284872 
0.529245 0.283228 
0.546898 0.280656 
0.562648 0.277678 
0.580657 0.273233 
0.596545 0.268457 
0.612475 0.262634 
0.626477 0.256668 
0.642034 0.248766 
0.655539 0.240814 
0.668738 0.231726 
0.680151 0.222759 
0.692445 0.211459 
0.702914 0.200396 
0.712840 0.188181 
0.721233 0.176373 
0.729920 0.161960 
0.737088 0.148105 
0.743559 0.133201 
0.748789 0.119049 
0.753805 0.102199 
0.757622 0.086283 
0.762711 0.053973 
0.764099 0.035768 
0.764590 0.018983 
0.763153 -0.014024 
0.758135 -0.048397 
0.750273 -0.079301 
0.738403 -0.110281 
0.724288 -0.136761 
0.705817 -0.162204 
0.685800 -0.182895 
0.661374 -0.201669 
0.636269 -0.215954 
0.607160 -0.227703 
0.578457 -0.235463 
0.546677 -0.240247 
0.516521 -0.241602 
0.484613 -0.239652 
0.455465 -0.234816 
0.425983 -0.226443 
0.400080 -0.215731 
0.375045 -0.201378 
0.353963 -0.185306 
0.334553 -0.165636 
0.319132 -0.145110 
0.305845 -0.121212 
0.296259 -0.097554 
0.289123 -0.071099 
0.285144 -0.045898 
0.283845 -0.018858 
0.285110 0.006097 
0.289162 0.031794 
0.295202 0.054805 
0.304006 0.077589 
0.314211 0.097360 
0.327096 0.116269 
0.340630 0.131994 
0.356619 0.146452 
0.372629 0.158010 
0.390624 0.167999 
0.408116 0.175537 
0.427017 0.181377 
0.444896 0.185235 
0.480913 0.188075 
0.514481 0.185194 
0.544425 0.177810 
0.570119 0.167164 
0.591416 0.154463 
0.608529 0.140832 
0.621900 0.127272 
0.632086 0.114627 
0.639669 0.103576 
0.645187 0.094638 
0.649089 0.088192 
0.651704 0.084503 
0.653214 0.083739 
0.653645 0.085987 
0.652858 0.091247 
0.650556 0.099420 
0.646291 0.110278 
0.639491 0.123430 
0.629493 0.138290 
0.615603 0.154065 
0.597175 0.169757 
0.573723 0.184195 
0.545065 0.196091 
0.511484 0.204098 
0.473861 0.206872 
0.433728 0.203119 
0.393178 0.191646 
0.373982 0.182870 
0.354628 0.171443 
0.337386 0.158198 
0.320506 0.141839 
0.306158 0.123879 
0.292983 0.102774 
0.282563 0.080536 
0.273837 0.055160 
0.268041 0.029577 
0.264456 0.001167 
0.263802 -0.026339 
0.265937 -0.055797 
0.270906 -0.083378 
0.279183 -0.111582 
0.290124 -0.137012 
0.304887 -0.162107 
0.321956 -0.183649 
0.343299 -0.204068 
0.366294 -0.220545 
0.393741 -0.235226 
0.421850 -0.245961 
0.454003 -0.254267 
0.485687 -0.258884 
0.520056 -0.260450 
0.552708 -0.258628 
0.586544 -0.253260 
0.617338 -0.244772 
0.632286 -0.239199 
0.648011 -0.232227 
0.661021 -0.225289 
0.674647 -0.216904 
0.687160 -0.207856 
0.700126 -0.197022 
0.710459 -0.186870 
0.721115 -0.174922 
0.730599 -0.162500 
0.740224 -0.147933 
0.747526 -0.134830 
0.754863 -0.119653 
0.761062 -0.104315 
0.767076 -0.086618 
0.771244 -0.071249 
0.775137 -0.053690 
0.777995 -0.036378 
0.780301 -0.016769 
0.781342 -0.000259 
0.781758 0.018329 
0.781258 0.036461 
0.779806 0.056021 
0.777691 0.072553 
0.774595 0.090320 
0.770647 0.107412 
0.765425 0.125488 
0.760039 0.140511 
0.753341 0.156325 
0.745909 0.171038 
0.736848 0.186350 
0.728119 0.198835 
0.717722 0.211768 
0.706814 0.223389 
0.693912 0.235282 
0.681923 0.244709 
0.667936 0.254291 
0.653754 0.262577 
0.637281 0.270840 
0.622430 0.277082 
0.605372 0.283200 
0.588550 0.288154 
0.569318 0.292786 
0.552488 0.295899 
0.533443 0.298599 
0.515157 0.300306 
0.494588 0.301365 
0.477120 0.301436 
0.457646 0.300766 
0.439426 0.299289 
0.419270 0.296786 
0.402654 0.293850 
0.384397 0.289795 
0.367689 0.285108 
0.349542 0.278973 
0.334985 0.272992 
0.319210 0.265467 
0.304785 0.257329 
0.289974 0.247594 
0.277963 0.238346 
0.265593 0.227434 
0.254304 0.215859 
0.242967 0.202419 
0.233987 0.189998 
0.225004 0.175746 
0.216995 0.160915 
0.209177 0.144018 
0.203250 0.128813 
0.197543 0.111675 
0.192725 0.094199 
0.188312 0.074626 
0.185302 0.057483 
0.182721 0.038478 
0.180951 0.019511 
0.179817 -0.001371 
0.179592 -0.019157 
0.180024 -0.038561 
0.181208 -0.057498 
0.183298 -0.078003 
