0.181434 0.080347 
0.177955 0.060729 
0.175361 0.041123 
0.173353 0.019174 
0.172446 0.000677 
0.172156 -0.019808 
0.172666 -0.039777 
0.174069 -0.061735 
0.175997 -0.079706 
0.178846 -0.099298 
0.182425 -0.117935 
0.187266 -0.138090 
0.192052 -0.154159 
0.198124 -0.171434 
0.204847 -0.187462 
0.213267 -0.204549 
0.221024 -0.217863 
0.230485 -0.232003 
0.240479 -0.244804 
0.252641 -0.258266 
0.263506 -0.268547 
0.276519 -0.279329 
0.289790 -0.288772 
0.305662 -0.298541 
0.319586 -0.305832 
0.336038 -0.313328 
0.352293 -0.319602 
0.371438 -0.325897 
0.387964 -0.330386 
0.407223 -0.334795 
0.425662 -0.338167 
0.447024 -0.341261 
0.465132 -0.343142 
0.485910 -0.344648 
0.505241 -0.345341 
0.527223 -0.345438 
0.545482 -0.344844 
0.566099 -0.343554 
0.585349 -0.341628 
0.605669 -0.338851 
0.623163 -0.335734 
0.641559 -0.331719 
0.658827 -0.327122 
0.676698 -0.321453 
0.691868 -0.315736 
0.707520 -0.308892 
0.721984 -0.301508 
0.736732 -0.292792 
0.749061 -0.284329 
0.761594 -0.274491 
0.772976 -0.264179 
0.784424 -0.252267 
0.793835 -0.240956 
0.803264 -0.228027 
0.811667 -0.214738 
0.819980 -0.199618 
0.826651 -0.185537 
0.833202 -0.169667 
0.838880 -0.153628 
0.844339 -0.135635 
0.848535 -0.119206 
0.852490 -0.100951 
0.855707 -0.082847 
0.858581 -0.062845 
0.860541 -0.044954 
0.862134 -0.025374 
0.863108 -0.006343 
0.863599 0.014353 
0.863492 0.032460 
0.862875 0.051977 
0.861737 0.070589 
0.859949 0.090520 
0.857859 0.107585 
0.855089 0.125723 
0.851875 0.142721 
0.847812 0.160681 
0.843733 0.175767 
0.838777 0.191615 
0.833440 0.206234 
0.827025 0.221513 
0.820890 0.234132 
0.813656 0.247265 
0.806100 0.259224 
0.797210 0.271612 
0.788930 0.281682 
0.779314 0.292077 
0.769450 0.301429 
0.757993 0.311035 
0.747522 0.318715 
0.735494 0.326576 
0.723326 0.333550 
0.709340 0.340638 
0.696775 0.346190 
0.682489 0.351800 
0.668216 0.356681 
0.651982 0.361555 
0.637650 0.365252 
0.621525 0.368900 
0.605631 0.371954 
0.587768 0.374887 
0.572274 0.376967 
0.555049 0.378896 
0.538296 0.380345 
0.519705 0.381561 
0.503864 0.382212 
0.486474 0.382610 
0.469788 0.382617 
0.451504 0.382277 
0.436190 0.381632 
0.419574 0.380630 
0.403816 0.379307 
0.386753 0.377517 
0.372681 0.375661 
0.357572 0.373343 
0.343382 0.370754 
0.328164 0.367575 
0.302600 0.360969 
0.290310 0.357147 
0.277236 0.352609 
0.255596 0.343624 
0.234369 0.332705 
0.216535 0.321386 
0.199202 0.307960 
0.184834 0.294387 
0.170972 0.278562 
0.159627 0.262888 
0.148762 0.244872 
0.139992 0.227359 
0.131667 0.207493 
0.125056 0.188528 
0.118856 0.167288 
0.114040 0.147373 
0.109608 0.125355 
0.106275 0.105075 
0.103304 0.082927 
0.101188 0.062883 
0.099417 0.041248 
0.098292 0.021994 
0.097496 0.001430 
0.097167 -0.016579 
0.097150 -0.035641 
0.097445 -0.052077 
0.098033 -0.069355 
0.098799 -0.083997 
0.099835 -0.099365 
0.102273 -0.125549 
0.105088 -0.147944 
0.108043 -0.166688 
0.110924 -0.181974 
0.113542 -0.194004 
0.115739 -0.202971 
0.117390 -0.209035 
0.118406 -0.212317 
0.118738 -0.212891 
0.118376 -0.210783 
0.117353 -0.205969 
0.115739 -0.198381 
0.113641 -0.187911 
0.111198 -0.174418 
0.108579 -0.157746 
0.105977 -0.137737 
0.103605 -0.114269 
0.101696 -0.087285 
0.100500 -0.056845 
0.100288 -0.023168 
0.101353 0.013322 
0.104019 0.051974 
0.108649 0.091929 
0.115655 0.132168 
0.125510 0.171609 
0.131915 0.191357 
0.138756 0.209214 
0.147125 0.227592 
0.156010 0.244083 
0.166690 0.260733 
0.177957 0.275516 
0.191311 0.290170 
0.205320 0.303029 
0.221723 0.315532 
0.238797 0.326325 
0.258555 0.336586 
0.278938 0.345247 
0.302210 0.353222 
0.325958 0.359711 
0.352642 0.365370 
0.379499 0.369647 
0.409121 0.372942 
0.438406 0.374936 
0.470025 0.375776 
0.500641 0.375367 
0.532918 0.373596 
0.563470 0.370595 
0.594897 0.365979 
0.623934 0.360125 
0.653081 0.352351 
0.679417 0.343300 
0.705241 0.331975 
0.728060 0.319333 
0.739642 0.311663 
0.749946 0.304025 
0.768861 0.287381 
0.778289 0.277465 
0.786584 0.267684 
0.794539 0.257088 
0.801519 0.246705 
0.808796 0.234400 
0.815105 0.222367 
0.821039 0.209475 
0.826151 0.196951 
0.831347 0.182276 
0.835736 0.168064 
0.839723 0.153008 
0.843033 0.138540 
0.846219 0.121792 
0.848746 0.105757 
0.850838 0.088989 
0.852386 0.073074 
0.853597 0.054888 
0.854278 0.037715 
0.854476 0.020025 
0.854254 0.003502 
0.853457 -0.015128 
0.852246 -0.032459 
0.848426 -0.066213 
0.845514 -0.084198 
0.842301 -0.100645 
0.834427 -0.131938 
0.829222 -0.148284 
0.823840 -0.162972 
0.811558 -0.190314 
0.796089 -0.216711 
0.779014 -0.239272 
0.758243 -0.260483 
0.736120 -0.277978 
0.709878 -0.293889 
0.682725 -0.306415 
0.651229 -0.317183 
0.619744 -0.324904 
0.584074 -0.330666 
0.549649 -0.333743 
0.511736 -0.334541 
0.476518 -0.332983 
0.456592 -0.331033 
0.438960 -0.328703 
0.405340 -0.322351 
0.386825 -0.317605 
0.370688 -0.312717 
0.354696 -0.306986 
0.340772 -0.301268 
0.324736 -0.293538 
0.310958 -0.285901 
0.297596 -0.277338 
0.286110 -0.269005 
0.273156 -0.258109 
0.262192 -0.247557 
0.251803 -0.236036 
0.243007 -0.224987 
0.233347 -0.210879 
0.225336 -0.197407 
0.217966 -0.182978 
0.211881 -0.169306 
0.205480 -0.152217 
0.200386 -0.136113 
0.195975 -0.119209 
0.192553 -0.103394 
0.189328 -0.084056 
0.187092 -0.066096 
0.185573 -0.047611 
0.184778 -0.030566 
0.184684 -0.010222 
0.185303 0.008362 
0.186686 0.027096 
0.188560 0.044098 
0.191645 0.063894 
0.195202 0.081666 
0.199584 0.099185 
0.204242 0.114823 
0.210634 0.132589 
0.217274 0.148260 
0.224808 0.163396 
0.232403 0.176676 
0.242254 0.191395 
0.252120 0.204145 
0.262929 0.216190 
0.273543 0.226550 
0.286892 0.237721 
0.299974 0.247176 
0.314045 0.255885 
0.327519 0.263126 
0.344123 0.270640 
0.360087 0.276734 
0.392784 0.286199 
0.411910 0.290099 
0.429872 0.292873 
0.465727 0.295929 
0.486301 0.296235 
0.504647 0.295739 
0.540752 0.292362 
0.560723 0.289011 
0.578177 0.285233 
0.611474 0.275262 
0.629197 0.268174 
0.644405 0.261012 
0.672463 0.244265 
0.686814 0.233393 
0.698894 0.222799 
0.710565 0.210825 
0.720346 0.199313 
0.730797 0.184807 
0.739361 0.170959 
0.747294 0.155751 
0.753714 0.141370 
0.760148 0.123800 
0.765113 0.107304 
0.769290 0.089654 
0.772326 0.073228 
0.774793 0.053743 
0.776179 0.035764 
0.776647 0.017022 
0.776312 -0.000116 
0.774865 -0.019865 
0.772676 -0.037747 
0.769450 -0.055893 
0.765733 -0.072150 
0.760374 -0.090387 
0.754587 -0.106558 
0.740558 -0.136539 
0.731265 -0.151889 
0.721928 -0.165120 
0.701016 -0.188714 
0.675264 -0.210013 
0.648227 -0.226338 
0.616477 -0.239817 
0.584943 -0.248720 
0.549490 -0.254316 
0.515913 -0.255957 
0.479916 -0.253822 
0.447332 -0.248359 
0.414105 -0.238698 
0.385356 -0.226328 
0.357537 -0.209480 
0.334595 -0.190614 
0.313705 -0.167286 
0.297535 -0.142810 
0.284114 -0.114336 
0.274952 -0.085854 
0.268956 -0.054331 
0.266646 -0.024150 
0.267785 0.007819 
0.271983 0.036987 
0.279868 0.066698 
0.290064 0.092483 
0.304075 0.117669 
0.319608 0.138575 
0.338811 0.157943 
0.358719 0.173230 
0.381811 0.186365 
0.404721 0.195889 
0.430044 0.202941 
0.454235 0.206951 
0.480029 0.208356 
0.503597 0.207346 
0.527914 0.203705 
0.549469 0.198308 
0.570869 0.190382 
0.589375 0.181305 
0.607061 0.169930 
0.621927 0.158024 
0.646741 0.130334 
0.664173 0.100185 
0.675046 0.069449 
0.680433 0.039754 
0.681509 0.012352 
0.679462 -0.011932 
0.675423 -0.032671 
0.670423 -0.049760 
0.665358 -0.063304 
0.660972 -0.073515 
0.657838 -0.080623 
0.656362 -0.084809 
0.656776 -0.086159 
0.659139 -0.084639 
0.663331 -0.080094 
0.669039 -0.072258 
0.675760 -0.060796 
0.682786 -0.045370 
0.689223 -0.025724 
0.694011 -0.001804 
0.695958 0.026113 
0.693793 0.057311 
0.686220 0.090572 
0.671997 0.124211 
0.650049 0.156216 
0.619662 0.184455 
0.580763 0.206878 
0.558922 0.215086 
0.534257 0.221652 
0.509527 0.225532 
0.482273 0.227207 
0.455891 0.226116 
0.428101 0.222201 
0.402169 0.215561 
0.375709 0.205502 
0.352183 0.192909 
0.328994 0.176287 
0.309425 0.157510 
0.291156 0.134374 
0.276691 0.109605 
0.264453 0.080794 
0.255987 0.051321 
0.250332 0.018383 
0.248343 -0.013658 
0.249750 -0.048135 
0.254572 -0.080000 
0.263452 -0.112963 
0.275397 -0.141964 
0.292047 -0.170635 
0.311399 -0.194770 
0.335683 -0.217144 
0.362115 -0.234964 
0.393316 -0.250187 
0.425525 -0.261017 
0.442640 -0.265162 
0.461814 -0.268732 
0.478660 -0.270865 
0.497363 -0.272352 
0.515589 -0.272825 
0.535667 -0.272365 
0.552667 -0.271017 
0.571252 -0.268663 
0.588872 -0.265403 
0.607974 -0.260777 
0.623559 -0.255906 
0.640355 -0.249598 
0.655839 -0.242519 
0.672353 -0.233572 
0.685343 -0.225133 
0.699140 -0.214781 
0.711513 -0.203829 
0.724423 -0.190528 
0.734203 -0.178586 
0.744382 -0.164286 
0.753317 -0.149444 
0.762033 -0.132375 
0.768524 -0.117067 
0.774768 -0.099629 
0.779938 -0.081845 
0.784571 -0.061860 
0.787610 -0.044288 
0.790068 -0.024737 
0.791505 -0.005519 
0.792097 0.015649 
0.791679 0.033859 
0.790348 0.053739 
0.788122 0.072580 
0.784685 0.092955 
0.780795 0.110027 
0.775608 0.128355 
0.769696 0.145193 
0.762133 0.163104 
0.754711 0.177674 
0.745554 0.193079 
0.735884 0.206832 
0.724077 0.221224 
0.713101 0.232560 
0.699939 0.244350 
0.686566 0.254544 
0.670607 0.264985 
0.656296 0.272873 
0.639438 0.280862 
0.622796 0.287444 
0.603303 0.293894 
0.586374 0.298399 
0.566761 0.302653 
0.547873 0.305744 
0.526217 0.308306 
0.507978 0.309571 
0.487219 0.310205 
0.467304 0.309909 
0.445821 0.308666 
0.427585 0.306747 
0.407939 0.303835 
0.389170 0.300091 
0.369399 0.295088 
0.352979 0.289912 
0.335757 0.283443 
0.319578 0.276163 
0.302849 0.267265 
0.289317 0.258747 
0.275373 0.248598 
0.262542 0.237676 
0.249507 0.224756 
0.239267 0.212862 
0.228909 0.199016 
0.219625 0.184507 
0.210413 0.167682 
0.203462 0.152653 
0.196636 0.135449 
0.190793 0.117837 
0.185273 0.097766 
