0.737406 -0.191092 
0.748008 -0.182916 
0.758139 -0.174014 
0.767776 -0.164392 
0.776900 -0.154062 
0.781200 -0.148561 
0.785495 -0.143038 
0.789531 -0.137215 
0.793552 -0.131340 
0.797321 -0.125207 
0.801064 -0.118993 
0.804564 -0.112559 
0.808030 -0.106026 
0.811257 -0.099304 
0.814447 -0.092476 
0.817404 -0.085488 
0.820321 -0.078385 
0.823008 -0.071150 
0.825655 -0.063801 
0.828077 -0.056348 
0.830458 -0.048777 
0.832619 -0.041133 
0.834739 -0.033372 
0.836642 -0.025565 
0.838508 -0.017651 
0.840161 -0.009718 
0.841778 -0.001681 
0.843187 0.006342 
0.844561 0.014465 
0.845732 0.022546 
0.846871 0.030715 
0.847812 0.038816 
0.848724 0.046994 
0.849442 0.055074 
0.850133 0.063227 
0.850637 0.071253 
0.851116 0.079342 
0.851413 0.087278 
0.851688 0.095267 
0.851787 0.103080 
0.851866 0.110937 
0.851774 0.118598 
0.851668 0.126289 
0.851394 0.133767 
0.851109 0.141267 
0.850662 0.148538 
0.850210 0.155820 
0.849600 0.162859 
0.848987 0.169904 
0.847459 0.183482 
0.845645 0.196524 
0.843566 0.209004 
0.841240 0.220905 
0.838688 0.232214 
0.835931 0.242926 
0.832991 0.253036 
0.829888 0.262548 
0.826645 0.271468 
0.823284 0.279803 
0.819828 0.287566 
0.816299 0.294769 
0.812719 0.301427 
0.809111 0.307556 
0.805497 0.313174 
0.801899 0.318296 
0.798337 0.322940 
0.794832 0.327124 
0.791403 0.330863 
0.788069 0.334175 
0.784848 0.337075 
0.781755 0.339578 
0.778805 0.341699 
0.776011 0.343451 
0.773386 0.344847 
0.770938 0.345898 
0.768678 0.346616 
0.766610 0.347012 
0.764740 0.347093 
0.763073 0.346871 
0.761608 0.346351 
0.760347 0.345543 
0.759288 0.344452 
0.758427 0.343084 
0.757761 0.341445 
0.757284 0.339541 
0.756990 0.337375 
0.756869 0.334951 
0.756913 0.332275 
0.757113 0.329348 
0.757458 0.326174 
0.757938 0.322757 
0.758539 0.319098 
0.759252 0.315200 
0.760062 0.311066 
0.760959 0.306698 
0.761930 0.302098 
0.762962 0.297267 
0.764043 0.292209 
0.765161 0.286924 
0.766303 0.281416 
0.767458 0.275686 
0.768615 0.269736 
0.769762 0.263569 
0.770888 0.257187 
0.771982 0.250591 
0.773034 0.243786 
0.774034 0.236774 
0.774971 0.229557 
0.775835 0.222140 
0.776617 0.214525 
0.777308 0.206718 
0.777897 0.198724 
0.778375 0.190546 
0.778732 0.182192 
0.778960 0.173668 
0.779048 0.164983 
0.778987 0.156143 
0.778767 0.147160 
0.778378 0.138044 
0.777810 0.128806 
0.777054 0.119461 
0.776099 0.110023 
0.774935 0.100507 
0.773553 0.090932 
0.771943 0.081317 
0.770094 0.071680 
0.767999 0.062045 
0.765648 0.052434 
0.763032 0.042871 
0.760145 0.033380 
0.756978 0.023987 
0.753527 0.014719 
0.749787 0.005602 
0.745754 -0.003337 
0.741425 -0.012073 
0.736801 -0.020579 
0.731883 -0.028829 
0.726672 -0.036801 
0.721176 -0.044470 
0.715400 -0.051816 
0.709353 -0.058818 
0.703048 -0.065460 
0.696497 -0.071725 
0.689715 -0.077602 
0.682721 -0.083078 
0.675533 -0.088146 
0.668173 -0.092800 
0.660663 -0.097039 
0.653026 -0.100861 
0.645288 -0.104270 
0.637472 -0.107270 
0.629606 -0.109872 
0.621713 -0.112083 
0.613820 -0.113920 
0.605949 -0.115396 
0.598125 -0.116530 
0.590368 -0.117342 
0.582699 -0.117854 
0.575136 -0.118092 
0.567695 -0.118079 
0.560391 -0.117844 
0.553237 -0.117417 
0.546242 -0.116826 
0.539416 -0.116102 
0.532765 -0.115279 
0.526294 -0.114387 
0.520007 -0.113461 
0.513908 -0.112533 
0.507998 -0.111636 
0.502280 -0.110802 
0.496756 -0.110066 
0.491428 -0.109457 
0.486299 -0.109008 
0.481374 -0.108746 
0.476656 -0.108701 
0.472154 -0.108899 
0.467876 -0.109364 
0.463834 -0.110118 
0.460039 -0.111180 
0.456507 -0.112568 
0.453255 -0.114293 
0.450303 -0.116365 
0.447672 -0.118792 
0.445386 -0.121573 
0.443470 -0.124706 
0.441951 -0.128185 
0.440855 -0.131998 
0.440212 -0.136129 
0.440050 -0.140556 
0.440397 -0.145254 
0.441281 -0.150194 
0.442730 -0.155341 
0.444767 -0.160659 
0.447417 -0.166105 
0.450699 -0.171637 
0.454631 -0.177209 
0.459227 -0.182772 
0.464496 -0.188278 
0.470443 -0.193677 
0.477068 -0.198921 
0.484366 -0.203961 
0.492325 -0.208750 
0.500929 -0.213241 
0.510154 -0.217391 
0.519970 -0.221158 
0.530342 -0.224503 
0.541227 -0.227390 
0.552578 -0.229785 
0.564343 -0.231657 
0.576464 -0.232978 
0.588879 -0.233721 
0.601526 -0.233863 
0.614337 -0.233383 
0.627246 -0.232263 
0.640184 -0.230484 
0.653087 -0.228031 
0.665888 -0.224892 
0.678528 -0.221053 
0.690946 -0.216506 
0.703090 -0.211242 
0.714911 -0.205254 
0.726362 -0.198538 
