0.807119 -0.075338 
0.809930 -0.061754 
0.812262 -0.048007 
0.814373 -0.032990 
0.815723 -0.019866 
0.816840 -0.005633 
0.817493 0.008577 
0.817808 0.023980 
0.817609 0.037204 
0.817065 0.051446 
0.816070 0.065472 
0.814603 0.080556 
0.812873 0.093302 
0.810670 0.106936 
0.808030 0.120163 
0.804768 0.134285 
0.801494 0.146055 
0.797604 0.158568 
0.793298 0.170525 
0.788202 0.183212 
0.783341 0.193674 
0.777699 0.204742 
0.771701 0.215111 
0.764735 0.226050 
0.758238 0.235005 
0.750785 0.244432 
0.743077 0.253084 
0.734223 0.262160 
0.726065 0.269533 
0.716779 0.277253 
0.707383 0.284183 
0.696680 0.291404 
0.686911 0.297200 
0.675865 0.303227 
0.664876 0.308510 
0.652460 0.313959 
0.641238 0.318240 
0.628636 0.322639 
0.616063 0.326465 
0.602429 0.330154 
0.589839 0.333078 
0.576240 0.335864 
0.562644 0.338214 
0.548060 0.340356 
0.534712 0.341910 
0.520459 0.343254 
0.506358 0.344205 
0.491377 0.344885 
0.477813 0.345131 
0.463470 0.345098 
0.449456 0.344707 
0.434700 0.343974 
0.421491 0.342949 
0.407643 0.341574 
0.394262 0.339869 
0.380286 0.337743 
0.367926 0.335462 
0.355063 0.332752 
0.342753 0.329733 
0.329983 0.326204 
0.318820 0.322656 
0.307274 0.318591 
0.296331 0.314238 
0.285045 0.309274 
0.275282 0.304433 
0.265236 0.298979 
0.255800 0.293260 
0.246115 0.286824 
0.237826 0.280664 
0.229335 0.273792 
0.221423 0.266679 
0.213338 0.258739 
0.206496 0.251248 
0.199520 0.242951 
0.193074 0.234445 
0.186519 0.225013 
0.181040 0.216218 
0.175483 0.206537 
0.170404 0.196699 
0.165272 0.185858 
0.161049 0.175859 
0.156797 0.164918 
0.152967 0.153889 
0.149134 0.141810 
0.146052 0.130795 
0.142985 0.118816 
0.140289 0.106838 
0.137637 0.093805 
0.135588 0.082056 
0.133596 0.069363 
0.131930 0.056774 
0.130355 0.043171 
0.129243 0.031049 
0.128233 0.018048 
0.127508 0.005250 
0.126921 -0.008484 
0.126669 -0.020579 
0.126560 -0.033466 
0.126707 -0.046057 
0.127038 -0.059469 
0.127586 -0.071157 
0.128318 -0.083525 
0.129282 -0.095536 
0.130478 -0.108245 
0.131779 -0.119214 
0.133303 -0.130744 
0.135046 -0.141882 
0.137067 -0.153598 
0.139086 -0.163620 
0.141368 -0.174101 
0.143861 -0.184184 
0.146676 -0.194732 
0.149387 -0.203688 
0.152398 -0.213006 
0.155617 -0.221945 
0.159201 -0.231258 
0.166294 -0.247246 
0.170218 -0.255036 
0.174543 -0.263119 
0.182953 -0.276887 
0.192589 -0.290497 
0.202244 -0.302198 
0.213185 -0.313719 
0.223990 -0.323543 
0.236120 -0.333185 
0.247946 -0.341341 
0.261113 -0.349319 
0.273794 -0.356011 
0.287803 -0.362534 
0.301136 -0.367955 
0.315754 -0.373218 
0.329507 -0.377545 
0.344471 -0.381725 
0.358390 -0.385117 
0.373422 -0.388370 
0.387248 -0.390969 
0.402071 -0.393438 
0.415553 -0.395369 
0.429906 -0.397179 
0.442819 -0.398553 
0.456473 -0.399817 
0.468622 -0.400732 
0.481389 -0.401549 
0.492613 -0.402092 
0.504354 -0.402553 
0.525153 -0.402989 
0.543642 -0.402996 
0.559742 -0.402700 
0.573420 -0.402212 
0.584679 -0.401626 
0.593540 -0.401022 
0.600037 -0.400463 
0.604204 -0.399997 
0.606073 -0.399656 
0.605667 -0.399453 
0.603003 -0.399386 
0.598088 -0.399436 
0.590923 -0.399569 
0.581510 -0.399733 
0.569853 -0.399865 
0.555969 -0.399886 
0.539897 -0.399703 
0.521706 -0.399213 
0.501508 -0.398299 
0.479466 -0.396831 
0.455801 -0.394668 
0.430797 -0.391653 
0.404794 -0.387616 
0.378185 -0.382368 
0.351392 -0.375704 
0.337673 -0.371631 
0.324854 -0.367396 
0.311463 -0.362395 
0.298998 -0.357198 
0.286133 -0.351132 
0.274224 -0.344842 
0.262070 -0.337571 
0.250885 -0.330043 
0.239592 -0.321412 
0.229276 -0.312507 
0.218972 -0.302364 
0.209636 -0.291936 
0.200420 -0.280141 
0.192147 -0.268058 
0.184093 -0.254489 
0.176947 -0.240646 
0.170106 -0.225217 
0.164138 -0.209565 
0.158552 -0.192256 
0.153801 -0.174813 
0.149510 -0.155698 
0.146014 -0.136583 
0.143057 -0.115842 
0.140862 -0.095302 
0.139289 -0.073262 
0.138448 -0.051657 
0.138324 -0.028758 
0.138909 -0.006580 
0.139550 0.005308 
0.140315 0.016629 
0.142414 0.038820 
0.143886 0.050591 
0.145455 0.061735 
0.147279 0.072848 
0.149178 0.083360 
0.151541 0.094710 
0.153978 0.105390 
0.156691 0.115965 
0.159454 0.125908 
0.162782 0.136565 
0.166156 0.146533 
0.169832 0.156334 
0.173529 0.165496 
0.177901 0.175243 
0.182290 0.184309 
0.187006 0.193159 
0.191712 0.201385 
0.197212 0.210078 
0.202695 0.218115 
0.208527 0.225897 
0.214304 0.233085 
0.221003 0.240627 
0.227644 0.247557 
0.241561 0.260323 
0.249521 0.266679 
0.257365 0.272473 
0.273636 0.282992 
0.282876 0.288152 
0.291920 0.292807 
0.310498 0.301089 
0.331154 0.308585 
0.351851 0.314657 
0.374622 0.319858 
0.397054 0.323737 
0.421447 0.326642 
0.445083 0.328334 
0.470483 0.328916 
0.494571 0.328392 
0.520151 0.326587 
0.543921 0.323788 
0.568825 0.319498 
0.591503 0.314335 
0.603742 0.310887 
0.614911 0.307440 
0.635845 0.299793 
0.646998 0.294939 
0.657107 0.290160 
0.666888 0.284979 
0.675785 0.279908 
0.685599 0.273583 
0.694438 0.267413 
0.702888 0.260846 
0.710528 0.254460 
0.718852 0.246623 
0.726295 0.239026 
0.733315 0.231053 
0.739618 0.223337 
0.746374 0.214001 
0.752360 0.204997 
0.757918 0.195645 
0.762857 0.186638 
0.768030 0.175877 
0.772546 0.165554 
0.776634 0.154947 
0.780202 0.144782 
0.783794 0.132792 
0.786843 0.121349 
0.789471 0.109707 
0.791675 0.098612 
0.793699 0.085699 
0.795284 0.073454 
0.796456 0.061119 
0.797292 0.049434 
0.797750 0.036020 
0.797865 0.023386 
0.797571 0.010802 
0.797023 -0.001037 
0.795902 -0.014441 
0.794526 -0.026969 
0.792740 -0.039320 
0.790777 -0.050853 
0.788049 -0.063725 
0.785144 -0.075664 
0.781831 -0.087304 
0.778417 -0.098086 
0.774046 -0.109948 
0.769579 -0.120864 
0.764687 -0.131409 
0.759797 -0.141073 
0.753753 -0.151561 
0.747700 -0.161129 
0.734835 -0.178569 
0.727115 -0.187441 
0.719500 -0.195441 
0.703605 -0.209782 
0.694190 -0.216931 
0.685174 -0.223226 
0.666460 -0.234296 
0.655599 -0.239612 
0.645274 -0.244212 
0.624150 -0.251957 
0.612132 -0.255432 
0.600779 -0.258332 
0.577902 -0.262747 
0.565144 -0.264395 
0.553167 -0.265602 
0.540914 -0.266317 
0.529414 -0.266697 
0.516433 -0.266536 
0.504328 -0.266055 
0.492108 -0.265062 
0.480710 -0.263838 
0.468074 -0.261883 
0.456362 -0.259717 
0.444705 -0.257026 
0.433901 -0.254197 
0.422138 -0.250467 
0.411310 -0.246624 
0.400686 -0.242253 
0.390903 -0.237832 
0.380446 -0.232361 
0.370886 -0.226870 
0.361656 -0.220863 
0.353221 -0.214900 
0.344373 -0.207761 
0.336353 -0.200696 
0.321865 -0.185752 
0.314797 -0.177062 
0.308472 -0.168579 
0.297394 -0.151032 
0.287619 -0.131335 
0.280022 -0.111758 
0.273893 -0.090199 
0.269741 -0.069349 
0.267219 -0.046844 
0.266419 -0.025555 
0.267400 -0.003107 
0.269843 0.017712 
0.274184 0.039119 
0.279732 0.058600 
0.287242 0.078112 
0.295705 0.095534 
0.306126 0.112505 
0.317239 0.127355 
0.330222 0.141377 
0.343615 0.153347 
0.358708 0.164225 
0.373894 0.173192 
0.390562 0.180900 
0.406921 0.186872 
0.424522 0.191487 
0.441383 0.194586 
0.459162 0.196263 
0.475905 0.196677 
0.493152 0.195644 
0.509182 0.193594 
0.525294 0.190126 
0.540092 0.185871 
0.554615 0.180276 
0.567786 0.174119 
0.580441 0.166708 
0.591719 0.159021 
0.602309 0.150205 
0.611633 0.141315 
0.620127 0.131507 
0.627519 0.121772 
0.633998 0.111362 
0.639559 0.101165 
0.648071 0.080226 
0.653464 0.059609 
0.656200 0.039863 
0.656767 0.021409 
0.655656 0.004543 
0.653347 -0.010561 
0.650290 -0.023831 
0.646900 -0.035271 
0.643549 -0.044938 
0.640560 -0.052912 
0.638204 -0.059283 
0.636701 -0.064123 
0.636216 -0.067476 
0.636857 -0.069347 
0.638676 -0.069695 
0.641659 -0.068430 
0.645728 -0.065420 
0.650727 -0.060493 
0.656426 -0.053457 
0.662513 -0.044116 
0.668599 -0.032294 
0.674221 -0.017872 
0.678855 -0.000819 
0.681931 0.018768 
0.682847 0.040634 
0.680990 0.064339 
0.675761 0.089260 
0.671658 0.101779 
0.666593 0.114609 
0.660383 0.126939 
0.652990 0.139473 
0.644453 0.151227 
0.634569 0.162881 
0.623613 0.173510 
0.611120 0.183859 
0.597751 0.192911 
0.582688 0.201493 
0.567012 0.208594 
0.549648 0.214959 
0.531945 0.219770 
0.512775 0.223539 
0.493655 0.225717 
0.473247 0.226616 
0.453435 0.225904 
0.432579 0.223659 
0.412886 0.219844 
0.392475 0.214216 
0.373701 0.207111 
0.354635 0.197919 
0.337462 0.187351 
0.320579 0.174543 
0.305709 0.160493 
0.291533 0.144095 
0.279481 0.126727 
0.273933 0.117287 
0.268398 0.106953 
0.263923 0.097229 
0.259489 0.086647 
0.255585 0.075809 
0.251789 0.064003 
0.248943 0.053165 
0.246230 0.041423 
0.244061 0.029571 
0.242110 0.016722 
0.240949 0.005204 
0.240031 -0.007214 
0.239660 -0.019569 
0.239641 -0.032883 
0.240207 -0.044551 
0.241143 -0.057068 
0.242623 -0.069354 
0.244610 -0.082492 
0.246941 -0.093776 
0.249790 -0.105814 
0.253181 -0.117561 
0.257231 -0.129797 
0.261385 -0.140324 
0.266197 -0.151280 
0.271540 -0.161873 
0.277690 -0.172812 
0.283718 -0.182124 
0.290547 -0.191722 
0.297830 -0.200778 
0.306068 -0.210060 
0.313954 -0.217859 
0.322785 -0.225834 
0.331943 -0.233160 
0.342198 -0.240604 
0.351824 -0.246720 
0.362522 -0.252908 
0.373393 -0.258426 
0.385475 -0.263951 
0.396600 -0.268321 
0.408877 -0.272655 
0.421147 -0.276343 
0.434686 -0.279918 
0.446913 -0.282534 
0.460317 -0.284999 
0.473502 -0.286860 
0.487944 -0.288475 
0.500735 -0.289352 
0.514664 -0.289947 
0.528159 -0.289991 
0.542826 -0.289639 
0.555566 -0.288785 
0.569344 -0.287504 
0.582522 -0.285726 
0.596711 -0.283384 
0.608811 -0.280795 
0.621806 -0.277616 
0.634248 -0.273963 
0.647189 -0.269617 
0.658300 -0.265241 
0.669875 -0.260160 
0.680969 -0.254595 
0.692385 -0.248197 
0.702058 -0.242009 
0.712000 -0.234997 
0.721447 -0.227497 
0.731087 -0.219016 
0.739107 -0.211027 
0.747278 -0.202087 
0.754940 -0.192679 
0.762685 -0.182152 
0.768986 -0.172438 
0.775339 -0.161663 
0.781185 -0.150474 
0.787015 -0.138059 
0.791611 -0.126813 
0.796167 -0.114435 
0.800229 -0.101742 
0.804176 -0.087769 
