0.654379 -0.259495 
0.662456 -0.257647 
0.670306 -0.255424 
0.678197 -0.253142 
0.685831 -0.250487 
0.693498 -0.247767 
0.700882 -0.244679 
0.708291 -0.241514 
0.715398 -0.237992 
0.722519 -0.234381 
0.729326 -0.230432 
0.736133 -0.226365 
0.742621 -0.221989 
0.749092 -0.217467 
0.755246 -0.212666 
0.761365 -0.207692 
0.767172 -0.202465 
0.772931 -0.197047 
0.778379 -0.191399 
0.783773 -0.185548 
0.788859 -0.179487 
0.793884 -0.173212 
0.798604 -0.166749 
0.803261 -0.160066 
0.807618 -0.153219 
0.811909 -0.146144 
0.815905 -0.138932 
0.819836 -0.131489 
0.823476 -0.123932 
0.827053 -0.116149 
0.830346 -0.108280 
0.833577 -0.100185 
0.836532 -0.092037 
0.839425 -0.083665 
0.842051 -0.075273 
0.844619 -0.066665 
0.846926 -0.058070 
0.849179 -0.049270 
0.851182 -0.040519 
0.853131 -0.031570 
0.854839 -0.022708 
0.856497 -0.013660 
0.857924 -0.004736 
0.859304 0.004360 
0.860462 0.013298 
0.861576 0.022392 
0.862478 0.031295 
0.863341 0.040335 
0.864000 0.049153 
0.864623 0.058093 
0.865052 0.066783 
0.865449 0.075574 
0.865661 0.084090 
0.865845 0.092694 
0.865853 0.100999 
0.865837 0.109375 
0.865655 0.117434 
0.865452 0.125547 
0.865092 0.133330 
0.864716 0.141152 
0.864190 0.148636 
0.863654 0.156140 
0.862976 0.163301 
0.862294 0.170471 
0.860661 0.184115 
0.858782 0.197050 
0.856683 0.209263 
0.854390 0.220747 
0.851931 0.231504 
0.849331 0.241537 
0.846617 0.250858 
0.843815 0.259481 
0.840950 0.267422 
0.838048 0.274699 
0.835134 0.281334 
0.832231 0.287346 
0.829363 0.292758 
0.826551 0.297590 
0.823817 0.301864 
0.821180 0.305600 
0.818658 0.308818 
0.816267 0.311535 
0.814021 0.313770 
0.811934 0.315538 
0.810016 0.316854 
0.808276 0.317733 
0.806720 0.318185 
0.805354 0.318224 
0.804180 0.317858 
0.803198 0.317097 
0.802408 0.315948 
0.801806 0.314418 
0.801388 0.312514 
0.801146 0.310240 
0.801073 0.307601 
0.801160 0.304601 
0.801395 0.301243 
0.801766 0.297529 
0.802262 0.293464 
0.802869 0.289047 
0.803571 0.284283 
0.804355 0.279173 
0.805205 0.273719 
0.806106 0.267924 
0.807042 0.261790 
0.807997 0.255321 
0.808957 0.248519 
0.809906 0.241389 
0.810828 0.233936 
0.811709 0.226165 
0.812533 0.218081 
0.813287 0.209692 
0.813956 0.201006 
0.814526 0.192031 
0.814985 0.182778 
0.815318 0.173257 
0.815512 0.163480 
0.815555 0.153462 
0.815433 0.143216 
0.815134 0.132758 
0.814646 0.122106 
0.813956 0.111278 
0.813051 0.100294 
0.811918 0.089177 
0.810545 0.077949 
0.808919 0.066634 
0.807027 0.055258 
0.804857 0.043849 
0.802395 0.032434 
0.799629 0.021044 
0.796546 0.009709 
0.793135 -0.001540 
0.789382 -0.012670 
0.785278 -0.023648 
0.780812 -0.034441 
0.775973 -0.045016 
0.770755 -0.055339 
0.765150 -0.065379 
0.759154 -0.075104 
0.752764 -0.084481 
0.745979 -0.093481 
0.738801 -0.102077 
0.731237 -0.110241 
0.723293 -0.117947 
0.714984 -0.125174 
0.706323 -0.131901 
0.697330 -0.138109 
0.688030 -0.143782 
0.678449 -0.148907 
0.668618 -0.153474 
0.658571 -0.157475 
0.648348 -0.160904 
0.637987 -0.163760 
0.627533 -0.166043 
0.617030 -0.167757 
0.606523 -0.168910 
0.596059 -0.169510 
0.585683 -0.169570 
0.575439 -0.169106 
0.565371 -0.168136 
0.555516 -0.166682 
0.545912 -0.164766 
0.536590 -0.162417 
0.527579 -0.159662 
0.518901 -0.156532 
0.510575 -0.153061 
0.502613 -0.149282 
0.495023 -0.145232 
0.487808 -0.140948 
0.480966 -0.136467 
0.474489 -0.131828 
0.468368 -0.127069 
0.462585 -0.122229 
0.457124 -0.117348 
0.451964 -0.112462 
0.447079 -0.107609 
0.442446 -0.102828 
0.438037 -0.098153 
0.433826 -0.093621 
0.429784 -0.089266 
0.425886 -0.085124 
0.422107 -0.081227 
0.418422 -0.077609 
0.414810 -0.074303 
0.411253 -0.071340 
0.407736 -0.068752 
0.404248 -0.066569 
0.400781 -0.064821 
0.397333 -0.063538 
0.393908 -0.062746 
0.390511 -0.062472 
0.387156 -0.062740 
0.383861 -0.063570 
0.380649 -0.064983 
0.377547 -0.066992 
0.374587 -0.069609 
0.371808 -0.072840 
0.369249 -0.076687 
0.366953 -0.081143 
0.364969 -0.086199 
0.363343 -0.091836 
0.362127 -0.098028 
0.361372 -0.104745 
0.361128 -0.111947 
0.361446 -0.119587 
0.362374 -0.127613 
0.363961 -0.135965 
0.366250 -0.144579 
0.369284 -0.153386 
0.373100 -0.162315 
0.377732 -0.171289 
0.383208 -0.180235 
0.389551 -0.189076 
0.396777 -0.197737 
0.404896 -0.206147 
0.413910 -0.214237 
0.423812 -0.221941 
0.434587 -0.229198 
0.446211 -0.235954 
0.458648 -0.242157 
0.465229 -0.244969 
0.471853 -0.247761 
0.478781 -0.250258 
0.485772 -0.252727 
0.493019 -0.254889 
0.500340 -0.257018 
0.507870 -0.258829 
0.515483 -0.260604 
0.523256 -0.262051 
0.531119 -0.263457 
0.539094 -0.264526 
0.547158 -0.265554 
0.555288 -0.266235 
0.563505 -0.266875 
0.571741 -0.267160 
0.580060 -0.267402 
0.588353 -0.267283 
0.596722 -0.267119 
0.605021 -0.266590 
0.613391 -0.266014 
0.621646 -0.265068 
0.629966 -0.264074 
0.638130 -0.262707 
0.646351 -0.261288 
