0.638682 -0.295282 
0.652720 -0.290844 
0.666160 -0.285868 
0.680307 -0.279880 
0.691885 -0.274178 
0.704032 -0.267481 
0.715489 -0.260263 
0.727452 -0.251788 
0.737049 -0.243995 
0.747046 -0.234982 
0.756324 -0.225493 
0.765926 -0.214502 
0.773472 -0.204619 
0.781262 -0.193307 
0.788335 -0.181624 
0.795566 -0.168228 
0.801104 -0.156395 
0.806739 -0.142962 
0.811689 -0.129346 
0.816639 -0.113880 
0.820273 -0.100406 
0.823859 -0.085236 
0.826795 -0.070219 
0.829569 -0.053335 
0.831396 -0.038784 
0.833017 -0.022551 
0.834053 -0.006872 
0.834757 0.010570 
0.834842 0.025445 
0.834553 0.041881 
0.833768 0.057377 
0.832465 0.074433 
0.830838 0.088817 
0.828650 0.104564 
0.826069 0.119113 
0.822769 0.134957 
0.819419 0.148160 
0.815301 0.162491 
0.810819 0.175817 
0.805556 0.189562 
0.800343 0.201393 
0.794322 0.213590 
0.787914 0.225019 
0.780586 0.236672 
0.773492 0.246621 
0.765458 0.256757 
0.757066 0.266157 
0.747606 0.275653 
0.738590 0.283670 
0.728505 0.291755 
0.718128 0.299149 
0.706553 0.306543 
0.695664 0.312694 
0.683602 0.318824 
0.671347 0.324333 
0.657803 0.329764 
0.645238 0.334173 
0.631445 0.338489 
0.617596 0.342260 
0.602434 0.345879 
0.588570 0.348690 
0.573493 0.351336 
0.558555 0.353504 
0.542360 0.355446 
0.527768 0.356780 
0.512054 0.357876 
0.496694 0.358552 
0.480208 0.358922 
0.465580 0.358869 
0.449975 0.358498 
0.434915 0.357758 
0.418902 0.356621 
0.404909 0.355237 
0.390115 0.353444 
0.376000 0.351325 
0.361122 0.348703 
0.348298 0.346007 
0.334845 0.342802 
0.322148 0.339303 
0.308862 0.335186 
0.297552 0.331170 
0.285763 0.326533 
0.274735 0.321632 
0.263263 0.315985 
0.253613 0.310622 
0.243606 0.304521 
0.234319 0.298183 
0.224706 0.290967 
0.216711 0.284234 
0.208457 0.276645 
0.200856 0.268852 
0.193024 0.260050 
0.186586 0.251950 
0.179971 0.242888 
0.173927 0.233662 
0.167731 0.223310 
0.162707 0.213904 
0.157572 0.203445 
0.152930 0.192883 
0.148206 0.181115 
0.144441 0.170545 
0.140625 0.158874 
0.137228 0.147171 
0.133809 0.134231 
0.131154 0.122735 
0.128503 0.110144 
0.126206 0.097614 
0.123945 0.083866 
0.122271 0.071794 
0.120649 0.058674 
0.119328 0.045709 
0.118096 0.031608 
0.117292 0.019362 
0.116584 0.006167 
0.116137 -0.006787 
0.115826 -0.020760 
0.115914 -0.045594 
0.116256 -0.058115 
0.116780 -0.071512 
0.118318 -0.094993 
0.120670 -0.119207 
0.123535 -0.140800 
0.127258 -0.162839 
0.131346 -0.182225 
0.136340 -0.201855 
0.141556 -0.218920 
0.147724 -0.236097 
0.153973 -0.250883 
0.161214 -0.265699 
0.168392 -0.278345 
0.176593 -0.290980 
0.184583 -0.301683 
0.193609 -0.312353 
0.202274 -0.321332 
0.211970 -0.330270 
0.221153 -0.337742 
0.231340 -0.345173 
0.240865 -0.351345 
0.251344 -0.357479 
0.261019 -0.362539 
0.271579 -0.367564 
0.281201 -0.371678 
0.291626 -0.375765 
0.300987 -0.379075 
0.311072 -0.382374 
0.329524 -0.387646 
0.346623 -0.391800 
0.362056 -0.395022 
0.375562 -0.397468 
0.386934 -0.399269 
0.396012 -0.400529 
0.402686 -0.401328 
0.406884 -0.401726 
0.408569 -0.401758 
0.407740 -0.401438 
0.404423 -0.400761 
0.398677 -0.399700 
0.390589 -0.398207 
0.380285 -0.396213 
0.367927 -0.393628 
0.353719 -0.390342 
0.337904 -0.386220 
0.320769 -0.381104 
0.302634 -0.374813 
0.283850 -0.367136 
0.264781 -0.357838 
0.245795 -0.346651 
0.227251 -0.333283 
0.209485 -0.317412 
0.192800 -0.298702 
0.184713 -0.287813 
0.177463 -0.276813 
0.170182 -0.264189 
0.163708 -0.251421 
0.157328 -0.236911 
0.151731 -0.222262 
0.146340 -0.205771 
0.141706 -0.189175 
0.137383 -0.170670 
0.133793 -0.152165 
0.130614 -0.131740 
0.128147 -0.111474 
0.126195 -0.089366 
0.124936 -0.067631 
0.124302 -0.044237 
0.124349 -0.021482 
0.125143 0.002663 
0.126613 0.025852 
0.128964 0.050095 
0.131995 0.073067 
0.136060 0.096716 
0.140816 0.118824 
0.146780 0.141243 
0.153448 0.161903 
0.161514 0.182547 
0.170307 0.201326 
0.180702 0.219817 
0.191833 0.236407 
0.198341 0.244831 
0.204782 0.252510 
0.218455 0.266748 
0.226365 0.273888 
0.234154 0.280352 
0.242418 0.286560 
0.250529 0.292178 
0.259908 0.298019 
0.269098 0.303258 
0.278781 0.308228 
0.288236 0.312678 
0.299089 0.317231 
0.309665 0.321259 
0.320729 0.325006 
0.331466 0.328304 
0.343698 0.331587 
0.355543 0.334420 
0.367837 0.336961 
0.379686 0.339120 
0.393081 0.341147 
0.405954 0.342793 
0.419192 0.344129 
0.431834 0.345150 
0.446016 0.345912 
0.459529 0.346359 
0.486327 0.346339 
0.500823 0.345805 
0.514493 0.345019 
0.541190 0.342538 
0.555453 0.340648 
0.568749 0.338570 
0.594326 0.333499 
0.620259 0.326714 
0.643827 0.318884 
0.667329 0.309068 
0.688212 0.298300 
0.708700 0.285248 
0.726525 0.271357 
0.743725 0.254856 
0.758286 0.237762 
0.772060 0.217747 
0.783356 0.197465 
0.793700 0.174051 
0.801783 0.150832 
0.805591 0.137210 
0.808732 0.124451 
0.813668 0.098817 
0.815721 0.084002 
0.817256 0.070236 
0.818353 0.056143 
0.819069 0.043061 
0.819364 0.027616 
0.819282 0.013386 
0.818741 -0.000969 
0.817938 -0.014189 
0.816445 -0.029581 
0.814702 -0.043634 
0.812481 -0.057602 
0.810107 -0.070359 
0.806768 -0.084988 
0.803298 -0.098222 
0.799325 -0.111205 
0.795305 -0.122963 
0.790036 -0.136238 
0.784752 -0.148138 
0.778952 -0.159646 
0.773209 -0.169981 
0.765938 -0.181459 
0.758769 -0.191659 
0.751074 -0.201388 
0.743548 -0.210045 
0.734237 -0.219484 
0.725157 -0.227782 
0.715561 -0.235569 
0.706257 -0.242421 
0.694953 -0.249720 
0.684023 -0.256041 
0.672635 -0.261832 
0.661681 -0.266833 
0.648586 -0.271977 
0.636036 -0.276306 
0.623113 -0.280106 
0.610792 -0.283261 
0.596299 -0.286270 
0.582537 -0.288620 
0.568546 -0.290442 
0.555343 -0.291754 
0.540061 -0.292643 
0.525701 -0.293016 
0.511251 -0.292852 
0.497823 -0.292316 
0.482500 -0.291077 
0.468272 -0.289455 
0.441159 -0.284861 
0.426574 -0.281454 
0.413235 -0.277808 
0.388234 -0.269226 
0.374971 -0.263535 
0.363232 -0.257899 
0.341417 -0.245260 
0.330135 -0.237333 
0.320265 -0.229643 
0.302316 -0.212969 
0.293310 -0.202871 
0.285533 -0.193193 
0.271806 -0.172716 
0.265196 -0.160652 
0.259607 -0.149194 
0.254504 -0.137001 
0.250220 -0.125458 
0.246027 -0.111821 
0.242643 -0.098979 
0.239805 -0.085541 
0.237603 -0.072919 
0.235801 -0.058318 
0.234613 -0.044684 
0.234020 -0.030658 
0.233894 -0.017599 
0.234453 -0.002802 
0.235450 0.010884 
0.237085 0.024723 
0.239033 0.037489 
0.241928 0.051660 
0.245107 0.064638 
0.248951 0.077529 
0.252962 0.089291 
0.258165 0.102100 
0.263502 0.113704 
0.275545 0.135223 
0.283013 0.146144 
0.290425 0.155882 
0.306428 0.173470 
0.325348 0.189770 
0.344844 0.203014 
0.367222 0.214673 
0.389448 0.223456 
0.414278 0.230396 
0.438231 0.234783 
0.464212 0.237079 
0.488630 0.237180 
0.514305 0.234980 
0.537836 0.230937 
0.561799 0.224443 
0.583221 0.216451 
0.604327 0.205942 
0.622711 0.194288 
0.640187 0.180161 
0.654953 0.165286 
0.668397 0.148108 
0.679283 0.130641 
0.688594 0.111138 
0.695567 0.091941 
0.700818 0.071040 
0.704028 0.051101 
0.705410 0.029925 
0.705109 0.010184 
0.702926 -0.010194 
0.699409 -0.028838 
0.694034 -0.047525 
0.687657 -0.064320 
0.679518 -0.080673 
0.670713 -0.095094 
0.660260 -0.108766 
0.649570 -0.120501 
0.637415 -0.131292 
0.625336 -0.140340 
0.612102 -0.148291 
0.599182 -0.154763 
0.585455 -0.160071 
0.572270 -0.164172 
0.545673 -0.169126 
0.520296 -0.170282 
0.496825 -0.168341 
0.475713 -0.164019 
0.457187 -0.158019 
0.441290 -0.151005 
0.427924 -0.143587 
0.416897 -0.136307 
0.407973 -0.129631 
0.400908 -0.123948 
0.395480 -0.119572 
0.391516 -0.116744 
0.388905 -0.115640 
0.387614 -0.116370 
0.387694 -0.118974 
0.389280 -0.123422 
0.392588 -0.129600 
0.397901 -0.137299 
0.405554 -0.146205 
0.415904 -0.155888 
0.429292 -0.165806 
0.445993 -0.175312 
0.466160 -0.183669 
0.489753 -0.190078 
0.516476 -0.193705 
0.545735 -0.193708 
0.576622 -0.189271 
0.592045 -0.185146 
0.607959 -0.179633 
0.623033 -0.172732 
0.638388 -0.164134 
0.652536 -0.154158 
0.666488 -0.142285 
0.678934 -0.129147 
0.690892 -0.113880 
0.701028 -0.097650 
0.710380 -0.079128 
0.717729 -0.060061 
0.723917 -0.038805 
0.728063 -0.017439 
0.730645 0.005667 
0.731193 0.028295 
0.729851 0.052269 
0.726515 0.074995 
0.720934 0.098600 
0.713484 0.120233 
0.703409 0.142213 
0.691666 0.161700 
0.676972 0.180941 
0.660821 0.197494 
0.641669 0.213099 
0.621361 0.226014 
0.598133 0.237524 
0.574321 0.246364 
0.561679 0.250047 
0.547823 0.253482 
0.535261 0.255889 
0.521572 0.258012 
0.507938 0.259474 
0.493108 0.260520 
0.480025 0.260781 
0.465871 0.260592 
0.452020 0.259763 
0.437068 0.258316 
0.424232 0.256386 
0.410441 0.253810 
0.397190 0.250623 
0.383002 0.246584 
0.371139 0.242421 
0.358480 0.237382 
0.346522 0.231775 
0.333855 0.225061 
0.323517 0.218628 
0.312572 0.211073 
0.302307 0.202943 
0.291827 0.193616 
0.283253 0.184830 
0.274500 0.174860 
0.266402 0.164349 
0.258276 0.152485 
0.251766 0.141505 
0.245267 0.129222 
0.239503 0.116640 
0.233864 0.102604 
0.229535 0.089807 
0.225372 0.075636 
0.221951 0.061501 
0.218815 0.045891 
0.216694 0.031918 
0.214900 0.016589 
0.213795 0.001638 
0.213157 -0.014717 
0.213234 -0.029043 
0.213823 -0.044614 
0.215025 -0.059501 
0.216904 -0.075627 
0.219182 -0.089440 
0.222184 -0.104323 
0.225711 -0.118282 
0.230161 -0.133266 
0.234663 -0.145817 
0.240130 -0.159231 
0.246024 -0.171589 
0.253113 -0.184732 
0.259867 -0.195496 
0.267846 -0.206909 
0.276147 -0.217254 
0.285908 -0.228127 
0.294903 -0.236827 
0.305374 -0.245963 
0.316195 -0.254232 
0.328395 -0.262511 
0.339656 -0.269164 
0.352297 -0.275833 
0.365316 -0.281812 
0.379778 -0.287638 
0.392904 -0.292148 
0.407383 -0.296493 
0.422119 -0.300210 
0.438292 -0.303637 
0.452675 -0.306046 
0.468347 -0.308154 
0.484064 -0.309671 
0.501114 -0.310753 
0.515957 -0.311124 
0.531952 -0.311051 
0.547746 -0.310412 
0.564688 -0.309174 
0.579128 -0.307539 
0.594531 -0.305300 
0.609505 -0.302510 
0.625407 -0.298930 
