0.219196 -0.186290 
0.226781 -0.200696 
0.235021 -0.214141 
0.244909 -0.228141 
0.253991 -0.239194 
0.264689 -0.250668 
0.275973 -0.261160 
0.289261 -0.271938 
0.301114 -0.280215 
0.314884 -0.288686 
0.329089 -0.296226 
0.345585 -0.303812 
0.359957 -0.309419 
0.376450 -0.315006 
0.393081 -0.319735 
0.412132 -0.324280 
0.428371 -0.327379 
0.446774 -0.330242 
0.464888 -0.332338 
0.485338 -0.334005 
0.502437 -0.334739 
0.521566 -0.334997 
0.539838 -0.334586 
0.560164 -0.333475 
0.576894 -0.331905 
0.595369 -0.329582 
0.612498 -0.326721 
0.631292 -0.322851 
0.646548 -0.318952 
0.663201 -0.313980 
0.678216 -0.308637 
0.694493 -0.301936 
0.707531 -0.295620 
0.721619 -0.287873 
0.734031 -0.279950 
0.747330 -0.270294 
0.757828 -0.261459 
0.769060 -0.250815 
0.779030 -0.239941 
0.789012 -0.227529 
0.797192 -0.215836 
0.805374 -0.202583 
0.812669 -0.188999 
0.819818 -0.173757 
0.825551 -0.159580 
0.831129 -0.143783 
0.835947 -0.127835 
0.840500 -0.110198 
0.843976 -0.094048 
0.847174 -0.076328 
0.849715 -0.058762 
0.851878 -0.039626 
0.853263 -0.022408 
0.854253 -0.003800 
0.854676 0.014316 
0.854596 0.033752 
0.854005 0.050905 
0.852889 0.069175 
0.851278 0.086662 
0.849014 0.105162 
0.846490 0.121183 
0.843286 0.138031 
0.839646 0.153889 
0.835176 0.170464 
0.830691 0.184578 
0.825348 0.199263 
0.819618 0.212881 
0.812853 0.226975 
0.806334 0.238788 
0.798757 0.250972 
0.790844 0.262131 
0.781669 0.273581 
0.773034 0.283030 
0.763135 0.292696 
0.752966 0.301440 
0.741315 0.310333 
0.730540 0.317551 
0.718312 0.324867 
0.705929 0.331380 
0.691882 0.337927 
0.679099 0.343126 
0.664733 0.348321 
0.650372 0.352840 
0.634247 0.357289 
0.619818 0.360696 
0.603766 0.364004 
0.587939 0.366749 
0.570365 0.369324 
0.554910 0.371136 
0.537908 0.372755 
0.521379 0.373908 
0.503240 0.374787 
0.487571 0.375156 
0.470533 0.375235 
0.454185 0.374925 
0.436449 0.374231 
0.421393 0.373261 
0.405191 0.371897 
0.389840 0.370205 
0.373362 0.368008 
0.359590 0.365758 
0.344906 0.363001 
0.331133 0.359963 
0.316480 0.356289 
0.304394 0.352779 
0.291613 0.348645 
0.279724 0.344266 
0.267164 0.339114 
0.256926 0.334345 
0.246163 0.328830 
0.236213 0.323099 
0.225766 0.316456 
0.217336 0.310424 
0.208522 0.303529 
0.200415 0.296444 
0.191943 0.288313 
0.178132 0.272787 
0.171685 0.264378 
0.164982 0.254811 
0.154196 0.236833 
0.144035 0.216311 
0.135851 0.196169 
0.128258 0.173500 
0.122291 0.151664 
0.116883 0.127428 
0.112794 0.104524 
0.109243 0.079460 
0.106742 0.056218 
0.104769 0.031133 
0.103613 0.008297 
0.102979 -0.016037 
0.102960 -0.037812 
0.103463 -0.060748 
0.104402 -0.080954 
0.105862 -0.102037 
0.107599 -0.120355 
0.109854 -0.139321 
0.112241 -0.155600 
0.115139 -0.172357 
0.118037 -0.186584 
0.121429 -0.201170 
0.124700 -0.213426 
0.128440 -0.225964 
0.131942 -0.236371 
0.135889 -0.247043 
0.143495 -0.264754 
0.150982 -0.279449 
0.158084 -0.291456 
0.164552 -0.301066 
0.170165 -0.308528 
0.174730 -0.314043 
0.178096 -0.317768 
0.180154 -0.319813 
0.180842 -0.320244 
0.180147 -0.319082 
0.178105 -0.316310 
0.174797 -0.311864 
0.170348 -0.305642 
0.164923 -0.297499 
0.158718 -0.287249 
0.151956 -0.274671 
0.144880 -0.259510 
0.137742 -0.241484 
0.130802 -0.220307 
0.124320 -0.195707 
0.118554 -0.167464 
0.113763 -0.135460 
0.110206 -0.099736 
0.108148 -0.060560 
0.107872 -0.018472 
0.108538 0.004172 
0.109686 0.025694 
0.111558 0.048930 
0.113937 0.070850 
0.117209 0.094072 
0.121019 0.115747 
0.125912 0.138298 
0.131387 0.159115 
0.138163 0.180403 
0.145565 0.199802 
0.154514 0.219323 
0.164138 0.236888 
0.175577 0.254280 
0.187741 0.269727 
0.201996 0.284767 
0.217011 0.297938 
0.234388 0.310525 
0.252507 0.321348 
0.273216 0.331450 
0.294569 0.339913 
0.318636 0.347536 
0.343131 0.353646 
0.370306 0.358800 
0.397508 0.362548 
0.427131 0.365208 
0.456246 0.366549 
0.487289 0.366642 
0.517148 0.365473 
0.533271 0.364286 
0.548277 0.362858 
0.577546 0.359010 
0.593070 0.356330 
0.607365 0.353473 
0.621656 0.350151 
0.634770 0.346708 
0.649053 0.342394 
0.662069 0.337967 
0.674929 0.333006 
0.686615 0.327988 
0.699194 0.321871 
0.710545 0.315709 
0.721634 0.308938 
0.731610 0.302188 
0.742227 0.294090 
0.751712 0.286029 
0.760871 0.277286 
0.769024 0.268658 
0.777597 0.258420 
0.785164 0.248329 
0.792364 0.237503 
0.798680 0.226936 
0.805218 0.214507 
0.810892 0.202366 
0.820716 0.177008 
0.825284 0.162475 
0.829122 0.148444 
0.835362 0.119630 
0.838010 0.103347 
0.840056 0.087846 
0.842780 0.056599 
0.843777 0.022935 
0.842965 -0.009231 
0.840168 -0.043044 
0.835699 -0.074335 
0.828905 -0.106412 
0.820556 -0.135222 
0.809444 -0.164072 
0.796958 -0.189127 
0.781197 -0.213683 
0.764299 -0.234349 
0.743614 -0.254108 
0.722165 -0.270161 
0.708974 -0.278250 
0.696538 -0.284990 
0.670673 -0.296484 
0.655074 -0.302008 
0.640514 -0.306461 
0.625161 -0.310394 
0.610891 -0.313513 
0.593398 -0.316536 
0.577250 -0.318745 
0.560535 -0.320388 
0.545163 -0.321436 
0.526653 -0.321985 
0.509778 -0.321950 
0.492645 -0.321305 
0.477074 -0.320260 
0.458695 -0.318302 
0.442161 -0.315966 
0.425673 -0.312968 
0.410873 -0.309747 
0.393758 -0.305184 
0.378567 -0.300432 
0.363706 -0.294968 
0.350531 -0.289450 
0.335603 -0.282154 
0.322525 -0.274853 
0.309958 -0.266793 
0.298954 -0.258851 
0.286762 -0.248711 
0.276233 -0.238763 
0.266310 -0.228035 
0.257751 -0.217617 
0.248514 -0.204631 
0.240691 -0.192065 
0.233525 -0.178767 
0.227489 -0.166011 
0.221237 -0.150435 
0.216135 -0.135555 
0.211703 -0.120060 
0.208173 -0.105387 
0.204854 -0.087832 
0.202439 -0.071290 
0.200710 -0.054359 
0.199667 -0.038567 
0.199250 -0.020059 
0.199516 -0.002892 
0.200502 0.014431 
0.201962 0.030240 
0.204474 0.048433 
0.207466 0.065014 
0.215263 0.096203 
0.220792 0.112845 
0.226579 0.127694 
0.239911 0.154984 
0.248669 0.169274 
0.257192 0.181465 
0.276151 0.203576 
0.288023 0.214745 
0.299338 0.224089 
0.323720 0.240438 
0.338459 0.248284 
0.352304 0.254653 
0.381321 0.265080 
0.398310 0.269594 
0.414057 0.272983 
0.430762 0.275675 
0.446161 0.277510 
0.464357 0.278740 
0.480988 0.279163 
0.498239 0.278780 
0.513930 0.277816 
0.531979 0.275786 
0.548241 0.273233 
0.564720 0.269772 
0.579497 0.265977 
0.596044 0.260687 
0.610728 0.255126 
0.625263 0.248576 
0.638102 0.241926 
0.652098 0.233388 
0.664316 0.224827 
0.676105 0.215237 
0.686327 0.205804 
0.697156 0.194149 
0.706405 0.182746 
0.722342 0.158399 
0.729775 0.143961 
0.735858 0.130172 
0.745518 0.101643 
0.752416 0.069755 
0.755854 0.038922 
0.756197 0.005615 
0.753554 -0.025136 
0.747447 -0.057158 
0.738873 -0.085531 
0.726506 -0.113869 
0.712215 -0.138000 
0.693964 -0.160999 
0.674421 -0.179728 
0.651035 -0.196547 
0.627135 -0.209376 
0.599892 -0.219783 
0.573074 -0.226649 
0.543794 -0.230757 
0.515981 -0.231814 
0.486826 -0.229889 
0.460106 -0.225413 
0.433125 -0.217791 
0.409391 -0.208189 
0.386239 -0.195328 
0.366766 -0.181194 
0.348537 -0.163850 
0.333887 -0.145944 
0.320996 -0.125171 
0.311300 -0.104537 
0.303684 -0.081649 
0.298788 -0.059604 
0.296124 -0.036070 
0.295683 -0.014057 
0.297525 0.008753 
0.301045 0.029322 
0.306817 0.050049 
0.313742 0.068289 
0.322760 0.086051 
0.332468 0.101373 
0.344008 0.115774 
0.355762 0.127902 
0.382065 0.147865 
0.409816 0.161720 
0.437566 0.170213 
0.464098 0.174246 
0.488495 0.174783 
0.510160 0.172785 
0.528792 0.169167 
0.544318 0.164763 
0.556822 0.160303 
0.566466 0.156399 
0.573429 0.153532 
0.577854 0.152056 
0.579815 0.152192 
0.579294 0.154023 
0.576176 0.157496 
0.570256 0.162408 
0.561262 0.168401 
0.548898 0.174958 
0.532903 0.181402 
0.513128 0.186913 
0.489631 0.190549 
0.462769 0.191276 
0.433272 0.188016 
0.402262 0.179691 
0.371211 0.165288 
0.341821 0.143960 
0.315866 0.115175 
0.305001 0.098323 
0.295046 0.078926 
0.287294 0.058752 
0.280883 0.035977 
0.276837 0.013012 
0.274695 -0.011965 
0.274963 -0.036375 
0.277609 -0.062285 
0.282646 -0.086602 
0.290584 -0.111780 
0.300785 -0.134499 
0.314360 -0.157190 
0.330022 -0.176945 
0.349272 -0.195691 
0.370216 -0.211229 
0.394884 -0.225167 
0.420433 -0.235731 
0.449538 -0.244196 
0.478342 -0.249328 
0.510093 -0.251854 
0.540209 -0.251242 
0.572182 -0.247478 
0.601472 -0.240807 
0.631058 -0.230513 
0.657266 -0.217539 
0.682603 -0.200547 
0.704084 -0.181241 
0.713955 -0.170298 
0.723942 -0.157617 
0.731847 -0.145844 
0.739784 -0.132358 
0.746697 -0.118550 
0.753468 -0.102788 
0.758472 -0.088662 
0.763262 -0.072690 
0.767076 -0.056734 
0.770469 -0.038758 
0.772520 -0.023185 
0.774082 -0.005789 
0.774745 0.011164 
0.774662 0.029996 
0.773747 0.045787 
0.772021 0.063211 
0.769490 0.079808 
0.765835 0.097938 
0.761920 0.112702 
0.756819 0.128790 
0.750945 0.143976 
0.743693 0.159813 
0.736613 0.172780 
0.728130 0.186293 
0.718897 0.198889 
0.707984 0.211779 
0.697723 0.222146 
0.685792 0.232715 
0.673343 0.242207 
0.658950 0.251722 
0.645731 0.259156 
0.630620 0.266535 
0.615385 0.272820 
0.598049 0.278877 
0.582508 0.283307 
0.564994 0.287437 
0.547831 0.290570 
0.528588 0.293211 
0.511802 0.294682 
0.493151 0.295586 
0.475347 0.295634 
0.455681 0.294884 
0.439006 0.293441 
0.420731 0.291121 
0.403720 0.288098 
0.385198 0.283918 
0.369927 0.279551 
0.353400 0.273946 
0.338372 0.267804 
0.322237 0.260093 
0.309294 0.252755 
0.295456 0.243779 
0.283129 0.234437 
0.270116 0.223116 
0.259962 0.212793 
0.249258 0.200439 
0.239761 0.187699 
0.230319 0.173091 
0.222930 0.159724 
0.215590 0.144477 
0.209184 0.128829 
0.203072 0.111248 
0.198539 0.095484 
0.194315 0.077928 
0.190916 0.060192 
0.188014 0.040609 
0.186245 0.023489 
0.184988 0.004749 
0.184491 -0.013811 
0.184713 -0.033963 
0.185622 -0.051121 
0.187265 -0.069607 
0.189625 -0.087547 
0.192967 -0.106723 
0.196538 -0.122630 
0.201104 -0.139534 
0.206358 -0.155616 
0.212907 -0.172571 
