0.810881 0.034488 
0.810452 0.048059 
0.809589 0.061506 
0.808296 0.075854 
0.806718 0.088152 
0.804713 0.101203 
0.802276 0.113982 
0.799280 0.127530 
0.796228 0.138956 
0.792626 0.151019 
0.788593 0.162690 
0.783856 0.174989 
0.779301 0.185216 
0.774060 0.195959 
0.768401 0.206215 
0.761883 0.216966 
0.755792 0.225792 
0.748871 0.235022 
0.741565 0.243706 
0.733238 0.252766 
0.725583 0.260120 
0.716947 0.267778 
0.708023 0.274834 
0.697932 0.282152 
0.688740 0.288029 
0.678431 0.294113 
0.667988 0.299577 
0.656260 0.305198 
0.645650 0.309640 
0.633822 0.314192 
0.622061 0.318143 
0.608949 0.322148 
0.597174 0.325211 
0.584132 0.328291 
0.571369 0.330821 
0.557256 0.333303 
0.544697 0.335052 
0.530886 0.336723 
0.517340 0.337955 
0.502943 0.338943 
0.489870 0.339471 
0.476020 0.339752 
0.462409 0.339674 
0.448092 0.339286 
0.435201 0.338576 
0.421685 0.337551 
0.408531 0.336193 
0.394811 0.334453 
0.382574 0.332519 
0.369851 0.330197 
0.357604 0.327563 
0.344919 0.324469 
0.333716 0.321303 
0.322145 0.317671 
0.311110 0.313745 
0.299750 0.309271 
0.289820 0.304853 
0.279620 0.299883 
0.269969 0.294633 
0.260084 0.288741 
0.251532 0.283041 
0.242789 0.276700 
0.234587 0.270101 
0.226225 0.262761 
0.219062 0.255762 
0.211772 0.248033 
0.204995 0.240078 
0.198116 0.231288 
0.192293 0.223008 
0.186394 0.213918 
0.180964 0.204642 
0.175482 0.194452 
0.170910 0.184960 
0.166308 0.174600 
0.162126 0.164112 
0.157939 0.152658 
0.154515 0.142101 
0.151104 0.130647 
0.148068 0.119149 
0.145071 0.106669 
0.142698 0.095290 
0.140377 0.083022 
0.138389 0.070802 
0.136483 0.057628 
0.135071 0.045750 
0.133750 0.033027 
0.132726 0.020455 
0.131827 0.006992 
0.131300 -0.005010 
0.130905 -0.017783 
0.130776 -0.030305 
0.130817 -0.043627 
0.131116 -0.055376 
0.131586 -0.067794 
0.132299 -0.079888 
0.133229 -0.092676 
0.134308 -0.103834 
0.135600 -0.115562 
0.137118 -0.126913 
0.138899 -0.138844 
0.140726 -0.149159 
0.142807 -0.159942 
0.145104 -0.170330 
0.147711 -0.181192 
0.150265 -0.190508 
0.153110 -0.200196 
0.156168 -0.209494 
0.159580 -0.219174 
0.162842 -0.227414 
0.166432 -0.235951 
0.170237 -0.244121 
0.174437 -0.252593 
0.178391 -0.259758 
0.182705 -0.267154 
0.187238 -0.274218 
0.192205 -0.281521 
0.201838 -0.293974 
0.207075 -0.299999 
0.212775 -0.306207 
0.223699 -0.316716 
0.235984 -0.327000 
0.248094 -0.335759 
0.261597 -0.344296 
0.274746 -0.351500 
0.289292 -0.358493 
0.303291 -0.364336 
0.318658 -0.369977 
0.333276 -0.374635 
0.349202 -0.379102 
0.364177 -0.382737 
0.380371 -0.386190 
0.395427 -0.388947 
0.411588 -0.391532 
0.426448 -0.393541 
0.442285 -0.395386 
0.456692 -0.396762 
0.471940 -0.397983 
0.485669 -0.398830 
0.500107 -0.399532 
0.512977 -0.399943 
0.526430 -0.400219 
0.538304 -0.400279 
0.550649 -0.400217 
0.561429 -0.399999 
0.572595 -0.399678 
0.592176 -0.398746 
0.609365 -0.397550 
0.624176 -0.396206 
0.636657 -0.394821 
0.646869 -0.393484 
0.654880 -0.392275 
0.660755 -0.391257 
0.664551 -0.390477 
0.666310 -0.389967 
0.666063 -0.389742 
0.663823 -0.389802 
0.659591 -0.390128 
0.653350 -0.390686 
0.645079 -0.391428 
0.634746 -0.392291 
0.622321 -0.393201 
0.607781 -0.394069 
0.591120 -0.394799 
0.572357 -0.395282 
0.551552 -0.395402 
0.528811 -0.395034 
0.504302 -0.394042 
0.478258 -0.392280 
0.450980 -0.389592 
0.422834 -0.385809 
0.408150 -0.383361 
0.394235 -0.380745 
0.379521 -0.377570 
0.365630 -0.374202 
0.351109 -0.370190 
0.337472 -0.365961 
0.323372 -0.360994 
0.310202 -0.355785 
0.296723 -0.349735 
0.284219 -0.343423 
0.271545 -0.336156 
0.259869 -0.328607 
0.248151 -0.319984 
0.237434 -0.311063 
0.226790 -0.300949 
0.217132 -0.290524 
0.207647 -0.278785 
0.199124 -0.266744 
0.190860 -0.253276 
0.183523 -0.239531 
0.176523 -0.224270 
0.170409 -0.208782 
0.164703 -0.191718 
0.159842 -0.174526 
0.155459 -0.155749 
0.151878 -0.136973 
0.148847 -0.116663 
0.146581 -0.096548 
0.145677 -0.085595 
0.144944 -0.075016 
0.144038 -0.053916 
0.143869 -0.042529 
0.143847 -0.031587 
0.144043 -0.020551 
0.144360 -0.009958 
0.144962 0.001605 
0.145687 0.012652 
0.146643 0.023721 
0.147698 0.034286 
0.149116 0.045736 
0.150633 0.056614 
0.152398 0.067438 
0.154237 0.077711 
0.156526 0.088765 
0.158890 0.099205 
0.161520 0.109524 
0.164201 0.119259 
0.167426 0.129668 
0.170702 0.139442 
0.174261 0.149028 
0.177841 0.158019 
0.182070 0.167571 
0.186323 0.176490 
0.195425 0.193282 
0.200735 0.201837 
0.206031 0.209777 
0.217212 0.224565 
0.223671 0.232032 
0.230065 0.238915 
0.243420 0.251587 
0.258600 0.263710 
0.274166 0.274222 
0.291699 0.284101 
0.309412 0.292449 
0.329180 0.300081 
0.348882 0.306293 
0.370676 0.311699 
0.392004 0.315786 
0.415384 0.318960 
0.437869 0.320934 
0.462243 0.321854 
0.485261 0.321694 
0.498004 0.321082 
0.509885 0.320311 
0.532751 0.317968 
0.545260 0.316133 
0.556846 0.314205 
0.568254 0.311926 
0.578845 0.309601 
0.590728 0.306495 
0.601667 0.303359 
0.612323 0.299873 
0.622160 0.296396 
0.633085 0.291963 
0.643082 0.287565 
0.652715 0.282822 
0.661560 0.278142 
0.671270 0.272337 
0.680101 0.266632 
0.688529 0.260584 
0.696224 0.254660 
0.704561 0.247446 
0.712093 0.240402 
0.719196 0.233037 
0.725637 0.225861 
0.732507 0.217250 
0.738666 0.208884 
0.744393 0.200225 
0.749539 0.191828 
0.754910 0.181889 
0.759667 0.172280 
0.763997 0.162427 
0.767833 0.152915 
0.771703 0.141799 
0.775055 0.131106 
0.777988 0.120251 
0.780510 0.109825 
0.782886 0.097792 
0.784833 0.086288 
0.786374 0.074711 
0.787582 0.063658 
0.788467 0.051068 
0.789008 0.039107 
0.789150 0.027186 
0.789035 0.015886 
0.788425 0.003181 
0.787548 -0.008807 
0.786271 -0.020657 
0.784819 -0.031781 
0.782696 -0.044138 
0.780381 -0.055706 
0.774848 -0.077583 
0.771185 -0.089154 
0.767416 -0.099883 
0.759029 -0.119927 
0.753759 -0.130396 
0.748576 -0.139912 
0.737320 -0.157548 
0.730504 -0.166574 
0.723873 -0.174718 
0.709799 -0.189567 
0.701497 -0.196988 
0.693476 -0.203627 
0.676755 -0.215470 
0.667101 -0.221205 
0.657825 -0.226273 
0.648112 -0.230916 
0.638786 -0.235016 
0.628008 -0.239043 
0.617703 -0.242519 
0.607049 -0.245549 
0.596866 -0.248140 
0.585296 -0.250465 
0.574287 -0.252353 
0.563048 -0.253782 
0.552360 -0.254865 
0.540416 -0.255512 
0.529113 -0.255823 
0.517721 -0.255665 
0.506944 -0.255251 
0.495097 -0.254245 
0.483948 -0.252992 
0.472862 -0.251269 
0.462440 -0.249373 
0.451158 -0.246741 
0.440606 -0.243946 
0.420595 -0.237337 
0.410279 -0.233105 
0.400709 -0.228811 
0.382890 -0.219319 
0.365551 -0.207813 
0.350417 -0.195627 
0.336031 -0.181357 
0.323866 -0.166773 
0.312679 -0.150128 
0.303576 -0.133526 
0.295664 -0.115038 
0.289630 -0.096946 
0.284959 -0.077279 
0.281939 -0.058358 
0.280408 -0.038273 
0.280302 -0.019260 
0.281768 0.000449 
0.284439 0.018817 
0.288722 0.037411 
0.293992 0.054469 
0.300869 0.071334 
0.308511 0.086549 
0.317725 0.101251 
0.327430 0.114240 
0.338655 0.126500 
0.350053 0.137064 
0.362848 0.146728 
0.375557 0.154837 
0.389433 0.161907 
0.403013 0.167611 
0.417462 0.172192 
0.431431 0.175609 
0.445956 0.177874 
0.459835 0.179175 
0.474004 0.179326 
0.487326 0.178735 
0.500691 0.177036 
0.513149 0.174781 
0.525385 0.171510 
0.536734 0.167841 
0.547638 0.163280 
0.557713 0.158475 
0.575905 0.147253 
0.591301 0.134738 
0.604020 0.121469 
0.614282 0.107945 
0.622369 0.094606 
0.628603 0.081829 
0.633318 0.069924 
0.636845 0.059134 
0.639495 0.049644 
0.641550 0.041595 
0.643253 0.035091 
0.644801 0.030215 
0.646337 0.027040 
0.647947 0.025634 
0.649656 0.026063 
0.651422 0.028396 
0.653138 0.032695 
0.654629 0.039005 
0.655652 0.047343 
0.655904 0.057677 
0.655027 0.069910 
0.652620 0.083858 
0.648251 0.099238 
0.641479 0.115657 
0.631871 0.132617 
0.619038 0.149524 
0.602664 0.165714 
0.593090 0.173189 
0.582557 0.180480 
0.571173 0.186944 
0.558698 0.193103 
0.545530 0.198266 
0.531291 0.202882 
0.516594 0.206377 
0.500808 0.209153 
0.484930 0.210682 
0.468002 0.211300 
0.451364 0.210603 
0.433884 0.208766 
0.417007 0.205595 
0.399651 0.201056 
0.383235 0.195202 
0.366583 0.187754 
0.351254 0.179070 
0.335925 0.168558 
0.322232 0.156967 
0.308791 0.143338 
0.297178 0.128857 
0.286108 0.112228 
0.276897 0.094975 
0.268598 0.075724 
0.262118 0.056138 
0.256805 0.034763 
0.253285 0.013517 
0.252087 0.002472 
0.251139 -0.009263 
0.250804 -0.019986 
0.250735 -0.031336 
0.251152 -0.042637 
0.251923 -0.054600 
0.253159 -0.065287 
0.254760 -0.076559 
0.256858 -0.087638 
0.259433 -0.099323 
0.262284 -0.109527 
0.265619 -0.120253 
0.269454 -0.130653 
0.273905 -0.141572 
0.278406 -0.150898 
0.283524 -0.160667 
0.289135 -0.170014 
0.295511 -0.179764 
0.301679 -0.187920 
0.308601 -0.196423 
0.316023 -0.204502 
0.324277 -0.212709 
0.332129 -0.219565 
0.340789 -0.226528 
0.349912 -0.233059 
0.359963 -0.239614 
0.369388 -0.244988 
0.379699 -0.250363 
0.390307 -0.255226 
0.401909 -0.260025 
0.412661 -0.263827 
0.424353 -0.267540 
0.436126 -0.270709 
0.448923 -0.273721 
0.460610 -0.275911 
0.473246 -0.277919 
0.485751 -0.279394 
0.499264 -0.280607 
0.511393 -0.281176 
0.524430 -0.281458 
0.537137 -0.281236 
0.550783 -0.280630 
0.562813 -0.279572 
0.575670 -0.278107 
0.588022 -0.276174 
0.601203 -0.273717 
0.612618 -0.271019 
0.624752 -0.267775 
0.636250 -0.264107 
0.648447 -0.259756 
0.658818 -0.255398 
0.669788 -0.250341 
0.680061 -0.244903 
0.690876 -0.238617 
0.699910 -0.232581 
0.709414 -0.225691 
0.718324 -0.218400 
0.727394 -0.210228 
0.735015 -0.202466 
0.742793 -0.193822 
0.750079 -0.184751 
0.757409 -0.174701 
0.763460 -0.165316 
0.769535 -0.154992 
0.775144 -0.144272 
0.780708 -0.132492 
0.785165 -0.121681 
0.789562 -0.109886 
0.793503 -0.097772 
0.797313 -0.084563 
0.800209 -0.072648 
0.802962 -0.059741 
0.805271 -0.046637 
0.807360 -0.032455 
0.808735 -0.019881 
0.809884 -0.006357 
0.810596 0.007210 
0.810990 0.021785 
