0.211897 -0.094767 
0.212758 -0.101858 
0.213876 -0.109159 
0.215005 -0.116491 
0.217781 -0.130221 
0.219457 -0.137266 
0.221141 -0.144333 
0.224986 -0.157461 
0.227228 -0.164173 
0.229473 -0.170891 
0.234396 -0.183288 
0.240022 -0.195897 
0.246036 -0.207459 
0.252808 -0.219146 
0.259928 -0.229812 
0.267844 -0.240494 
0.276074 -0.250215 
0.285124 -0.259851 
0.294460 -0.268598 
0.304621 -0.277176 
0.315035 -0.284930 
0.326273 -0.292462 
0.337715 -0.299226 
0.343774 -0.302487 
0.349974 -0.305736 
0.356118 -0.308637 
0.362373 -0.311527 
0.368894 -0.314291 
0.375569 -0.317041 
0.382135 -0.319469 
0.388823 -0.321885 
0.395757 -0.324169 
0.402844 -0.326438 
0.409774 -0.328409 
0.416829 -0.330367 
0.424105 -0.332187 
0.431528 -0.333993 
0.438749 -0.335523 
0.446087 -0.337040 
0.453624 -0.338415 
0.461300 -0.339775 
0.468722 -0.340881 
0.476253 -0.341974 
0.483961 -0.342921 
0.491792 -0.343855 
0.499325 -0.344553 
0.506949 -0.345239 
0.514729 -0.345775 
0.522611 -0.346297 
0.530156 -0.346603 
0.537774 -0.346899 
0.545524 -0.347037 
0.553356 -0.347164 
0.560815 -0.347091 
0.568329 -0.347010 
0.575953 -0.346765 
0.583638 -0.346509 
0.590925 -0.346070 
0.598241 -0.345625 
0.605653 -0.345008 
0.613102 -0.344382 
0.620136 -0.343588 
0.627177 -0.342792 
0.634300 -0.341811 
0.641437 -0.340827 
0.654852 -0.338550 
0.668392 -0.335882 
0.681047 -0.332937 
0.693777 -0.329583 
0.705602 -0.325989 
0.717462 -0.321966 
0.728414 -0.317740 
0.739373 -0.313067 
0.749438 -0.308230 
0.759487 -0.302927 
0.768668 -0.297500 
0.777819 -0.291591 
0.786138 -0.285602 
0.794418 -0.279116 
0.801908 -0.272597 
0.809355 -0.265570 
0.816059 -0.258559 
0.822718 -0.251034 
0.828684 -0.243576 
0.834605 -0.235603 
0.839884 -0.227751 
0.845120 -0.219391 
0.849765 -0.211207 
0.854369 -0.202524 
0.858432 -0.194075 
0.862456 -0.185145 
0.865988 -0.176505 
0.869484 -0.167409 
0.872534 -0.158657 
0.875551 -0.149478 
0.878164 -0.140693 
0.880749 -0.131521 
0.882971 -0.122789 
0.885167 -0.113707 
0.887038 -0.105105 
0.888886 -0.096201 
0.890445 -0.087807 
0.891983 -0.079160 
0.893265 -0.071048 
0.894529 -0.062731 
0.895567 -0.054963 
0.896590 -0.047045 
0.897413 -0.039678 
0.898226 -0.032217 
0.898860 -0.025288 
0.899492 -0.018346 
0.900439 -0.005513 
0.901114 0.006219 
0.901557 0.016799 
0.901806 0.026193 
0.901893 0.034377 
0.901848 0.041336 
0.901695 0.047066 
0.901454 0.051566 
0.901142 0.054844 
0.900770 0.056907 
0.900346 0.057770 
0.899875 0.057448 
0.899356 0.055957 
0.898786 0.053317 
0.898158 0.049550 
0.897459 0.044682 
0.896677 0.038738 
0.895791 0.031752 
0.894782 0.023759 
0.893625 0.014801 
0.892293 0.004927 
0.890756 -0.005809 
0.888981 -0.017344 
0.886934 -0.029608 
0.884577 -0.042523 
0.881869 -0.056004 
0.880325 -0.063003 
0.878770 -0.069959 
0.877013 -0.077164 
0.875236 -0.084290 
0.873242 -0.091649 
0.871221 -0.098895 
0.868966 -0.106350 
0.866677 -0.113667 
0.864136 -0.121165 
0.861555 -0.128501 
0.858704 -0.135988 
0.855806 -0.143290 
0.852618 -0.150714 
0.849377 -0.157930 
0.845826 -0.165238 
0.842217 -0.172321 
0.838276 -0.179465 
0.834273 -0.186369 
0.829917 -0.193304 
0.825494 -0.199986 
0.820696 -0.206668 
0.815830 -0.213091 
0.810566 -0.219485 
0.805231 -0.225611 
0.799477 -0.231681 
0.793653 -0.237481 
0.787389 -0.243199 
0.781057 -0.248644 
0.774264 -0.253983 
0.767408 -0.259050 
0.760073 -0.263988 
0.752682 -0.268655 
0.744797 -0.273173 
0.736864 -0.277422 
0.728427 -0.281502 
0.719955 -0.285316 
0.710968 -0.288941 
0.701968 -0.292308 
0.692448 -0.295465 
0.682936 -0.298369 
0.672905 -0.301044 
0.662913 -0.303474 
0.652406 -0.305653 
0.641974 -0.307595 
0.631037 -0.309265 
0.620217 -0.310707 
0.608906 -0.311851 
0.597764 -0.312780 
0.586154 -0.313385 
0.574762 -0.313785 
0.562926 -0.313829 
0.551375 -0.313690 
0.539409 -0.313157 
0.527785 -0.312459 
0.515789 -0.311331 
0.504190 -0.310056 
0.492268 -0.308315 
0.480791 -0.306441 
0.469049 -0.304067 
0.457791 -0.301575 
0.446333 -0.298548 
0.435392 -0.295417 
0.424315 -0.291717 
0.413780 -0.287930 
0.403177 -0.283542 
0.393131 -0.279078 
0.383083 -0.273984 
0.373601 -0.268832 
0.364179 -0.263024 
0.355324 -0.257173 
0.346590 -0.250646 
0.338416 -0.244092 
0.330421 -0.236847 
0.322971 -0.229598 
0.315753 -0.221649 
0.309063 -0.213718 
0.302655 -0.205090 
0.296752 -0.196506 
0.291174 -0.187236 
0.286079 -0.178039 
0.281351 -0.168182 
0.277075 -0.158429 
0.273206 -0.148052 
0.269763 -0.137817 
0.266760 -0.127007 
0.264155 -0.116376 
0.262019 -0.105233 
0.260256 -0.094311 
0.258990 -0.082952 
0.258068 -0.071852 
0.257667 -0.060402 
0.257585 -0.049250 
0.258044 -0.037840 
0.258795 -0.026766 
0.260103 -0.015532 
0.261680 -0.004666 
0.263823 0.006262 
0.266211 0.016793 
0.269171 0.027289 
0.272349 0.037369 
0.276100 0.047320 
0.280040 0.056844 
0.284553 0.066152 
0.289218 0.075029 
0.294453 0.083611 
0.299794 0.091769 
0.305703 0.099560 
0.311664 0.106943 
0.318174 0.113896 
0.324702 0.120464 
0.331735 0.126551 
0.338760 0.132277 
0.346232 0.137483 
0.353675 0.142359 
0.361494 0.146684 
0.369265 0.150710 
0.377331 0.154166 
0.385336 0.157356 
0.393547 0.159962 
0.401687 0.162340 
0.409940 0.164128 
0.418115 0.165726 
0.426309 0.166724 
0.434423 0.167590 
0.442464 0.167842 
0.450424 0.168021 
0.458223 0.167594 
0.465947 0.167122 
0.473427 0.166078 
0.480842 0.165002 
0.487936 0.163401 
0.494985 0.161780 
0.501636 0.159682 
0.508279 0.157580 
0.520652 0.152531 
0.532062 0.146766 
0.542490 0.140417 
0.551945 0.133614 
0.560451 0.126485 
0.568053 0.119154 
0.574811 0.111737 
0.580794 0.104342 
0.586082 0.097071 
0.590757 0.090015 
0.594907 0.083259 
0.598618 0.076878 
0.601974 0.070940 
0.605056 0.065510 
0.607937 0.060643 
0.610682 0.056396 
0.613346 0.052820 
0.615973 0.049963 
0.618593 0.047876 
0.621222 0.046606 
0.623860 0.046199 
0.626492 0.046698 
0.629085 0.048144 
0.631589 0.050572 
0.633939 0.054010 
0.636052 0.058474 
0.637832 0.063968 
0.639167 0.070481 
0.639938 0.077980 
0.640013 0.086413 
0.639257 0.095705 
0.637529 0.105753 
0.634690 0.116434 
0.630604 0.127596 
0.625144 0.139070 
0.618191 0.150668 
0.613941 0.156430 
0.609647 0.162186 
0.604615 0.167813 
0.599431 0.173414 
0.593566 0.178792 
0.587491 0.184139 
0.580777 0.189162 
0.573808 0.194147 
0.566251 0.198717 
0.558400 0.203235 
0.550027 0.207263 
0.541330 0.211205 
0.532194 0.214622 
0.522709 0.217877 
0.512885 0.220587 
0.502696 0.223082 
0.492285 0.225000 
0.481504 0.226667 
0.470629 0.227726 
0.459387 0.228493 
0.448189 0.228631 
0.436640 0.228436 
0.425276 0.227602 
0.413586 0.226385 
0.402219 0.224529 
0.390562 0.222239 
0.379351 0.219322 
0.367906 0.215913 
0.357002 0.211898 
0.345942 0.207331 
0.335478 0.202189 
0.324970 0.196437 
0.315088 0.190144 
0.305255 0.183193 
0.296085 0.175742 
0.287024 0.167588 
0.278665 0.158989 
0.270462 0.149647 
0.262991 0.139929 
0.255714 0.129436 
0.249187 0.118652 
0.242889 0.107071 
0.237347 0.095303 
0.232064 0.082729 
0.227533 0.070089 
0.225407 0.063398 
0.223292 0.056649 
0.219788 0.043278 
0.218190 0.036242 
0.216606 0.029129 
0.215368 0.022182 
0.214138 0.015198 
0.213075 0.007900 
0.212025 0.000526 
0.211308 -0.006606 
0.210599 -0.013774 
0.210075 -0.021235 
0.209564 -0.028763 
0.209369 -0.035976 
0.209182 -0.043226 
0.209201 -0.050741 
0.209232 -0.058311 
0.209562 -0.065507 
0.209897 -0.072728 
0.210463 -0.080188 
0.211041 -0.087692 
