0.659634 0.276297 
0.650399 0.281305 
0.640790 0.285979 
0.630328 0.290681 
0.620767 0.294446 
0.610436 0.298219 
0.599786 0.301653 
0.588245 0.305059 
0.577841 0.307670 
0.566645 0.310239 
0.555215 0.312466 
0.542895 0.314605 
0.531920 0.316100 
0.520169 0.317499 
0.508303 0.318549 
0.495584 0.319451 
0.484373 0.319858 
0.472429 0.320111 
0.460512 0.320013 
0.447802 0.319697 
0.436693 0.319034 
0.424907 0.318152 
0.413335 0.316920 
0.401059 0.315397 
0.390381 0.313664 
0.379104 0.311639 
0.368207 0.309278 
0.356707 0.306549 
0.346741 0.303730 
0.336260 0.300542 
0.326289 0.297046 
0.315812 0.293099 
0.306775 0.289175 
0.297305 0.284800 
0.288411 0.280150 
0.279105 0.274963 
0.271128 0.269912 
0.262798 0.264329 
0.254948 0.258472 
0.246989 0.252057 
0.240035 0.245836 
0.232983 0.239060 
0.226317 0.232013 
0.219599 0.224349 
0.213769 0.216986 
0.207898 0.209020 
0.202393 0.200805 
0.196879 0.191924 
0.192141 0.183462 
0.187402 0.174358 
0.183015 0.165055 
0.178651 0.155048 
0.174958 0.145595 
0.171294 0.135476 
0.167960 0.125218 
0.164680 0.114240 
0.161970 0.103968 
0.159321 0.093027 
0.156974 0.082016 
0.154712 0.070296 
0.152925 0.059434 
0.151227 0.047926 
0.149811 0.036439 
0.148509 0.024277 
0.147592 0.013112 
0.146792 0.001348 
0.146256 -0.010302 
0.145867 -0.022570 
0.145775 -0.033721 
0.145832 -0.045411 
0.146135 -0.056903 
0.146621 -0.068943 
0.147321 -0.079781 
0.148203 -0.091083 
0.149320 -0.102123 
0.150657 -0.113629 
0.152127 -0.123897 
0.153814 -0.134552 
0.155727 -0.144896 
0.157901 -0.155627 
0.160127 -0.165123 
0.162608 -0.174938 
0.165311 -0.184416 
0.168315 -0.194213 
0.171293 -0.202811 
0.174562 -0.211668 
0.178053 -0.220182 
0.181889 -0.228954 
0.185615 -0.236594 
0.189670 -0.244443 
0.193948 -0.251956 
0.198614 -0.259677 
0.203086 -0.266353 
0.207920 -0.273191 
0.212982 -0.279717 
0.218471 -0.286409 
0.223678 -0.292151 
0.229279 -0.298023 
0.235111 -0.303606 
0.241403 -0.309318 
0.247321 -0.314184 
0.253657 -0.319149 
0.260230 -0.323854 
0.267287 -0.328658 
0.273879 -0.332719 
0.280898 -0.336851 
0.288157 -0.340752 
0.295914 -0.344726 
0.303111 -0.348053 
0.310738 -0.351433 
0.318608 -0.354607 
0.326968 -0.357831 
0.334682 -0.360501 
0.342809 -0.363204 
0.351177 -0.365724 
0.360021 -0.368278 
0.376630 -0.372461 
0.385365 -0.374398 
0.394539 -0.376354 
0.411624 -0.379480 
0.429908 -0.382323 
0.447153 -0.384514 
0.465471 -0.386426 
0.482559 -0.387791 
0.500582 -0.388881 
0.517216 -0.389520 
0.534644 -0.389884 
0.550569 -0.389887 
0.567154 -0.389616 
0.582169 -0.389064 
0.597721 -0.388242 
0.611683 -0.387213 
0.626077 -0.385917 
0.638900 -0.384483 
0.652065 -0.382789 
0.663711 -0.381019 
0.675627 -0.378999 
0.686099 -0.376962 
0.696781 -0.374688 
0.706111 -0.372449 
0.715603 -0.369992 
0.723842 -0.367617 
0.732204 -0.365046 
0.739414 -0.362598 
0.746719 -0.359984 
0.759289 -0.354936 
0.770058 -0.350027 
0.779159 -0.345375 
0.786718 -0.341091 
0.792844 -0.337274 
0.797631 -0.334009 
0.801157 -0.331370 
0.803485 -0.329410 
0.804657 -0.328168 
0.804703 -0.327664 
0.803634 -0.327899 
0.801447 -0.328857 
0.798123 -0.330504 
0.793628 -0.332790 
0.787914 -0.335651 
0.780922 -0.339008 
0.772578 -0.342772 
0.762799 -0.346845 
0.751497 -0.351122 
0.738577 -0.355491 
0.723945 -0.359839 
0.707514 -0.364050 
0.689209 -0.368008 
0.668981 -0.371597 
0.646812 -0.374699 
0.634681 -0.376048 
0.622730 -0.377201 
0.609668 -0.378197 
0.596820 -0.378984 
0.582891 -0.379566 
0.569232 -0.379930 
0.554544 -0.380038 
0.540191 -0.379917 
0.524880 -0.379487 
0.509995 -0.378818 
0.494242 -0.377783 
0.479010 -0.376500 
0.463024 -0.374789 
0.447657 -0.372820 
0.431666 -0.370358 
0.416388 -0.367626 
0.400625 -0.364330 
0.385664 -0.360755 
0.370357 -0.356538 
0.355927 -0.352032 
0.341287 -0.346804 
0.327578 -0.341275 
0.313783 -0.334936 
0.300959 -0.328292 
0.288161 -0.320748 
0.276344 -0.312892 
0.264652 -0.304043 
0.253941 -0.294888 
0.248549 -0.289749 
0.243436 -0.284647 
0.233894 -0.274115 
0.229130 -0.268237 
0.224629 -0.262411 
0.220349 -0.256400 
0.216296 -0.250444 
0.212176 -0.243800 
0.208303 -0.237231 
0.204647 -0.230478 
0.201203 -0.223803 
0.197738 -0.216390 
0.194499 -0.209076 
0.191476 -0.201591 
0.188644 -0.194207 
0.185840 -0.186046 
0.183240 -0.178017 
0.180854 -0.169833 
0.178641 -0.161785 
0.176502 -0.152928 
0.174545 -0.144240 
0.172804 -0.135433 
0.171212 -0.126804 
0.169745 -0.117348 
0.168441 -0.108107 
0.166390 -0.089687 
0.165607 -0.079763 
0.164965 -0.070105 
0.164222 -0.051013 
0.164142 -0.040792 
0.164179 -0.030894 
0.164781 -0.011497 
0.166169 0.008756 
0.168166 0.028055 
0.171049 0.048031 
0.174497 0.066810 
0.178949 0.086076 
0.183922 0.103969 
0.190037 0.122178 
0.196597 0.138832 
0.204458 0.155654 
0.212681 0.170831 
0.222370 0.186027 
0.232318 0.199547 
0.238168 0.206477 
0.243886 0.212941 
0.255605 0.224703 
0.262427 0.230665 
0.269076 0.236196 
0.275904 0.241340 
0.282566 0.246135 
0.290346 0.251099 
0.297910 0.255675 
0.305611 0.259875 
0.313110 0.263765 
0.321796 0.267719 
0.330218 0.271332 
0.338727 0.274583 
0.346990 0.277566 
0.356478 0.280505 
0.365649 0.283152 
0.374855 0.285456 
0.383768 0.287532 
0.393911 0.289458 
0.403679 0.291137 
0.413412 0.292492 
0.422800 0.293656 
0.433383 0.294565 
0.443539 0.295272 
0.453589 0.295671 
0.463244 0.295916 
0.474019 0.295800 
0.484312 0.295524 
0.494427 0.294954 
0.504107 0.294265 
0.514797 0.293110 
0.524966 0.291832 
0.534877 0.290275 
0.544324 0.288632 
0.554646 0.286420 
0.564417 0.284121 
0.573874 0.281555 
0.582848 0.278934 
0.592545 0.275644 
0.601682 0.272301 
0.610455 0.268706 
0.618745 0.265089 
0.627595 0.260706 
0.635901 0.256308 
0.643810 0.251662 
0.651252 0.247043 
0.659096 0.241564 
0.666421 0.236108 
0.679807 0.224804 
0.686531 0.218246 
0.692777 0.211765 
0.704037 0.198485 
0.709571 0.190864 
0.714687 0.183455 
0.723731 0.168345 
0.728045 0.159808 
0.732000 0.151536 
0.738786 0.134836 
0.741874 0.125539 
0.744660 0.116561 
0.749178 0.098620 
0.751042 0.088778 
0.752662 0.079307 
0.753884 0.069769 
0.754915 0.060575 
0.755567 0.050452 
0.756028 0.040744 
0.756101 0.031057 
0.756028 0.021749 
0.755481 0.011643 
0.754790 0.001979 
0.753726 -0.007571 
0.752554 -0.016715 
0.750826 -0.026508 
0.748995 -0.035838 
0.746808 -0.044966 
0.744549 -0.053680 
0.741661 -0.062881 
0.738709 -0.071618 
0.735422 -0.080070 
0.732100 -0.088117 
0.728086 -0.096489 
0.724046 -0.104416 
0.715356 -0.119179 
0.710261 -0.126543 
0.705187 -0.133500 
0.694554 -0.146239 
0.682423 -0.158354 
0.670054 -0.168890 
0.656190 -0.178664 
0.642362 -0.186915 
0.627115 -0.194279 
0.612145 -0.200247 
0.595931 -0.205210 
0.580213 -0.208926 
0.563501 -0.211545 
0.547487 -0.213072 
0.530775 -0.213436 
0.514933 -0.212860 
0.498712 -0.211086 
0.483495 -0.208515 
0.468207 -0.204742 
0.454013 -0.200314 
0.440023 -0.194709 
0.427177 -0.188590 
0.414749 -0.181335 
0.403490 -0.173741 
0.392803 -0.165056 
0.383268 -0.156229 
0.374430 -0.146401 
0.366658 -0.136581 
0.359683 -0.125916 
0.353657 -0.115373 
0.348495 -0.104181 
0.344152 -0.093208 
0.340704 -0.081795 
0.337944 -0.070688 
0.336087 -0.059326 
0.334767 -0.048386 
0.334330 -0.037367 
0.334313 -0.026809 
0.335117 -0.016368 
0.336242 -0.006380 
0.338109 0.003307 
0.340194 0.012578 
0.345798 0.029850 
0.352685 0.045319 
0.360492 0.058959 
0.368874 0.070819 
0.377509 0.081004 
0.386105 0.089662 
0.394401 0.096965 
0.402170 0.103099 
0.409217 0.108248 
0.415375 0.112584 
0.420505 0.116264 
0.424486 0.119417 
0.427219 0.122138 
0.428616 0.124489 
0.428605 0.126488 
0.427129 0.128112 
0.424149 0.129293 
0.419650 0.129916 
0.413647 0.129825 
0.406194 0.128824 
0.397394 0.126682 
0.387404 0.123140 
0.376443 0.117926 
0.364795 0.110762 
0.352804 0.101381 
0.340869 0.089550 
0.329436 0.075087 
0.324146 0.066748 
0.318979 0.057891 
0.314390 0.048235 
0.309987 0.037968 
0.306296 0.027031 
0.302949 0.015455 
0.300420 0.003390 
0.298342 -0.009356 
0.297195 -0.022339 
0.296619 -0.036013 
0.297049 -0.049662 
0.298203 -0.063908 
0.300393 -0.077907 
0.303479 -0.092310 
0.307604 -0.106216 
0.312785 -0.120407 
0.318980 -0.133806 
0.326398 -0.147364 
0.334759 -0.159865 
0.344508 -0.172376 
0.355087 -0.183638 
0.367178 -0.194717 
0.379988 -0.204470 
0.394302 -0.213763 
0.409187 -0.221711 
0.425548 -0.229004 
0.442224 -0.234919 
0.451052 -0.237516 
0.460326 -0.240036 
0.469153 -0.241939 
0.478391 -0.243758 
0.487849 -0.245207 
0.497769 -0.246538 
0.507027 -0.247303 
0.516702 -0.247944 
0.526509 -0.248184 
0.536779 -0.248253 
0.546179 -0.247835 
0.555984 -0.247243 
0.565825 -0.246220 
0.576101 -0.244965 
0.585338 -0.243324 
0.594950 -0.241451 
0.604507 -0.239121 
0.614449 -0.236481 
0.623240 -0.233583 
0.632363 -0.230385 
0.641376 -0.226725 
0.650625 -0.222642 
0.658766 -0.218470 
0.667112 -0.213890 
0.675274 -0.208865 
0.683614 -0.203333 
0.690885 -0.197848 
0.698302 -0.191871 
0.705405 -0.185496 
0.712636 -0.178535 
0.718869 -0.171755 
0.725203 -0.164403 
0.731137 -0.156726 
0.737149 -0.148387 
0.742236 -0.140390 
0.747378 -0.131753 
0.752083 -0.122870 
0.756817 -0.113258 
0.760703 -0.104185 
0.764595 -0.094424 
0.768040 -0.084507 
0.771457 -0.073822 
0.774121 -0.063888 
0.776737 -0.053245 
0.778907 -0.042550 
0.780988 -0.031081 
0.782424 -0.020577 
0.783752 -0.009370 
0.784644 0.001773 
0.785375 0.013666 
0.785582 0.024393 
0.785616 0.035791 
0.785225 0.047019 
0.784592 0.058933 
0.783569 0.069524 
0.782298 0.080724 
0.780627 0.091746 
0.778595 0.103203 
0.776345 0.113385 
0.773742 0.123963 
0.770749 0.134360 
0.767313 0.145098 
0.763806 0.154530 
0.759866 0.164251 
0.755527 0.173745 
0.750659 0.183504 
0.745876 0.191957 
0.740583 0.200628 
0.734879 0.209029 
0.728558 0.217626 
0.722496 0.224963 
0.715845 0.232458 
0.708777 0.239652 
0.701004 0.246981 
0.693687 0.253134 
0.685704 0.259392 
0.677315 0.265329 
0.668139 0.271346 
