0.255332 -0.234857 
0.265719 -0.246258 
0.276707 -0.256734 
0.289575 -0.267460 
0.301143 -0.275782 
0.314509 -0.284270 
0.328346 -0.291871 
0.344332 -0.299503 
0.358349 -0.305201 
0.374357 -0.310870 
0.390597 -0.315723 
0.409112 -0.320391 
0.424981 -0.323621 
0.442883 -0.326621 
0.460636 -0.328879 
0.480596 -0.330726 
0.497334 -0.331622 
0.515978 -0.332069 
0.534029 -0.331855 
0.554039 -0.330974 
0.570509 -0.329607 
0.588634 -0.327535 
0.605684 -0.324899 
0.624337 -0.321306 
0.639474 -0.317658 
0.655946 -0.313009 
0.671014 -0.307928 
0.687309 -0.301562 
0.700375 -0.295548 
0.714453 -0.288194 
0.726998 -0.280594 
0.740424 -0.271348 
0.751055 -0.262867 
0.762404 -0.252688 
0.772286 -0.242485 
0.782739 -0.230283 
0.790882 -0.219300 
0.799480 -0.206277 
0.806993 -0.193169 
0.814392 -0.178431 
0.820338 -0.164736 
0.826164 -0.149431 
0.831227 -0.133958 
0.836041 -0.116849 
0.839752 -0.101150 
0.843208 -0.083906 
0.846010 -0.066738 
0.848452 -0.048038 
0.850089 -0.031151 
0.851351 -0.012894 
0.852044 0.004950 
0.852258 0.024094 
0.851930 0.041085 
0.851103 0.059187 
0.849777 0.076573 
0.847832 0.094962 
0.845588 0.110988 
0.842701 0.127839 
0.839368 0.143777 
0.835250 0.160429 
0.831070 0.174694 
0.826079 0.189532 
0.820688 0.203358 
0.814319 0.217657 
0.808134 0.229724 
0.800946 0.242161 
0.793410 0.253596 
0.784682 0.265322 
0.776412 0.275068 
0.766940 0.285035 
0.757181 0.294085 
0.746016 0.303286 
0.735628 0.310809 
0.723854 0.318433 
0.711888 0.325256 
0.698333 0.332117 
0.685922 0.337613 
0.671989 0.343109 
0.658019 0.347919 
0.642353 0.352667 
0.628237 0.356349 
0.612550 0.359938 
0.597030 0.362953 
0.579813 0.365809 
0.564564 0.367870 
0.547800 0.369748 
0.531445 0.371147 
0.513509 0.372287 
0.497900 0.372881 
0.480929 0.373198 
0.464601 0.373114 
0.446898 0.372663 
0.431755 0.371896 
0.415469 0.370750 
0.399991 0.369265 
0.383381 0.367296 
0.369401 0.365229 
0.354502 0.362672 
0.340499 0.359825 
0.325607 0.356364 
0.313248 0.353020 
0.300177 0.349067 
0.287996 0.344861 
0.275137 0.339904 
0.264591 0.335278 
0.253512 0.329923 
0.243260 0.324344 
0.232501 0.317873 
0.223771 0.311958 
0.214646 0.305191 
0.206250 0.298228 
0.197484 0.290237 
0.190442 0.283038 
0.183119 0.274877 
0.176416 0.266550 
0.169451 0.257071 
0.158187 0.239150 
0.152974 0.229534 
0.147590 0.218679 
0.139018 0.198464 
0.131075 0.175691 
0.124807 0.153624 
0.119138 0.129120 
0.114834 0.105826 
0.111108 0.080329 
0.108478 0.056554 
0.106415 0.030898 
0.105212 0.007419 
0.104574 -0.017580 
0.104591 -0.040057 
0.105176 -0.063707 
0.106235 -0.084633 
0.107867 -0.106428 
0.109810 -0.125442 
0.112331 -0.145088 
0.115014 -0.162017 
0.118274 -0.179402 
0.121558 -0.194224 
0.125412 -0.209376 
0.129161 -0.222171 
0.133462 -0.235215 
0.137539 -0.246128 
0.142140 -0.257239 
0.146399 -0.266432 
0.151153 -0.275819 
0.160209 -0.291333 
0.169018 -0.304138 
0.177299 -0.314555 
0.184791 -0.322865 
0.191260 -0.329299 
0.196506 -0.334046 
0.200371 -0.337249 
0.202741 -0.339012 
0.203552 -0.339394 
0.202791 -0.338416 
0.200492 -0.336062 
0.196739 -0.332275 
0.191663 -0.326962 
0.185434 -0.319989 
0.178255 -0.311185 
0.170361 -0.300341 
0.162005 -0.287210 
0.153453 -0.271514 
0.144976 -0.252955 
0.136844 -0.231224 
0.129324 -0.206031 
0.122674 -0.177144 
0.117146 -0.144434 
0.112993 -0.107944 
0.110470 -0.067949 
0.109903 -0.046067 
0.109849 -0.025011 
0.110376 -0.001999 
0.111427 0.020002 
0.113211 0.043616 
0.115538 0.065964 
0.118766 0.089529 
0.122567 0.111588 
0.127459 0.134450 
0.132958 0.155571 
0.139763 0.177107 
0.147217 0.196748 
0.156218 0.216453 
0.165917 0.234195 
0.177419 0.251710 
0.189667 0.267278 
0.203990 0.282395 
0.219078 0.295633 
0.236503 0.308254 
0.254670 0.319104 
0.275385 0.329208 
0.296739 0.337669 
0.320759 0.345272 
0.345173 0.351356 
0.372201 0.356469 
0.399250 0.360177 
0.428645 0.362786 
0.457506 0.364075 
0.473332 0.364246 
0.488236 0.364112 
0.517771 0.362888 
0.533694 0.361672 
0.548532 0.360218 
0.563525 0.358360 
0.577442 0.356320 
0.592756 0.353618 
0.606879 0.350739 
0.620977 0.347400 
0.633932 0.343940 
0.648018 0.339617 
0.660876 0.335180 
0.673568 0.330216 
0.685111 0.325199 
0.697523 0.319094 
0.708741 0.312944 
0.719693 0.306196 
0.729556 0.299471 
0.740051 0.291411 
0.749439 0.283389 
0.758493 0.274706 
0.766552 0.266154 
0.775031 0.256009 
0.782527 0.246007 
0.795917 0.224837 
0.802402 0.212538 
0.808032 0.200542 
0.817774 0.175542 
0.822316 0.161195 
0.826132 0.147374 
0.832337 0.119036 
0.837024 0.087752 
0.839758 0.057067 
0.840787 0.023927 
0.840031 -0.007620 
0.837314 -0.040891 
0.832955 -0.071648 
0.826281 -0.103336 
0.818130 -0.131658 
0.807220 -0.160213 
0.795017 -0.184961 
0.779556 -0.209357 
0.763056 -0.229862 
0.752705 -0.240501 
0.742817 -0.249565 
0.721872 -0.265601 
0.709005 -0.273695 
0.696832 -0.280477 
0.683834 -0.286776 
0.671592 -0.292048 
0.656391 -0.297627 
0.642144 -0.302157 
0.627191 -0.306158 
0.613233 -0.309361 
0.596181 -0.312480 
0.580370 -0.314795 
0.564066 -0.316547 
0.549003 -0.317708 
0.530940 -0.318396 
0.514392 -0.318499 
0.497613 -0.318004 
0.482290 -0.317101 
0.464274 -0.315331 
0.447981 -0.313170 
0.431768 -0.310372 
0.417141 -0.307332 
0.400287 -0.303022 
0.385240 -0.298498 
0.370523 -0.293290 
0.357406 -0.288001 
0.342604 -0.281033 
0.329561 -0.274025 
0.317022 -0.266291 
0.305982 -0.258638 
0.293789 -0.248908 
0.283192 -0.239321 
0.273206 -0.229002 
0.264543 -0.218946 
0.255213 -0.206465 
0.247256 -0.194342 
0.239946 -0.181513 
0.233747 -0.169170 
0.227323 -0.154161 
0.222030 -0.139766 
0.217399 -0.124777 
0.213665 -0.110552 
0.210113 -0.093584 
0.207459 -0.077536 
0.205476 -0.061037 
0.204187 -0.045690 
0.203474 -0.027691 
0.203448 -0.010940 
0.205287 0.021507 
0.207436 0.039354 
0.210062 0.055628 
0.217120 0.086455 
0.222278 0.103122 
0.227540 0.117668 
0.239967 0.144923 
0.248145 0.159204 
0.256147 0.171472 
0.274025 0.193853 
0.285199 0.205172 
0.295917 0.214732 
0.319051 0.231571 
0.333001 0.239693 
0.346196 0.246375 
0.360472 0.252494 
0.373892 0.257466 
0.390072 0.262362 
0.405184 0.266139 
0.421188 0.269244 
0.436057 0.271486 
0.453530 0.273195 
0.469641 0.274084 
0.486334 0.274206 
0.501642 0.273721 
0.519176 0.272281 
0.535118 0.270283 
0.551273 0.267433 
0.565882 0.264207 
0.582199 0.259629 
0.596818 0.254728 
0.611296 0.248908 
0.624181 0.242941 
0.638236 0.235247 
0.650621 0.227465 
0.673065 0.210091 
0.684225 0.199360 
0.693816 0.188857 
0.710524 0.166356 
0.725057 0.140028 
0.735761 0.113398 
0.743947 0.083281 
0.748690 0.054141 
0.750578 0.022306 
0.749514 -0.007330 
0.745252 -0.038472 
0.738531 -0.066429 
0.728331 -0.094617 
0.716173 -0.119021 
0.700391 -0.142567 
0.683204 -0.162165 
0.662478 -0.180112 
0.641012 -0.194284 
0.616389 -0.206289 
0.591843 -0.214881 
0.564829 -0.220986 
0.538824 -0.224117 
0.511206 -0.224556 
0.485631 -0.222499 
0.459298 -0.217590 
0.435872 -0.210747 
0.412536 -0.200963 
0.392459 -0.189819 
0.373247 -0.175808 
0.357257 -0.160999 
0.342693 -0.143601 
0.331090 -0.125986 
0.321241 -0.106229 
0.313986 -0.086882 
0.308626 -0.065867 
0.305450 -0.046048 
0.304209 -0.025115 
0.304674 -0.005838 
0.307038 0.013871 
0.310658 0.031700 
0.316056 0.049375 
0.322270 0.065060 
0.338283 0.093362 
0.357415 0.116312 
0.378392 0.134077 
0.400017 0.147142 
0.421238 0.156179 
0.441200 0.161949 
0.459262 0.165229 
0.474989 0.166764 
0.488122 0.167231 
0.498523 0.167209 
0.506132 0.167171 
0.510921 0.167462 
0.512858 0.168295 
0.511887 0.169746 
0.507922 0.171741 
0.500861 0.174060 
0.490608 0.176334 
0.477122 0.178047 
0.460469 0.178550 
0.440887 0.177082 
0.418843 0.172794 
0.395071 0.164792 
0.370576 0.152193 
0.346594 0.134197 
0.324516 0.110201 
0.305787 0.079948 
0.291820 0.043709 
0.287186 0.024042 
0.283930 0.002442 
0.282716 -0.018993 
0.283309 -0.042134 
0.286029 -0.064437 
0.291014 -0.087654 
0.298114 -0.109357 
0.307938 -0.131406 
0.319732 -0.151177 
0.334713 -0.170726 
0.351378 -0.187485 
0.371483 -0.203328 
0.392904 -0.216210 
0.417572 -0.227459 
0.442885 -0.235713 
0.471140 -0.241869 
0.498942 -0.245045 
0.529083 -0.245664 
0.557505 -0.243443 
0.587387 -0.238152 
0.614445 -0.230251 
0.641890 -0.218757 
0.665906 -0.204882 
0.689071 -0.187116 
0.708600 -0.167270 
0.726482 -0.143402 
0.740668 -0.118080 
0.746800 -0.104337 
0.752712 -0.088853 
0.757079 -0.074858 
0.761168 -0.059223 
0.764355 -0.043612 
0.767075 -0.026243 
0.768616 -0.011046 
0.769633 0.005736 
0.769810 0.022111 
0.769227 0.040109 
0.767913 0.055351 
0.765784 0.071996 
0.762890 0.087859 
0.758890 0.105075 
0.754680 0.119201 
0.749315 0.134463 
0.743273 0.148696 
0.735743 0.163906 
0.728588 0.176035 
0.719903 0.188986 
0.710546 0.200951 
0.699574 0.213155 
0.689335 0.222919 
0.677488 0.232869 
0.665018 0.241906 
0.650724 0.250903 
0.637654 0.257901 
0.622832 0.264806 
0.607745 0.270744 
0.590729 0.276411 
0.575458 0.280541 
0.558391 0.284345 
0.541564 0.287221 
0.522860 0.289586 
0.506453 0.290855 
0.488365 0.291550 
0.471016 0.291427 
0.452000 0.290515 
0.435752 0.288945 
0.418075 0.286517 
0.401537 0.283402 
0.383654 0.279167 
0.368780 0.274742 
0.352790 0.269127 
0.338181 0.262973 
0.322581 0.255321 
0.309950 0.247994 
0.296524 0.239108 
0.284536 0.229863 
0.271907 0.218718 
0.261970 0.208494 
0.251545 0.196343 
0.242458 0.184045 
0.233079 0.169517 
0.225956 0.156575 
0.218640 0.141419 
0.212371 0.126120 
0.206377 0.108951 
0.201925 0.093550 
0.197743 0.076329 
0.194387 0.059001 
0.191519 0.039936 
0.189750 0.023169 
0.188483 0.004857 
0.187960 -0.013286 
0.188135 -0.032910 
0.188991 -0.049746 
0.190560 -0.067832 
0.192833 -0.085417 
0.196047 -0.104143 
0.199517 -0.119814 
0.203941 -0.136409 
0.209046 -0.152247 
0.215380 -0.168884 
0.221513 -0.182472 
0.228877 -0.196690 
0.236897 -0.210014 
0.246471 -0.223838 
