0.777222 0.094697 
0.778802 0.103648 
0.780146 0.112719 
0.781252 0.121888 
0.782120 0.131133 
0.782749 0.140433 
0.783138 0.149764 
0.783287 0.159106 
0.783197 0.168436 
0.782870 0.177734 
0.782306 0.186977 
0.781506 0.196147 
0.780474 0.205223 
0.779212 0.214187 
0.777722 0.223020 
0.776008 0.231707 
0.774073 0.240231 
0.771923 0.248578 
0.769560 0.256733 
0.766992 0.264686 
0.764222 0.272425 
0.761258 0.279940 
0.758105 0.287222 
0.754772 0.294265 
0.751265 0.301061 
0.747593 0.307606 
0.743765 0.313895 
0.739790 0.319926 
0.735677 0.325697 
0.731436 0.331206 
0.727079 0.336453 
0.722617 0.341440 
0.718060 0.346166 
0.713420 0.350633 
0.708710 0.354845 
0.703941 0.358804 
0.699127 0.362512 
0.694278 0.365975 
0.689409 0.369195 
0.684531 0.372178 
0.679656 0.374926 
0.674797 0.377446 
0.669965 0.379740 
0.665172 0.381815 
0.660428 0.383675 
0.655745 0.385325 
0.651133 0.386769 
0.646600 0.388012 
0.642156 0.389060 
0.637809 0.389917 
0.633566 0.390587 
0.629435 0.391076 
0.625421 0.391389 
0.621530 0.391529 
0.617767 0.391502 
0.614135 0.391313 
0.610638 0.390965 
0.607279 0.390464 
0.604058 0.389814 
0.600978 0.389020 
0.598039 0.388086 
0.595242 0.387017 
0.592585 0.385817 
0.590068 0.384492 
0.587690 0.383044 
0.585448 0.381480 
0.583341 0.379802 
0.581367 0.378015 
0.579522 0.376124 
0.577805 0.374133 
0.576212 0.372045 
0.574740 0.369864 
0.573387 0.367594 
0.572148 0.365238 
0.571021 0.362801 
0.570003 0.360285 
0.569091 0.357692 
0.568282 0.355027 
0.567573 0.352292 
0.566961 0.349489 
0.566444 0.346619 
0.566019 0.343687 
0.565684 0.340692 
0.565436 0.337636 
0.565274 0.334521 
0.565195 0.331348 
0.565197 0.328118 
0.565278 0.324831 
0.565437 0.321487 
0.565671 0.318086 
0.565978 0.314630 
0.566356 0.311116 
0.566804 0.307545 
0.567318 0.303916 
0.567896 0.300229 
0.568537 0.296482 
0.569236 0.292674 
0.569992 0.288805 
0.570801 0.284872 
0.571659 0.280876 
0.572564 0.276814 
0.573510 0.272686 
0.574495 0.268490 
0.575513 0.264224 
0.576561 0.259889 
0.577633 0.255483 
0.578724 0.251005 
0.579829 0.246455 
0.580942 0.241832 
0.582060 0.237136 
0.583175 0.232367 
0.584282 0.227525 
0.585376 0.222611 
0.586452 0.217626 
0.587503 0.212571 
0.588526 0.207448 
0.589514 0.202259 
0.590464 0.197005 
0.591372 0.191689 
0.592232 0.186315 
0.593042 0.180885 
0.593799 0.175403 
0.594500 0.169873 
0.595144 0.164299 
0.595729 0.158685 
0.596255 0.153036 
0.596722 0.147356 
0.597130 0.141651 
0.597483 0.135925 
0.597781 0.130184 
0.598028 0.124432 
0.598228 0.118676 
0.598385 0.112920 
0.598506 0.107169 
0.598595 0.101430 
0.598661 0.095707 
0.598710 0.090005 
0.598751 0.084331 
0.598792 0.078689 
0.598843 0.073084 
0.598914 0.067523 
0.599015 0.062010 
0.599155 0.056550 
0.599348 0.051150 
0.599602 0.045815 
0.599931 0.040551 
0.600344 0.035365 
0.600854 0.030261 
0.601471 0.025248 
0.602206 0.020332 
0.603070 0.015520 
0.604073 0.010821 
0.605224 0.006242 
0.606533 0.001791 
0.608007 -0.002522 
0.609654 -0.006687 
0.611481 -0.010697 
0.613493 -0.014539 
0.615694 -0.018204 
0.618088 -0.021681 
0.620676 -0.024960 
0.623459 -0.028027 
0.626437 -0.030873 
0.629607 -0.033486 
0.632966 -0.035854 
0.636509 -0.037966 
0.640230 -0.039810 
0.644120 -0.041376 
0.648172 -0.042651 
0.652375 -0.043627 
0.656717 -0.044293 
0.661186 -0.044638 
0.665767 -0.044656 
0.670448 -0.044336 
0.675211 -0.043672 
0.680042 -0.042658 
0.684924 -0.041286 
0.689839 -0.039553 
0.694771 -0.037455 
0.699703 -0.034988 
0.704617 -0.032151 
0.709496 -0.028943 
0.714324 -0.025364 
0.719084 -0.021417 
0.723760 -0.017104 
0.728338 -0.012430 
0.732803 -0.007398 
0.737140 -0.002016 
0.741337 0.003708 
0.745382 0.009766 
0.749264 0.016148 
0.752972 0.022841 
0.756497 0.029834 
0.759829 0.037113 
0.762962 0.044663 
0.765888 0.052468 
0.768600 0.060511 
0.771094 0.068775 
0.773365 0.077240 
0.775409 0.085888 
