0.812496 -0.002348 
0.813120 0.011494 
0.813302 0.025302 
0.813122 0.040146 
0.812507 0.052949 
0.811529 0.066629 
0.810114 0.080107 
0.808212 0.094495 
0.806108 0.106697 
0.803523 0.119661 
0.800503 0.132272 
0.796855 0.145647 
0.793245 0.156825 
0.789019 0.168634 
0.784370 0.179965 
0.778937 0.191913 
0.773786 0.201769 
0.767873 0.212132 
0.761563 0.221934 
0.754301 0.232215 
0.747566 0.240609 
0.739908 0.249397 
0.731935 0.257544 
0.722849 0.266044 
0.714517 0.272924 
0.705108 0.280089 
0.695517 0.286582 
0.684670 0.293312 
0.674800 0.298695 
0.663722 0.304259 
0.652645 0.309164 
0.640208 0.314194 
0.628978 0.318131 
0.616454 0.322151 
0.604132 0.325562 
0.590406 0.328990 
0.578129 0.331552 
0.564532 0.334096 
0.551120 0.336162 
0.536771 0.338020 
0.523669 0.339322 
0.509699 0.340413 
0.495894 0.341124 
0.481281 0.341560 
0.468053 0.341591 
0.454102 0.341342 
0.440455 0.340743 
0.426136 0.339801 
0.413305 0.338589 
0.399895 0.337027 
0.386925 0.335140 
0.373424 0.332834 
0.361449 0.330385 
0.349024 0.327510 
0.337128 0.324331 
0.324825 0.320646 
0.314033 0.316949 
0.302902 0.312741 
0.292333 0.308244 
0.281465 0.303148 
0.272031 0.298173 
0.262350 0.292598 
0.253238 0.286753 
0.243913 0.280209 
0.235899 0.273932 
0.227712 0.266960 
0.220073 0.259745 
0.212290 0.251730 
0.205675 0.244145 
0.198947 0.235776 
0.192723 0.227199 
0.186413 0.217728 
0.181118 0.208869 
0.175763 0.199155 
0.170862 0.189279 
0.165925 0.178439 
0.161849 0.168409 
0.157758 0.157473 
0.154074 0.146450 
0.150401 0.134425 
0.147439 0.123417 
0.144505 0.111490 
0.141929 0.099562 
0.139410 0.086632 
0.137463 0.074930 
0.135584 0.062333 
0.134023 0.049835 
0.132561 0.036380 
0.131542 0.024341 
0.130632 0.011465 
0.130004 -0.001206 
0.129520 -0.014755 
0.129359 -0.026744 
0.129345 -0.039476 
0.129587 -0.051918 
0.130018 -0.065136 
0.130658 -0.076703 
0.131487 -0.088913 
0.132550 -0.100765 
0.133849 -0.113275 
0.135249 -0.124116 
0.136879 -0.135493 
0.138730 -0.146480 
0.140863 -0.158010 
0.142995 -0.167917 
0.145395 -0.178255 
0.148009 -0.188195 
0.150951 -0.198577 
0.153792 -0.207427 
0.156940 -0.216623 
0.160299 -0.225438 
0.164030 -0.234602 
0.167562 -0.242363 
0.171434 -0.250393 
0.175521 -0.258074 
0.180021 -0.266032 
0.188794 -0.279634 
0.193587 -0.286229 
0.198824 -0.293040 
0.208902 -0.304595 
0.220301 -0.315940 
0.231595 -0.325635 
0.244253 -0.335118 
0.256635 -0.343153 
0.270400 -0.350983 
0.283703 -0.357557 
0.298378 -0.363936 
0.312395 -0.369237 
0.327739 -0.374354 
0.342228 -0.378555 
0.357969 -0.382582 
0.372663 -0.385838 
0.388509 -0.388930 
0.403137 -0.391380 
0.418796 -0.393675 
0.433094 -0.395443 
0.448292 -0.397064 
0.462023 -0.398261 
0.476522 -0.399320 
0.489485 -0.400043 
0.503086 -0.400640 
0.515123 -0.400978 
0.527681 -0.401202 
0.538670 -0.401234 
0.550090 -0.401169 
0.570180 -0.400687 
0.587886 -0.399889 
0.603194 -0.398894 
0.616125 -0.397807 
0.626726 -0.396722 
0.635049 -0.395717 
0.641152 -0.394855 
0.645085 -0.394183 
0.646889 -0.393732 
0.646591 -0.393518 
0.644206 -0.393539 
0.639736 -0.393777 
0.633170 -0.394198 
0.624491 -0.394752 
0.613679 -0.395378 
0.600716 -0.395997 
0.585599 -0.396524 
0.568343 -0.396857 
0.548996 -0.396888 
0.527651 -0.396495 
0.504454 -0.395549 
0.479614 -0.393909 
0.453403 -0.391421 
0.426160 -0.387919 
0.398279 -0.383222 
0.383824 -0.380261 
0.370191 -0.377134 
0.355834 -0.373384 
0.342345 -0.369439 
0.328305 -0.364781 
0.315184 -0.359903 
0.301676 -0.354212 
0.289123 -0.348274 
0.276332 -0.341411 
0.264527 -0.334282 
0.252618 -0.326107 
0.241705 -0.317647 
0.230809 -0.308018 
0.220901 -0.298089 
0.211118 -0.286869 
0.202300 -0.275343 
0.193701 -0.262408 
0.186037 -0.249185 
0.178675 -0.234449 
0.172209 -0.219468 
0.166121 -0.202900 
0.160887 -0.186161 
0.156102 -0.167804 
0.152133 -0.149406 
0.148686 -0.129418 
0.146015 -0.109553 
0.143944 -0.088200 
0.142616 -0.067197 
0.142217 -0.055817 
0.141973 -0.044874 
0.142046 -0.023169 
0.142408 -0.011519 
0.142901 -0.000379 
0.143622 0.010816 
0.144449 0.021511 
0.145616 0.033144 
0.146890 0.044202 
0.148407 0.055239 
0.150008 0.065720 
0.152034 0.077039 
0.154143 0.087736 
0.156515 0.098337 
0.158945 0.108347 
0.161893 0.119079 
0.164900 0.129162 
0.168190 0.139086 
0.171513 0.148403 
0.175458 0.158326 
0.179434 0.167596 
0.183713 0.176649 
0.187991 0.185097 
0.193005 0.194038 
0.198018 0.202342 
0.208658 0.217870 
0.214817 0.225725 
0.220933 0.232976 
0.233761 0.246380 
0.241126 0.253093 
0.248388 0.259244 
0.263471 0.270464 
0.280489 0.281049 
0.297811 0.290079 
0.317175 0.298395 
0.336586 0.305249 
0.358075 0.311303 
0.379307 0.316010 
0.402584 0.319817 
0.425142 0.322381 
0.449627 0.323921 
0.472920 0.324335 
0.497897 0.323563 
0.521209 0.321784 
0.534009 0.320259 
0.545859 0.318626 
0.568468 0.314580 
0.580730 0.311779 
0.592006 0.308937 
0.603046 0.305731 
0.613224 0.302525 
0.624584 0.298390 
0.634966 0.294281 
0.645018 0.289808 
0.654235 0.285394 
0.664412 0.279868 
0.673656 0.274436 
0.682507 0.268646 
0.690577 0.262978 
0.699378 0.256021 
0.707320 0.249231 
0.714843 0.242092 
0.721659 0.235140 
0.728983 0.226738 
0.735540 0.218583 
0.741664 0.210110 
0.747167 0.201899 
0.752964 0.192107 
0.758100 0.182648 
0.762807 0.172914 
0.766980 0.163526 
0.771247 0.152476 
0.774954 0.141858 
0.778240 0.131031 
0.781083 0.120640 
0.783828 0.108567 
0.786111 0.097028 
0.787981 0.085385 
0.789492 0.074274 
0.790721 0.061529 
0.791578 0.049430 
0.792031 0.037333 
0.792202 0.025865 
0.791912 0.012887 
0.791331 0.000651 
0.790352 -0.011458 
0.789165 -0.022851 
0.787338 -0.035572 
0.785298 -0.047477 
0.782853 -0.059159 
0.780287 -0.070040 
0.776897 -0.082037 
0.773371 -0.093176 
0.765457 -0.113994 
0.760474 -0.124873 
0.755449 -0.134874 
0.744592 -0.153325 
0.737951 -0.162835 
0.731488 -0.171399 
0.717716 -0.187050 
0.709519 -0.194933 
0.701609 -0.201971 
0.685051 -0.214574 
0.675413 -0.220737 
0.666169 -0.226173 
0.647123 -0.235612 
0.636256 -0.240021 
0.625890 -0.243830 
0.615119 -0.247192 
0.604850 -0.250075 
0.593076 -0.252734 
0.581906 -0.254915 
0.570445 -0.256631 
0.559575 -0.257973 
0.547322 -0.258902 
0.535758 -0.259464 
0.524048 -0.259549 
0.513003 -0.259354 
0.500761 -0.258576 
0.489279 -0.257531 
0.477803 -0.256000 
0.467041 -0.254276 
0.455312 -0.251814 
0.444376 -0.249174 
0.433601 -0.246049 
0.423561 -0.242816 
0.412795 -0.238701 
0.402822 -0.234493 
0.384179 -0.225110 
0.374716 -0.219383 
0.366028 -0.213671 
0.350110 -0.201421 
0.334990 -0.187054 
0.322134 -0.172217 
0.310297 -0.155247 
0.300650 -0.138243 
0.292216 -0.119213 
0.285777 -0.100565 
0.280733 -0.080172 
0.277447 -0.060557 
0.275706 -0.039613 
0.275482 -0.019816 
0.276910 0.000817 
0.279622 0.019996 
0.284046 0.039500 
0.289528 0.057334 
0.296734 0.075023 
0.304767 0.090922 
0.314479 0.106291 
0.324776 0.119844 
0.336672 0.132596 
0.348840 0.143558 
0.362507 0.153547 
0.376088 0.161845 
0.390982 0.169043 
0.405508 0.174742 
0.421049 0.179247 
0.436003 0.182472 
0.451619 0.184459 
0.466472 0.185383 
0.481633 0.185076 
0.495890 0.183917 
0.510175 0.181556 
0.523394 0.178585 
0.536404 0.174475 
0.548335 0.169947 
0.559819 0.164409 
0.570293 0.158605 
0.580134 0.151951 
0.589071 0.145183 
0.604662 0.130306 
0.617214 0.114580 
0.626980 0.098569 
0.634290 0.082771 
0.639515 0.067606 
0.643043 0.053413 
0.645262 0.040444 
0.646541 0.028880 
0.647224 0.018839 
0.647613 0.010397 
0.647969 0.003600 
0.648503 -0.001518 
0.649371 -0.004921 
0.650667 -0.006564 
0.652428 -0.006385 
0.654618 -0.004308 
0.657137 -0.000245 
0.659810 0.005894 
0.662393 0.014183 
0.664572 0.024663 
0.665971 0.037320 
0.666162 0.052054 
0.664675 0.068664 
0.661013 0.086824 
0.654675 0.106079 
0.645179 0.125849 
0.632091 0.145449 
0.624079 0.154810 
0.615066 0.164123 
0.605067 0.172685 
0.593895 0.181081 
0.581842 0.188521 
0.568569 0.195536 
0.554601 0.201438 
0.539337 0.206743 
0.523701 0.210768 
0.506750 0.214009 
0.489795 0.215870 
0.471686 0.216710 
0.453899 0.216137 
0.435306 0.214290 
0.417416 0.211030 
0.398967 0.206261 
0.381680 0.200120 
0.364091 0.192218 
0.348068 0.183054 
0.332028 0.171878 
0.317830 0.159610 
0.303950 0.145146 
0.291997 0.129762 
0.280793 0.112218 
0.271508 0.093989 
0.263261 0.073698 
0.256934 0.053136 
0.254308 0.042298 
0.251862 0.030674 
0.250171 0.019954 
0.248677 0.008509 
0.247682 -0.002991 
0.246965 -0.015275 
0.246865 -0.026344 
0.247059 -0.038119 
0.247762 -0.049791 
0.248860 -0.062208 
0.250398 -0.073144 
0.252345 -0.084731 
0.254805 -0.096060 
0.257800 -0.108052 
0.261017 -0.118384 
0.264776 -0.129288 
0.269045 -0.139811 
0.274005 -0.150875 
0.278935 -0.160218 
0.284554 -0.170031 
0.290692 -0.179447 
0.297620 -0.189093 
0.304313 -0.197244 
0.311782 -0.205596 
0.319748 -0.213524 
0.328625 -0.221569 
0.337042 -0.228272 
0.346342 -0.235060 
0.356006 -0.241317 
0.366682 -0.247596 
0.376668 -0.252714 
0.387628 -0.257822 
0.398763 -0.262349 
0.410981 -0.266803 
0.422236 -0.270272 
0.434513 -0.273637 
0.446765 -0.276426 
0.460127 -0.279038 
0.472218 -0.280843 
0.485326 -0.282441 
0.498205 -0.283493 
0.512157 -0.284249 
0.524553 -0.284393 
0.537908 -0.284211 
0.550836 -0.283524 
0.564746 -0.282402 
0.576878 -0.280881 
0.589873 -0.278901 
0.602274 -0.276458 
0.615530 -0.273426 
0.626878 -0.270227 
0.638966 -0.266416 
0.650364 -0.262188 
0.662449 -0.257200 
0.672615 -0.252300 
0.683380 -0.246626 
0.693546 -0.240525 
0.703970 -0.233596 
0.712797 -0.226930 
0.721870 -0.219429 
0.730443 -0.211474 
0.739140 -0.202573 
0.746394 -0.194184 
0.753744 -0.184876 
0.760612 -0.175129 
0.767504 -0.164324 
0.773121 -0.154332 
0.778739 -0.143342 
0.783883 -0.131967 
0.788962 -0.119461 
0.792955 -0.108098 
0.796867 -0.095693 
0.800315 -0.083005 
0.803608 -0.069161 
0.806023 -0.056800 
0.808272 -0.043403 
0.810068 -0.029867 
0.811611 -0.015208 
