0.409693 0.295969 
0.399813 0.294545 
0.389930 0.292797 
0.379670 0.290794 
0.370615 0.288636 
0.361253 0.286237 
0.351953 0.283493 
0.342324 0.280441 
0.333922 0.277341 
0.325254 0.273951 
0.316705 0.270196 
0.307880 0.266078 
0.300254 0.262019 
0.292404 0.257622 
0.284730 0.252844 
0.276827 0.247646 
0.270059 0.242618 
0.263107 0.237200 
0.256378 0.231397 
0.249461 0.225115 
0.243583 0.219108 
0.237552 0.212658 
0.231804 0.205849 
0.225908 0.198515 
0.220930 0.191541 
0.215832 0.184080 
0.211059 0.176311 
0.206175 0.167980 
0.202089 0.160086 
0.197913 0.151675 
0.194087 0.143025 
0.190185 0.133792 
0.186971 0.125077 
0.183697 0.115828 
0.180777 0.106417 
0.177813 0.096416 
0.175444 0.087026 
0.173042 0.077107 
0.170939 0.067065 
0.168918 0.056515 
0.167318 0.046616 
0.165796 0.036253 
0.164523 0.025825 
0.163359 0.014927 
0.162540 0.004767 
0.161827 -0.005814 
0.161354 -0.016388 
0.161013 -0.027385 
0.160951 -0.037566 
0.161021 -0.048119 
0.161323 -0.058582 
0.161784 -0.069416 
0.162461 -0.079374 
0.163296 -0.089652 
0.164358 -0.099774 
0.165607 -0.110214 
0.167012 -0.119732 
0.168602 -0.129521 
0.170416 -0.139107 
0.172448 -0.148957 
0.174575 -0.157870 
0.176917 -0.167005 
0.179482 -0.175899 
0.182298 -0.185010 
0.185150 -0.193195 
0.188246 -0.201560 
0.191566 -0.209661 
0.195171 -0.217939 
0.198748 -0.225321 
0.202603 -0.232849 
0.206683 -0.240105 
0.211084 -0.247505 
0.215392 -0.254056 
0.220005 -0.260721 
0.224849 -0.267121 
0.230047 -0.273632 
0.235083 -0.279357 
0.240452 -0.285170 
0.246054 -0.290726 
0.252039 -0.296369 
0.257791 -0.301294 
0.263898 -0.306286 
0.270240 -0.311035 
0.276990 -0.315851 
0.283428 -0.320018 
0.290238 -0.324235 
0.297283 -0.328226 
0.304751 -0.332265 
0.311826 -0.335726 
0.319282 -0.339223 
0.326967 -0.342509 
0.335082 -0.345830 
0.342721 -0.348639 
0.350734 -0.351470 
0.358971 -0.354108 
0.367633 -0.356768 
0.375733 -0.358980 
0.384195 -0.361205 
0.392868 -0.363248 
0.401944 -0.365303 
0.410382 -0.366969 
0.419153 -0.368640 
0.428124 -0.370141 
0.437463 -0.371643 
0.446098 -0.372813 
0.455024 -0.373981 
0.464134 -0.374985 
0.473570 -0.375984 
0.482246 -0.376702 
0.491168 -0.377412 
0.500262 -0.377963 
0.509624 -0.378504 
0.518192 -0.378809 
0.526954 -0.379103 
0.535872 -0.379240 
0.545007 -0.379363 
0.561792 -0.379209 
0.570400 -0.378966 
0.579169 -0.378708 
0.595173 -0.377868 
0.611653 -0.376674 
0.626700 -0.375210 
0.642120 -0.373385 
0.656089 -0.371356 
0.670348 -0.368960 
0.683171 -0.366422 
0.696218 -0.363514 
0.707877 -0.360524 
0.719706 -0.357162 
0.730216 -0.353778 
0.740856 -0.350023 
0.750260 -0.346303 
0.759764 -0.342219 
0.768123 -0.338224 
0.776559 -0.333877 
0.783946 -0.329671 
0.791390 -0.325131 
0.797880 -0.320782 
0.804413 -0.316121 
0.810084 -0.311695 
0.815786 -0.306989 
0.820713 -0.302558 
0.825660 -0.297883 
0.829913 -0.293512 
0.834178 -0.288947 
0.841471 -0.280326 
0.847657 -0.272159 
0.852841 -0.264576 
0.857117 -0.257695 
0.860562 -0.251623 
0.863244 -0.246452 
0.865217 -0.242256 
0.866524 -0.239093 
0.867198 -0.237001 
0.867257 -0.236002 
0.866714 -0.236099 
0.865569 -0.237278 
0.863810 -0.239506 
0.861419 -0.242734 
0.858366 -0.246901 
0.854613 -0.251928 
0.850111 -0.257725 
0.844804 -0.264190 
0.838624 -0.271215 
0.831497 -0.278682 
0.823342 -0.286470 
0.814069 -0.294453 
0.803583 -0.302509 
0.791787 -0.310514 
0.778581 -0.318348 
0.771232 -0.322230 
0.763870 -0.325896 
0.755726 -0.329589 
0.747564 -0.333048 
0.738583 -0.336498 
0.729587 -0.339701 
0.719739 -0.342856 
0.709884 -0.345754 
0.699149 -0.348567 
0.688428 -0.351117 
0.676805 -0.353541 
0.665227 -0.355697 
0.652740 -0.357690 
0.640338 -0.359411 
0.627036 -0.360928 
0.613870 -0.362172 
0.599831 -0.363172 
0.585993 -0.363896 
0.571328 -0.364334 
0.556939 -0.364495 
0.541790 -0.364326 
0.527001 -0.363879 
0.511533 -0.363053 
0.496521 -0.361950 
0.480928 -0.360418 
0.465880 -0.358607 
0.450362 -0.356314 
0.435479 -0.353740 
0.427773 -0.352190 
0.420238 -0.350627 
0.405715 -0.347232 
0.398238 -0.345240 
0.390948 -0.343237 
0.383876 -0.341104 
0.376966 -0.338960 
0.369807 -0.336494 
0.362850 -0.334018 
0.356122 -0.331411 
0.349572 -0.328795 
0.342811 -0.325821 
0.336260 -0.322840 
0.329951 -0.319727 
0.323819 -0.316607 
0.317521 -0.313092 
0.311436 -0.309573 
0.305599 -0.305923 
0.299941 -0.302269 
0.294158 -0.298179 
0.288581 -0.294090 
0.283264 -0.289875 
0.278115 -0.285662 
0.272883 -0.280972 
0.267852 -0.276289 
0.258468 -0.266687 
0.253813 -0.261373 
0.249344 -0.256074 
0.241082 -0.245276 
0.237020 -0.239324 
0.233129 -0.233402 
0.226009 -0.221403 
0.219245 -0.208277 
0.213278 -0.195106 
0.207712 -0.180764 
0.202908 -0.166500 
0.198550 -0.151042 
0.194911 -0.135793 
0.191773 -0.119341 
0.189309 -0.103295 
0.187406 -0.086059 
0.186128 -0.069422 
0.185486 -0.051654 
0.185412 -0.034684 
0.185724 -0.025577 
0.186059 -0.016690 
0.187219 0.000335 
0.188197 0.009417 
0.189191 0.018237 
0.190402 0.026735 
0.191621 0.035015 
0.193288 0.043902 
0.194961 0.052499 
0.196831 0.060737 
0.198702 0.068734 
0.201082 0.077268 
0.203457 0.085493 
0.206009 0.093329 
0.208555 0.100911 
0.211669 0.108946 
0.214767 0.116663 
0.218024 0.123980 
0.221267 0.131035 
0.225137 0.138457 
0.228980 0.145559 
0.232959 0.152253 
0.236914 0.158688 
0.241552 0.165398 
0.246150 0.171801 
0.250864 0.177801 
0.255542 0.183548 
0.260951 0.189483 
0.266304 0.195124 
0.271751 0.200373 
0.277148 0.205388 
0.283316 0.210501 
0.289412 0.215346 
0.295569 0.219809 
0.301661 0.224059 
0.308553 0.228326 
0.315350 0.232346 
0.322175 0.236006 
0.328918 0.239474 
0.336471 0.242879 
0.343905 0.246065 
0.351326 0.248907 
0.358644 0.251586 
0.366759 0.254122 
0.374734 0.256470 
0.382647 0.258484 
0.390437 0.260374 
0.398990 0.262041 
0.407375 0.263548 
0.423770 0.265829 
0.432601 0.266624 
0.441237 0.267293 
0.458004 0.267947 
0.466925 0.267842 
0.475638 0.267699 
0.492417 0.266719 
0.501240 0.265750 
0.509833 0.264760 
0.526256 0.262141 
0.534788 0.260312 
0.543071 0.258474 
0.558782 0.254218 
0.566843 0.251534 
0.574645 0.248852 
0.582092 0.245909 
0.589324 0.242969 
0.596758 0.239444 
0.603933 0.235933 
0.610731 0.232187 
0.617317 0.228454 
0.623996 0.224114 
0.630432 0.219796 
0.636475 0.215277 
0.642316 0.210778 
0.648155 0.205665 
0.653764 0.200584 
0.658976 0.195340 
0.664007 0.190122 
0.668944 0.184296 
0.673677 0.178512 
0.678008 0.172615 
0.682189 0.166750 
0.686189 0.160301 
0.690020 0.153899 
0.696757 0.141031 
0.699802 0.134067 
0.702729 0.127157 
0.707683 0.113433 
0.711803 0.098804 
0.714993 0.084525 
0.717287 0.069455 
0.718755 0.054948 
0.719272 0.039807 
0.719071 0.025383 
0.717878 0.010535 
0.716071 -0.003488 
0.713252 -0.017708 
0.709919 -0.031030 
0.705577 -0.044326 
0.700814 -0.056690 
0.695071 -0.068823 
0.688998 -0.080021 
0.681997 -0.090814 
0.674756 -0.100698 
0.666664 -0.110038 
0.658423 -0.118514 
0.649417 -0.126342 
0.640381 -0.133369 
0.630663 -0.139676 
0.621047 -0.145258 
0.610861 -0.150071 
0.600862 -0.154250 
0.590448 -0.157636 
0.580275 -0.160476 
0.569863 -0.162521 
0.559725 -0.164110 
0.549520 -0.164920 
0.539612 -0.165365 
0.529791 -0.165045 
0.520292 -0.164477 
0.511014 -0.163182 
0.502054 -0.161705 
0.493442 -0.159579 
0.485117 -0.157318 
0.477262 -0.154496 
0.469628 -0.151594 
0.455665 -0.144811 
0.443244 -0.137241 
0.432326 -0.129148 
0.422832 -0.120780 
0.414650 -0.112365 
0.407645 -0.104110 
0.401670 -0.096200 
0.396573 -0.088796 
0.392206 -0.082038 
0.388429 -0.076047 
0.385115 -0.070930 
0.382157 -0.066777 
0.379470 -0.063671 
0.376998 -0.061687 
0.374710 -0.060889 
0.372610 -0.061339 
0.370734 -0.063084 
0.369153 -0.066164 
0.367969 -0.070599 
0.367319 -0.076388 
0.367369 -0.083499 
0.368310 -0.091867 
0.370355 -0.101384 
0.373731 -0.111895 
0.378670 -0.123199 
0.385402 -0.135042 
0.394142 -0.147128 
0.399495 -0.153128 
0.405075 -0.159122 
0.411557 -0.164900 
0.418346 -0.170659 
0.425983 -0.176062 
0.434038 -0.181356 
0.442843 -0.186169 
0.452156 -0.190826 
0.462095 -0.194861 
0.472609 -0.198684 
0.483608 -0.201776 
0.495195 -0.204560 
0.507119 -0.206552 
0.519597 -0.208102 
0.532221 -0.208813 
0.545381 -0.208984 
0.558446 -0.208268 
0.572013 -0.206907 
0.585231 -0.204636 
0.598882 -0.201602 
0.611957 -0.197663 
0.625341 -0.192835 
0.637999 -0.187125 
0.650741 -0.180416 
0.662644 -0.172865 
0.674470 -0.164214 
0.685321 -0.154795 
0.690636 -0.149586 
0.695980 -0.144177 
0.700751 -0.138639 
0.705543 -0.132913 
0.710162 -0.126757 
0.714808 -0.120365 
0.718839 -0.113963 
0.722890 -0.107343 
0.726722 -0.100294 
0.730574 -0.092978 
0.733796 -0.085787 
0.737030 -0.078360 
0.740002 -0.070513 
0.742982 -0.062384 
0.745338 -0.054524 
0.747699 -0.046420 
0.749757 -0.037924 
0.751802 -0.029136 
0.753255 -0.020763 
0.754698 -0.012150 
0.755830 -0.003212 
0.756857 0.006039 
0.757409 0.014717 
0.757864 0.023661 
0.758005 0.032814 
0.758003 0.042273 
0.757601 0.051063 
0.757060 0.060114 
0.756178 0.069223 
0.755116 0.078616 
0.753727 0.087280 
0.752157 0.096190 
0.750233 0.105025 
0.748086 0.114120 
0.745683 0.122424 
0.743057 0.130951 
0.740070 0.139311 
0.736808 0.147904 
0.733374 0.155653 
0.729670 0.163596 
0.725598 0.171309 
0.721202 0.179221 
0.716724 0.186260 
0.711931 0.193464 
0.706765 0.200390 
0.701223 0.207483 
0.695705 0.213700 
0.689827 0.220053 
0.683578 0.226095 
0.676901 0.232271 
0.670373 0.237590 
0.663440 0.243019 
0.656146 0.248121 
0.648378 0.253317 
0.640897 0.257700 
0.632982 0.262163 
0.624717 0.266330 
0.615953 0.270474 
0.607627 0.273938 
0.598842 0.277385 
0.589739 0.280564 
0.580119 0.283683 
0.571098 0.286200 
0.561613 0.288656 
0.551854 0.290844 
0.541577 0.292939 
0.532061 0.294510 
0.522094 0.295989 
0.511906 0.297189 
0.501221 0.298263 
0.491449 0.298896 
0.481247 0.299406 
0.470894 0.299624 
0.460076 0.299678 
0.450303 0.299381 
0.440134 0.298925 
0.429887 0.298162 
0.419217 0.297193 
