0.688899 0.261020 
0.680474 0.267088 
0.671648 0.272813 
0.661968 0.278622 
0.653067 0.283347 
0.643383 0.288129 
0.633339 0.292559 
0.622374 0.297015 
0.612435 0.300533 
0.601666 0.304055 
0.590607 0.307222 
0.578599 0.310354 
0.567846 0.312705 
0.556254 0.315005 
0.544482 0.316946 
0.531773 0.318786 
0.520515 0.320008 
0.508441 0.321120 
0.496329 0.321871 
0.483323 0.322453 
0.471901 0.322576 
0.459707 0.322523 
0.447674 0.322110 
0.434829 0.321455 
0.423607 0.320489 
0.411685 0.319276 
0.400117 0.317716 
0.387835 0.315836 
0.377151 0.313777 
0.365855 0.311394 
0.355068 0.308689 
0.343673 0.305581 
0.333810 0.302415 
0.323426 0.298841 
0.313638 0.294979 
0.303350 0.290624 
0.294500 0.286329 
0.285219 0.281541 
0.276442 0.276470 
0.267505 0.270870 
0.259668 0.265399 
0.251689 0.259399 
0.244116 0.253117 
0.236454 0.246242 
0.229774 0.239599 
0.223019 0.232371 
0.216655 0.224878 
0.210250 0.216731 
0.204715 0.208933 
0.199151 0.200497 
0.193965 0.191837 
0.188776 0.182470 
0.184345 0.173584 
0.179920 0.164022 
0.175851 0.154285 
0.171811 0.143808 
0.168424 0.133964 
0.165075 0.123423 
0.162052 0.112769 
0.159091 0.101365 
0.156680 0.090754 
0.154337 0.079452 
0.152296 0.068121 
0.150348 0.056059 
0.148852 0.044942 
0.147454 0.033166 
0.146335 0.021457 
0.145342 0.009061 
0.144707 -0.002250 
0.144201 -0.014167 
0.143954 -0.025927 
0.143868 -0.038310 
0.144051 -0.049494 
0.144396 -0.061213 
0.144985 -0.072699 
0.145770 -0.084726 
0.146741 -0.095489 
0.147907 -0.106707 
0.149306 -0.117629 
0.150941 -0.129007 
0.152678 -0.139100 
0.154647 -0.149572 
0.156842 -0.159710 
0.159315 -0.170226 
0.161807 -0.179474 
0.164569 -0.189033 
0.167553 -0.198240 
0.170860 -0.207757 
0.174101 -0.216060 
0.177652 -0.224614 
0.181423 -0.232817 
0.185561 -0.241271 
0.189549 -0.248591 
0.193882 -0.256109 
0.198439 -0.263296 
0.203406 -0.270684 
0.208133 -0.277033 
0.213240 -0.283541 
0.218576 -0.289739 
0.224357 -0.296096 
0.229808 -0.301520 
0.235668 -0.307067 
0.241761 -0.312335 
0.248330 -0.317726 
0.254478 -0.322293 
0.261050 -0.326951 
0.267861 -0.331360 
0.275167 -0.335862 
0.281958 -0.339645 
0.289182 -0.343495 
0.296650 -0.347126 
0.304616 -0.350822 
0.311976 -0.353899 
0.319761 -0.357022 
0.327791 -0.359951 
0.336314 -0.362927 
0.352371 -0.367849 
0.360846 -0.370151 
0.369787 -0.372484 
0.386489 -0.376271 
0.404468 -0.379780 
0.421513 -0.382565 
0.439722 -0.385078 
0.456792 -0.386980 
0.474895 -0.388614 
0.491681 -0.389741 
0.509359 -0.390605 
0.525582 -0.391054 
0.542557 -0.391243 
0.557985 -0.391104 
0.574033 -0.390707 
0.588488 -0.390062 
0.603448 -0.389162 
0.616811 -0.388087 
0.630580 -0.386763 
0.642787 -0.385329 
0.655314 -0.383657 
0.666344 -0.381935 
0.677625 -0.379987 
0.687493 -0.378044 
0.697553 -0.375892 
0.706297 -0.373794 
0.715188 -0.371508 
0.722861 -0.369317 
0.730648 -0.366967 
0.744066 -0.362399 
0.755582 -0.357928 
0.765328 -0.353670 
0.773430 -0.349735 
0.780000 -0.346219 
0.785136 -0.343208 
0.788917 -0.340773 
0.791407 -0.338966 
0.792652 -0.337826 
0.792681 -0.337371 
0.791507 -0.337603 
0.789125 -0.338506 
0.785516 -0.340046 
0.780643 -0.342173 
0.774457 -0.344822 
0.766897 -0.347917 
0.757887 -0.351368 
0.747344 -0.355080 
0.735180 -0.358946 
0.721303 -0.362858 
0.705626 -0.366702 
0.688073 -0.370363 
0.668587 -0.373724 
0.647142 -0.376668 
0.623753 -0.379076 
0.611004 -0.380049 
0.598489 -0.380830 
0.584848 -0.381421 
0.571481 -0.381807 
0.557040 -0.381954 
0.542937 -0.381884 
0.527829 -0.381520 
0.513135 -0.380929 
0.497526 -0.379987 
0.482426 -0.378807 
0.466520 -0.377213 
0.451222 -0.375371 
0.435244 -0.373049 
0.419971 -0.370467 
0.404160 -0.367333 
0.389140 -0.363927 
0.373725 -0.359892 
0.359181 -0.355574 
0.344381 -0.350543 
0.330512 -0.345218 
0.316518 -0.339092 
0.303494 -0.332660 
0.290463 -0.325335 
0.278424 -0.317700 
0.266481 -0.309076 
0.255527 -0.300139 
0.244759 -0.290118 
0.234965 -0.279796 
0.230061 -0.274019 
0.225432 -0.268297 
0.216845 -0.256520 
0.212587 -0.249966 
0.208584 -0.243486 
0.204797 -0.236814 
0.201231 -0.230218 
0.197628 -0.222874 
0.194263 -0.215632 
0.191110 -0.208202 
0.188160 -0.200878 
0.185222 -0.192759 
0.182498 -0.184774 
0.179986 -0.176618 
0.177656 -0.168599 
0.175386 -0.159754 
0.173310 -0.151081 
0.171444 -0.142262 
0.169740 -0.133622 
0.168146 -0.124135 
0.166723 -0.114865 
0.165513 -0.105495 
0.164442 -0.096350 
0.163535 -0.086356 
0.162778 -0.076632 
0.161812 -0.057351 
0.161610 -0.047018 
0.161535 -0.037010 
0.161920 -0.017342 
0.162448 -0.006872 
0.163080 0.003214 
0.164866 0.022855 
0.167525 0.043185 
0.170775 0.062375 
0.175014 0.082057 
0.179797 0.100380 
0.185699 0.119004 
0.192098 0.136128 
0.199769 0.153388 
0.207849 0.169012 
0.217373 0.184638 
0.227209 0.198584 
0.238658 0.212398 
0.250296 0.224544 
0.257087 0.230713 
0.263699 0.236427 
0.277159 0.246717 
0.284942 0.251871 
0.292497 0.256614 
0.300222 0.260982 
0.307730 0.265020 
0.316460 0.269145 
0.324911 0.272909 
0.333480 0.276310 
0.341787 0.279426 
0.351371 0.282519 
0.360618 0.285302 
0.369921 0.287738 
0.378911 0.289931 
0.389193 0.291993 
0.399076 0.293793 
0.408954 0.295264 
0.418464 0.296534 
0.429241 0.297561 
0.439557 0.298375 
0.449786 0.298874 
0.459595 0.299212 
0.470600 0.299196 
0.481094 0.299012 
0.491423 0.298528 
0.501283 0.297918 
0.512232 0.296845 
0.522621 0.295644 
0.532771 0.294155 
0.542421 0.292577 
0.553020 0.290423 
0.563032 0.288181 
0.572731 0.285665 
0.581913 0.283093 
0.591888 0.279837 
0.601262 0.276530 
0.610277 0.272960 
0.618773 0.269369 
0.627894 0.264989 
0.636426 0.260596 
0.644561 0.255956 
0.652193 0.251330 
0.660283 0.245821 
0.667815 0.240338 
0.674933 0.234615 
0.681578 0.228963 
0.688522 0.222335 
0.694950 0.215780 
0.706536 0.202354 
0.712263 0.194654 
0.717526 0.187090 
0.726842 0.171743 
0.731310 0.163026 
0.735389 0.154597 
0.742391 0.137570 
0.745595 0.128040 
0.748477 0.118862 
0.753152 0.100504 
0.755098 0.090381 
0.756782 0.080669 
0.759134 0.061447 
0.759830 0.051006 
0.760322 0.041029 
0.760417 0.031048 
0.760357 0.021494 
0.759814 0.011047 
0.759120 0.001103 
0.758039 -0.008750 
0.756848 -0.018148 
0.755078 -0.028278 
0.753206 -0.037889 
0.750960 -0.047315 
0.748644 -0.056271 
0.745667 -0.065789 
0.742632 -0.074783 
0.739239 -0.083511 
0.735814 -0.091778 
0.731660 -0.100432 
0.727486 -0.108580 
0.722983 -0.116391 
0.718485 -0.123767 
0.713204 -0.131364 
0.707941 -0.138493 
0.696881 -0.151573 
0.690540 -0.157985 
0.684272 -0.163983 
0.671354 -0.174765 
0.656909 -0.184725 
0.642424 -0.193115 
0.626466 -0.200565 
0.610788 -0.206549 
0.593774 -0.211485 
0.577313 -0.215106 
0.559761 -0.217578 
0.542996 -0.218899 
0.525451 -0.218992 
0.508893 -0.218096 
0.491894 -0.215923 
0.476035 -0.212916 
0.460070 -0.208616 
0.445341 -0.203631 
0.430811 -0.197373 
0.417559 -0.190578 
0.404757 -0.182565 
0.393229 -0.174168 
0.382336 -0.164624 
0.372686 -0.154893 
0.363794 -0.144092 
0.356076 -0.133324 
0.349208 -0.121613 
0.343390 -0.110098 
0.338491 -0.097838 
0.334503 -0.085892 
0.331464 -0.073437 
0.329195 -0.061389 
0.327875 -0.049072 
0.327185 -0.037239 
0.327430 -0.025337 
0.328143 -0.014018 
0.329748 -0.002811 
0.331702 0.007797 
0.334460 0.018108 
0.337473 0.027850 
0.341185 0.037131 
0.345054 0.045909 
0.354038 0.061857 
0.364024 0.075686 
0.374631 0.087470 
0.385502 0.097349 
0.396316 0.105511 
0.406791 0.112173 
0.416686 0.117563 
0.425800 0.121915 
0.433967 0.125452 
0.441055 0.128379 
0.446952 0.130877 
0.451569 0.133097 
0.454823 0.135154 
0.456642 0.137121 
0.456960 0.139031 
0.455712 0.140866 
0.452845 0.142564 
0.448317 0.144010 
0.442110 0.145044 
0.434237 0.145458 
0.424754 0.145003 
0.413774 0.143394 
0.401474 0.140322 
0.388104 0.135462 
0.373988 0.128486 
0.359523 0.119084 
0.345164 0.106979 
0.338263 0.099753 
0.331415 0.091958 
0.325055 0.083269 
0.318806 0.073895 
0.313204 0.063716 
0.307874 0.052784 
0.303324 0.041194 
0.299148 0.028774 
0.295897 0.015918 
0.293134 0.002188 
0.291395 -0.011733 
0.290303 -0.026463 
0.290280 -0.041160 
0.291089 -0.056490 
0.292989 -0.071518 
0.295882 -0.087065 
0.299871 -0.101972 
0.305025 -0.117270 
0.311237 -0.131609 
0.318796 -0.146175 
0.327335 -0.159532 
0.337384 -0.172898 
0.348331 -0.184934 
0.360845 -0.196659 
0.374147 -0.207000 
0.389054 -0.216807 
0.404536 -0.225164 
0.412841 -0.229013 
0.421640 -0.232829 
0.430092 -0.235935 
0.439006 -0.239000 
0.448211 -0.241700 
0.457947 -0.244329 
0.467107 -0.246287 
0.476754 -0.248164 
0.486612 -0.249646 
0.497017 -0.251007 
0.506616 -0.251767 
0.516703 -0.252397 
0.526905 -0.252603 
0.537639 -0.252625 
0.547361 -0.252146 
0.557549 -0.251478 
0.567754 -0.250362 
0.578447 -0.248985 
0.587972 -0.247230 
0.597922 -0.245218 
0.607824 -0.242755 
0.618056 -0.239908 
0.627130 -0.236860 
0.636492 -0.233438 
0.645714 -0.229576 
0.655201 -0.225243 
0.663539 -0.220845 
0.672100 -0.215985 
0.680366 -0.210714 
0.688838 -0.204886 
0.696212 -0.199126 
0.703758 -0.192815 
0.710898 -0.186147 
0.718189 -0.178832 
0.724440 -0.171744 
0.730811 -0.164020 
0.736726 -0.156003 
0.742737 -0.147252 
0.747776 -0.138920 
0.752881 -0.129883 
0.757514 -0.120627 
0.762183 -0.110571 
0.765968 -0.101152 
0.769764 -0.090978 
0.773087 -0.080681 
0.776382 -0.069547 
0.778902 -0.059278 
0.781371 -0.048237 
0.783377 -0.037183 
0.785284 -0.025289 
0.786539 -0.014492 
0.787677 -0.002932 
0.788369 0.008530 
0.788877 0.020787 
0.788873 0.031749 
0.788677 0.043424 
0.788071 0.054988 
0.787149 0.067091 
0.785903 0.077911 
0.784347 0.089224 
0.782402 0.100411 
0.780060 0.112039 
0.777540 0.122310 
0.774630 0.132958 
0.771324 0.143418 
0.767536 0.154232 
0.763723 0.163652 
0.759442 0.173368 
0.754751 0.182834 
0.749485 0.192576 
0.744366 0.200940 
0.738692 0.209530 
0.732600 0.217826 
0.725836 0.226326 
0.719409 0.233513 
0.712342 0.240865 
0.704856 0.247893 
0.696603 0.255063 
