0.557316 0.303293 
0.546566 0.305354 
0.535584 0.307104 
0.523883 0.308743 
0.513364 0.309835 
0.502227 0.310812 
0.490944 0.311469 
0.478975 0.311964 
0.468352 0.312034 
0.457147 0.311942 
0.445895 0.311520 
0.434016 0.310879 
0.423588 0.309938 
0.412635 0.308783 
0.401745 0.307286 
0.390300 0.305507 
0.380347 0.303555 
0.369933 0.301329 
0.359688 0.298753 
0.348961 0.295826 
0.339698 0.292846 
0.330033 0.289526 
0.320664 0.285863 
0.310889 0.281776 
0.302480 0.277745 
0.293733 0.273305 
0.285378 0.268542 
0.276691 0.263284 
0.269243 0.258178 
0.261516 0.252592 
0.254247 0.246722 
0.246711 0.240287 
0.240282 0.234099 
0.233629 0.227365 
0.227454 0.220390 
0.221073 0.212784 
0.215675 0.205532 
0.210103 0.197676 
0.204925 0.189584 
0.199744 0.180888 
0.195290 0.172589 
0.190833 0.163707 
0.186694 0.154608 
0.182588 0.144884 
0.179105 0.135668 
0.175657 0.125860 
0.172507 0.115885 
0.169419 0.105279 
0.166860 0.095304 
0.164365 0.084743 
0.162155 0.074094 
0.160033 0.062828 
0.158353 0.052317 
0.156763 0.041245 
0.155441 0.030167 
0.154235 0.018507 
0.153391 0.007728 
0.152665 -0.003572 
0.152190 -0.014797 
0.151860 -0.026553 
0.151815 -0.037322 
0.151916 -0.048554 
0.152257 -0.059630 
0.152774 -0.071174 
0.153503 -0.081656 
0.154407 -0.092540 
0.155542 -0.103198 
0.156887 -0.114255 
0.158372 -0.124209 
0.160064 -0.134503 
0.161981 -0.144521 
0.164146 -0.154877 
0.166378 -0.164120 
0.168851 -0.173641 
0.171547 -0.182862 
0.174529 -0.192357 
0.177507 -0.200770 
0.180760 -0.209406 
0.184237 -0.217727 
0.188037 -0.226270 
0.191761 -0.233784 
0.195795 -0.241477 
0.200055 -0.248859 
0.204678 -0.256419 
0.209147 -0.263019 
0.213960 -0.269761 
0.219002 -0.276205 
0.224445 -0.282790 
0.229653 -0.288498 
0.235236 -0.294316 
0.241049 -0.299856 
0.247298 -0.305507 
0.253226 -0.310366 
0.259551 -0.315310 
0.266111 -0.319999 
0.273133 -0.324775 
0.279743 -0.328845 
0.286768 -0.332980 
0.294028 -0.336882 
0.301763 -0.340848 
0.308996 -0.344195 
0.316648 -0.347588 
0.324535 -0.350771 
0.332896 -0.353999 
0.340670 -0.356691 
0.348847 -0.359411 
0.357256 -0.361942 
0.366126 -0.364501 
0.374323 -0.366599 
0.382901 -0.368714 
0.391706 -0.370656 
0.400937 -0.372613 
0.409423 -0.374179 
0.418252 -0.375751 
0.427295 -0.377162 
0.436727 -0.378579 
0.454266 -0.380753 
0.463387 -0.381688 
0.472841 -0.382620 
0.490282 -0.383932 
0.508625 -0.384937 
0.525665 -0.385479 
0.543466 -0.385713 
0.559838 -0.385568 
0.576839 -0.385114 
0.592331 -0.384359 
0.608331 -0.383293 
0.622787 -0.381999 
0.637649 -0.380393 
0.650973 -0.378629 
0.664618 -0.376553 
0.676765 -0.374382 
0.689165 -0.371904 
0.700135 -0.369392 
0.711301 -0.366580 
0.721123 -0.363791 
0.731097 -0.360714 
0.739825 -0.357713 
0.748668 -0.354441 
0.756367 -0.351292 
0.764153 -0.347895 
0.770896 -0.344665 
0.777704 -0.341215 
0.783565 -0.337967 
0.789473 -0.334537 
0.799611 -0.327996 
0.808257 -0.321723 
0.815538 -0.315843 
0.821569 -0.310469 
0.826447 -0.305707 
0.830257 -0.301646 
0.833066 -0.298361 
0.834929 -0.295908 
0.835884 -0.294329 
0.835956 -0.293644 
0.835158 -0.293856 
0.833486 -0.294949 
0.830926 -0.296889 
0.827450 -0.299626 
0.823018 -0.303094 
0.817578 -0.307215 
0.811066 -0.311897 
0.803410 -0.317039 
0.794524 -0.322532 
0.784318 -0.328262 
0.772694 -0.334113 
0.759551 -0.339964 
0.744791 -0.345698 
0.728320 -0.351198 
0.710059 -0.356349 
0.699974 -0.358799 
0.689951 -0.361041 
0.678923 -0.363213 
0.667969 -0.365164 
0.655998 -0.367003 
0.644129 -0.368611 
0.631243 -0.370065 
0.618498 -0.371279 
0.604751 -0.372293 
0.591206 -0.373061 
0.576692 -0.373582 
0.562452 -0.373850 
0.547301 -0.373823 
0.532506 -0.373538 
0.516882 -0.372905 
0.501704 -0.372007 
0.485798 -0.370707 
0.470436 -0.369136 
0.454463 -0.367104 
0.439132 -0.364795 
0.423316 -0.361961 
0.408232 -0.358844 
0.392794 -0.355133 
0.378171 -0.351134 
0.363321 -0.346470 
0.349345 -0.341510 
0.335264 -0.335807 
0.322104 -0.329807 
0.315393 -0.326393 
0.308946 -0.322983 
0.296734 -0.315861 
0.290547 -0.311842 
0.284619 -0.307833 
0.278924 -0.303667 
0.273456 -0.299512 
0.267837 -0.294847 
0.262473 -0.290202 
0.257341 -0.285397 
0.252431 -0.280613 
0.247414 -0.275269 
0.242640 -0.269957 
0.238099 -0.264485 
0.233766 -0.259045 
0.229370 -0.252999 
0.225204 -0.246998 
0.221268 -0.240842 
0.217526 -0.234734 
0.213764 -0.227972 
0.210212 -0.221274 
0.206893 -0.214438 
0.203747 -0.207670 
0.200625 -0.200205 
0.197696 -0.192830 
0.192450 -0.177929 
0.189973 -0.169796 
0.187667 -0.161782 
0.183649 -0.145700 
0.181822 -0.136964 
0.180145 -0.128388 
0.177363 -0.111298 
0.175152 -0.093030 
0.173622 -0.075170 
0.172731 -0.056212 
0.172477 -0.037893 
0.172940 -0.018591 
0.173996 -0.000142 
0.175865 0.019160 
0.178270 0.037349 
0.181602 0.056253 
0.185410 0.073841 
0.190271 0.091980 
0.195540 0.108644 
0.198785 0.117374 
0.201995 0.125679 
0.208790 0.141157 
0.212875 0.149205 
0.216903 0.156823 
0.221120 0.164040 
0.225281 0.170901 
0.230234 0.178156 
0.235107 0.184996 
0.240146 0.191428 
0.245109 0.197521 
0.250947 0.203908 
0.256678 0.209905 
0.262548 0.215498 
0.268320 0.220775 
0.275036 0.226246 
0.281617 0.231359 
0.288311 0.236083 
0.294879 0.240520 
0.302450 0.245052 
0.309851 0.249261 
0.317325 0.253099 
0.324643 0.256680 
0.332999 0.260260 
0.341152 0.263556 
0.349335 0.266502 
0.357324 0.269222 
0.366364 0.271847 
0.375156 0.274227 
0.383928 0.276276 
0.392472 0.278133 
0.402046 0.279802 
0.411331 0.281263 
0.420530 0.282412 
0.429464 0.283400 
0.439379 0.284112 
0.448957 0.284649 
0.458391 0.284893 
0.467520 0.285005 
0.477551 0.284753 
0.487206 0.284358 
0.496647 0.283686 
0.505753 0.282912 
0.515651 0.281687 
0.525145 0.280351 
0.534366 0.278745 
0.543227 0.277076 
0.552755 0.274867 
0.561858 0.272578 
0.579039 0.267451 
0.587975 0.264246 
0.596477 0.260999 
0.612384 0.254001 
0.620538 0.249771 
0.628275 0.245593 
0.642602 0.236729 
0.649836 0.231520 
0.656675 0.226395 
0.669202 0.215702 
0.675418 0.209550 
0.681271 0.203512 
0.691849 0.191080 
0.696990 0.184051 
0.701804 0.177167 
0.706209 0.170092 
0.710350 0.163152 
0.714384 0.155350 
0.718135 0.147725 
0.721486 0.139961 
0.724609 0.132359 
0.727528 0.123933 
0.730210 0.115710 
0.732503 0.107413 
0.734605 0.099309 
0.736419 0.090441 
0.738034 0.081809 
0.739275 0.073178 
0.740362 0.064762 
0.741082 0.055674 
0.741643 0.046846 
0.741846 0.038108 
0.741930 0.029602 
0.741577 0.020537 
0.741102 0.011747 
0.739385 -0.005226 
0.737976 -0.014028 
0.736490 -0.022550 
0.732825 -0.038791 
0.727919 -0.055148 
0.722385 -0.070244 
0.715548 -0.085254 
0.708253 -0.098877 
0.699623 -0.112217 
0.690688 -0.124154 
0.680440 -0.135611 
0.670033 -0.145713 
0.658391 -0.155167 
0.646734 -0.163354 
0.633971 -0.170760 
0.621336 -0.177009 
0.607768 -0.182380 
0.594469 -0.186715 
0.580449 -0.190107 
0.566831 -0.192588 
0.552720 -0.194090 
0.539140 -0.194803 
0.525283 -0.194520 
0.512094 -0.193585 
0.498816 -0.191646 
0.486327 -0.189201 
0.473935 -0.185769 
0.462369 -0.181954 
0.451094 -0.177212 
0.440629 -0.172187 
0.430624 -0.166327 
0.421382 -0.160273 
0.412732 -0.153496 
0.404776 -0.146614 
0.397507 -0.139111 
0.390847 -0.131626 
0.384929 -0.123639 
0.379535 -0.115733 
0.374903 -0.107483 
0.370703 -0.099345 
0.367273 -0.091033 
0.364162 -0.082848 
0.359678 -0.066590 
0.356994 -0.050866 
0.355834 -0.035916 
0.355919 -0.021920 
0.356970 -0.009002 
0.358717 0.002765 
0.360902 0.013353 
0.363285 0.022762 
0.365644 0.031020 
0.367781 0.038164 
0.369523 0.044232 
0.370719 0.049259 
0.371247 0.053265 
0.371012 0.056251 
0.369947 0.058195 
0.368021 0.059051 
0.365235 0.058745 
0.361630 0.057181 
0.357287 0.054242 
0.352331 0.049799 
0.346935 0.043715 
0.341314 0.035862 
0.335727 0.026129 
0.330473 0.014440 
0.325884 0.000771 
0.322314 -0.014836 
0.320137 -0.032254 
0.319815 -0.041631 
0.319730 -0.051264 
0.320438 -0.061266 
0.321469 -0.071548 
0.323355 -0.082006 
0.325716 -0.092691 
0.328962 -0.103340 
0.332808 -0.114198 
0.337562 -0.124772 
0.343045 -0.135513 
0.349430 -0.145755 
0.356668 -0.156050 
0.364777 -0.165693 
0.373844 -0.175218 
0.383704 -0.183944 
0.394630 -0.192451 
0.406208 -0.199999 
0.418944 -0.207229 
0.432135 -0.213375 
0.446534 -0.219088 
0.461158 -0.223646 
0.476955 -0.227625 
0.492772 -0.230443 
0.509562 -0.232495 
0.526156 -0.233403 
0.543537 -0.233398 
0.560427 -0.232263 
0.569065 -0.231254 
0.577937 -0.230076 
0.586185 -0.228518 
0.594634 -0.226791 
0.603090 -0.224657 
0.611771 -0.222305 
0.619686 -0.219652 
0.627794 -0.216782 
0.635830 -0.213478 
0.644075 -0.209899 
0.651449 -0.206119 
0.658995 -0.202074 
0.666402 -0.197566 
0.673987 -0.192725 
0.680641 -0.187805 
0.687442 -0.182568 
0.694046 -0.176850 
0.700791 -0.170735 
0.706590 -0.164683 
0.712510 -0.158263 
0.718206 -0.151374 
0.723934 -0.144009 
0.728817 -0.136878 
0.733726 -0.129305 
0.738378 -0.121319 
0.743022 -0.112807 
0.746901 -0.104668 
0.750763 -0.096040 
0.754300 -0.087110 
0.757792 -0.077625 
0.760608 -0.068639 
0.763371 -0.059137 
0.765765 -0.049462 
0.768077 -0.039215 
0.769794 -0.029620 
0.771419 -0.019500 
0.772659 -0.009326 
0.773770 0.001417 
0.774371 0.011344 
0.774833 0.021778 
0.774907 0.032158 
0.774797 0.043079 
0.774269 0.053032 
0.773549 0.063460 
0.772439 0.073731 
0.771084 0.084496 
0.769414 0.094173 
0.767493 0.104279 
0.765181 0.114139 
0.762554 0.124438 
0.759727 0.133564 
0.756583 0.143068 
0.753048 0.152264 
0.749118 0.161829 
0.745118 0.170188 
0.740733 0.178865 
0.735956 0.187257 
0.730701 0.195822 
0.725523 0.203304 
0.719884 0.210946 
0.713851 0.218329 
0.707269 0.225822 
0.700916 0.232285 
0.694041 0.238837 
0.686771 0.245120 
0.678885 0.251466 
0.671399 0.256848 
0.663338 0.262275 
0.654891 0.267419 
0.645774 0.272582 
0.637245 0.276868 
0.628097 0.281159 
0.618593 0.285157 
0.608380 0.289133 
0.598956 0.292331 
0.588891 0.295497 
0.578519 0.298361 
0.567421 0.301160 
