0.197090 0.145593 
0.190645 0.127676 
0.185204 0.109424 
0.180108 0.088561 
0.176667 0.070643 
0.173612 0.050416 
0.171453 0.030320 
0.169925 0.007767 
0.169436 -0.011028 
0.169616 -0.031893 
0.170594 -0.052091 
0.172541 -0.074340 
0.174922 -0.092368 
0.178306 -0.112062 
0.182402 -0.130615 
0.187868 -0.150713 
0.193165 -0.166599 
0.199862 -0.183713 
0.207169 -0.199423 
0.216313 -0.216196 
0.224680 -0.229194 
0.234906 -0.243025 
0.245537 -0.255337 
0.258497 -0.268302 
0.270058 -0.278176 
0.283949 -0.288538 
0.297894 -0.297444 
0.314609 -0.306654 
0.329264 -0.313496 
0.346631 -0.320514 
0.363525 -0.326253 
0.383453 -0.331977 
0.400619 -0.335997 
0.420661 -0.339892 
0.439613 -0.342751 
0.461559 -0.345275 
0.480079 -0.346680 
0.501349 -0.347646 
0.521528 -0.347844 
0.543183 -0.347344 
0.562104 -0.346235 
0.582297 -0.344393 
0.601518 -0.341916 
0.621694 -0.338537 
0.639038 -0.334869 
0.657159 -0.330251 
0.674103 -0.325055 
0.691591 -0.318713 
0.706373 -0.312383 
0.721566 -0.304856 
0.735517 -0.296807 
0.749712 -0.287337 
0.761515 -0.278199 
0.773484 -0.267599 
0.784289 -0.256549 
0.795134 -0.243797 
0.803978 -0.231766 
0.812816 -0.218028 
0.820640 -0.203963 
0.828354 -0.187965 
0.834475 -0.173169 
0.840457 -0.156503 
0.845576 -0.139754 
0.850455 -0.120974 
0.854133 -0.103950 
0.857545 -0.085050 
0.860236 -0.066424 
0.862556 -0.045865 
0.864026 -0.027631 
0.865098 -0.007701 
0.865572 0.011558 
0.865523 0.032476 
0.864945 0.050609 
0.863816 0.070126 
0.862185 0.088630 
0.859853 0.108421 
0.857292 0.125219 
0.854000 0.143052 
0.850282 0.159661 
0.845651 0.177195 
0.841088 0.191800 
0.835585 0.207133 
0.829720 0.221208 
0.822696 0.235912 
0.816055 0.247954 
0.808239 0.260484 
0.800125 0.271843 
0.790586 0.283607 
0.781780 0.293090 
0.771557 0.302879 
0.761119 0.311646 
0.748993 0.320647 
0.738003 0.327780 
0.725383 0.335076 
0.712660 0.341518 
0.698033 0.348057 
0.685002 0.353125 
0.670189 0.358235 
0.655447 0.362647 
0.638690 0.367034 
0.624016 0.370311 
0.607522 0.373524 
0.591318 0.376174 
0.573125 0.378683 
0.557470 0.380406 
0.540095 0.381960 
0.523258 0.383061 
0.504596 0.383908 
0.488823 0.384254 
0.471529 0.384331 
0.454982 0.384040 
0.436879 0.383380 
0.421830 0.382477 
0.405525 0.381201 
0.390098 0.379622 
0.373406 0.377556 
0.345078 0.372935 
0.331328 0.370130 
0.316595 0.366719 
0.292010 0.359752 
0.267635 0.351030 
0.246962 0.341779 
0.226687 0.330605 
0.209739 0.319136 
0.193249 0.305583 
0.179640 0.292001 
0.166487 0.276211 
0.155764 0.260699 
0.145471 0.242912 
0.137188 0.225759 
0.129300 0.206338 
0.123051 0.187940 
0.117167 0.167374 
0.112600 0.148232 
0.108371 0.127094 
0.105184 0.107764 
0.102312 0.086669 
0.100248 0.067709 
0.098481 0.047246 
0.097323 0.029160 
0.096441 0.009830 
0.095999 -0.006975 
0.095814 -0.024793 
0.095923 -0.040001 
0.096265 -0.056085 
0.097498 -0.083742 
0.099246 -0.107652 
0.101268 -0.127839 
0.103353 -0.144412 
0.105315 -0.157522 
0.107000 -0.167324 
0.108287 -0.173959 
0.109090 -0.177537 
0.109362 -0.178125 
0.109096 -0.175750 
0.108322 -0.170392 
0.107109 -0.161992 
0.105561 -0.150458 
0.103815 -0.135677 
0.102037 -0.117535 
0.100416 -0.095943 
0.099169 -0.070871 
0.098532 -0.042386 
0.098767 -0.010702 
0.100161 0.023787 
0.103033 0.060482 
0.107742 0.098586 
0.114696 0.137154 
0.124364 0.175162 
0.137286 0.211615 
0.145461 0.229570 
0.154075 0.245626 
0.164483 0.261977 
0.175418 0.276486 
0.188437 0.290973 
0.202049 0.303682 
0.218047 0.316119 
0.234690 0.326879 
0.254011 0.337171 
0.273941 0.345882 
0.296783 0.353966 
0.320099 0.360577 
0.346414 0.366408 
0.372919 0.370867 
0.402284 0.374389 
0.431377 0.376621 
0.462926 0.377739 
0.493547 0.377618 
0.525977 0.376175 
0.556747 0.373513 
0.588524 0.369275 
0.617978 0.363806 
0.647653 0.356454 
0.674512 0.347836 
0.700940 0.336977 
0.724351 0.324795 
0.746865 0.309976 
0.766371 0.293799 
0.776123 0.284125 
0.784702 0.274579 
0.800195 0.254033 
0.807774 0.241936 
0.814347 0.230105 
0.820554 0.217385 
0.825909 0.205023 
0.831381 0.190488 
0.836015 0.176402 
0.840252 0.161438 
0.843788 0.147037 
0.847229 0.130315 
0.849986 0.114292 
0.852312 0.097488 
0.854074 0.081519 
0.855524 0.063232 
0.856425 0.045940 
0.856850 0.028072 
0.856833 0.011329 
0.856268 -0.007568 
0.855273 -0.025164 
0.853736 -0.043052 
0.851875 -0.059530 
0.849197 -0.077866 
0.846196 -0.094675 
0.838731 -0.126754 
0.833762 -0.143501 
0.828585 -0.158595 
0.816689 -0.186754 
0.809195 -0.201172 
0.801634 -0.213947 
0.784896 -0.237270 
0.764501 -0.259181 
0.742595 -0.277362 
0.716584 -0.293894 
0.689511 -0.306984 
0.658126 -0.318262 
0.626421 -0.326479 
0.590569 -0.332695 
0.555700 -0.336183 
0.517333 -0.337388 
0.481445 -0.336182 
0.443177 -0.332265 
0.408802 -0.326218 
0.389832 -0.321632 
0.373351 -0.316900 
0.342672 -0.305701 
0.326193 -0.298090 
0.312085 -0.290579 
0.298332 -0.282094 
0.286556 -0.273853 
0.273216 -0.263013 
0.261968 -0.252538 
0.251257 -0.241027 
0.242221 -0.230014 
0.232241 -0.215858 
0.223993 -0.202372 
0.216378 -0.187871 
0.210107 -0.174165 
0.203463 -0.156917 
0.198183 -0.140707 
0.193580 -0.123602 
0.190006 -0.107639 
0.186594 -0.087992 
0.184211 -0.069799 
0.182549 -0.051014 
0.181634 -0.033739 
0.181406 -0.012978 
0.181912 0.005932 
0.183192 0.025040 
0.184974 0.042330 
0.187974 0.062583 
0.191453 0.080702 
0.195776 0.098616 
0.200379 0.114560 
0.206748 0.132768 
0.213363 0.148774 
0.220891 0.164243 
0.228476 0.177782 
0.238380 0.192859 
0.248286 0.205873 
0.259164 0.218178 
0.269850 0.228746 
0.283360 0.240186 
0.296587 0.249838 
0.310779 0.258703 
0.324456 0.266104 
0.341332 0.273791 
0.357555 0.280015 
0.374688 0.285441 
0.390800 0.289678 
0.410291 0.293673 
0.428660 0.296520 
0.465214 0.299663 
0.485960 0.300012 
0.505018 0.299508 
0.541886 0.296106 
0.562356 0.292702 
0.580180 0.288866 
0.614133 0.278737 
0.632276 0.271492 
0.647752 0.264198 
0.676290 0.247112 
0.690932 0.235952 
0.703172 0.225129 
0.724890 0.201082 
0.735496 0.186141 
0.744118 0.171950 
0.752119 0.156294 
0.758539 0.141568 
0.765004 0.123424 
0.769938 0.106489 
0.774077 0.088292 
0.777042 0.071449 
0.779423 0.051321 
0.780695 0.032863 
0.781024 0.013558 
0.780541 -0.003997 
0.778889 -0.024337 
0.776495 -0.042636 
0.773019 -0.061252 
0.769054 -0.077861 
0.763360 -0.096529 
0.757253 -0.112988 
0.749943 -0.129266 
0.742467 -0.143479 
0.732728 -0.159001 
0.722912 -0.172379 
0.700929 -0.196154 
0.687261 -0.207749 
0.673988 -0.217390 
0.645571 -0.233586 
0.612433 -0.246688 
0.579350 -0.255160 
0.542382 -0.260110 
0.507460 -0.261003 
0.470161 -0.257899 
0.436652 -0.251383 
0.402621 -0.240383 
0.373492 -0.226622 
0.345472 -0.208038 
0.322703 -0.187442 
0.302191 -0.162027 
0.286678 -0.135576 
0.274139 -0.104850 
0.266049 -0.074360 
0.261388 -0.040745 
0.260550 -0.008852 
0.263458 0.024607 
0.269555 0.054947 
0.279642 0.085340 
0.292178 0.111524 
0.308872 0.136626 
0.327056 0.157047 
0.349297 0.175568 
0.372005 0.189660 
0.398197 0.201268 
0.423802 0.209033 
0.451895 0.213971 
0.478351 0.215731 
0.506110 0.214510 
0.531308 0.210785 
0.556803 0.204019 
0.578917 0.195527 
0.600518 0.184062 
0.618632 0.171597 
0.635547 0.156459 
0.649261 0.140978 
0.661382 0.123286 
0.670721 0.105951 
0.683673 0.068940 
0.689204 0.032250 
0.688611 -0.002200 
0.683283 -0.033060 
0.674614 -0.059590 
0.663942 -0.081586 
0.652493 -0.099241 
0.641338 -0.112988 
0.631366 -0.123364 
0.623276 -0.130908 
0.617588 -0.136080 
0.614656 -0.139209 
0.614686 -0.140464 
0.617744 -0.139832 
0.623751 -0.137116 
0.632463 -0.131944 
0.643443 -0.123794 
0.656042 -0.112041 
0.669380 -0.096029 
0.682355 -0.075174 
0.693682 -0.049112 
0.701945 -0.017870 
0.705660 0.017956 
0.703337 0.057078 
0.693550 0.097528 
0.675021 0.136840 
0.646787 0.172365 
0.629341 0.187489 
0.608494 0.201596 
0.586425 0.212801 
0.560818 0.222392 
0.534732 0.228895 
0.505856 0.233021 
0.477545 0.234047 
0.447210 0.232090 
0.418866 0.227095 
0.389480 0.218447 
0.363285 0.206955 
0.337314 0.191201 
0.315157 0.172864 
0.294525 0.150024 
0.277979 0.125180 
0.263710 0.095783 
0.253615 0.065577 
0.246414 0.031293 
0.243217 -0.002086 
0.243550 -0.038422 
0.247566 -0.072034 
0.255803 -0.106955 
0.267406 -0.137891 
0.283763 -0.168170 
0.303147 -0.193856 
0.327638 -0.217595 
0.354476 -0.236518 
0.369329 -0.244743 
0.386442 -0.252754 
0.401881 -0.258680 
0.419469 -0.264307 
0.437059 -0.268754 
0.456964 -0.272641 
0.474246 -0.274969 
0.493610 -0.276655 
0.512426 -0.277277 
0.533350 -0.276938 
0.550831 -0.275666 
0.570110 -0.273350 
0.588300 -0.270102 
0.608170 -0.265413 
0.624166 -0.260510 
0.641541 -0.254086 
0.657499 -0.246873 
0.674574 -0.237689 
0.687864 -0.229092 
0.702067 -0.218451 
0.714941 -0.207043 
0.727960 -0.193521 
0.738100 -0.181053 
0.748324 -0.166482 
0.757369 -0.151237 
0.766186 -0.133649 
0.772766 -0.117800 
0.779060 -0.099736 
0.784178 -0.081544 
0.788759 -0.060992 
0.791738 -0.042888 
0.794111 -0.022656 
0.795415 -0.003033 
0.795846 0.018704 
0.795269 0.037324 
0.793732 0.057754 
0.791297 0.076928 
0.787581 0.097776 
0.783453 0.115088 
0.777945 0.133763 
0.771733 0.150777 
0.763755 0.168961 
0.756013 0.183593 
0.746410 0.199134 
0.736341 0.212893 
0.723974 0.227349 
0.712593 0.238599 
0.698864 0.250346 
0.684991 0.260417 
0.668350 0.270751 
0.653576 0.278451 
0.636079 0.286263 
0.618857 0.292641 
0.598646 0.298856 
0.581256 0.303111 
0.561025 0.307094 
0.541191 0.309973 
0.519308 0.312143 
0.500342 0.313137 
0.479485 0.313400 
0.459154 0.312754 
0.437288 0.311105 
0.418781 0.308823 
0.399010 0.305506 
0.380097 0.301338 
0.360174 0.295832 
0.343776 0.290234 
0.326592 0.283268 
0.310501 0.275479 
0.293850 0.265958 
0.280524 0.256944 
0.266788 0.246197 
0.254210 0.234674 
0.241424 0.221010 
0.231500 0.208555 
0.221460 0.194019 
0.212526 0.178848 
0.203670 0.161200 
