0.302929 -0.272311 
0.315981 -0.280720 
0.329525 -0.288288 
0.345081 -0.295860 
0.358824 -0.301572 
0.374430 -0.307237 
0.390314 -0.312120 
0.408329 -0.316811 
0.423868 -0.320095 
0.441310 -0.323150 
0.458710 -0.325491 
0.478180 -0.327429 
0.494597 -0.328418 
0.512799 -0.328974 
0.530552 -0.328881 
0.550150 -0.328148 
0.566327 -0.326914 
0.584051 -0.325014 
0.600949 -0.322533 
0.619366 -0.319137 
0.634311 -0.315671 
0.650514 -0.311264 
0.665550 -0.306375 
0.681756 -0.300262 
0.694745 -0.294485 
0.708696 -0.287453 
0.721304 -0.280090 
0.734761 -0.271163 
0.745427 -0.262973 
0.756780 -0.253188 
0.766776 -0.243290 
0.777336 -0.231485 
0.785589 -0.220842 
0.794284 -0.208276 
0.801740 -0.195870 
0.809502 -0.181267 
0.815432 -0.168300 
0.821576 -0.153152 
0.826811 -0.138112 
0.831824 -0.121453 
0.835706 -0.106182 
0.839360 -0.089360 
0.842359 -0.072591 
0.845013 -0.054328 
0.846843 -0.037803 
0.848320 -0.019917 
0.849228 -0.002363 
0.849677 0.016467 
0.849562 0.033237 
0.848970 0.051107 
0.847877 0.068336 
0.846192 0.086554 
0.844181 0.102517 
0.841554 0.119301 
0.838479 0.135225 
0.834657 0.151855 
0.830736 0.166186 
0.826042 0.181086 
0.820939 0.195033 
0.814908 0.209446 
0.809011 0.221679 
0.802163 0.234280 
0.794951 0.245918 
0.786609 0.257840 
0.778657 0.267816 
0.769563 0.278008 
0.760166 0.287298 
0.749435 0.296736 
0.739391 0.304510 
0.728024 0.312384 
0.716442 0.319461 
0.703345 0.326576 
0.691284 0.332321 
0.677764 0.338068 
0.664163 0.343130 
0.648933 0.348134 
0.635128 0.352054 
0.619803 0.355887 
0.604599 0.359139 
0.587752 0.362239 
0.572730 0.364521 
0.556231 0.366629 
0.540085 0.368249 
0.522395 0.369621 
0.506891 0.370418 
0.490049 0.370949 
0.473792 0.371070 
0.456181 0.370839 
0.441009 0.370258 
0.424697 0.369312 
0.409157 0.368018 
0.392497 0.366258 
0.378372 0.364361 
0.363332 0.361992 
0.349158 0.359323 
0.334095 0.356062 
0.321509 0.352872 
0.308209 0.349093 
0.295795 0.345052 
0.282700 0.340284 
0.271895 0.335799 
0.260548 0.330601 
0.250033 0.325171 
0.239007 0.318872 
0.230009 0.313074 
0.220612 0.306441 
0.211960 0.299606 
0.202932 0.291761 
0.195641 0.284652 
0.188063 0.276590 
0.181123 0.268356 
0.173921 0.258988 
0.168166 0.250601 
0.162214 0.241168 
0.156799 0.231601 
0.151209 0.220799 
0.142267 0.200567 
0.138178 0.189813 
0.133991 0.177770 
0.127432 0.155553 
0.121507 0.130870 
0.116990 0.107276 
0.113088 0.081450 
0.110323 0.057238 
0.108161 0.031118 
0.106902 0.007094 
0.106246 -0.018469 
0.106285 -0.041559 
0.106936 -0.065823 
0.108098 -0.087383 
0.109883 -0.109804 
0.112013 -0.129440 
0.114779 -0.149684 
0.117738 -0.167195 
0.121340 -0.185132 
0.124993 -0.200481 
0.129291 -0.216130 
0.133506 -0.229398 
0.138356 -0.242881 
0.142997 -0.254216 
0.148250 -0.265714 
0.153175 -0.275300 
0.158680 -0.285019 
0.163736 -0.293037 
0.169339 -0.301196 
0.179920 -0.314626 
0.190115 -0.325657 
0.199629 -0.334594 
0.208188 -0.341697 
0.215548 -0.347181 
0.221502 -0.351217 
0.225886 -0.353938 
0.228584 -0.355435 
0.229532 -0.355766 
0.228713 -0.354948 
0.226165 -0.352969 
0.221972 -0.349777 
0.216267 -0.345288 
0.209222 -0.339382 
0.201049 -0.331904 
0.191992 -0.322660 
0.182314 -0.311421 
0.172295 -0.297923 
0.162221 -0.281871 
0.152377 -0.262950 
0.143041 -0.240837 
0.134477 -0.215228 
0.126941 -0.185879 
0.120678 -0.152656 
0.115927 -0.115600 
0.114155 -0.095021 
0.112934 -0.074991 
0.112169 -0.052849 
0.111956 -0.031410 
0.112336 -0.008105 
0.113276 0.014255 
0.114957 0.038154 
0.117215 0.060847 
0.120380 0.084696 
0.124144 0.107049 
0.129002 0.130160 
0.134491 0.151537 
0.141284 0.173279 
0.148749 0.193130 
0.157748 0.212995 
0.167466 0.230904 
0.178972 0.248544 
0.191231 0.264230 
0.205541 0.279435 
0.220621 0.292756 
0.238001 0.305435 
0.256122 0.316341 
0.276749 0.326484 
0.297992 0.334976 
0.321842 0.342598 
0.346086 0.348701 
0.372877 0.353825 
0.399667 0.357541 
0.414564 0.359037 
0.428748 0.360157 
0.457284 0.361453 
0.472910 0.361627 
0.487645 0.361497 
0.502691 0.361013 
0.516820 0.360285 
0.532530 0.359079 
0.547194 0.357633 
0.561991 0.355790 
0.575747 0.353763 
0.590860 0.351082 
0.604822 0.348223 
0.618749 0.344912 
0.631561 0.341479 
0.645478 0.337197 
0.658204 0.332798 
0.670759 0.327884 
0.682194 0.322916 
0.694488 0.316875 
0.705617 0.310787 
0.716472 0.304120 
0.726249 0.297487 
0.736661 0.289536 
0.745992 0.281620 
0.763012 0.264633 
0.771459 0.254632 
0.778932 0.244784 
0.792282 0.223981 
0.798769 0.211878 
0.804402 0.200096 
0.814160 0.175578 
0.822572 0.147927 
0.828841 0.120168 
0.833629 0.089446 
0.836470 0.059421 
0.837643 0.026888 
0.837048 -0.004054 
0.834517 -0.036854 
0.830390 -0.067035 
0.823971 -0.098349 
0.816129 -0.126288 
0.805560 -0.154632 
0.793768 -0.179176 
0.786160 -0.192205 
0.778776 -0.203500 
0.762788 -0.223987 
0.752765 -0.234635 
0.743152 -0.243759 
0.732758 -0.252445 
0.722845 -0.259903 
0.710384 -0.268070 
0.698545 -0.274959 
0.685961 -0.281348 
0.674057 -0.286734 
0.659326 -0.292435 
0.645458 -0.297106 
0.630957 -0.301243 
0.617360 -0.304591 
0.600819 -0.307875 
0.585406 -0.310361 
0.569535 -0.312290 
0.554801 -0.313626 
0.537201 -0.314526 
0.520993 -0.314834 
0.504594 -0.314557 
0.489540 -0.313863 
0.471904 -0.312358 
0.455860 -0.310445 
0.439896 -0.307916 
0.425415 -0.305125 
0.408795 -0.301145 
0.393867 -0.296925 
0.379259 -0.292048 
0.366163 -0.287060 
0.351434 -0.280498 
0.338370 -0.273858 
0.325811 -0.266532 
0.314691 -0.259250 
0.302438 -0.250021 
0.291720 -0.240886 
0.281597 -0.231046 
0.272763 -0.221424 
0.263263 -0.209527 
0.255099 -0.197922 
0.247573 -0.185640 
0.241148 -0.173796 
0.234477 -0.159435 
0.228920 -0.145610 
0.224001 -0.131153 
0.219998 -0.117470 
0.216130 -0.101139 
0.213160 -0.085644 
0.209235 -0.054788 
0.208142 -0.037322 
0.207741 -0.021060 
0.208813 0.010660 
0.210547 0.028338 
0.212690 0.044109 
0.218840 0.074563 
0.223435 0.091038 
0.228180 0.105517 
0.239531 0.132802 
0.247030 0.147108 
0.254431 0.159509 
0.271044 0.182253 
0.281423 0.193782 
0.291454 0.203623 
0.302539 0.213056 
0.313162 0.221089 
0.326231 0.229565 
0.338687 0.236636 
0.352143 0.243160 
0.364890 0.248551 
0.380174 0.253913 
0.394569 0.258167 
0.409796 0.261771 
0.424054 0.264505 
0.440737 0.266786 
0.456252 0.268232 
0.472325 0.268948 
0.487186 0.269033 
0.504162 0.268275 
0.519740 0.266926 
0.535531 0.264777 
0.549916 0.262218 
0.565989 0.258445 
0.580516 0.254305 
0.607849 0.244121 
0.622019 0.237338 
0.634560 0.230448 
0.657464 0.214930 
0.679000 0.195701 
0.696561 0.175262 
0.712261 0.151035 
0.724141 0.126514 
0.733771 0.098478 
0.739994 0.071154 
0.743607 0.041060 
0.744293 0.012711 
0.742057 -0.017325 
0.737362 -0.044693 
0.729506 -0.072558 
0.719653 -0.097122 
0.706513 -0.121120 
0.691867 -0.141548 
0.673982 -0.160614 
0.655174 -0.176154 
0.633395 -0.189811 
0.611402 -0.200199 
0.586895 -0.208400 
0.563102 -0.213685 
0.537383 -0.216593 
0.513362 -0.217038 
0.488187 -0.214964 
0.465379 -0.210933 
0.442302 -0.204324 
0.421937 -0.196246 
0.402087 -0.185658 
0.385032 -0.174084 
0.369050 -0.160196 
0.355756 -0.145838 
0.343834 -0.129400 
0.334418 -0.113178 
0.326525 -0.095228 
0.320751 -0.077984 
0.316589 -0.059555 
0.314124 -0.042182 
0.313262 -0.024184 
0.313688 -0.007541 
0.318464 0.024507 
0.327401 0.052983 
0.339421 0.077373 
0.353459 0.097573 
0.368511 0.113789 
0.383672 0.126435 
0.398165 0.136038 
0.411360 0.143165 
0.422771 0.148370 
0.432037 0.152148 
0.438899 0.154912 
0.443175 0.156969 
0.444738 0.158505 
0.443498 0.159575 
0.439408 0.160100 
0.432468 0.159861 
0.422753 0.158509 
0.410442 0.155570 
0.395855 0.150467 
0.379488 0.142548 
0.362027 0.131131 
0.344347 0.115559 
0.327486 0.095285 
0.312595 0.069982 
0.300878 0.039668 
0.293540 0.004843 
0.291738 -0.033429 
0.293272 -0.052946 
0.296552 -0.073525 
0.301659 -0.093105 
0.308947 -0.113396 
0.318072 -0.132129 
0.329703 -0.150815 
0.343064 -0.167493 
0.359282 -0.183645 
0.376879 -0.197333 
0.397592 -0.210042 
0.419150 -0.220051 
0.443707 -0.228543 
0.468498 -0.234320 
0.495644 -0.238033 
0.522172 -0.239087 
0.550411 -0.237645 
0.576933 -0.233641 
0.604404 -0.226668 
0.629164 -0.217340 
0.654059 -0.204541 
0.675593 -0.189700 
0.696434 -0.170989 
0.713742 -0.150584 
0.729481 -0.126360 
0.741785 -0.100969 
0.751977 -0.072089 
0.758870 -0.042993 
0.761320 -0.027762 
0.763261 -0.011029 
0.764184 0.003742 
0.764550 0.019864 
0.764129 0.035593 
0.762938 0.052677 
0.761120 0.067292 
0.758482 0.083078 
0.755119 0.098146 
0.750669 0.114335 
0.746060 0.127753 
0.740324 0.142106 
0.733944 0.155499 
0.726119 0.169722 
0.718688 0.181147 
0.709792 0.193244 
0.700359 0.204280 
0.689138 0.215812 
0.678929 0.224786 
0.666932 0.234153 
0.654423 0.242569 
0.640186 0.250905 
0.627260 0.257338 
0.612667 0.263666 
0.597679 0.269147 
0.580919 0.274312 
0.565944 0.278025 
0.549338 0.281389 
0.532809 0.283908 
0.514598 0.285892 
0.498605 0.286856 
0.481117 0.287238 
0.464239 0.286840 
0.445897 0.285657 
0.430136 0.283865 
0.413116 0.281228 
0.397118 0.277921 
0.379947 0.273526 
0.365555 0.268950 
0.350194 0.263226 
0.336089 0.256963 
0.321129 0.249265 
0.308913 0.241865 
0.296014 0.232977 
0.284446 0.223721 
0.272327 0.212662 
0.262708 0.202451 
0.252678 0.190419 
0.243920 0.178245 
0.234906 0.163943 
0.228009 0.151126 
0.220966 0.136223 
0.215047 0.121456 
0.209171 0.104388 
0.204953 0.089484 
0.200855 0.072380 
0.197646 0.055454 
0.194908 0.036855 
0.193237 0.020490 
0.192044 0.002548 
0.191587 -0.015158 
0.191812 -0.034242 
0.192700 -0.050714 
0.194285 -0.068367 
0.196559 -0.085537 
0.199742 -0.103753 
0.203192 -0.119113 
0.207564 -0.135329 
0.212606 -0.150834 
0.218822 -0.167060 
0.224881 -0.180426 
0.232116 -0.194362 
0.240004 -0.207461 
0.249361 -0.221000 
0.258084 -0.231892 
0.268253 -0.243119 
0.279029 -0.253474 
0.291572 -0.264038 
