0.789297 0.019810 
0.792362 0.029933 
0.795145 0.040300 
0.797642 0.050884 
0.799852 0.061656 
0.801773 0.072587 
0.803403 0.083646 
0.804745 0.094802 
0.805797 0.106024 
0.806561 0.117279 
0.807040 0.128537 
0.807234 0.139765 
0.807148 0.150934 
0.806785 0.162013 
0.806147 0.172973 
0.805240 0.183787 
0.804068 0.194429 
0.802637 0.204875 
0.800952 0.215102 
0.799019 0.225088 
0.796845 0.234817 
0.794438 0.244270 
0.791805 0.253434 
0.788956 0.262296 
0.785898 0.270846 
0.782642 0.279075 
0.779197 0.286976 
0.775576 0.294544 
0.771790 0.301778 
0.767849 0.308674 
0.763768 0.315233 
0.759560 0.321456 
0.755237 0.327345 
0.750815 0.332904 
0.746307 0.338137 
0.741728 0.343049 
0.737094 0.347645 
0.732419 0.351932 
0.727719 0.355917 
0.723009 0.359606 
0.718303 0.363007 
0.713617 0.366126 
0.708966 0.368971 
0.704362 0.371550 
0.699821 0.373871 
0.695354 0.375939 
0.690975 0.377763 
0.686694 0.379351 
0.682524 0.380707 
0.678473 0.381841 
0.674551 0.382758 
0.670766 0.383465 
0.667126 0.383968 
0.663636 0.384273 
0.660303 0.384387 
0.657129 0.384315 
0.654120 0.384063 
0.651276 0.383637 
0.648601 0.383043 
0.646094 0.382284 
0.643755 0.381368 
0.641584 0.380298 
0.639579 0.379080 
0.637738 0.377719 
0.636058 0.376219 
0.634535 0.374585 
0.633166 0.372822 
0.631947 0.370934 
0.630872 0.368924 
0.629938 0.366798 
0.629139 0.364558 
0.628470 0.362210 
0.627926 0.359755 
0.627501 0.357198 
0.627190 0.354541 
0.626987 0.351789 
0.626887 0.348942 
0.626886 0.346004 
0.626977 0.342978 
0.627156 0.339864 
0.627419 0.336665 
0.627760 0.333382 
0.628174 0.330017 
0.628658 0.326570 
0.629207 0.323042 
0.629817 0.319433 
0.630484 0.315744 
0.631204 0.311975 
0.631972 0.308125 
0.632785 0.304194 
0.633639 0.300181 
0.634529 0.296085 
0.635452 0.291905 
0.636402 0.287641 
0.637377 0.283290 
0.638370 0.278852 
0.639378 0.274325 
0.640395 0.269709 
0.641417 0.265001 
0.642436 0.260201 
0.643449 0.255307 
0.644449 0.250320 
0.645429 0.245238 
0.646384 0.240061 
0.647307 0.234790 
0.648191 0.229424 
0.649029 0.223965 
0.649815 0.218415 
0.650541 0.212774 
0.651201 0.207046 
0.651787 0.201232 
0.652292 0.195338 
0.652711 0.189367 
0.653036 0.183323 
0.653261 0.177211 
0.653382 0.171039 
0.653391 0.164811 
0.653285 0.158534 
0.653059 0.152216 
0.652710 0.145864 
0.652235 0.139486 
0.651631 0.133091 
0.650898 0.126686 
0.650034 0.120279 
0.649039 0.113879 
0.647916 0.107495 
0.646667 0.101133 
0.645293 0.094803 
0.643801 0.088510 
0.642194 0.082263 
0.640478 0.076066 
0.638662 0.069927 
0.636753 0.063849 
0.634759 0.057838 
0.632692 0.051897 
0.630560 0.046029 
0.628378 0.040237 
0.626156 0.034522 
0.623908 0.028884 
0.621648 0.023325 
0.619390 0.017844 
0.617151 0.012440 
0.614944 0.007113 
0.612787 0.001861 
0.610697 -0.003317 
0.608689 -0.008423 
0.606781 -0.013458 
0.604990 -0.018423 
0.603334 -0.023318 
0.601829 -0.028145 
0.600493 -0.032902 
0.599342 -0.037589 
0.598392 -0.042203 
0.597660 -0.046743 
0.597160 -0.051204 
0.596908 -0.055581 
0.596916 -0.059869 
0.597197 -0.064060 
0.597763 -0.068146 
0.598623 -0.072118 
0.599787 -0.075965 
0.601262 -0.079676 
0.603052 -0.083237 
0.605162 -0.086636 
0.607593 -0.089858 
0.610346 -0.092888 
0.613418 -0.095711 
0.616804 -0.098309 
0.620499 -0.100668 
0.624492 -0.102770 
0.628775 -0.104598 
0.633333 -0.106136 
0.638152 -0.107369 
0.643215 -0.108279 
0.648503 -0.108851 
0.653997 -0.109072 
0.659673 -0.108927 
0.665509 -0.108402 
0.671482 -0.107486 
0.677565 -0.106168 
0.683734 -0.104437 
0.689963 -0.102284 
0.696225 -0.099703 
0.702495 -0.096687 
0.708746 -0.093231 
0.714955 -0.089331 
0.721097 -0.084986 
0.727148 -0.080194 
0.733087 -0.074958 
0.738892 -0.069280 
0.744543 -0.063164 
0.750023 -0.056617 
0.755314 -0.049647 
0.760402 -0.042262 
0.765271 -0.034475 
0.769909 -0.026300 
0.774306 -0.017751 
0.778451 -0.008845 
0.782335 0.000398 
0.785953 0.009957 
