0.520177 0.306101 
0.509326 0.307254 
0.498303 0.308098 
0.486641 0.308791 
0.476209 0.309048 
0.465236 0.309155 
0.454179 0.308941 
0.442528 0.308525 
0.432235 0.307790 
0.421445 0.306857 
0.410664 0.305590 
0.399353 0.304063 
0.389465 0.302337 
0.379140 0.300360 
0.368920 0.298035 
0.358241 0.295388 
0.348989 0.292661 
0.339361 0.289625 
0.329927 0.286233 
0.320100 0.282449 
0.311645 0.278700 
0.302865 0.274576 
0.294385 0.270105 
0.285580 0.265175 
0.278033 0.260380 
0.270216 0.255144 
0.262779 0.249587 
0.255078 0.243504 
0.248502 0.237647 
0.241707 0.231286 
0.235342 0.224648 
0.228769 0.217421 
0.223191 0.210513 
0.217439 0.203044 
0.212131 0.195347 
0.206667 0.187008 
0.202077 0.179092 
0.197357 0.170571 
0.193005 0.161834 
0.188674 0.152498 
0.184984 0.143629 
0.181316 0.134187 
0.177944 0.124560 
0.174628 0.114328 
0.171856 0.104672 
0.169139 0.094451 
0.166701 0.084103 
0.164345 0.073162 
0.162447 0.062914 
0.160631 0.052122 
0.159082 0.041288 
0.157640 0.029890 
0.156576 0.019299 
0.155620 0.008201 
0.154917 -0.002854 
0.154349 -0.014429 
0.154084 -0.025088 
0.153954 -0.036204 
0.154065 -0.047204 
0.154340 -0.058664 
0.154847 -0.069124 
0.155517 -0.079983 
0.156419 -0.090652 
0.157517 -0.101717 
0.158778 -0.111735 
0.160232 -0.122090 
0.161912 -0.132197 
0.163823 -0.142639 
0.165827 -0.152013 
0.168058 -0.161669 
0.170511 -0.171041 
0.173232 -0.180690 
0.175978 -0.189285 
0.178983 -0.198106 
0.182212 -0.206629 
0.185745 -0.215376 
0.189234 -0.223111 
0.193016 -0.231027 
0.197022 -0.238639 
0.201372 -0.246430 
0.205604 -0.253271 
0.210163 -0.260256 
0.214950 -0.266946 
0.220116 -0.273778 
0.225089 -0.279733 
0.230418 -0.285801 
0.235980 -0.291590 
0.241955 -0.297491 
0.247654 -0.302595 
0.253737 -0.307787 
0.260053 -0.312719 
0.266812 -0.317738 
0.273210 -0.322044 
0.280007 -0.326414 
0.287040 -0.330547 
0.294535 -0.334747 
0.301579 -0.338315 
0.309033 -0.341930 
0.316721 -0.345329 
0.324875 -0.348774 
0.332489 -0.351667 
0.340510 -0.354593 
0.348761 -0.357321 
0.357469 -0.360081 
0.365555 -0.362363 
0.374024 -0.364664 
0.382716 -0.366784 
0.391843 -0.368923 
0.400267 -0.370652 
0.409046 -0.372390 
0.418039 -0.373961 
0.427425 -0.375538 
0.436043 -0.376770 
0.444971 -0.378002 
0.454100 -0.379077 
0.463578 -0.380150 
0.481147 -0.381712 
0.490250 -0.382339 
0.499644 -0.382958 
0.516922 -0.383710 
0.534991 -0.384145 
0.551697 -0.384171 
0.569059 -0.383877 
0.584959 -0.383252 
0.601392 -0.382305 
0.616310 -0.381100 
0.631652 -0.379571 
0.645469 -0.377854 
0.659622 -0.375809 
0.672276 -0.373643 
0.685192 -0.371151 
0.696666 -0.368598 
0.708345 -0.365723 
0.718659 -0.362847 
0.729131 -0.359658 
0.738331 -0.356521 
0.747653 -0.353085 
0.755801 -0.349754 
0.764042 -0.346140 
0.771210 -0.342679 
0.778448 -0.338960 
0.784712 -0.335436 
0.791026 -0.331684 
0.796461 -0.328160 
0.801932 -0.324450 
0.811311 -0.317396 
0.819299 -0.310654 
0.826019 -0.304351 
0.831580 -0.298604 
0.836074 -0.293516 
0.839583 -0.289180 
0.842170 -0.285669 
0.843887 -0.283043 
0.844771 -0.281342 
0.844845 -0.280586 
0.844121 -0.280778 
0.842597 -0.281904 
0.840260 -0.283929 
0.837085 -0.286803 
0.833033 -0.290462 
0.828056 -0.294826 
0.822094 -0.299802 
0.815079 -0.305291 
0.806928 -0.311181 
0.797556 -0.317358 
0.786865 -0.323704 
0.774758 -0.330097 
0.761132 -0.336419 
0.745890 -0.342551 
0.728942 -0.348379 
0.719559 -0.351190 
0.710213 -0.353790 
0.699912 -0.356346 
0.689653 -0.358676 
0.678418 -0.360923 
0.667246 -0.362935 
0.655085 -0.364820 
0.643016 -0.366462 
0.629960 -0.367935 
0.617045 -0.369159 
0.603159 -0.370169 
0.589476 -0.370924 
0.574860 -0.371419 
0.560519 -0.371655 
0.545308 -0.371583 
0.530454 -0.371247 
0.514813 -0.370552 
0.499623 -0.369588 
0.483747 -0.368212 
0.468419 -0.366561 
0.452521 -0.364441 
0.437267 -0.362041 
0.421565 -0.359109 
0.406600 -0.355893 
0.391315 -0.352079 
0.376838 -0.347975 
0.362166 -0.343202 
0.348364 -0.338136 
0.341298 -0.335232 
0.334480 -0.332325 
0.321509 -0.326221 
0.314909 -0.322757 
0.308559 -0.319294 
0.302442 -0.315683 
0.296543 -0.312075 
0.290466 -0.308010 
0.284640 -0.303953 
0.279049 -0.299746 
0.273675 -0.295548 
0.268167 -0.290847 
0.262901 -0.286162 
0.257874 -0.281326 
0.253053 -0.276507 
0.248143 -0.271139 
0.243464 -0.265799 
0.239022 -0.260308 
0.234776 -0.254848 
0.230482 -0.248790 
0.226403 -0.242773 
0.222564 -0.236619 
0.218903 -0.230510 
0.215236 -0.223758 
0.211769 -0.217068 
0.205467 -0.203499 
0.202434 -0.196066 
0.199580 -0.188717 
0.194487 -0.173908 
0.192092 -0.165831 
0.189856 -0.157870 
0.185976 -0.141934 
0.182611 -0.124787 
0.179955 -0.107899 
0.177870 -0.089840 
0.176452 -0.072248 
0.175674 -0.053563 
0.175518 -0.035545 
0.176083 -0.016533 
0.177218 0.001553 
0.179173 0.020519 
0.181640 0.038340 
0.185040 0.056891 
0.188889 0.074109 
0.191347 0.083188 
0.193791 0.091880 
0.199081 0.108199 
0.202331 0.116741 
0.205548 0.124881 
0.208959 0.132628 
0.212336 0.140038 
0.216406 0.147907 
0.220427 0.155376 
0.224619 0.162436 
0.228763 0.169165 
0.233678 0.176260 
0.238523 0.182966 
0.243516 0.189260 
0.248443 0.195239 
0.254214 0.201484 
0.259889 0.207363 
0.265692 0.212842 
0.271408 0.218025 
0.278031 0.223378 
0.284532 0.228393 
0.291127 0.233022 
0.297611 0.237381 
0.305049 0.241813 
0.312339 0.245944 
0.319688 0.249708 
0.326897 0.253229 
0.335088 0.256732 
0.343095 0.259967 
0.351120 0.262856 
0.358976 0.265533 
0.367818 0.268102 
0.376439 0.270440 
0.385022 0.272449 
0.393404 0.274278 
0.402750 0.275913 
0.411831 0.277348 
0.420822 0.278476 
0.429575 0.279453 
0.439240 0.280150 
0.448602 0.280681 
0.457808 0.280921 
0.466741 0.281039 
0.476506 0.280794 
0.485934 0.280415 
0.495144 0.279754 
0.504055 0.279009 
0.513690 0.277816 
0.522960 0.276518 
0.540625 0.273328 
0.549900 0.271176 
0.558791 0.268954 
0.575592 0.263961 
0.584293 0.260818 
0.592613 0.257694 
0.608186 0.250890 
0.616140 0.246792 
0.623720 0.242739 
0.637775 0.234133 
0.644848 0.229096 
0.651564 0.224130 
0.663883 0.213769 
0.669979 0.207834 
0.675744 0.201993 
0.681100 0.195937 
0.686185 0.189970 
0.691245 0.183202 
0.696008 0.176554 
0.700367 0.169734 
0.704485 0.163022 
0.708478 0.155526 
0.712216 0.148170 
0.715557 0.140696 
0.718690 0.133355 
0.721611 0.125265 
0.724313 0.117343 
0.726632 0.109368 
0.728778 0.101545 
0.730632 0.093037 
0.732305 0.084719 
0.733608 0.076428 
0.734775 0.068306 
0.735576 0.059586 
0.736235 0.051074 
0.736739 0.034463 
0.736502 0.025753 
0.736170 0.017259 
0.734755 0.000893 
0.732202 -0.015847 
0.728932 -0.031537 
0.724459 -0.047398 
0.719416 -0.062034 
0.713126 -0.076629 
0.706403 -0.089930 
0.698429 -0.102968 
0.690150 -0.114712 
0.680659 -0.125995 
0.670989 -0.136030 
0.660191 -0.145442 
0.649339 -0.153684 
0.637485 -0.161177 
0.625701 -0.167599 
0.613077 -0.173184 
0.600649 -0.177807 
0.587569 -0.181535 
0.574809 -0.184416 
0.561584 -0.186366 
0.548825 -0.187595 
0.535771 -0.187871 
0.523322 -0.187560 
0.510762 -0.186299 
0.498871 -0.184568 
0.487070 -0.181925 
0.475955 -0.178909 
0.465120 -0.175049 
0.454952 -0.170905 
0.445225 -0.166000 
0.436125 -0.160899 
0.427587 -0.155116 
0.419624 -0.149259 
0.412306 -0.142814 
0.405496 -0.136358 
0.399385 -0.129453 
0.393701 -0.122573 
0.388755 -0.115394 
0.384129 -0.108267 
0.376616 -0.093781 
0.370957 -0.079423 
0.366923 -0.065458 
0.364271 -0.052108 
0.362748 -0.039544 
0.362105 -0.027896 
0.362102 -0.017249 
0.362508 -0.007659 
0.363111 0.000845 
0.363717 0.008252 
0.364155 0.014557 
0.364281 0.019757 
0.363974 0.023843 
0.363145 0.026792 
0.361736 0.028569 
0.359723 0.029121 
0.357118 0.028377 
0.353973 0.026252 
0.350380 0.022652 
0.346475 0.017479 
0.342434 0.010641 
0.338475 0.002062 
0.334854 -0.008304 
0.331858 -0.020459 
0.329801 -0.034350 
0.329015 -0.049853 
0.329845 -0.066766 
0.331112 -0.075702 
0.332631 -0.084804 
0.334999 -0.094115 
0.337709 -0.103603 
0.341303 -0.113110 
0.345389 -0.122727 
0.350360 -0.132166 
0.355948 -0.141688 
0.362409 -0.150808 
0.369609 -0.159965 
0.377645 -0.168533 
0.386520 -0.177029 
0.396170 -0.184811 
0.406730 -0.192363 
0.417951 -0.199086 
0.430158 -0.205484 
0.442844 -0.210927 
0.456568 -0.215948 
0.470537 -0.219923 
0.485550 -0.223363 
0.500554 -0.225709 
0.516521 -0.227382 
0.532267 -0.227961 
0.548743 -0.227700 
0.564789 -0.226366 
0.581363 -0.224051 
0.597243 -0.220687 
0.605281 -0.218540 
0.613484 -0.216204 
0.621050 -0.213555 
0.628757 -0.210718 
0.636413 -0.207462 
0.644225 -0.203967 
0.651290 -0.200247 
0.658486 -0.196294 
0.665564 -0.191896 
0.672785 -0.187205 
0.679183 -0.182399 
0.685696 -0.177313 
0.692031 -0.171761 
0.698485 -0.165865 
0.704081 -0.159982 
0.709773 -0.153777 
0.715237 -0.147094 
0.720789 -0.140015 
0.725487 -0.133097 
0.730258 -0.125819 
0.734784 -0.118088 
0.739296 -0.109896 
0.743063 -0.102041 
0.746815 -0.093763 
0.750297 -0.085109 
0.753728 -0.075961 
0.756496 -0.067283 
0.759208 -0.058155 
0.761595 -0.048781 
0.763897 -0.038902 
0.765621 -0.029611 
0.767253 -0.019860 
0.768527 -0.010002 
0.769675 0.000357 
0.770327 0.009992 
0.770846 0.020080 
0.770993 0.030154 
0.770969 0.040711 
0.770529 0.050405 
0.769912 0.060523 
0.768915 0.070524 
0.767693 0.080971 
0.766146 0.090436 
0.764369 0.100286 
0.762209 0.109930 
0.759762 0.119971 
0.757091 0.128946 
0.754133 0.138259 
0.750788 0.147295 
0.747086 0.156675 
0.743278 0.164938 
0.739116 0.173496 
0.734568 0.181729 
0.729587 0.190244 
0.724631 0.197639 
0.719258 0.205277 
0.713495 0.212619 
0.707229 0.220070 
0.701134 0.226536 
0.694557 0.233105 
0.687591 0.239407 
0.680061 0.245766 
0.672858 0.251205 
0.665124 0.256686 
0.657010 0.261897 
0.648277 0.267123 
0.640046 0.271503 
0.631246 0.275888 
0.622087 0.279991 
0.612274 0.284071 
0.603151 0.287394 
0.593434 0.290684 
0.583400 0.293686 
0.572696 0.296624 
0.562875 0.298905 
0.552456 0.301118 
0.541783 0.303032 
0.530445 0.304842 
