0.627651 0.288415 
0.617735 0.292401 
0.607483 0.296063 
0.596401 0.299701 
0.586332 0.302543 
0.575525 0.305347 
0.564451 0.307823 
0.552537 0.310222 
0.541855 0.311959 
0.530438 0.313612 
0.518848 0.314931 
0.506445 0.316116 
0.495453 0.316780 
0.483761 0.317307 
0.472020 0.317492 
0.459521 0.317482 
0.448557 0.317092 
0.436951 0.316507 
0.425428 0.315575 
0.413220 0.314378 
0.402596 0.312940 
0.391391 0.311239 
0.380440 0.309194 
0.368892 0.306813 
0.358886 0.304314 
0.348377 0.301481 
0.338263 0.298320 
0.327646 0.294745 
0.318479 0.291164 
0.308885 0.287173 
0.299792 0.282883 
0.290283 0.278098 
0.282108 0.273413 
0.273581 0.268240 
0.265600 0.262803 
0.257286 0.256789 
0.250184 0.250986 
0.242799 0.244618 
0.235867 0.237986 
0.228866 0.230771 
0.222776 0.223819 
0.216624 0.216292 
0.210836 0.208507 
0.205029 0.200091 
0.200018 0.192045 
0.194993 0.183388 
0.190311 0.174503 
0.185646 0.164951 
0.181670 0.155891 
0.177717 0.146194 
0.174090 0.136330 
0.170511 0.125778 
0.167520 0.115851 
0.164581 0.105281 
0.161948 0.094614 
0.159390 0.083260 
0.157328 0.072680 
0.155346 0.061471 
0.153647 0.050240 
0.152053 0.038350 
0.150866 0.027375 
0.149787 0.015810 
0.148973 0.004314 
0.148295 -0.007791 
0.147938 -0.018862 
0.147719 -0.030468 
0.147750 -0.041915 
0.147949 -0.053907 
0.148388 -0.064769 
0.148997 -0.076101 
0.149842 -0.087201 
0.150892 -0.098774 
0.152104 -0.109161 
0.153517 -0.119943 
0.155160 -0.130443 
0.157045 -0.141339 
0.159014 -0.151036 
0.161221 -0.161060 
0.163651 -0.170764 
0.166364 -0.180794 
0.169084 -0.189650 
0.172079 -0.198772 
0.175295 -0.207560 
0.178836 -0.216614 
0.182305 -0.224545 
0.186086 -0.232691 
0.190089 -0.240506 
0.194459 -0.248534 
0.198676 -0.255515 
0.203240 -0.262667 
0.208029 -0.269501 
0.213225 -0.276507 
0.218184 -0.282554 
0.223521 -0.288734 
0.229088 -0.294621 
0.235099 -0.300644 
0.240782 -0.305803 
0.246872 -0.311066 
0.253195 -0.316060 
0.259989 -0.321159 
0.266365 -0.325492 
0.273164 -0.329903 
0.280202 -0.334074 
0.287726 -0.338323 
0.294743 -0.341902 
0.302185 -0.345537 
0.309868 -0.348956 
0.318041 -0.352431 
0.325615 -0.355327 
0.333608 -0.358261 
0.341842 -0.361003 
0.350551 -0.363781 
0.358576 -0.366064 
0.366998 -0.368370 
0.375653 -0.370502 
0.384762 -0.372657 
0.401811 -0.376138 
0.410744 -0.377726 
0.420086 -0.379324 
0.437427 -0.381820 
0.455877 -0.384026 
0.473191 -0.385648 
0.491477 -0.386981 
0.508452 -0.387829 
0.526259 -0.388390 
0.542621 -0.388555 
0.559678 -0.388433 
0.575202 -0.387997 
0.591295 -0.387276 
0.605814 -0.386317 
0.620791 -0.385074 
0.634195 -0.383664 
0.647965 -0.381974 
0.660200 -0.380182 
0.672724 -0.378117 
0.683778 -0.376010 
0.695058 -0.373641 
0.704954 -0.371286 
0.715025 -0.368683 
0.723811 -0.366145 
0.732729 -0.363379 
0.740464 -0.360724 
0.748298 -0.357864 
0.755050 -0.355154 
0.761878 -0.352272 
0.773615 -0.346735 
0.783654 -0.341379 
0.792128 -0.336325 
0.799159 -0.331685 
0.804854 -0.327559 
0.809303 -0.324035 
0.812582 -0.321186 
0.814750 -0.319067 
0.815850 -0.317718 
0.815909 -0.317159 
0.814938 -0.317391 
0.812934 -0.318400 
0.809880 -0.320150 
0.805744 -0.322592 
0.800481 -0.325660 
0.794032 -0.329276 
0.786328 -0.333350 
0.777288 -0.337783 
0.766823 -0.342468 
0.754839 -0.347293 
0.741236 -0.352143 
0.725922 -0.356903 
0.708810 -0.361455 
0.689830 -0.365684 
0.668938 -0.369474 
0.657466 -0.371193 
0.646128 -0.372712 
0.633705 -0.374105 
0.621442 -0.375286 
0.608107 -0.376295 
0.594978 -0.377081 
0.580811 -0.377648 
0.566907 -0.377982 
0.552015 -0.378047 
0.537469 -0.377872 
0.522006 -0.377373 
0.506978 -0.376626 
0.491130 -0.375499 
0.475813 -0.374114 
0.459793 -0.372290 
0.444399 -0.370198 
0.428432 -0.367601 
0.413189 -0.364729 
0.397508 -0.361281 
0.382636 -0.357549 
0.367464 -0.353165 
0.353170 -0.348488 
0.338704 -0.343078 
0.325173 -0.337369 
0.311589 -0.330842 
0.298967 -0.324009 
0.286401 -0.316271 
0.274809 -0.308227 
0.268947 -0.303695 
0.263363 -0.299187 
0.252887 -0.289850 
0.247629 -0.284622 
0.242635 -0.279428 
0.237869 -0.274060 
0.233332 -0.268728 
0.228700 -0.262769 
0.224320 -0.256862 
0.220164 -0.250779 
0.216225 -0.244750 
0.212236 -0.238043 
0.208481 -0.231407 
0.204948 -0.224601 
0.201614 -0.217869 
0.198276 -0.210414 
0.195153 -0.203056 
0.192248 -0.195539 
0.189525 -0.188123 
0.186842 -0.179944 
0.184354 -0.171893 
0.182084 -0.163711 
0.179974 -0.155665 
0.177952 -0.146826 
0.176104 -0.138154 
0.172982 -0.120782 
0.171629 -0.111378 
0.170427 -0.102185 
0.168580 -0.083913 
0.167907 -0.074079 
0.167363 -0.064509 
0.166815 -0.045642 
0.166974 -0.025776 
0.167762 -0.006674 
0.169345 0.013274 
0.171515 0.032206 
0.174583 0.051810 
0.178195 0.070196 
0.182829 0.089085 
0.187939 0.106536 
0.194217 0.124336 
0.200898 0.140563 
0.208901 0.156977 
0.217218 0.171742 
0.222160 0.179371 
0.227009 0.186534 
0.237025 0.199681 
0.242902 0.206411 
0.248653 0.212698 
0.254586 0.218589 
0.260399 0.224119 
0.267218 0.229896 
0.273876 0.235266 
0.280684 0.240247 
0.287341 0.244900 
0.295083 0.249697 
0.302624 0.254130 
0.310275 0.258185 
0.317738 0.261950 
0.326343 0.265755 
0.334700 0.269239 
0.343127 0.272366 
0.351325 0.275240 
0.360694 0.278050 
0.369766 0.280584 
0.378847 0.282780 
0.387654 0.284760 
0.397626 0.286574 
0.407253 0.288157 
0.416828 0.289420 
0.426080 0.290502 
0.436456 0.291319 
0.446432 0.291944 
0.456288 0.292267 
0.465779 0.292443 
0.476314 0.292254 
0.486406 0.291912 
0.496298 0.291282 
0.505789 0.290539 
0.516217 0.289332 
0.526157 0.288007 
0.535838 0.286409 
0.545086 0.284727 
0.555138 0.282485 
0.564680 0.280159 
0.573901 0.277572 
0.582674 0.274934 
0.592102 0.271643 
0.601016 0.268299 
0.609565 0.264701 
0.617666 0.261095 
0.626268 0.256741 
0.634366 0.252370 
0.649337 0.243176 
0.656957 0.237760 
0.664097 0.232373 
0.677154 0.221206 
0.683682 0.214719 
0.689775 0.208380 
0.700760 0.195318 
0.706135 0.187860 
0.711125 0.180596 
0.719951 0.165787 
0.724144 0.157463 
0.728003 0.149378 
0.734630 0.133067 
0.737632 0.124032 
0.740354 0.115283 
0.742675 0.106413 
0.744773 0.097808 
0.746589 0.088270 
0.748177 0.079060 
0.749375 0.069807 
0.750394 0.060856 
0.751037 0.051068 
0.751499 0.041639 
0.751585 0.032255 
0.751530 0.023205 
0.751016 0.013440 
0.750364 0.004066 
0.749350 -0.005176 
0.748233 -0.014065 
0.746581 -0.023526 
0.744828 -0.032582 
0.742735 -0.041414 
0.740573 -0.049889 
0.737809 -0.058783 
0.734980 -0.067276 
0.728656 -0.083301 
0.724809 -0.091409 
0.720944 -0.099137 
0.712646 -0.113502 
0.702918 -0.127468 
0.692793 -0.139901 
0.681206 -0.151772 
0.669455 -0.162110 
0.656268 -0.171737 
0.643124 -0.179918 
0.628656 -0.187250 
0.614426 -0.193263 
0.599056 -0.198313 
0.584113 -0.202185 
0.568272 -0.205013 
0.553030 -0.206807 
0.537170 -0.207503 
0.522059 -0.207307 
0.506621 -0.205988 
0.492055 -0.203913 
0.477440 -0.200719 
0.463787 -0.196904 
0.450319 -0.191985 
0.437890 -0.186604 
0.425822 -0.180143 
0.414832 -0.173396 
0.404357 -0.165627 
0.394915 -0.157711 
0.386127 -0.148891 
0.378285 -0.140032 
0.371198 -0.130428 
0.364951 -0.120878 
0.359522 -0.110759 
0.354816 -0.100784 
0.350963 -0.090399 
0.347699 -0.080282 
0.345290 -0.069916 
0.343358 -0.059872 
0.342245 -0.049770 
0.341508 -0.040001 
0.341538 -0.030365 
0.341835 -0.021045 
0.344007 -0.003294 
0.347687 0.013050 
0.352535 0.027869 
0.358223 0.041120 
0.364438 0.052827 
0.370887 0.063059 
0.377302 0.071925 
0.383443 0.079552 
0.389094 0.086075 
0.394071 0.091630 
0.398212 0.096337 
0.401381 0.100300 
0.403462 0.103592 
0.404360 0.106256 
0.404003 0.108301 
0.402341 0.109692 
0.399350 0.110360 
0.395037 0.110193 
0.389445 0.109043 
0.382662 0.106730 
0.374822 0.103048 
0.366115 0.097774 
0.356785 0.090681 
0.347131 0.081549 
0.337503 0.070186 
0.328292 0.056447 
0.319922 0.040258 
0.316292 0.031167 
0.312835 0.021634 
0.310037 0.011426 
0.307483 0.000708 
0.305697 -0.010522 
0.304311 -0.022256 
0.303772 -0.034297 
0.303748 -0.046856 
0.304655 -0.059456 
0.306203 -0.072559 
0.308732 -0.085444 
0.312049 -0.098720 
0.316361 -0.111573 
0.321617 -0.124623 
0.327849 -0.137032 
0.335176 -0.149522 
0.343421 -0.161123 
0.352914 -0.172690 
0.363212 -0.183156 
0.374895 -0.193453 
0.387231 -0.202507 
0.401025 -0.211220 
0.415327 -0.218647 
0.431008 -0.225493 
0.447014 -0.231053 
0.464305 -0.235861 
0.481632 -0.239373 
0.490693 -0.240739 
0.500135 -0.241993 
0.509050 -0.242715 
0.518307 -0.243320 
0.527712 -0.243544 
0.537500 -0.243612 
0.546562 -0.243209 
0.555964 -0.242645 
0.565423 -0.241671 
0.575254 -0.240485 
0.584185 -0.238914 
0.593436 -0.237132 
0.602654 -0.234908 
0.612211 -0.232410 
0.620738 -0.229635 
0.629553 -0.226589 
0.638254 -0.223077 
0.647246 -0.219215 
0.655135 -0.215206 
0.663273 -0.210862 
0.671252 -0.206048 
0.679388 -0.200780 
0.686489 -0.195534 
0.693725 -0.189854 
0.700743 -0.183729 
0.707866 -0.177073 
0.714016 -0.170576 
0.720248 -0.163570 
0.726157 -0.156187 
0.732127 -0.148207 
0.737206 -0.140519 
0.742327 -0.132256 
0.747057 -0.123709 
0.751804 -0.114507 
0.755741 -0.105761 
0.759678 -0.096391 
0.763196 -0.086832 
0.766685 -0.076577 
0.769446 -0.066968 
0.772159 -0.056715 
0.774449 -0.046373 
0.776655 -0.035323 
0.778227 -0.025120 
0.779700 -0.014273 
0.780750 -0.003450 
0.781655 0.008064 
0.782034 0.018541 
0.782254 0.029634 
0.782058 0.040591 
0.781645 0.052197 
0.780826 0.062600 
0.779780 0.073575 
0.778327 0.084319 
0.776574 0.095638 
0.774547 0.105641 
0.772220 0.116149 
0.769498 0.126429 
0.766371 0.137045 
0.763130 0.146426 
0.759493 0.156114 
0.755464 0.165583 
0.750950 0.175303 
0.746467 0.183793 
0.741513 0.192495 
0.736158 0.200946 
0.730234 0.209583 
0.724502 0.217021 
0.718227 0.224609 
0.711542 0.231918 
0.704207 0.239353 
0.697244 0.245656 
0.689667 0.252058 
0.681683 0.258159 
0.672975 0.264334 
0.664838 0.269471 
0.656026 0.274662 
0.646830 0.279537 
0.636846 0.284439 
