0.238855 -0.166532 
0.243572 -0.178756 
0.248701 -0.190082 
0.254476 -0.201573 
0.260618 -0.212135 
0.267459 -0.222811 
0.274620 -0.232551 
0.282527 -0.242346 
0.290705 -0.251223 
0.299668 -0.260098 
0.308857 -0.268100 
0.318846 -0.276025 
0.329023 -0.283142 
0.339994 -0.290114 
0.351115 -0.296347 
0.363005 -0.302378 
0.374998 -0.307731 
0.387728 -0.312846 
0.400497 -0.317332 
0.407187 -0.319452 
0.413963 -0.321559 
0.420651 -0.323384 
0.427390 -0.325201 
0.434380 -0.326891 
0.441463 -0.328567 
0.448405 -0.329982 
0.455405 -0.331388 
0.462628 -0.332661 
0.469936 -0.333921 
0.477058 -0.334940 
0.484238 -0.335949 
0.491608 -0.336818 
0.499055 -0.337676 
0.506274 -0.338308 
0.513543 -0.338933 
0.520974 -0.339412 
0.528471 -0.339880 
0.535699 -0.340138 
0.542966 -0.340390 
0.550374 -0.340490 
0.557830 -0.340581 
0.564984 -0.340476 
0.572162 -0.340367 
0.579458 -0.340098 
0.586785 -0.339822 
0.593785 -0.339363 
0.600792 -0.338903 
0.607899 -0.338273 
0.615019 -0.337640 
0.628557 -0.336033 
0.642251 -0.334067 
0.655198 -0.331788 
0.668248 -0.329134 
0.680510 -0.326198 
0.692828 -0.322868 
0.704336 -0.319286 
0.715862 -0.315293 
0.726571 -0.311080 
0.737271 -0.306436 
0.747159 -0.301608 
0.757017 -0.296330 
0.766081 -0.290902 
0.775102 -0.285008 
0.783354 -0.279003 
0.791555 -0.272517 
0.799021 -0.265961 
0.806431 -0.258912 
0.813144 -0.251838 
0.819800 -0.244261 
0.825800 -0.236708 
0.831744 -0.228649 
0.837075 -0.220664 
0.842352 -0.212174 
0.847060 -0.203812 
0.851718 -0.194952 
0.855850 -0.186276 
0.859935 -0.177115 
0.863537 -0.168194 
0.867096 -0.158808 
0.870214 -0.149717 
0.873291 -0.140187 
0.875968 -0.131005 
0.878607 -0.121416 
0.880885 -0.112226 
0.883128 -0.102663 
0.885045 -0.093543 
0.886931 -0.084093 
0.888524 -0.075127 
0.890090 -0.065869 
0.891394 -0.057126 
0.892675 -0.048141 
0.893722 -0.039691 
0.894749 -0.031047 
0.895570 -0.022953 
0.896375 -0.014710 
0.896996 -0.007022 
0.897607 0.000763 
0.898055 0.008000 
0.898497 0.015283 
0.899095 0.028781 
0.899445 0.041201 
0.899586 0.052502 
0.899556 0.062658 
0.899389 0.071653 
0.899115 0.079480 
0.898759 0.086139 
0.898344 0.091636 
0.897889 0.095981 
0.897409 0.099186 
0.896916 0.101264 
0.896419 0.102233 
0.895920 0.102107 
0.895422 0.100903 
0.894922 0.098638 
0.894413 0.095329 
0.893887 0.090994 
0.893330 0.085652 
0.892728 0.079326 
0.892062 0.072040 
0.891311 0.063821 
0.890452 0.054702 
0.889459 0.044720 
0.888304 0.033918 
0.886957 0.022347 
0.885386 0.010062 
0.883558 -0.002872 
0.881437 -0.016385 
0.880215 -0.023402 
0.878987 -0.030398 
0.877585 -0.037640 
0.876169 -0.044828 
0.874567 -0.052246 
0.872944 -0.059585 
0.871121 -0.067132 
0.869271 -0.074577 
0.867206 -0.082204 
0.865108 -0.089705 
0.862780 -0.097365 
0.860412 -0.104873 
0.857798 -0.112514 
0.855139 -0.119984 
0.852218 -0.127557 
0.849246 -0.134942 
0.845994 -0.142401 
0.842687 -0.149655 
0.839081 -0.156954 
0.835418 -0.164036 
0.831437 -0.171135 
0.827394 -0.178004 
0.823015 -0.184862 
0.818573 -0.191483 
0.813775 -0.198065 
0.808912 -0.204405 
0.803676 -0.210681 
0.798374 -0.216710 
0.792681 -0.222651 
0.786924 -0.228343 
0.780758 -0.233925 
0.774531 -0.239257 
0.767879 -0.244459 
0.761171 -0.249411 
0.754023 -0.254213 
0.746829 -0.258768 
0.739182 -0.263156 
0.731498 -0.267298 
0.723353 -0.271254 
0.715186 -0.274972 
0.706549 -0.278484 
0.697910 -0.281765 
0.688797 -0.284820 
0.679707 -0.287653 
0.670140 -0.290238 
0.660629 -0.292612 
0.650643 -0.294718 
0.640746 -0.296621 
0.630381 -0.298230 
0.620151 -0.299656 
0.609462 -0.300758 
0.598952 -0.301692 
0.588004 -0.302274 
0.577280 -0.302704 
0.566148 -0.302754 
0.555280 -0.302663 
0.544044 -0.302167 
0.533113 -0.301542 
0.521860 -0.300484 
0.510950 -0.299309 
0.499772 -0.297674 
0.488970 -0.295933 
0.477957 -0.293708 
0.467351 -0.291383 
0.456596 -0.288550 
0.446271 -0.285630 
0.435859 -0.282177 
0.425898 -0.278644 
0.415911 -0.274560 
0.406389 -0.270405 
0.396904 -0.265679 
0.387889 -0.260894 
0.378969 -0.255524 
0.370521 -0.250105 
0.362226 -0.244090 
0.354396 -0.238041 
0.346771 -0.231392 
0.339604 -0.224722 
0.332689 -0.217454 
0.326216 -0.210182 
0.320041 -0.202323 
0.314292 -0.194479 
0.308880 -0.186068 
0.303872 -0.177692 
0.299237 -0.168778 
0.294989 -0.159923 
0.291143 -0.150570 
0.287659 -0.141301 
0.284607 -0.131584 
0.281894 -0.121979 
0.279636 -0.111986 
0.277693 -0.102132 
0.276226 -0.091959 
0.275051 -0.081955 
0.274367 -0.071707 
0.273953 -0.061656 
0.274043 -0.051444 
0.274377 -0.041453 
0.275227 -0.031385 
0.276293 -0.021563 
0.277886 -0.011749 
0.279663 -0.002198 
0.281978 0.007261 
0.284437 0.016442 
0.287447 0.025452 
0.290555 0.034177 
0.294214 0.042655 
0.297945 0.050850 
0.302204 0.058728 
0.306519 0.066328 
0.311328 0.073551 
0.316179 0.080510 
0.321481 0.087038 
0.326813 0.093319 
0.332543 0.099127 
0.338294 0.104709 
0.344383 0.109779 
0.350488 0.114656 
0.356864 0.118989 
0.363249 0.123162 
0.369837 0.126756 
0.376426 0.130249 
0.383151 0.133123 
0.389866 0.135956 
0.396647 0.138153 
0.403420 0.140339 
0.416940 0.143467 
0.430291 0.145419 
0.443349 0.146286 
0.456005 0.146164 
0.468169 0.145156 
0.479769 0.143368 
0.490750 0.140910 
0.501078 0.137892 
0.510735 0.134425 
0.519721 0.130618 
0.528046 0.126578 
0.535735 0.122409 
0.542820 0.118209 
0.549341 0.114074 
0.555340 0.110093 
0.560862 0.106351 
0.565950 0.102929 
0.570645 0.099900 
0.574981 0.097334 
0.578986 0.095296 
0.582680 0.093844 
0.586071 0.093031 
0.589158 0.092904 
0.591925 0.093504 
0.594346 0.094861 
0.596382 0.096999 
0.597979 0.099928 
0.599074 0.103646 
0.599594 0.108140 
0.599453 0.113376 
0.598561 0.119307 
0.596822 0.125867 
0.594137 0.132970 
0.590407 0.140515 
0.585539 0.148380 
0.579444 0.156429 
0.572048 0.164514 
0.563288 0.172473 
0.553124 0.180140 
0.541539 0.187342 
0.535078 0.190640 
0.528545 0.193908 
0.521424 0.196808 
0.514185 0.199666 
0.506437 0.202086 
0.498540 0.204453 
0.490217 0.206316 
0.481724 0.208110 
0.472898 0.209350 
0.463893 0.210488 
0.454653 0.211057 
0.445233 0.211448 
0.435688 0.211273 
0.425965 0.210861 
0.416233 0.209874 
0.406331 0.208610 
0.396542 0.206760 
0.386592 0.204589 
0.376874 0.201829 
0.367015 0.198704 
0.357499 0.194996 
0.347863 0.190874 
0.338672 0.186186 
0.329391 0.181037 
0.320637 0.175347 
0.311833 0.169147 
0.303612 0.162443 
0.295398 0.155184 
0.287790 0.147464 
0.280271 0.139157 
0.273360 0.130438 
0.266604 0.121110 
0.260466 0.111431 
0.254523 0.101127 
0.249211 0.090550 
0.244127 0.079341 
0.239682 0.067953 
0.235493 0.055934 
0.231944 0.043845 
0.228679 0.031138 
0.226049 0.018482 
0.223729 0.005232 
0.222032 -0.007838 
0.220676 -0.021465 
0.219925 -0.034779 
0.219546 -0.048605 
0.219751 -0.061988 
0.220364 -0.075830 
0.221533 -0.089103 
0.223152 -0.102780 
0.225296 -0.115777 
0.227933 -0.129116 
0.231062 -0.141682 
0.234731 -0.154531 
