0.445614 0.302469 
0.435217 0.301885 
0.424766 0.300985 
0.413852 0.299864 
0.404180 0.298500 
0.394126 0.296924 
0.384094 0.295014 
0.373652 0.292829 
0.364505 0.290512 
0.355022 0.287932 
0.345630 0.285000 
0.335888 0.281737 
0.327437 0.278451 
0.318700 0.274852 
0.310124 0.270885 
0.301253 0.266526 
0.293626 0.262256 
0.285759 0.257619 
0.278112 0.252606 
0.270218 0.247137 
0.263480 0.241864 
0.256539 0.236165 
0.249891 0.230109 
0.243045 0.223540 
0.237229 0.217259 
0.231251 0.210497 
0.225617 0.203419 
0.219829 0.195778 
0.214942 0.188508 
0.209930 0.180713 
0.205293 0.172662 
0.200542 0.164011 
0.196574 0.155816 
0.192514 0.147065 
0.188835 0.138125 
0.185080 0.128562 
0.182004 0.119554 
0.178868 0.109976 
0.176051 0.100240 
0.173298 0.089954 
0.171033 0.080263 
0.168829 0.070061 
0.166887 0.059751 
0.165037 0.048916 
0.163593 0.038774 
0.162240 0.028156 
0.161136 0.017500 
0.160148 0.006358 
0.159494 -0.003997 
0.158956 -0.014784 
0.158658 -0.025522 
0.158503 -0.036698 
0.158613 -0.047005 
0.158865 -0.057694 
0.159350 -0.068258 
0.160005 -0.079207 
0.160860 -0.089218 
0.161884 -0.099559 
0.163136 -0.109719 
0.164588 -0.120203 
0.166177 -0.129714 
0.167965 -0.139501 
0.169977 -0.149055 
0.172221 -0.158880 
0.174541 -0.167727 
0.177089 -0.176800 
0.179860 -0.185607 
0.182900 -0.194636 
0.185950 -0.202705 
0.189261 -0.210959 
0.192796 -0.218931 
0.196636 -0.227086 
0.200420 -0.234319 
0.204497 -0.241698 
0.208801 -0.248797 
0.213445 -0.256040 
0.217966 -0.262421 
0.222809 -0.268915 
0.227883 -0.275136 
0.233329 -0.281469 
0.238580 -0.287009 
0.244181 -0.292638 
0.250016 -0.298007 
0.256253 -0.303463 
0.262217 -0.308198 
0.268553 -0.313001 
0.275124 -0.317561 
0.282122 -0.322188 
0.288763 -0.326168 
0.295793 -0.330199 
0.303055 -0.334004 
0.310759 -0.337859 
0.318022 -0.341139 
0.325674 -0.344455 
0.333557 -0.347564 
0.341885 -0.350707 
0.349684 -0.353346 
0.357869 -0.356009 
0.366274 -0.358480 
0.375111 -0.360972 
0.383337 -0.363026 
0.391928 -0.365093 
0.400730 -0.366982 
0.409937 -0.368881 
0.418462 -0.370404 
0.427312 -0.371931 
0.436362 -0.373290 
0.445779 -0.374650 
0.454448 -0.375691 
0.463402 -0.376729 
0.472543 -0.377607 
0.481997 -0.378478 
0.490658 -0.379081 
0.499553 -0.379676 
0.508619 -0.380116 
0.517946 -0.380544 
0.535132 -0.380945 
0.543974 -0.380985 
0.553020 -0.381011 
0.569568 -0.380690 
0.586691 -0.380029 
0.602386 -0.379054 
0.618541 -0.377733 
0.633223 -0.376168 
0.648267 -0.374253 
0.661835 -0.372159 
0.675684 -0.369710 
0.688089 -0.367146 
0.700711 -0.364225 
0.711946 -0.361250 
0.723349 -0.357919 
0.733441 -0.354592 
0.743663 -0.350915 
0.752664 -0.347298 
0.761765 -0.343341 
0.769741 -0.339496 
0.777794 -0.335328 
0.784819 -0.331322 
0.791901 -0.327014 
0.798053 -0.322914 
0.804246 -0.318540 
0.809601 -0.314414 
0.814984 -0.310048 
0.819613 -0.305962 
0.824262 -0.301684 
0.832217 -0.293587 
0.838975 -0.285896 
0.844646 -0.278739 
0.849329 -0.272235 
0.853108 -0.266490 
0.856052 -0.261597 
0.858222 -0.257629 
0.859661 -0.254646 
0.860404 -0.252687 
0.860472 -0.251774 
0.859875 -0.251910 
0.858614 -0.253079 
0.856678 -0.255249 
0.854044 -0.258371 
0.850681 -0.262381 
0.846547 -0.267200 
0.841591 -0.272737 
0.835749 -0.278890 
0.828952 -0.285550 
0.821120 -0.292599 
0.812166 -0.299916 
0.801997 -0.307379 
0.790514 -0.314864 
0.777617 -0.322250 
0.763208 -0.329420 
0.755200 -0.332948 
0.747193 -0.336260 
0.738344 -0.339577 
0.729491 -0.342661 
0.719763 -0.345713 
0.710040 -0.348521 
0.699414 -0.351256 
0.688806 -0.353739 
0.677273 -0.356110 
0.665788 -0.358223 
0.653367 -0.360183 
0.641035 -0.361879 
0.627771 -0.363382 
0.614647 -0.364619 
0.600617 -0.365619 
0.586787 -0.366350 
0.572097 -0.366802 
0.557684 -0.366982 
0.542475 -0.366836 
0.527627 -0.366417 
0.512069 -0.365624 
0.496964 -0.364555 
0.481246 -0.363061 
0.466081 -0.361288 
0.450414 -0.359036 
0.435388 -0.356501 
0.419979 -0.353428 
0.405296 -0.350071 
0.397722 -0.348097 
0.390349 -0.346112 
0.376198 -0.341867 
0.368941 -0.339415 
0.361896 -0.336954 
0.355078 -0.334359 
0.348445 -0.331755 
0.341585 -0.328789 
0.334949 -0.325817 
0.328546 -0.322708 
0.322340 -0.319595 
0.315947 -0.316079 
0.309780 -0.312562 
0.303857 -0.308907 
0.298126 -0.305251 
0.292253 -0.301151 
0.286604 -0.297056 
0.281201 -0.292823 
0.275988 -0.288594 
0.270674 -0.283879 
0.265573 -0.279174 
0.260728 -0.274338 
0.256057 -0.269515 
0.251328 -0.264161 
0.246803 -0.258828 
0.238422 -0.247934 
0.234296 -0.241925 
0.230356 -0.235951 
0.223135 -0.223817 
0.219621 -0.217153 
0.216275 -0.210541 
0.210225 -0.197194 
0.204582 -0.182667 
0.199709 -0.168174 
0.195291 -0.152478 
0.191603 -0.136966 
0.188421 -0.120258 
0.185924 -0.103888 
0.183994 -0.086347 
0.182703 -0.069369 
0.182051 -0.051268 
0.181984 -0.033941 
0.182642 -0.015585 
0.183828 0.001789 
0.184825 0.011061 
0.185836 0.020054 
0.188315 0.037170 
0.190014 0.046245 
0.191717 0.055004 
0.193627 0.063412 
0.195535 0.071553 
0.197964 0.080262 
0.200384 0.088635 
0.202991 0.096624 
0.205588 0.104332 
0.208772 0.112528 
0.211935 0.120377 
0.215264 0.127821 
0.218573 0.134980 
0.222534 0.142536 
0.226460 0.149745 
0.230534 0.156547 
0.234576 0.163066 
0.239334 0.169890 
0.244039 0.176377 
0.248870 0.182457 
0.253654 0.188264 
0.259209 0.194283 
0.264698 0.199988 
0.270288 0.205296 
0.275813 0.210347 
0.282158 0.215520 
0.288413 0.220401 
0.294741 0.224902 
0.300989 0.229169 
0.308088 0.233470 
0.315075 0.237508 
0.322097 0.241181 
0.329018 0.244647 
0.336807 0.248064 
0.344454 0.251245 
0.352097 0.254083 
0.359615 0.256739 
0.367996 0.259265 
0.376205 0.261586 
0.384360 0.263582 
0.392363 0.265425 
0.401196 0.267058 
0.409830 0.268518 
0.418355 0.269664 
0.426704 0.270695 
0.435826 0.271436 
0.444716 0.272032 
0.461960 0.272540 
0.471175 0.272383 
0.480130 0.272117 
0.497368 0.270945 
0.506463 0.269864 
0.515287 0.268757 
0.532126 0.265897 
0.540902 0.263922 
0.549389 0.261940 
0.565458 0.257385 
0.573726 0.254520 
0.581696 0.251665 
0.596661 0.245419 
0.604259 0.241675 
0.611560 0.237956 
0.618478 0.233989 
0.625148 0.230046 
0.631948 0.225446 
0.638463 0.220886 
0.644582 0.216108 
0.650467 0.211366 
0.656375 0.205953 
0.662023 0.200591 
0.667270 0.195050 
0.672301 0.189557 
0.677262 0.183394 
0.681987 0.177298 
0.686313 0.171068 
0.690453 0.164895 
0.694434 0.158075 
0.698211 0.151334 
0.701593 0.144519 
0.704822 0.137771 
0.707813 0.130415 
0.710636 0.123151 
0.715385 0.108691 
0.717383 0.100949 
0.719263 0.093305 
0.722169 0.078272 
0.724140 0.062459 
0.725241 0.047217 
0.725345 0.031348 
0.724699 0.016271 
0.723001 0.000757 
0.720669 -0.013823 
0.717253 -0.028611 
0.713312 -0.042380 
0.708280 -0.056123 
0.702827 -0.068808 
0.696306 -0.081253 
0.689463 -0.092639 
0.681605 -0.103602 
0.673523 -0.113539 
0.664509 -0.122904 
0.655370 -0.131304 
0.645407 -0.139020 
0.635422 -0.145844 
0.624729 -0.151907 
0.614145 -0.157168 
0.602966 -0.161615 
0.592037 -0.165361 
0.580655 -0.168263 
0.569608 -0.170568 
0.558287 -0.172027 
0.547351 -0.172981 
0.536332 -0.173112 
0.525721 -0.172830 
0.515209 -0.171762 
0.505114 -0.170370 
0.495269 -0.168228 
0.485847 -0.165881 
0.476802 -0.162838 
0.468156 -0.159655 
0.459996 -0.155874 
0.452189 -0.151997 
0.444967 -0.147629 
0.438016 -0.143212 
0.425635 -0.133601 
0.414985 -0.123457 
0.405957 -0.113050 
0.398409 -0.102631 
0.392173 -0.092422 
0.387067 -0.082617 
0.382904 -0.073380 
0.379500 -0.064849 
0.376677 -0.057137 
0.374270 -0.050338 
0.372134 -0.044530 
0.370143 -0.039784 
0.368199 -0.036161 
0.366230 -0.033722 
0.364197 -0.032526 
0.362093 -0.032634 
0.359949 -0.034104 
0.357829 -0.036990 
0.355836 -0.041337 
0.354111 -0.047175 
0.352827 -0.054509 
0.352188 -0.063314 
0.352427 -0.073522 
0.353796 -0.085018 
0.356561 -0.097632 
0.360994 -0.111136 
0.367360 -0.125245 
0.371511 -0.132417 
0.375910 -0.139621 
0.381218 -0.146741 
0.386863 -0.153886 
0.393395 -0.160786 
0.400392 -0.167629 
0.408211 -0.174076 
0.416602 -0.180425 
0.425729 -0.186208 
0.435515 -0.191844 
0.445928 -0.196781 
0.457044 -0.201472 
0.468662 -0.205386 
0.480979 -0.208913 
0.493622 -0.211598 
0.506974 -0.213801 
0.520414 -0.215091 
0.534548 -0.215798 
0.548508 -0.215549 
0.563104 -0.214600 
0.577276 -0.212683 
0.591960 -0.209936 
0.606038 -0.206233 
0.620387 -0.201568 
0.633982 -0.195977 
0.647664 -0.189304 
0.660415 -0.181757 
0.666735 -0.177486 
0.673118 -0.173007 
0.678896 -0.168340 
0.684722 -0.163475 
0.690410 -0.158174 
0.696156 -0.152624 
0.701237 -0.146994 
0.706363 -0.141127 
0.711299 -0.134816 
0.716286 -0.128214 
0.720576 -0.121659 
0.724903 -0.114840 
0.728993 -0.107572 
0.733118 -0.099985 
0.736544 -0.092588 
0.739996 -0.084906 
0.743171 -0.076790 
0.746357 -0.068331 
0.748871 -0.060213 
0.751394 -0.051801 
0.753629 -0.043010 
0.755784 -0.033843 
0.757381 -0.025187 
0.758903 -0.016201 
0.760128 -0.006944 
0.761235 0.002691 
0.761863 0.011702 
0.762375 0.021044 
0.762555 0.030505 
0.762581 0.040328 
0.762205 0.049445 
0.761675 0.058880 
0.760791 0.068293 
0.759713 0.078044 
0.758307 0.087001 
0.756703 0.096254 
0.754737 0.105379 
0.752526 0.114814 
0.750068 0.123374 
0.747366 0.132196 
0.744294 0.140813 
0.740924 0.149702 
0.737397 0.157661 
0.733575 0.165847 
0.729378 0.173769 
0.724825 0.181921 
0.720219 0.189120 
0.715266 0.196512 
0.709935 0.203595 
0.704188 0.210870 
0.698509 0.217194 
0.692429 0.223678 
0.685975 0.229831 
0.679046 0.236130 
0.672320 0.241513 
0.665150 0.247019 
0.657610 0.252227 
0.649553 0.257448 
0.641849 0.261889 
0.633661 0.266346 
0.625123 0.270535 
0.616034 0.274697 
0.607460 0.278156 
0.598384 0.281584 
0.588988 0.284743 
0.579024 0.287841 
0.569745 0.290315 
0.559962 0.292725 
0.549904 0.294858 
0.539281 0.296895 
0.529516 0.298395 
0.519254 0.299799 
0.508783 0.300914 
0.497767 0.301897 
0.487767 0.302436 
0.477297 0.302843 
0.466692 0.302950 
0.455579 0.302882 
