0.786648 -0.057235 
0.791698 -0.046756 
0.796405 -0.035867 
0.800763 -0.024594 
0.804769 -0.012967 
0.808419 -0.001019 
0.811713 0.011216 
0.814650 0.023699 
0.817231 0.036392 
0.819459 0.049253 
0.821335 0.062240 
0.822864 0.075309 
0.824049 0.088417 
0.824895 0.101519 
0.825409 0.114573 
0.825595 0.127535 
0.825460 0.140365 
0.825012 0.153023 
0.824258 0.165472 
0.823205 0.177677 
0.821864 0.189608 
0.820242 0.201235 
0.818351 0.212532 
0.816199 0.223478 
0.813798 0.234053 
0.811160 0.244242 
0.808297 0.254031 
0.805221 0.263411 
0.801946 0.272375 
0.798486 0.280920 
0.794856 0.289042 
0.791072 0.296744 
0.787148 0.304026 
0.783101 0.310893 
0.778949 0.317351 
0.774708 0.323406 
0.770395 0.329067 
0.766029 0.334343 
0.761627 0.339242 
0.757206 0.343774 
0.752786 0.347950 
0.748382 0.351781 
0.744012 0.355277 
0.739693 0.358447 
0.735440 0.361304 
0.731270 0.363857 
0.727196 0.366116 
0.723234 0.368090 
0.719394 0.369790 
0.715689 0.371224 
0.712131 0.372401 
0.708727 0.373330 
0.705487 0.374019 
0.702419 0.374475 
0.699527 0.374706 
0.696816 0.374719 
0.694291 0.374521 
0.691953 0.374118 
0.689804 0.373517 
0.687844 0.372723 
0.686071 0.371743 
0.684485 0.370580 
0.683082 0.369242 
0.681859 0.367733 
0.680812 0.366057 
0.679934 0.364219 
0.679221 0.362224 
0.678666 0.360076 
0.678264 0.357778 
0.678005 0.355335 
0.677885 0.352749 
0.677894 0.350025 
0.678025 0.347166 
0.678271 0.344174 
0.678624 0.341053 
0.679076 0.337804 
0.679619 0.334430 
0.680246 0.330933 
0.680950 0.327316 
0.681722 0.323579 
0.682557 0.319724 
0.683446 0.315751 
0.684383 0.311663 
0.685363 0.307459 
0.686377 0.303141 
0.687420 0.298707 
0.688485 0.294158 
0.689567 0.289495 
0.690659 0.284716 
0.691756 0.279820 
0.692851 0.274809 
0.693938 0.269680 
0.695011 0.264433 
0.696064 0.259068 
0.697090 0.253583 
0.698083 0.247979 
0.699036 0.242255 
0.699943 0.236412 
0.700797 0.230449 
0.701589 0.224368 
0.702314 0.218170 
0.702962 0.211856 
0.703528 0.205430 
0.704002 0.198893 
0.704376 0.192251 
0.704644 0.185508 
0.704797 0.178669 
0.704827 0.171740 
0.704726 0.164730 
0.704487 0.157646 
0.704102 0.150497 
0.703564 0.143293 
0.702867 0.136045 
0.702004 0.128765 
0.700970 0.121465 
0.699760 0.114158 
0.698369 0.106857 
0.696795 0.099577 
0.695033 0.092330 
0.693083 0.085132 
0.690944 0.077997 
0.688616 0.070938 
0.686100 0.063970 
0.683399 0.057104 
0.680516 0.050353 
0.677456 0.043728 
0.674225 0.037240 
0.670830 0.030898 
0.667278 0.024709 
0.663579 0.018680 
0.659743 0.012815 
0.655782 0.007118 
0.651707 0.001591 
0.647531 -0.003766 
0.643268 -0.008956 
0.638933 -0.013980 
0.634542 -0.018843 
0.630109 -0.023552 
0.625651 -0.028114 
0.621186 -0.032538 
0.616731 -0.036832 
0.612303 -0.041009 
0.607921 -0.045078 
0.603602 -0.049053 
0.599366 -0.052946 
0.595232 -0.056769 
0.591218 -0.060536 
0.587344 -0.064257 
0.583629 -0.067946 
0.580092 -0.071614 
0.576754 -0.075270 
0.573633 -0.078925 
0.570749 -0.082586 
0.568122 -0.086260 
0.565770 -0.089952 
0.563713 -0.093665 
0.561969 -0.097399 
0.560557 -0.101154 
0.559493 -0.104926 
0.558794 -0.108711 
0.558476 -0.112500 
0.558553 -0.116284 
0.559039 -0.120051 
0.559945 -0.123787 
0.561281 -0.127476 
0.563054 -0.131100 
0.565271 -0.134640 
0.567935 -0.138073 
0.571047 -0.141380 
0.574604 -0.144535 
0.578603 -0.147515 
0.583036 -0.150296 
0.587891 -0.152852 
0.593156 -0.155160 
0.598813 -0.157193 
0.604844 -0.158927 
0.611225 -0.160339 
0.617931 -0.161407 
0.624934 -0.162106 
0.632204 -0.162418 
0.639709 -0.162321 
0.647414 -0.161796 
0.655286 -0.160828 
0.663287 -0.159400 
0.671381 -0.157496 
0.679531 -0.155106 
0.687700 -0.152216 
0.695853 -0.148818 
0.703953 -0.144902 
0.711968 -0.140464 
0.719864 -0.135498 
0.727612 -0.130001 
0.735182 -0.123973 
0.742548 -0.117415 
0.749686 -0.110330 
0.756574 -0.102723 
0.763192 -0.094603 
0.769523 -0.085980 
0.775551 -0.076866 
0.781263 -0.067279 
