0.222969 0.202312 
0.213361 0.186980 
0.204889 0.171062 
0.196509 0.152491 
0.190392 0.136242 
0.184431 0.117544 
0.179488 0.098610 
0.174924 0.076915 
0.171960 0.058491 
0.169423 0.037643 
0.167784 0.017080 
0.166836 -0.006034 
0.166841 -0.025099 
0.167580 -0.046300 
0.169111 -0.066616 
0.171699 -0.089025 
0.174612 -0.107017 
0.178626 -0.126702 
0.183324 -0.145043 
0.189515 -0.164934 
0.195423 -0.180564 
0.202873 -0.197430 
0.210839 -0.212652 
0.220793 -0.228924 
0.229865 -0.241501 
0.240973 -0.254900 
0.252326 -0.266612 
0.266183 -0.278953 
0.278529 -0.288323 
0.293401 -0.298156 
0.308097 -0.306441 
0.325735 -0.314994 
0.341165 -0.321299 
0.359487 -0.327738 
0.377089 -0.332887 
0.397844 -0.337962 
0.415641 -0.341443 
0.436439 -0.344741 
0.456501 -0.347109 
0.478412 -0.348915 
0.497867 -0.349818 
0.518968 -0.350137 
0.539369 -0.349748 
0.561128 -0.348610 
0.580105 -0.346930 
0.600213 -0.344463 
0.619269 -0.341371 
0.639205 -0.337310 
0.656262 -0.333025 
0.674004 -0.327723 
0.690482 -0.321858 
0.707444 -0.314764 
0.721701 -0.307757 
0.736316 -0.299469 
0.749654 -0.290674 
0.763199 -0.280356 
0.774376 -0.270479 
0.785684 -0.259041 
0.795835 -0.247176 
0.806000 -0.233493 
0.814214 -0.220679 
0.822397 -0.206056 
0.829576 -0.191171 
0.836623 -0.174250 
0.842146 -0.158712 
0.847504 -0.141224 
0.852019 -0.123758 
0.856269 -0.104194 
0.859388 -0.086607 
0.862214 -0.067107 
0.864344 -0.048004 
0.866068 -0.026947 
0.867017 -0.008450 
0.867531 0.011735 
0.867470 0.031119 
0.866840 0.052136 
0.865761 0.070187 
0.864082 0.089584 
0.861925 0.107848 
0.859006 0.127353 
0.855945 0.143761 
0.852093 0.161158 
0.847837 0.177271 
0.842593 0.194265 
0.837515 0.208294 
0.831426 0.223013 
0.824996 0.236457 
0.817321 0.250497 
0.810143 0.261897 
0.801711 0.273756 
0.793006 0.284456 
0.782782 0.295538 
0.773428 0.304392 
0.762579 0.313529 
0.751542 0.321679 
0.738725 0.330043 
0.727206 0.336608 
0.713983 0.343317 
0.700706 0.349207 
0.685452 0.355174 
0.671973 0.359746 
0.656664 0.364343 
0.641482 0.368279 
0.624240 0.372169 
0.609263 0.375026 
0.592457 0.377799 
0.576011 0.380041 
0.557569 0.382122 
0.541833 0.383489 
0.524392 0.384669 
0.507546 0.385424 
0.488909 0.385905 
0.473280 0.385952 
0.456178 0.385712 
0.439858 0.385128 
0.422027 0.384155 
0.391402 0.381461 
0.376372 0.379636 
0.360133 0.377306 
0.332776 0.372266 
0.305313 0.365631 
0.281769 0.358342 
0.258446 0.349306 
0.238776 0.339844 
0.219474 0.328477 
0.203417 0.316928 
0.187774 0.303333 
0.174915 0.289831 
0.162462 0.274180 
0.152345 0.258937 
0.142605 0.241502 
0.134789 0.224824 
0.127319 0.205987 
0.121412 0.188285 
0.115820 0.168531 
0.111481 0.150289 
0.107432 0.130173 
0.104372 0.111916 
0.101580 0.092011 
0.099553 0.074255 
0.097773 0.055092 
0.096569 0.038292 
0.095591 0.020317 
0.095031 0.004861 
0.094671 -0.011619 
0.094695 -0.040241 
0.095385 -0.065280 
0.096492 -0.086627 
0.097802 -0.104289 
0.099131 -0.118341 
0.100324 -0.128887 
0.101265 -0.136036 
0.101869 -0.139876 
0.102092 -0.140467 
0.101926 -0.137833 
0.101402 -0.131962 
0.100587 -0.122810 
0.099585 -0.110313 
0.098530 -0.094401 
0.097588 -0.075022 
0.096952 -0.052173 
0.096842 -0.025938 
0.097505 0.003476 
0.099218 0.035702 
0.102291 0.070188 
0.107076 0.106204 
0.113975 0.142873 
0.123449 0.179239 
0.136029 0.214350 
0.152325 0.247340 
0.162454 0.263338 
0.173019 0.277493 
0.185670 0.291756 
0.198849 0.304268 
0.214415 0.316611 
0.230559 0.327293 
0.249381 0.337589 
0.268791 0.346334 
0.291121 0.354513 
0.313922 0.361240 
0.339768 0.367242 
0.365825 0.371887 
0.394838 0.375645 
0.423622 0.378127 
0.454996 0.379542 
0.485530 0.379732 
0.518026 0.378646 
0.548947 0.376355 
0.581040 0.372536 
0.610864 0.367499 
0.641043 0.360629 
0.668449 0.352499 
0.695521 0.342173 
0.719550 0.330535 
0.742748 0.316298 
0.762905 0.300688 
0.781914 0.282062 
0.798037 0.262070 
0.805957 0.250255 
0.812833 0.238690 
0.824986 0.214084 
0.830776 0.199766 
0.835694 0.185881 
0.840222 0.171078 
0.844021 0.156820 
0.847759 0.140202 
0.850785 0.124261 
0.853386 0.107493 
0.855400 0.091526 
0.857134 0.073181 
0.858296 0.055814 
0.858988 0.037812 
0.859218 0.020916 
0.858933 0.001802 
0.858199 -0.016025 
0.856929 -0.034208 
0.855312 -0.051014 
0.852914 -0.069736 
0.850176 -0.086916 
0.846818 -0.104149 
0.843230 -0.119802 
0.838552 -0.136994 
0.833640 -0.152530 
0.822252 -0.181604 
0.815054 -0.196484 
0.807748 -0.209711 
0.791488 -0.233920 
0.781514 -0.246071 
0.771601 -0.256684 
0.750093 -0.275662 
0.724513 -0.292935 
0.697655 -0.306732 
0.666476 -0.318671 
0.634774 -0.327486 
0.598924 -0.334277 
0.563668 -0.338302 
0.524927 -0.340042 
0.488392 -0.339311 
0.449456 -0.335900 
0.414228 -0.330282 
0.377895 -0.321430 
0.346338 -0.310626 
0.329347 -0.303222 
0.314846 -0.295919 
0.288487 -0.279522 
0.274679 -0.268836 
0.263073 -0.258527 
0.251955 -0.247115 
0.242607 -0.236219 
0.232227 -0.222130 
0.223672 -0.208735 
0.215723 -0.194236 
0.209190 -0.180563 
0.202213 -0.163238 
0.196670 -0.146989 
0.191800 -0.129771 
0.188009 -0.113739 
0.184328 -0.093869 
0.181724 -0.075511 
0.179839 -0.056454 
0.178735 -0.038968 
0.178287 -0.017811 
0.178603 0.001405 
0.179701 0.020887 
0.181317 0.038472 
0.184143 0.059216 
0.187463 0.077722 
0.191641 0.096065 
0.196103 0.112344 
0.202349 0.131051 
0.208839 0.147439 
0.216273 0.163328 
0.223762 0.177198 
0.233619 0.192729 
0.243467 0.206092 
0.254316 0.218743 
0.264967 0.229584 
0.278524 0.241386 
0.291781 0.251317 
0.306042 0.260454 
0.319795 0.268079 
0.336857 0.276043 
0.353247 0.282484 
0.370518 0.288100 
0.386868 0.292515 
0.406678 0.296707 
0.425348 0.299712 
0.444690 0.301871 
0.462529 0.303122 
0.483684 0.303605 
0.503189 0.303201 
0.540809 0.299966 
0.561473 0.296693 
0.580017 0.292829 
0.614731 0.282747 
0.633356 0.275468 
0.649186 0.268144 
0.678345 0.250948 
0.693373 0.239631 
0.705863 0.228690 
0.728031 0.204312 
0.738901 0.189060 
0.747680 0.174635 
0.762370 0.143666 
0.768979 0.125052 
0.773987 0.107763 
0.778200 0.089095 
0.781193 0.071907 
0.783608 0.051190 
0.784877 0.032302 
0.785182 0.012463 
0.784660 -0.005480 
0.782927 -0.026424 
0.780446 -0.045150 
0.776841 -0.064262 
0.772752 -0.081219 
0.766852 -0.100383 
0.760556 -0.117172 
0.752993 -0.133818 
0.745273 -0.148294 
0.735184 -0.164135 
0.725043 -0.177712 
0.713552 -0.190759 
0.702271 -0.201824 
0.688146 -0.213518 
0.674371 -0.223238 
0.644842 -0.239496 
0.627209 -0.246801 
0.610523 -0.252474 
0.576084 -0.260743 
0.537864 -0.265303 
0.501579 -0.265706 
0.463080 -0.261919 
0.428599 -0.254604 
0.393731 -0.242558 
0.364126 -0.227672 
0.335786 -0.207641 
0.313033 -0.185580 
0.292710 -0.158344 
0.277652 -0.130163 
0.265765 -0.097409 
0.258519 -0.065138 
0.254944 -0.029611 
0.255334 0.003805 
0.259766 0.038691 
0.267505 0.069996 
0.279543 0.101008 
0.294184 0.127510 
0.313241 0.152429 
0.333929 0.172464 
0.358928 0.190158 
0.384242 0.203163 
0.413284 0.213337 
0.441301 0.219460 
0.471886 0.222398 
0.500239 0.222026 
0.529719 0.218279 
0.556031 0.211949 
0.582154 0.202213 
0.604572 0.190642 
0.625933 0.175727 
0.643333 0.159950 
0.659140 0.141096 
0.671360 0.122231 
0.681610 0.100902 
0.688867 0.080304 
0.694005 0.058013 
0.696769 0.037186 
0.696363 -0.004323 
0.689141 -0.042028 
0.676695 -0.074553 
0.660652 -0.101340 
0.642589 -0.122488 
0.623956 -0.138538 
0.606006 -0.150271 
0.589743 -0.158555 
0.575923 -0.164234 
0.565077 -0.168054 
0.557558 -0.170613 
0.553588 -0.172329 
0.553303 -0.173415 
0.556772 -0.173873 
0.563991 -0.173484 
0.574858 -0.171819 
0.589120 -0.168246 
0.606310 -0.161965 
0.625698 -0.152055 
0.646250 -0.137537 
0.666651 -0.117490 
0.685352 -0.091202 
0.700670 -0.058386 
0.710882 -0.019429 
0.714311 0.024389 
0.709378 0.070839 
0.694658 0.116946 
0.683545 0.138251 
0.669006 0.159431 
0.652391 0.177743 
0.631829 0.195214 
0.609588 0.209397 
0.583564 0.221754 
0.556636 0.230676 
0.526233 0.237129 
0.496320 0.240079 
0.463692 0.239904 
0.433089 0.236336 
0.401164 0.228937 
0.372423 0.218321 
0.344077 0.203319 
0.319740 0.185416 
0.296887 0.162622 
0.278567 0.137650 
0.262540 0.107589 
0.251107 0.076634 
0.242660 0.041046 
0.238540 0.006329 
0.238103 -0.031666 
0.241617 -0.067086 
0.249471 -0.103530 
0.260944 -0.136057 
0.277329 -0.167767 
0.296920 -0.194636 
0.308333 -0.206964 
0.321917 -0.219499 
0.334547 -0.229311 
0.349341 -0.239205 
0.364553 -0.247755 
0.382260 -0.256140 
0.398048 -0.262256 
0.416203 -0.268105 
0.434307 -0.272705 
0.454994 -0.276752 
0.472720 -0.279138 
0.492759 -0.280876 
0.512137 -0.281504 
0.533857 -0.281131 
0.551763 -0.279807 
0.571665 -0.277389 
0.590373 -0.274014 
0.610878 -0.269117 
0.627209 -0.264051 
0.645053 -0.257366 
0.661620 -0.249774 
0.678801 -0.240342 
0.692544 -0.231292 
0.706776 -0.220364 
0.719772 -0.208568 
0.732909 -0.194548 
0.743162 -0.181565 
0.753455 -0.166388 
0.762411 -0.150712 
0.771156 -0.132535 
0.777664 -0.116129 
0.783874 -0.097345 
0.788811 -0.078681 
0.793205 -0.057479 
0.795992 -0.038883 
0.798147 -0.017996 
0.799202 0.002064 
0.799340 0.024402 
0.798492 0.043363 
0.796625 0.064267 
0.793863 0.083718 
0.789733 0.104963 
0.785261 0.122409 
0.779308 0.141313 
0.772681 0.158388 
0.764152 0.176710 
0.755985 0.191275 
0.745813 0.206809 
0.735225 0.220448 
0.722169 0.234812 
0.710287 0.245848 
0.695882 0.257402 
0.681380 0.267242 
0.663954 0.277315 
0.648633 0.284715 
0.630413 0.292216 
0.612155 0.298407 
0.591540 0.304122 
0.573286 0.308111 
0.552774 0.311620 
0.532344 0.314113 
0.509873 0.315839 
0.490458 0.316440 
0.469293 0.316251 
0.448639 0.315152 
0.426432 0.312984 
0.407812 0.310251 
0.387943 0.306420 
0.369006 0.301727 
0.349047 0.295597 
0.332798 0.289484 
0.315768 0.281910 
0.299900 0.273507 
0.283468 0.263239 
0.270472 0.253635 
0.257067 0.242172 
0.244870 0.229947 
0.232468 0.215416 
