0.500426 -0.318455 
0.517329 -0.318866 
0.533998 -0.318676 
0.552108 -0.317885 
0.567343 -0.316623 
0.583782 -0.314750 
0.599709 -0.312306 
0.616824 -0.309038 
0.630913 -0.305679 
0.645974 -0.301494 
0.660320 -0.296764 
0.675583 -0.290954 
0.687908 -0.285448 
0.700974 -0.278871 
0.713194 -0.271795 
0.726079 -0.263356 
0.736305 -0.255638 
0.747063 -0.246584 
0.756927 -0.237115 
0.767237 -0.225992 
0.775287 -0.216019 
0.783681 -0.204442 
0.791164 -0.192651 
0.798891 -0.178954 
0.804812 -0.166825 
0.810898 -0.152869 
0.816118 -0.139009 
0.821393 -0.123079 
0.825293 -0.109123 
0.829181 -0.093215 
0.832294 -0.077805 
0.835276 -0.060292 
0.837266 -0.045135 
0.839063 -0.028038 
0.840212 -0.011836 
0.841033 0.006344 
0.841203 0.021855 
0.840989 0.039160 
0.840258 0.055633 
0.838993 0.073064 
0.837370 0.088399 
0.835191 0.104576 
0.832561 0.120056 
0.829264 0.136194 
0.825814 0.150242 
0.821672 0.164847 
0.817111 0.178655 
0.811732 0.192890 
0.806397 0.205137 
0.800223 0.217731 
0.793664 0.229479 
0.786123 0.241478 
0.778837 0.251679 
0.770551 0.262075 
0.761925 0.271655 
0.752145 0.281355 
0.742866 0.289486 
0.732434 0.297700 
0.721723 0.305173 
0.709702 0.312666 
0.698470 0.318839 
0.685960 0.325004 
0.673285 0.330511 
0.659192 0.335953 
0.646212 0.340325 
0.631886 0.344611 
0.617565 0.348322 
0.601794 0.351889 
0.587491 0.354620 
0.571858 0.357189 
0.556433 0.359265 
0.539619 0.361113 
0.524619 0.362343 
0.508390 0.363331 
0.492589 0.363894 
0.475547 0.364140 
0.460585 0.363971 
0.444561 0.363472 
0.429169 0.362605 
0.412736 0.361320 
0.398527 0.359814 
0.383450 0.357878 
0.369137 0.355622 
0.353992 0.352834 
0.341084 0.350013 
0.327495 0.346655 
0.314726 0.343012 
0.301313 0.338712 
0.290031 0.334570 
0.278226 0.329772 
0.267233 0.324721 
0.255752 0.318877 
0.246209 0.313391 
0.236280 0.307128 
0.227096 0.300640 
0.217553 0.293216 
0.209711 0.286369 
0.201587 0.278620 
0.194127 0.270680 
0.186413 0.261674 
0.180146 0.253476 
0.173685 0.244269 
0.167795 0.234912 
0.161736 0.224374 
0.156877 0.214893 
0.151899 0.204326 
0.147405 0.193664 
0.142816 0.181745 
0.139197 0.171145 
0.135521 0.159414 
0.132250 0.147659 
0.128950 0.134625 
0.126414 0.123160 
0.123874 0.110577 
0.121674 0.098054 
0.119502 0.084282 
0.116362 0.059271 
0.115101 0.046384 
0.113919 0.032338 
0.112478 0.007220 
0.111740 -0.019438 
0.111800 -0.043833 
0.112582 -0.069371 
0.113980 -0.092340 
0.116127 -0.116105 
0.118725 -0.137151 
0.122106 -0.158719 
0.125784 -0.177567 
0.130277 -0.196738 
0.134921 -0.213303 
0.140410 -0.230060 
0.145908 -0.244402 
0.152270 -0.258853 
0.158500 -0.271120 
0.165604 -0.283450 
0.172436 -0.293841 
0.180134 -0.304268 
0.187422 -0.312998 
0.195552 -0.321749 
0.203137 -0.329028 
0.211520 -0.336323 
0.219230 -0.342349 
0.227681 -0.348391 
0.235331 -0.353334 
0.243665 -0.358311 
0.259103 -0.366399 
0.273639 -0.372926 
0.286945 -0.378123 
0.298729 -0.382185 
0.308742 -0.385270 
0.316783 -0.387506 
0.322701 -0.388990 
0.326390 -0.389791 
0.327795 -0.389951 
0.326904 -0.389487 
0.323749 -0.388389 
0.318406 -0.386624 
0.310996 -0.384132 
0.301679 -0.380827 
0.290661 -0.376598 
0.278183 -0.371306 
0.264525 -0.364782 
0.249994 -0.356829 
0.234915 -0.347216 
0.219623 -0.335681 
0.204454 -0.321933 
0.189729 -0.305650 
0.175750 -0.286494 
0.162793 -0.264119 
0.151109 -0.238204 
0.145659 -0.223336 
0.140922 -0.208486 
0.136337 -0.191634 
0.132439 -0.174814 
0.128811 -0.155954 
0.125852 -0.137215 
0.123279 -0.116460 
0.121358 -0.095965 
0.119938 -0.073556 
0.119162 -0.051641 
0.119009 -0.028003 
0.119496 -0.005140 
0.120740 0.019153 
0.122628 0.042362 
0.125422 0.066633 
0.128874 0.089524 
0.133399 0.113081 
0.138602 0.134991 
0.145068 0.157189 
0.152239 0.177555 
0.160882 0.197874 
0.170260 0.216270 
0.181338 0.234353 
0.193166 0.250493 
0.206927 0.266118 
0.221444 0.279867 
0.238114 0.292950 
0.255490 0.304255 
0.265463 0.309825 
0.275200 0.314785 
0.295496 0.323660 
0.307024 0.327926 
0.318218 0.331665 
0.329950 0.335127 
0.341300 0.338142 
0.354264 0.341122 
0.366767 0.343654 
0.379758 0.345892 
0.392240 0.347754 
0.406363 0.349455 
0.419879 0.350781 
0.433792 0.351792 
0.447043 0.352493 
0.461891 0.352899 
0.475973 0.352998 
0.490323 0.352754 
0.503863 0.352263 
0.518885 0.351331 
0.532992 0.350153 
0.547206 0.348598 
0.560469 0.346859 
0.575046 0.344516 
0.588600 0.341986 
0.614594 0.335964 
0.628188 0.332101 
0.640686 0.328118 
0.664282 0.319162 
0.676464 0.313652 
0.687536 0.308101 
0.708122 0.295986 
0.728044 0.281464 
0.745297 0.265985 
0.761676 0.247790 
0.775478 0.228853 
0.788255 0.206947 
0.798650 0.184604 
0.807891 0.159130 
0.814939 0.133795 
0.820689 0.105329 
0.824470 0.077712 
0.826748 0.047231 
0.827278 0.018430 
0.826823 0.002133 
0.826037 -0.012696 
0.823255 -0.041365 
0.820910 -0.057289 
0.818377 -0.071632 
0.815307 -0.085925 
0.812149 -0.098802 
0.807825 -0.113607 
0.803450 -0.126811 
0.798505 -0.139760 
0.793593 -0.151326 
0.787185 -0.164426 
0.780861 -0.175998 
0.773945 -0.187168 
0.767186 -0.197060 
0.758608 -0.208076 
0.750259 -0.217710 
0.741300 -0.226870 
0.732634 -0.234900 
0.721850 -0.243667 
0.711456 -0.251238 
0.700481 -0.258288 
0.689953 -0.264380 
0.677074 -0.270851 
0.664764 -0.276327 
0.651941 -0.281269 
0.639738 -0.285428 
0.625066 -0.289627 
0.611170 -0.293024 
0.596887 -0.295881 
0.583416 -0.298120 
0.567496 -0.300080 
0.552567 -0.301413 
0.537454 -0.302198 
0.523343 -0.302515 
0.506963 -0.302239 
0.491775 -0.301494 
0.476617 -0.300188 
0.462623 -0.298550 
0.446675 -0.296006 
0.432061 -0.293135 
0.417693 -0.289682 
0.404594 -0.286032 
0.389932 -0.281160 
0.376661 -0.276098 
0.363769 -0.270409 
0.352213 -0.264693 
0.339483 -0.257426 
0.328116 -0.250118 
0.307617 -0.234327 
0.297217 -0.224640 
0.288097 -0.215112 
0.272034 -0.195009 
0.264092 -0.182868 
0.257410 -0.171397 
0.245973 -0.147378 
0.240644 -0.133241 
0.236322 -0.120034 
0.229530 -0.092928 
0.226795 -0.077382 
0.224820 -0.063010 
0.222657 -0.034147 
0.222490 -0.018030 
0.222857 -0.003288 
0.223903 0.011841 
0.225325 0.025648 
0.227716 0.041366 
0.230437 0.055586 
0.233903 0.069909 
0.237567 0.082846 
0.242515 0.097238 
0.247610 0.110120 
0.253496 0.122845 
0.259415 0.134216 
0.266895 0.146571 
0.274345 0.157499 
0.282606 0.168073 
0.290731 0.177406 
0.300641 0.187286 
0.310339 0.195899 
0.320815 0.204018 
0.330963 0.211056 
0.343050 0.218264 
0.354718 0.224396 
0.378870 0.234604 
0.392701 0.239099 
0.405822 0.242709 
0.432324 0.247961 
0.461074 0.250871 
0.488351 0.251251 
0.517159 0.249036 
0.543486 0.244672 
0.570493 0.237449 
0.594380 0.228486 
0.618066 0.216465 
0.638362 0.203132 
0.657713 0.186677 
0.673705 0.169392 
0.688204 0.149122 
0.699577 0.128579 
0.709080 0.105431 
0.715793 0.082647 
0.720386 0.057866 
0.722556 0.034135 
0.722446 0.009162 
0.720289 -0.014105 
0.715744 -0.037874 
0.709569 -0.059327 
0.700930 -0.080671 
0.691152 -0.099293 
0.678924 -0.117274 
0.666033 -0.132501 
0.650872 -0.146630 
0.635494 -0.158201 
0.618190 -0.168355 
0.601111 -0.176248 
0.582554 -0.182552 
0.564671 -0.186927 
0.545733 -0.189650 
0.528016 -0.190799 
0.509686 -0.190299 
0.492846 -0.188595 
0.475903 -0.185316 
0.460537 -0.181167 
0.445497 -0.175579 
0.432044 -0.169449 
0.407873 -0.154432 
0.388138 -0.137127 
0.372647 -0.118517 
0.360994 -0.099517 
0.352649 -0.080922 
0.347015 -0.063386 
0.343484 -0.047407 
0.341471 -0.033336 
0.340438 -0.021400 
0.339918 -0.011735 
0.339522 -0.004418 
0.338958 0.000505 
0.338031 0.002989 
0.336654 0.002976 
0.334852 0.000391 
0.332763 -0.004855 
0.330647 -0.012846 
0.328876 -0.023639 
0.327933 -0.037218 
0.328398 -0.053460 
0.330929 -0.072083 
0.336237 -0.092617 
0.345052 -0.114381 
0.358072 -0.136496 
0.375907 -0.157922 
0.398985 -0.177514 
0.427443 -0.194100 
0.443355 -0.200726 
0.461002 -0.206535 
0.479066 -0.210705 
0.498861 -0.213751 
0.518614 -0.215025 
0.539651 -0.214775 
0.560107 -0.212700 
0.581518 -0.208742 
0.601638 -0.202963 
0.622320 -0.194907 
0.641118 -0.185118 
0.659896 -0.172709 
0.676462 -0.158692 
0.692320 -0.141903 
0.705745 -0.123789 
0.718040 -0.102768 
0.727724 -0.080995 
0.735903 -0.056355 
0.741437 -0.031779 
0.745079 -0.004649 
0.746171 0.021490 
0.744950 0.049513 
0.741329 0.075782 
0.735008 0.102823 
0.726442 0.127518 
0.714837 0.152080 
0.701205 0.173768 
0.693323 0.184078 
0.684209 0.194676 
0.675502 0.203423 
0.665559 0.212384 
0.655173 0.220545 
0.643330 0.228816 
0.632402 0.235369 
0.620058 0.241968 
0.607445 0.247752 
0.593208 0.253458 
0.580465 0.257688 
0.566199 0.261781 
0.551920 0.265079 
0.535966 0.268085 
0.522087 0.269943 
0.506687 0.271456 
0.491560 0.272223 
0.474874 0.272445 
0.460720 0.271913 
0.445168 0.270793 
0.430006 0.268975 
0.413904 0.266353 
0.400190 0.263369 
0.385654 0.259565 
0.371633 0.255089 
0.356948 0.249580 
0.344600 0.244056 
0.331707 0.237484 
0.319618 0.230331 
0.307099 0.221900 
0.296731 0.213806 
0.286031 0.204419 
0.276293 0.194621 
0.266331 0.183297 
0.258276 0.172725 
0.250077 0.160636 
0.242853 0.148359 
0.235600 0.134348 
0.229964 0.121589 
0.224372 0.107160 
0.219688 0.092828 
0.215176 0.076656 
0.211951 0.062284 
0.208964 0.046199 
0.206786 0.030557 
0.205002 0.013105 
0.204142 -0.002028 
0.203737 -0.018787 
0.204029 -0.034758 
0.204966 -0.052363 
0.206441 -0.067261 
0.208620 -0.083587 
0.211383 -0.098876 
0.215071 -0.115497 
0.218891 -0.129246 
0.223693 -0.144157 
0.229050 -0.158132 
0.235484 -0.172640 
0.241770 -0.184761 
0.249172 -0.197378 
0.257158 -0.209211 
0.266431 -0.221306 
0.275193 -0.231245 
0.285235 -0.241389 
0.295844 -0.250781 
0.307949 -0.260244 
0.319098 -0.267825 
0.331686 -0.275437 
0.344759 -0.282325 
0.359480 -0.289122 
0.372733 -0.294365 
0.387520 -0.299489 
0.402623 -0.303931 
0.419429 -0.308127 
0.434221 -0.311121 
0.450539 -0.313849 
0.466920 -0.315938 
0.484931 -0.317617 
