0.622050 -0.273621 
0.630933 -0.272509 
0.639596 -0.271019 
0.648340 -0.269453 
0.656828 -0.267510 
0.665384 -0.265485 
0.673651 -0.263090 
0.681974 -0.260600 
0.689982 -0.257750 
0.698030 -0.254791 
0.705746 -0.251491 
0.713483 -0.248054 
0.720879 -0.244303 
0.728274 -0.240386 
0.735327 -0.236183 
0.742355 -0.231788 
0.749044 -0.227130 
0.755691 -0.222261 
0.761999 -0.217149 
0.768254 -0.211813 
0.774172 -0.206253 
0.780028 -0.200457 
0.785547 -0.194455 
0.791002 -0.188209 
0.796124 -0.181779 
0.801176 -0.175094 
0.805900 -0.168251 
0.810554 -0.161147 
0.814885 -0.153907 
0.819146 -0.146407 
0.823092 -0.138798 
0.826969 -0.130926 
0.830538 -0.122977 
0.834040 -0.114765 
0.837244 -0.106507 
0.840382 -0.097993 
0.843232 -0.089467 
0.846019 -0.080692 
0.848529 -0.071943 
0.850978 -0.062950 
0.853160 -0.054022 
0.855286 -0.044864 
0.857155 -0.035808 
0.858972 -0.026535 
0.860543 -0.017403 
0.862064 -0.008070 
0.863351 0.001086 
0.864593 0.010423 
0.865612 0.019548 
0.866588 0.028836 
0.867353 0.037879 
0.868079 0.047065 
0.868606 0.055974 
0.869096 0.065009 
0.869398 0.073740 
0.869669 0.082577 
0.869760 0.091087 
0.869825 0.099683 
0.869722 0.107934 
0.869596 0.116253 
0.869310 0.124215 
0.869009 0.132224 
0.868557 0.139867 
0.868093 0.147542 
0.867489 0.154846 
0.866878 0.162164 
0.865391 0.176059 
0.863661 0.189204 
0.861717 0.201586 
0.859586 0.213198 
0.857297 0.224043 
0.854877 0.234126 
0.852353 0.243461 
0.849753 0.252061 
0.847103 0.259945 
0.844428 0.267134 
0.841754 0.273649 
0.839105 0.279512 
0.836503 0.284745 
0.833970 0.289372 
0.831526 0.293413 
0.829189 0.296889 
0.826977 0.299820 
0.824903 0.302225 
0.822982 0.304121 
0.821223 0.305524 
0.819636 0.306447 
0.818227 0.306905 
0.817001 0.306909 
0.815960 0.306470 
0.815104 0.305596 
0.814432 0.304296 
0.813940 0.302576 
0.813622 0.300443 
0.813471 0.297902 
0.813479 0.294956 
0.813634 0.291609 
0.813926 0.287865 
0.814341 0.283726 
0.814865 0.279195 
0.815485 0.274273 
0.816184 0.268963 
0.816947 0.263267 
0.817758 0.257188 
0.818600 0.250729 
0.819457 0.243893 
0.820312 0.236685 
0.821148 0.229109 
0.821950 0.221172 
0.822700 0.212879 
0.823383 0.204240 
0.823983 0.195262 
0.824485 0.185957 
0.824873 0.176336 
0.825133 0.166412 
0.825249 0.156200 
0.825208 0.145716 
0.824996 0.134977 
0.824597 0.124003 
0.823998 0.112815 
0.823186 0.101434 
0.822146 0.089886 
0.820864 0.078195 
0.819326 0.066389 
0.817519 0.054496 
0.815428 0.042546 
0.813038 0.030571 
0.810337 0.018602 
0.807309 0.006672 
0.803942 -0.005183 
0.800221 -0.016930 
0.796132 -0.028533 
0.791665 -0.039957 
0.786805 -0.051166 
0.781543 -0.062126 
0.775868 -0.072800 
0.769773 -0.083156 
0.763251 -0.093159 
0.756297 -0.102779 
0.748912 -0.111984 
0.741095 -0.120745 
0.732852 -0.129035 
0.724191 -0.136829 
0.715124 -0.144103 
0.705668 -0.150836 
0.695845 -0.157009 
0.685679 -0.162606 
0.675202 -0.167613 
0.664448 -0.172019 
0.653458 -0.175814 
0.642274 -0.178993 
0.630943 -0.181553 
0.619517 -0.183493 
0.608047 -0.184817 
0.596588 -0.185530 
0.585194 -0.185640 
0.573920 -0.185161 
0.562818 -0.184106 
0.551941 -0.182495 
0.541335 -0.180347 
0.531045 -0.177689 
0.521109 -0.174547 
0.511563 -0.170952 
0.502433 -0.166935 
0.493744 -0.162533 
0.485510 -0.157782 
0.477742 -0.152720 
0.470444 -0.147388 
0.463613 -0.141827 
0.457243 -0.136077 
0.451319 -0.130181 
0.445825 -0.124179 
0.440737 -0.118113 
0.436030 -0.112022 
0.431675 -0.105946 
0.427639 -0.099920 
0.423888 -0.093982 
0.420387 -0.088167 
0.417098 -0.082508 
0.413984 -0.077037 
0.411010 -0.071785 
0.408138 -0.066783 
0.405335 -0.062060 
0.402569 -0.057645 
0.399810 -0.053568 
0.397032 -0.049857 
0.394212 -0.046542 
0.391332 -0.043650 
0.388379 -0.041211 
0.385344 -0.039254 
0.382225 -0.037809 
0.379026 -0.036904 
0.375754 -0.036566 
0.372426 -0.036822 
0.369062 -0.037697 
0.365691 -0.039214 
0.362346 -0.041391 
0.359064 -0.044244 
0.355889 -0.047783 
0.352870 -0.052015 
0.350058 -0.056937 
0.347508 -0.062543 
0.345278 -0.068816 
0.343425 -0.075734 
0.342011 -0.083264 
0.341093 -0.091367 
0.340732 -0.099993 
0.340985 -0.109085 
0.341908 -0.118580 
0.343554 -0.128405 
0.345971 -0.138483 
0.349207 -0.148734 
0.353302 -0.159072 
0.358292 -0.169410 
0.364209 -0.179663 
0.371077 -0.189744 
0.378913 -0.199570 
0.387726 -0.209064 
0.397519 -0.218149 
0.408282 -0.226758 
0.414118 -0.230800 
0.419998 -0.234827 
0.426273 -0.238580 
0.432636 -0.242299 
0.439342 -0.245733 
0.446158 -0.249126 
0.453272 -0.252216 
0.460509 -0.255261 
0.468001 -0.257989 
0.475628 -0.260668 
0.483461 -0.263017 
0.491438 -0.265314 
0.499573 -0.267269 
0.507853 -0.269171 
0.516245 -0.270720 
0.524778 -0.272216 
0.533376 -0.273349 
0.542110 -0.274428 
0.550859 -0.275139 
0.559739 -0.275792 
0.568582 -0.276073 
0.577550 -0.276294 
0.586432 -0.276139 
0.595428 -0.275921 
0.604292 -0.275325 
0.613260 -0.274662 
