0.179931 -0.060867 
0.181996 -0.080030 
0.184792 -0.098482 
0.188684 -0.118339 
0.192699 -0.134494 
0.197826 -0.151769 
0.203640 -0.168049 
0.210921 -0.185323 
0.217768 -0.199024 
0.226081 -0.213503 
0.235025 -0.226867 
0.245850 -0.240864 
0.255629 -0.251704 
0.267253 -0.263026 
0.279381 -0.273222 
0.293793 -0.283748 
0.306484 -0.291686 
0.321362 -0.299844 
0.336497 -0.306952 
0.354225 -0.314116 
0.369536 -0.319312 
0.387266 -0.324481 
0.404767 -0.328693 
0.424962 -0.332695 
0.442121 -0.335328 
0.461721 -0.337677 
0.480468 -0.339207 
0.501757 -0.340247 
0.519552 -0.340450 
0.539584 -0.340088 
0.558153 -0.339075 
0.578905 -0.337266 
0.595956 -0.335090 
0.614884 -0.332030 
0.631971 -0.328508 
0.650769 -0.323841 
0.665954 -0.319248 
0.682599 -0.313411 
0.697726 -0.307142 
0.713255 -0.299669 
0.726297 -0.292359 
0.739676 -0.283789 
0.751942 -0.274722 
0.764329 -0.264224 
0.774609 -0.254179 
0.784974 -0.242665 
0.794333 -0.230720 
0.803640 -0.217120 
0.811227 -0.204330 
0.818736 -0.189899 
0.825355 -0.175196 
0.831793 -0.158697 
0.836883 -0.143439 
0.841772 -0.126467 
0.845900 -0.109475 
0.849729 -0.090684 
0.852546 -0.073639 
0.855046 -0.054957 
0.856902 -0.036582 
0.858335 -0.016571 
0.859062 0.001209 
0.859344 0.020407 
0.859076 0.038926 
0.858244 0.058787 
0.856984 0.076080 
0.855133 0.094489 
0.852808 0.111919 
0.849747 0.130356 
0.846527 0.146100 
0.842541 0.162655 
0.838141 0.178086 
0.832800 0.194221 
0.827573 0.207756 
0.821380 0.221844 
0.814824 0.234799 
0.807096 0.248217 
0.799773 0.259297 
0.791264 0.270733 
0.782456 0.281112 
0.772233 0.291771 
0.762743 0.300439 
0.751848 0.309311 
0.740741 0.317260 
0.727988 0.325347 
0.716353 0.331804 
0.703128 0.338345 
0.689822 0.344106 
0.674699 0.349886 
0.661131 0.354384 
0.645861 0.358860 
0.630704 0.362691 
0.613661 0.366432 
0.598636 0.369209 
0.581916 0.371865 
0.565538 0.373993 
0.547338 0.375924 
0.531583 0.377177 
0.514252 0.378211 
0.497513 0.378811 
0.479144 0.379105 
0.463522 0.378980 
0.446537 0.378533 
0.430340 0.377729 
0.412775 0.376500 
0.398078 0.375093 
0.382275 0.373256 
0.367377 0.371120 
0.351384 0.368435 
0.338199 0.365798 
0.324145 0.362619 
0.311013 0.359183 
0.297039 0.355068 
0.285659 0.351222 
0.273621 0.346721 
0.262448 0.341994 
0.250636 0.336452 
0.231114 0.325590 
0.221871 0.319573 
0.212157 0.312612 
0.196294 0.299269 
0.181022 0.283629 
0.168419 0.267897 
0.156392 0.249740 
0.146610 0.231826 
0.137369 0.211432 
0.129984 0.191680 
0.123103 0.169494 
0.117734 0.148399 
0.112840 0.125024 
0.109158 0.103207 
0.105930 0.079351 
0.103654 0.057486 
0.101818 0.033886 
0.100712 0.012631 
0.100035 -0.010044 
0.099895 -0.030133 
0.100174 -0.051345 
0.100821 -0.069857 
0.101876 -0.089237 
0.103150 -0.105919 
0.104817 -0.123268 
0.106571 -0.138008 
0.108698 -0.153268 
0.110790 -0.166047 
0.113233 -0.179282 
0.118152 -0.201492 
0.123196 -0.220158 
0.128120 -0.235564 
0.132698 -0.247993 
0.136728 -0.257700 
0.140038 -0.264900 
0.142489 -0.269766 
0.143984 -0.272419 
0.144468 -0.272935 
0.143930 -0.271337 
0.142403 -0.267602 
0.139962 -0.261660 
0.136724 -0.253395 
0.132839 -0.242647 
0.128487 -0.229225 
0.123872 -0.212904 
0.119217 -0.193453 
0.114756 -0.170646 
0.110737 -0.144304 
0.107412 -0.114334 
0.105046 -0.080780 
0.103914 -0.043887 
0.104311 -0.004140 
0.106561 0.037713 
0.111023 0.080686 
0.114342 0.102981 
0.118107 0.123633 
0.122946 0.145380 
0.128284 0.165365 
0.134911 0.186007 
0.142092 0.204776 
0.150805 0.223820 
0.160141 0.240953 
0.171283 0.258042 
0.183098 0.273220 
0.197020 0.288110 
0.211654 0.301151 
0.228687 0.313707 
0.246439 0.324516 
0.266839 0.334682 
0.287897 0.343225 
0.311764 0.350990 
0.336088 0.357249 
0.363225 0.362602 
0.390459 0.366557 
0.420275 0.369463 
0.449656 0.371055 
0.481145 0.371433 
0.511502 0.370549 
0.543287 0.368247 
0.573253 0.364705 
0.603876 0.359495 
0.632075 0.353041 
0.646823 0.348887 
0.660231 0.344619 
0.685577 0.334931 
0.698604 0.328953 
0.710329 0.322931 
0.721816 0.316280 
0.732132 0.309643 
0.743148 0.301641 
0.752965 0.293676 
0.762467 0.285000 
0.770914 0.276429 
0.779818 0.266223 
0.787662 0.256158 
0.795149 0.245314 
0.801718 0.234700 
0.808526 0.222194 
0.814428 0.209971 
0.819946 0.196940 
0.824690 0.184304 
0.829473 0.169563 
0.833498 0.155305 
0.837113 0.140279 
0.840087 0.125893 
0.842903 0.109281 
0.845099 0.093399 
0.848098 0.061247 
0.848970 0.043414 
0.849344 0.026621 
0.848730 -0.006651 
0.847613 -0.024764 
0.846117 -0.041529 
0.841756 -0.074018 
0.835066 -0.107147 
0.826712 -0.137063 
0.815606 -0.166791 
0.802950 -0.192785 
0.787060 -0.217987 
0.769764 -0.239375 
0.748714 -0.259594 
0.726630 -0.276107 
0.700336 -0.291225 
0.673579 -0.302963 
0.642417 -0.313081 
0.611680 -0.320207 
0.593471 -0.323249 
0.576788 -0.325440 
0.543433 -0.328071 
0.524137 -0.328560 
0.506693 -0.328453 
0.488831 -0.327711 
0.472740 -0.326570 
0.453600 -0.324463 
0.436541 -0.321989 
0.419440 -0.318809 
0.404232 -0.315429 
0.386498 -0.310609 
0.370914 -0.305633 
0.355611 -0.299884 
0.342172 -0.294124 
0.326824 -0.286434 
0.313520 -0.278799 
0.300698 -0.270323 
0.289582 -0.262030 
0.277161 -0.251321 
0.266555 -0.240893 
0.256556 -0.229603 
0.248019 -0.218715 
0.238736 -0.204984 
0.230967 -0.191792 
0.223855 -0.177771 
0.217936 -0.164410 
0.211778 -0.147922 
0.206832 -0.132289 
0.202566 -0.115961 
0.199230 -0.100593 
0.196127 -0.082036 
0.193956 -0.064686 
0.192491 -0.046917 
0.191719 -0.030432 
0.191636 -0.010968 
0.192242 0.006941 
0.193588 0.024937 
0.195416 0.041366 
0.198394 0.060316 
0.201846 0.077460 
0.206088 0.094347 
0.210608 0.109495 
0.216754 0.126574 
0.223165 0.141757 
0.230455 0.156474 
0.237763 0.169374 
0.247196 0.183630 
0.256664 0.196063 
0.277235 0.218025 
0.289984 0.228970 
0.302443 0.238260 
0.328771 0.254080 
0.344796 0.261631 
0.359705 0.267633 
0.390868 0.277230 
0.409235 0.281263 
0.426042 0.284141 
0.460227 0.287569 
0.479696 0.288132 
0.497227 0.287905 
0.531818 0.285156 
0.550827 0.282250 
0.567664 0.278882 
0.584770 0.274497 
0.599858 0.269859 
0.616914 0.263446 
0.631775 0.256870 
0.646499 0.249159 
0.659285 0.241466 
0.673312 0.231538 
0.685325 0.221741 
0.696901 0.210745 
0.706767 0.200048 
0.717217 0.186763 
0.725951 0.173925 
0.734055 0.159922 
0.740750 0.146535 
0.747461 0.130383 
0.752797 0.115032 
0.757372 0.098702 
0.760849 0.083363 
0.763842 0.065303 
0.765785 0.048444 
0.767156 0.014798 
0.766474 -0.003826 
0.765055 -0.020782 
0.759820 -0.053530 
0.750710 -0.086784 
0.738968 -0.115916 
0.722923 -0.144341 
0.704938 -0.167947 
0.682387 -0.189906 
0.658735 -0.207093 
0.630680 -0.221916 
0.602574 -0.232408 
0.570786 -0.240016 
0.540202 -0.243864 
0.507173 -0.244430 
0.476620 -0.241809 
0.445125 -0.235600 
0.417113 -0.226756 
0.389558 -0.214133 
0.366046 -0.199467 
0.344041 -0.181018 
0.326170 -0.161241 
0.310444 -0.137888 
0.298655 -0.114226 
0.289368 -0.087427 
0.283578 -0.061566 
0.280546 -0.033373 
0.280406 -0.007177 
0.283204 0.020225 
0.288281 0.044878 
0.296342 0.069601 
0.306084 0.091154 
0.318707 0.111887 
0.332375 0.129341 
0.348751 0.145459 
0.365327 0.158354 
0.384270 0.169622 
0.402739 0.178093 
0.422964 0.184741 
0.442182 0.189114 
0.462474 0.191615 
0.481269 0.192357 
0.517954 0.188978 
0.550751 0.180252 
0.578820 0.167510 
0.601905 0.152087 
0.620206 0.135258 
0.634221 0.118179 
0.644611 0.101839 
0.652091 0.087033 
0.657354 0.074363 
0.661017 0.064261 
0.663581 0.057022 
0.665409 0.052843 
0.666704 0.051854 
0.667501 0.054134 
0.667660 0.059715 
0.666867 0.068558 
0.664645 0.080520 
0.660368 0.095309 
0.653293 0.112435 
0.642604 0.131174 
0.627479 0.150557 
0.607187 0.169396 
0.581218 0.186335 
0.549461 0.199932 
0.512382 0.208730 
0.471178 0.211324 
0.427783 0.206396 
0.406568 0.200841 
0.384701 0.192769 
0.364733 0.182656 
0.344670 0.169494 
0.327060 0.154405 
0.310281 0.136052 
0.296297 0.116102 
0.283716 0.092693 
0.274217 0.068455 
0.266660 0.040843 
0.262246 0.013432 
0.260381 -0.016652 
0.261565 -0.045508 
0.265869 -0.075727 
0.273070 -0.103631 
0.283939 -0.131838 
0.297431 -0.156682 
0.315144 -0.180894 
0.334977 -0.201100 
0.359423 -0.219875 
0.385194 -0.234478 
0.415483 -0.246927 
0.446121 -0.255417 
0.480211 -0.261051 
0.513413 -0.263049 
0.548662 -0.261684 
0.581507 -0.256964 
0.597725 -0.253290 
0.614987 -0.248373 
0.629436 -0.243208 
0.644739 -0.236741 
0.658960 -0.229536 
0.673880 -0.220688 
0.685930 -0.212205 
0.698518 -0.202045 
0.709895 -0.191297 
0.721633 -0.178492 
0.730725 -0.166803 
0.740048 -0.153085 
0.748155 -0.139037 
0.756280 -0.122609 
0.762200 -0.108163 
0.768035 -0.091458 
0.772747 -0.074787 
0.777101 -0.055660 
0.779831 -0.039366 
0.782127 -0.020803 
0.783448 -0.002483 
0.783960 0.017523 
0.783518 0.034623 
0.782241 0.053203 
0.780080 0.071275 
0.776794 0.090603 
0.773073 0.106836 
0.768188 0.124101 
0.762516 0.140331 
0.755366 0.157401 
0.748282 0.171468 
0.739666 0.186190 
0.730450 0.199568 
0.719365 0.213420 
0.708908 0.224546 
0.696546 0.236003 
0.683850 0.246074 
0.668916 0.256297 
0.655294 0.264203 
0.639470 0.272145 
0.623688 0.278809 
0.605433 0.285318 
0.589282 0.290006 
0.570802 0.294438 
0.552865 0.297764 
0.532454 0.300611 
0.514936 0.302180 
0.495196 0.303172 
0.476535 0.303254 
0.455665 0.302489 
0.438289 0.301012 
0.419008 0.298593 
0.401196 0.295451 
0.381657 0.291048 
0.365842 0.286523 
0.348550 0.280638 
0.332597 0.274080 
0.316064 0.266054 
0.302537 0.258278 
0.288481 0.248962 
0.275529 0.238936 
0.262387 0.227140 
0.251859 0.216108 
0.241204 0.203314 
0.231570 0.189859 
0.222012 0.174365 
0.214618 0.160285 
0.207338 0.144259 
0.201000 0.127758 
0.194962 0.109083 
0.190589 0.092568 
0.186544 0.074081 
0.183356 0.055452 
0.180694 0.034727 
0.179188 0.016907 
0.178231 -0.002720 
0.178059 -0.022054 
0.178673 -0.043196 
