0.550298 -0.290941 
0.560457 -0.291452 
0.570445 -0.291558 
0.580635 -0.291569 
0.590601 -0.291179 
0.600749 -0.290685 
0.610623 -0.289800 
0.620656 -0.288797 
0.630374 -0.287415 
0.640224 -0.285900 
0.649727 -0.284026 
0.659328 -0.281991 
0.668563 -0.279623 
0.677858 -0.277066 
0.686777 -0.274201 
0.695717 -0.271122 
0.704274 -0.267756 
0.712824 -0.264156 
0.720983 -0.260287 
0.729113 -0.256168 
0.736846 -0.251797 
0.744533 -0.247160 
0.751819 -0.242287 
0.759047 -0.237136 
0.765874 -0.231768 
0.772633 -0.226108 
0.778992 -0.220250 
0.785278 -0.214090 
0.791168 -0.207751 
0.796983 -0.201105 
0.802407 -0.194303 
0.807755 -0.187185 
0.812721 -0.179940 
0.817609 -0.172372 
0.822127 -0.164706 
0.826568 -0.156717 
0.830650 -0.148661 
0.834659 -0.140283 
0.838321 -0.131875 
0.841911 -0.123146 
0.845169 -0.114426 
0.848359 -0.105392 
0.851231 -0.096408 
0.854038 -0.087119 
0.856542 -0.077923 
0.858985 -0.068435 
0.861140 -0.059081 
0.863238 -0.049454 
0.865063 -0.040003 
0.866835 -0.030297 
0.868349 -0.020809 
0.869814 -0.011088 
0.871037 -0.001625 
0.872214 0.008050 
0.873164 0.017430 
0.874071 0.026998 
0.874766 0.036237 
0.875423 0.045640 
0.875882 0.054685 
0.876306 0.063870 
0.876545 0.072675 
0.876756 0.081592 
0.876794 0.090111 
0.876808 0.098721 
0.876662 0.106920 
0.876496 0.115186 
0.876182 0.123034 
0.875855 0.130927 
0.875390 0.138399 
0.874917 0.145897 
0.874317 0.152977 
0.873715 0.160063 
0.872282 0.173400 
0.870648 0.185896 
0.868846 0.197547 
0.866905 0.208356 
0.864855 0.218331 
0.862725 0.227487 
0.860543 0.235842 
0.858336 0.243417 
0.856130 0.250235 
0.853949 0.256317 
0.851815 0.261689 
0.849751 0.266374 
0.847775 0.270395 
0.845905 0.273773 
0.844157 0.276529 
0.842543 0.278683 
0.841076 0.280252 
0.839763 0.281252 
0.838611 0.281697 
0.837624 0.281601 
0.836803 0.280974 
0.836149 0.279826 
0.835658 0.278165 
0.835325 0.275999 
0.835143 0.273333 
0.835104 0.270171 
0.835197 0.266519 
0.835410 0.262379 
0.835730 0.257754 
0.836140 0.252648 
0.836627 0.247062 
0.837173 0.241001 
0.837761 0.234466 
0.838373 0.227463 
0.838991 0.219996 
0.839595 0.212071 
0.840169 0.203695 
0.840691 0.194877 
0.841145 0.185628 
0.841510 0.175960 
0.841770 0.165886 
0.841905 0.155425 
0.841897 0.144594 
0.841729 0.133414 
0.841383 0.121909 
0.840841 0.110105 
0.840086 0.098029 
0.839100 0.085713 
0.837868 0.073187 
0.836370 0.060488 
0.834591 0.047651 
0.832514 0.034713 
0.830120 0.021715 
0.827393 0.008696 
0.824316 -0.004302 
0.820871 -0.017237 
0.817042 -0.030068 
0.812810 -0.042753 
0.808160 -0.055248 
0.803076 -0.067514 
0.797541 -0.079510 
0.791541 -0.091196 
0.785063 -0.102535 
0.778095 -0.113489 
0.770626 -0.124023 
0.762650 -0.134104 
0.754161 -0.143699 
0.745159 -0.152781 
0.735647 -0.161319 
0.725630 -0.169290 
0.715121 -0.176669 
0.704139 -0.183434 
0.692705 -0.189566 
0.680851 -0.195047 
0.668611 -0.199862 
0.656029 -0.203998 
0.643153 -0.207445 
0.630038 -0.210192 
0.616744 -0.212235 
0.603338 -0.213571 
0.589888 -0.214197 
0.576466 -0.214118 
0.563145 -0.213338 
0.550000 -0.211866 
0.537102 -0.209716 
0.524522 -0.206903 
0.512327 -0.203447 
0.500576 -0.199375 
0.489325 -0.194713 
0.478623 -0.189495 
0.468510 -0.183759 
0.459019 -0.177544 
0.450174 -0.170894 
0.441993 -0.163857 
0.434483 -0.156482 
0.427645 -0.148821 
0.421473 -0.140925 
0.415952 -0.132849 
0.411062 -0.124643 
0.406778 -0.116361 
0.403067 -0.108050 
0.399894 -0.099759 
0.397218 -0.091530 
0.394995 -0.083405 
0.393179 -0.075419 
0.391720 -0.067607 
0.390569 -0.059997 
0.389671 -0.052613 
0.388975 -0.045479 
0.388428 -0.038613 
0.387977 -0.032031 
0.387571 -0.025747 
0.387158 -0.019775 
0.386691 -0.014128 
0.386124 -0.008818 
0.385413 -0.003859 
0.384519 0.000736 
0.383407 0.004949 
0.382045 0.008761 
0.380408 0.012151 
0.378475 0.015096 
0.376234 0.017568 
0.373676 0.019537 
0.370801 0.020972 
0.367618 0.021838 
0.364141 0.022100 
0.360394 0.021721 
0.356408 0.020665 
0.352222 0.018896 
0.347881 0.016380 
0.343440 0.013087 
0.338959 0.008990 
0.334503 0.004068 
0.330141 -0.001691 
0.325949 -0.008295 
0.322002 -0.015740 
0.318378 -0.024013 
0.315157 -0.033087 
0.312416 -0.042928 
0.310232 -0.053486 
0.308680 -0.064700 
0.307831 -0.076497 
0.307753 -0.088793 
0.308510 -0.101496 
0.310162 -0.114503 
0.312764 -0.127706 
0.316367 -0.140995 
0.318686 -0.147623 
0.321013 -0.154255 
0.323869 -0.160812 
0.326741 -0.167373 
0.330145 -0.173806 
0.333583 -0.180242 
0.337540 -0.186500 
0.341563 -0.192755 
0.346070 -0.198795 
0.350697 -0.204814 
0.355762 -0.210590 
0.360991 -0.216330 
0.366621 -0.221798 
0.372443 -0.227221 
0.378634 -0.232344 
0.385038 -0.237416 
0.391776 -0.242161 
0.398746 -0.246852 
0.406012 -0.251194 
0.413527 -0.255477 
0.421297 -0.259392 
0.429323 -0.263247 
0.437562 -0.266718 
0.446063 -0.270125 
0.454729 -0.273137 
0.463659 -0.276083 
0.472703 -0.278626 
0.482008 -0.281099 
0.491373 -0.283163 
0.500996 -0.285156 
0.510620 -0.286736 
0.520492 -0.288239 
0.530308 -0.289331 
0.540360 -0.290341 
