0.779846 -0.094337 
0.786087 -0.084067 
0.791951 -0.073297 
0.797429 -0.062053 
0.802517 -0.050360 
0.807210 -0.038251 
0.811506 -0.025759 
0.815405 -0.012922 
0.818907 0.000219 
0.822015 0.013620 
0.824731 0.027236 
0.827061 0.041018 
0.828036 0.047963 
0.829008 0.054916 
0.829796 0.061894 
0.830580 0.068880 
0.831782 0.082859 
0.832622 0.096802 
0.833107 0.110659 
0.833247 0.124383 
0.833049 0.137926 
0.832524 0.151245 
0.831681 0.164299 
0.830530 0.177052 
0.829084 0.189469 
0.827353 0.201522 
0.825349 0.213184 
0.823086 0.224434 
0.820577 0.235253 
0.817834 0.245629 
0.814875 0.255550 
0.811712 0.265009 
0.808363 0.274004 
0.804843 0.282532 
0.801169 0.290596 
0.797360 0.298199 
0.793433 0.305347 
0.789406 0.312047 
0.785297 0.318309 
0.781127 0.324143 
0.776913 0.329558 
0.772675 0.334566 
0.768432 0.339180 
0.764201 0.343410 
0.760003 0.347271 
0.755853 0.350773 
0.751771 0.353928 
0.747771 0.356749 
0.743871 0.359247 
0.740083 0.361434 
0.736424 0.363319 
0.732904 0.364914 
0.729535 0.366227 
0.726328 0.367270 
0.723291 0.368050 
0.720432 0.368577 
0.717757 0.368858 
0.715271 0.368901 
0.712977 0.368713 
0.710879 0.368302 
0.708976 0.367674 
0.707269 0.366835 
0.705756 0.365791 
0.704436 0.364547 
0.703303 0.363109 
0.702355 0.361482 
0.701585 0.359670 
0.700989 0.357678 
0.700558 0.355510 
0.700287 0.353170 
0.700167 0.350662 
0.700190 0.347989 
0.700347 0.345155 
0.700631 0.342163 
0.701031 0.339016 
0.701540 0.335716 
0.702148 0.332267 
0.702847 0.328669 
0.703627 0.324926 
0.704479 0.321040 
0.705396 0.317011 
0.706369 0.312842 
0.707388 0.308534 
0.708448 0.304088 
0.709538 0.299504 
0.710653 0.294783 
0.711784 0.289927 
0.712924 0.284934 
0.714066 0.279806 
0.715203 0.274542 
0.716327 0.269143 
0.717432 0.263608 
0.718510 0.257937 
0.719556 0.252130 
0.720561 0.246187 
0.721519 0.240110 
0.722422 0.233897 
0.723263 0.227550 
0.724035 0.221070 
0.724729 0.214458 
0.725339 0.207718 
0.725856 0.200851 
0.726272 0.193861 
0.726579 0.186752 
0.726769 0.179530 
0.726833 0.172201 
0.726763 0.164772 
0.726551 0.157251 
0.726188 0.149646 
0.725666 0.141969 
0.724978 0.134230 
0.724116 0.126443 
0.723072 0.118619 
0.721839 0.110775 
0.720413 0.102924 
0.718786 0.095083 
0.716955 0.087268 
0.714915 0.079497 
0.712663 0.071787 
0.710197 0.064155 
0.707515 0.056618 
0.704619 0.049195 
0.701508 0.041901 
0.698186 0.034753 
0.694656 0.027765 
0.690923 0.020953 
0.686992 0.014328 
0.682873 0.007901 
0.678572 0.001684 
0.674101 -0.004316 
0.669469 -0.010094 
0.664690 -0.015644 
0.659775 -0.020964 
0.654740 -0.026054 
0.649598 -0.030915 
0.644366 -0.035552 
0.639058 -0.039969 
0.633692 -0.044175 
0.628285 -0.048178 
0.622854 -0.051989 
0.617416 -0.055621 
0.611988 -0.059089 
0.606589 -0.062407 
0.601237 -0.065591 
0.595948 -0.068660 
0.590740 -0.071630 
0.585632 -0.074520 
0.580642 -0.077349 
0.575786 -0.080136 
0.571084 -0.082898 
0.566552 -0.085654 
0.562210 -0.088421 
0.558076 -0.091216 
0.554168 -0.094052 
0.550504 -0.096944 
0.547105 -0.099903 
0.543988 -0.102939 
0.541174 -0.106060 
0.538681 -0.109271 
0.536530 -0.112574 
0.534738 -0.115972 
0.533325 -0.119459 
0.532310 -0.123033 
0.531709 -0.126683 
0.531541 -0.130401 
0.531820 -0.134171 
0.532561 -0.137978 
0.533778 -0.141803 
0.535480 -0.145625 
0.537677 -0.149421 
0.540376 -0.153165 
0.543580 -0.156832 
0.547291 -0.160393 
0.551505 -0.163819 
0.556218 -0.167081 
0.561420 -0.170149 
0.567100 -0.172992 
0.573241 -0.175581 
0.579823 -0.177887 
0.586823 -0.179881 
0.594214 -0.181535 
0.601966 -0.182822 
0.610046 -0.183717 
0.618418 -0.184197 
0.627044 -0.184238 
0.635884 -0.183820 
0.644896 -0.182923 
0.654038 -0.181530 
0.663265 -0.179624 
0.672536 -0.177192 
0.681807 -0.174219 
0.691037 -0.170696 
0.700185 -0.166612 
0.709212 -0.161961 
0.718082 -0.156737 
0.726761 -0.150936 
0.735217 -0.144557 
0.743422 -0.137599 
0.751348 -0.130067 
0.758972 -0.121965 
0.766275 -0.113302 
0.773238 -0.104088 
