0.175735 0.009997 
0.175066 -0.010070 
0.175192 -0.029745 
0.176150 -0.051326 
0.177704 -0.069182 
0.180116 -0.088596 
0.183259 -0.107187 
0.187576 -0.127249 
0.191933 -0.143399 
0.197481 -0.160722 
0.203708 -0.176942 
0.211509 -0.194197 
0.218767 -0.207754 
0.227601 -0.222121 
0.237026 -0.235261 
0.248467 -0.249057 
0.258732 -0.259653 
0.270979 -0.270745 
0.283650 -0.280629 
0.298763 -0.290846 
0.312027 -0.298503 
0.327645 -0.306378 
0.343313 -0.313112 
0.361723 -0.319891 
0.377618 -0.324772 
0.396090 -0.329605 
0.414051 -0.333431 
0.434827 -0.337020 
0.452475 -0.339313 
0.472689 -0.341282 
0.491728 -0.342423 
0.513385 -0.343030 
0.531451 -0.342866 
0.551829 -0.342077 
0.570491 -0.340664 
0.591347 -0.338387 
0.608417 -0.335812 
0.627391 -0.332273 
0.644854 -0.328207 
0.663017 -0.323121 
0.678451 -0.317947 
0.694470 -0.311696 
0.709324 -0.304905 
0.724503 -0.296860 
0.737244 -0.289010 
0.750240 -0.279854 
0.762117 -0.270199 
0.774086 -0.259035 
0.783980 -0.248385 
0.793920 -0.236201 
0.802836 -0.223621 
0.811682 -0.209303 
0.818847 -0.195889 
0.825912 -0.180762 
0.832090 -0.165415 
0.838068 -0.148195 
0.842737 -0.132364 
0.847185 -0.114762 
0.850884 -0.097208 
0.854264 -0.077800 
0.856675 -0.060316 
0.858745 -0.041163 
0.860182 -0.022432 
0.861168 -0.002045 
0.861498 0.015942 
0.861352 0.035349 
0.860670 0.053957 
0.859383 0.073902 
0.857727 0.091131 
0.855439 0.109461 
0.852690 0.126728 
0.849152 0.144985 
0.845522 0.160447 
0.841074 0.176699 
0.836226 0.191776 
0.830371 0.207537 
0.824708 0.220658 
0.818015 0.234314 
0.810981 0.246807 
0.802697 0.259747 
0.794912 0.270353 
0.785870 0.281300 
0.776552 0.291194 
0.765731 0.301355 
0.755764 0.309550 
0.744316 0.317939 
0.732690 0.325419 
0.719331 0.333026 
0.707234 0.339045 
0.693478 0.345137 
0.679690 0.350469 
0.664010 0.355809 
0.650052 0.359914 
0.634346 0.363986 
0.618804 0.367437 
0.601326 0.370784 
0.586044 0.373217 
0.569039 0.375516 
0.552446 0.377309 
0.534017 0.378888 
0.518190 0.379842 
0.500791 0.380561 
0.484039 0.380868 
0.465666 0.380847 
0.450159 0.380463 
0.433317 0.379740 
0.417306 0.378677 
0.399950 0.377168 
0.385536 0.375535 
0.370042 0.373456 
0.355465 0.371092 
0.339827 0.368158 
0.327019 0.365327 
0.313375 0.361939 
0.300643 0.358306 
0.287093 0.353973 
0.264529 0.345292 
0.253770 0.340402 
0.242396 0.334682 
0.223702 0.323571 
0.205540 0.310341 
0.190415 0.296851 
0.175843 0.281081 
0.163868 0.265339 
0.152423 0.247204 
0.143151 0.229442 
0.134372 0.209254 
0.127380 0.189840 
0.120848 0.168064 
0.115763 0.147502 
0.111109 0.124738 
0.107609 0.103629 
0.104520 0.080563 
0.102333 0.059553 
0.100539 0.036872 
0.099432 0.016564 
0.098705 -0.005114 
0.098478 -0.024215 
0.098617 -0.044407 
0.099094 -0.061933 
0.099921 -0.080315 
0.100944 -0.096041 
0.102298 -0.112442 
0.103722 -0.126252 
0.105454 -0.140645 
0.109115 -0.164969 
0.113023 -0.185577 
0.116941 -0.202697 
0.120650 -0.216576 
0.123955 -0.227454 
0.126692 -0.235541 
0.128730 -0.241007 
0.129976 -0.243976 
0.130377 -0.244525 
0.129925 -0.242679 
0.128651 -0.238413 
0.126629 -0.231656 
0.123969 -0.222292 
0.120816 -0.210166 
0.117342 -0.195095 
0.113746 -0.176881 
0.110244 -0.155330 
0.107066 -0.130290 
0.104460 -0.101682 
0.102685 -0.069559 
0.102015 -0.034151 
0.102747 0.004088 
0.105206 0.044456 
0.109755 0.086030 
0.116806 0.127725 
0.121600 0.148967 
0.126833 0.168402 
0.133353 0.188627 
0.140378 0.206987 
0.148932 0.225731 
0.158057 0.242570 
0.168980 0.259457 
0.180547 0.274465 
0.194209 0.289254 
0.208557 0.302215 
0.225308 0.314754 
0.242755 0.325560 
0.262875 0.335776 
0.283637 0.344377 
0.307249 0.352241 
0.331339 0.358611 
0.358302 0.364108 
0.385398 0.368213 
0.415169 0.371300 
0.444549 0.373078 
0.476139 0.373669 
0.506669 0.373002 
0.538736 0.370941 
0.569005 0.367645 
0.600031 0.362704 
0.628656 0.356517 
0.657296 0.348381 
0.683119 0.338973 
0.696419 0.333141 
0.708379 0.327264 
0.730659 0.314251 
0.741940 0.306386 
0.751982 0.298557 
0.761723 0.290004 
0.770376 0.281554 
0.779520 0.271460 
0.787569 0.261505 
0.795268 0.250754 
0.802023 0.240221 
0.809043 0.227779 
0.815127 0.215616 
0.820831 0.202617 
0.825738 0.190005 
0.830703 0.175267 
0.834887 0.161001 
0.838666 0.145928 
0.841790 0.131457 
0.844768 0.114737 
0.847108 0.098745 
0.849008 0.082070 
0.850382 0.066291 
0.851399 0.048275 
0.851903 0.031274 
0.851538 -0.002505 
0.850555 -0.020879 
0.849176 -0.037933 
0.845034 -0.071046 
0.841941 -0.088702 
0.838570 -0.104803 
0.830398 -0.135371 
0.819494 -0.165689 
0.806953 -0.192317 
0.791192 -0.218067 
0.773943 -0.239965 
0.752978 -0.260592 
0.730772 -0.277552 
0.704404 -0.293007 
0.677391 -0.305067 
0.645984 -0.315445 
0.614814 -0.322805 
0.579454 -0.328239 
0.545552 -0.331029 
0.525903 -0.331596 
0.508201 -0.331552 
0.473616 -0.329768 
0.454087 -0.327702 
0.436750 -0.325265 
0.419285 -0.322102 
0.403820 -0.318741 
0.385718 -0.313917 
0.369879 -0.308947 
0.354263 -0.303169 
0.340610 -0.297394 
0.324946 -0.289636 
0.311432 -0.281954 
0.298384 -0.273396 
0.287121 -0.265048 
0.274479 -0.254203 
0.263734 -0.243673 
0.253575 -0.232220 
0.244940 -0.221207 
0.235506 -0.207233 
0.227653 -0.193853 
0.220455 -0.179593 
0.214490 -0.166044 
0.208253 -0.149216 
0.203270 -0.133309 
0.198971 -0.116660 
0.195627 -0.101040 
0.192505 -0.082069 
0.190341 -0.064396 
0.188888 -0.046248 
0.188140 -0.029462 
0.188095 -0.009544 
0.188748 0.008715 
0.190153 0.027070 
0.192042 0.043777 
0.195119 0.063133 
0.198666 0.080574 
0.203021 0.097757 
0.207655 0.113138 
0.213974 0.130533 
0.220549 0.145938 
0.227996 0.160809 
0.235502 0.173882 
0.245192 0.188324 
0.254909 0.200878 
0.265586 0.212783 
0.276006 0.222989 
0.289098 0.233995 
0.301934 0.243336 
0.328957 0.259133 
0.345214 0.266579 
0.360792 0.272620 
0.392803 0.282065 
0.411740 0.286002 
0.429005 0.288763 
0.464062 0.291913 
0.484104 0.292295 
0.502041 0.291887 
0.537400 0.288726 
0.556884 0.285542 
0.574018 0.281919 
0.606730 0.272317 
0.624092 0.265509 
0.639099 0.258585 
0.653991 0.250454 
0.666820 0.242400 
0.680968 0.231940 
0.692975 0.221689 
0.704554 0.210148 
0.714339 0.198988 
0.724738 0.185038 
0.733342 0.171640 
0.741311 0.156984 
0.747823 0.143049 
0.754340 0.126145 
0.759439 0.110180 
0.763762 0.093152 
0.766971 0.077220 
0.769643 0.058422 
0.771253 0.040968 
0.771973 0.022820 
0.771896 0.006157 
0.770775 -0.013006 
0.768911 -0.030455 
0.762704 -0.064052 
0.757785 -0.081963 
0.752458 -0.097846 
0.739447 -0.127388 
0.721984 -0.155827 
0.702414 -0.179371 
0.678098 -0.200941 
0.652681 -0.217583 
0.622644 -0.231638 
0.592746 -0.241225 
0.559024 -0.247714 
0.526868 -0.250345 
0.492280 -0.249441 
0.460660 -0.245282 
0.428257 -0.237227 
0.399855 -0.226502 
0.372169 -0.211653 
0.348953 -0.194767 
0.327543 -0.173768 
0.310567 -0.151521 
0.296073 -0.125522 
0.285651 -0.099295 
0.278097 -0.070013 
0.274120 -0.041850 
0.273265 -0.011568 
0.275367 0.016200 
0.280794 0.044932 
0.288500 0.070263 
0.299605 0.095352 
0.312320 0.116694 
0.328296 0.136840 
0.345182 0.153298 
0.364967 0.167962 
0.384876 0.179255 
0.407227 0.188475 
0.428665 0.194739 
0.451912 0.198812 
0.473534 0.200523 
0.496106 0.200009 
0.516615 0.197714 
0.537284 0.193277 
0.555601 0.187626 
0.589002 0.171720 
0.616163 0.151558 
0.637120 0.128732 
0.652392 0.104774 
0.662779 0.081050 
0.669219 0.058681 
0.672678 0.038503 
0.674080 0.021070 
0.674259 0.006703 
0.673925 -0.004446 
0.673641 -0.012323 
0.673807 -0.016915 
0.674653 -0.018195 
0.676226 -0.016105 
0.678390 -0.010549 
0.680818 -0.001413 
0.683000 0.011391 
0.684247 0.027858 
0.683713 0.047813 
0.680428 0.070823 
0.673335 0.096136 
0.661356 0.122648 
0.643483 0.148943 
0.618903 0.173380 
0.587198 0.194222 
0.548581 0.209761 
0.504146 0.218404 
0.480949 0.219622 
0.455970 0.218712 
0.432089 0.215410 
0.406972 0.209410 
0.383786 0.201007 
0.360487 0.189433 
0.339790 0.175584 
0.319720 0.158078 
0.302876 0.138725 
0.287319 0.115358 
0.275269 0.090848 
0.265232 0.062499 
0.258667 0.033874 
0.254811 0.002357 
0.254294 -0.028215 
0.257038 -0.060655 
0.262936 -0.090650 
0.272704 -0.121357 
0.285306 -0.148373 
0.302406 -0.174974 
0.321854 -0.197202 
0.346209 -0.217990 
0.372307 -0.234361 
0.402962 -0.248317 
0.434418 -0.258127 
0.469561 -0.264930 
0.503972 -0.267873 
0.521579 -0.268059 
0.540789 -0.267333 
0.557251 -0.265780 
0.575086 -0.263248 
0.592048 -0.259845 
0.610270 -0.255142 
0.625338 -0.250183 
0.641439 -0.243860 
0.656354 -0.236777 
0.672141 -0.227941 
0.684725 -0.219534 
0.697986 -0.209335 
0.709918 -0.198548 
0.722326 -0.185545 
0.731820 -0.173785 
0.741639 -0.159832 
0.750159 -0.145542 
0.758737 -0.128708 
0.764939 -0.114012 
0.771103 -0.096859 
0.776157 -0.079514 
0.780688 -0.060086 
0.783650 -0.043086 
0.786067 -0.024180 
0.787516 -0.005362 
0.788136 0.015254 
0.787763 0.032958 
0.786520 0.052200 
0.784385 0.070682 
0.781090 0.090557 
0.777333 0.107279 
0.772351 0.125138 
0.766619 0.141707 
0.759335 0.159234 
0.752130 0.173618 
0.743298 0.188752 
0.733914 0.202372 
0.722535 0.216557 
0.711866 0.227852 
0.699159 0.239543 
0.686176 0.249738 
0.670786 0.260139 
0.656859 0.268096 
0.640563 0.276127 
0.624393 0.282807 
0.605557 0.289353 
0.589038 0.294005 
0.570009 0.298409 
0.551630 0.301669 
0.530598 0.304436 
0.512722 0.305902 
0.492462 0.306772 
0.473363 0.306716 
0.451962 0.305770 
0.434305 0.304134 
0.414627 0.301507 
0.396130 0.298089 
0.376592 0.293469 
0.360319 0.288639 
0.343114 0.282541 
0.326977 0.275670 
0.310297 0.267271 
0.296684 0.259158 
0.282649 0.249493 
0.269693 0.239068 
0.256542 0.226771 
0.246100 0.215351 
0.235538 0.202085 
0.226020 0.188149 
0.216574 0.172043 
0.209350 0.157523 
0.202244 0.140952 
0.196102 0.123927 
0.190267 0.104588 
0.186117 0.087639 
0.182306 0.068607 
0.179368 0.049495 
0.176982 0.028162 
