0.572150 -0.312359 
0.588094 -0.310340 
0.603575 -0.307760 
0.620114 -0.304375 
0.633829 -0.300906 
0.648408 -0.296633 
0.662338 -0.291816 
0.677083 -0.285956 
0.689064 -0.280390 
0.701704 -0.273793 
0.713590 -0.266678 
0.726064 -0.258256 
0.736013 -0.250535 
0.746429 -0.241539 
0.756044 -0.232092 
0.766046 -0.221070 
0.773872 -0.211186 
0.781993 -0.199791 
0.789323 -0.188072 
0.796856 -0.174541 
0.802619 -0.162590 
0.808517 -0.148925 
0.813642 -0.135208 
0.818796 -0.119529 
0.822597 -0.105832 
0.826370 -0.090312 
0.829429 -0.075111 
0.832344 -0.057921 
0.834285 -0.043065 
0.836030 -0.026393 
0.837152 -0.010464 
0.837949 0.007345 
0.838106 0.022553 
0.837886 0.039445 
0.837158 0.055241 
0.835908 0.072690 
0.834320 0.087393 
0.832158 0.103560 
0.829564 0.118759 
0.826315 0.134623 
0.822917 0.148418 
0.818840 0.162794 
0.814347 0.176397 
0.809062 0.190413 
0.803815 0.202491 
0.797751 0.214916 
0.791295 0.226548 
0.783890 0.238418 
0.776723 0.248536 
0.768591 0.258842 
0.760112 0.268367 
0.750527 0.278001 
0.741401 0.286113 
0.731169 0.294300 
0.720653 0.301767 
0.708886 0.309245 
0.697850 0.315437 
0.685592 0.321616 
0.673145 0.327157 
0.659346 0.332626 
0.646589 0.337045 
0.632547 0.341375 
0.618475 0.345143 
0.603022 0.348764 
0.588942 0.351560 
0.573590 0.354193 
0.558414 0.356337 
0.541914 0.358257 
0.527114 0.359560 
0.511135 0.360623 
0.495546 0.361263 
0.478768 0.361593 
0.463960 0.361500 
0.448130 0.361084 
0.432880 0.360299 
0.416630 0.359107 
0.402502 0.357678 
0.387537 0.355831 
0.373297 0.353659 
0.358257 0.350972 
0.345361 0.348228 
0.331808 0.344961 
0.319044 0.341405 
0.305661 0.337212 
0.294334 0.333146 
0.282505 0.328442 
0.271464 0.323479 
0.259955 0.317747 
0.250330 0.312334 
0.240329 0.306162 
0.231068 0.299761 
0.221462 0.292453 
0.213519 0.285671 
0.205306 0.278013 
0.197752 0.270155 
0.189952 0.261257 
0.183579 0.253114 
0.177018 0.243983 
0.171032 0.234696 
0.164885 0.224256 
0.159929 0.214817 
0.154855 0.204304 
0.150271 0.193691 
0.145598 0.181844 
0.141892 0.171253 
0.138133 0.159547 
0.134788 0.147816 
0.131416 0.134819 
0.128811 0.123333 
0.126206 0.110733 
0.123948 0.098193 
0.121723 0.084420 
0.120082 0.072382 
0.118491 0.059289 
0.117194 0.046348 
0.115980 0.032253 
0.114494 0.006934 
0.114051 -0.005969 
0.113738 -0.019900 
0.113807 -0.044554 
0.114627 -0.070331 
0.116094 -0.093600 
0.118343 -0.117635 
0.121077 -0.138995 
0.124632 -0.160841 
0.128520 -0.179995 
0.133270 -0.199434 
0.138208 -0.216282 
0.144046 -0.233282 
0.149929 -0.247873 
0.156743 -0.262536 
0.163459 -0.275018 
0.171126 -0.287524 
0.178550 -0.298092 
0.186929 -0.308662 
0.194919 -0.317535 
0.203849 -0.326400 
0.212248 -0.333794 
0.221550 -0.341175 
0.230182 -0.347292 
0.239663 -0.353398 
0.248343 -0.358421 
0.257802 -0.363438 
0.266329 -0.367525 
0.275570 -0.371622 
0.292584 -0.378235 
0.308481 -0.383520 
0.322934 -0.387685 
0.335660 -0.390905 
0.346427 -0.393322 
0.355049 -0.395052 
0.361391 -0.396183 
0.365362 -0.396778 
0.366916 -0.396875 
0.366043 -0.396492 
0.362774 -0.395619 
0.357178 -0.394226 
0.349360 -0.392262 
0.339467 -0.389648 
0.327686 -0.386286 
0.314246 -0.382051 
0.299413 -0.376793 
0.283491 -0.370336 
0.266807 -0.362474 
0.249710 -0.352973 
0.232552 -0.341567 
0.215679 -0.327961 
0.199420 -0.311833 
0.184080 -0.292844 
0.169930 -0.270649 
0.163182 -0.257818 
0.157211 -0.244925 
0.151300 -0.230205 
0.146134 -0.215407 
0.141151 -0.198692 
0.136891 -0.181939 
0.132923 -0.163218 
0.129656 -0.144541 
0.126790 -0.123900 
0.124607 -0.103471 
0.122934 -0.081162 
0.121930 -0.059290 
0.121552 -0.035725 
0.121835 -0.012874 
0.122873 0.011382 
0.124572 0.034622 
0.127167 0.058911 
0.130432 0.081868 
0.134753 0.105491 
0.139761 0.127514 
0.146005 0.149826 
0.152958 0.170346 
0.161351 0.190828 
0.170470 0.209402 
0.181245 0.227672 
0.192769 0.244023 
0.206170 0.259865 
0.220311 0.273835 
0.228498 0.280834 
0.236545 0.287150 
0.253470 0.298687 
0.263173 0.304376 
0.272663 0.309460 
0.282673 0.314277 
0.292431 0.318575 
0.303649 0.322966 
0.314560 0.326833 
0.325982 0.330419 
0.337052 0.333559 
0.349676 0.336671 
0.361875 0.339335 
0.374542 0.341706 
0.386729 0.343699 
0.400506 0.345542 
0.413719 0.347008 
0.427315 0.348163 
0.440288 0.349005 
0.454827 0.349568 
0.468645 0.349821 
0.482717 0.349735 
0.496006 0.349402 
0.510767 0.348648 
0.524665 0.347645 
0.551775 0.344713 
0.566196 0.342572 
0.579625 0.340245 
0.605408 0.334653 
0.618948 0.331029 
0.631410 0.327288 
0.654974 0.318846 
0.678315 0.308360 
0.699030 0.296862 
0.719206 0.283011 
0.736697 0.268280 
0.753424 0.250891 
0.767574 0.232803 
0.780803 0.211768 
0.791593 0.190415 
0.801331 0.165908 
0.808844 0.141581 
0.815140 0.114083 
0.819443 0.087424 
0.821130 0.072047 
0.822319 0.057839 
0.823437 0.029810 
0.823327 0.013915 
0.822865 -0.000635 
0.821925 -0.015337 
0.820748 -0.028786 
0.818799 -0.044461 
0.816632 -0.058672 
0.813959 -0.072810 
0.811166 -0.085633 
0.807303 -0.100361 
0.803349 -0.113588 
0.798863 -0.126548 
0.794371 -0.138202 
0.788504 -0.151379 
0.782673 -0.163104 
0.776283 -0.174437 
0.770001 -0.184541 
0.762042 -0.195778 
0.754249 -0.205680 
0.745895 -0.215101 
0.737772 -0.223421 
0.727694 -0.232500 
0.717923 -0.240410 
0.707606 -0.247804 
0.697658 -0.254250 
0.685536 -0.261105 
0.673885 -0.266973 
0.661744 -0.272311 
0.650127 -0.276863 
0.636205 -0.281504 
0.622940 -0.285336 
0.609307 -0.288632 
0.596378 -0.291298 
0.581136 -0.293749 
0.566755 -0.295557 
0.552166 -0.296829 
0.538468 -0.297612 
0.522596 -0.297886 
0.507781 -0.297667 
0.492959 -0.296901 
0.479205 -0.295781 
0.463541 -0.293858 
0.449090 -0.291579 
0.434795 -0.288725 
0.421744 -0.285665 
0.407104 -0.281495 
0.393769 -0.277104 
0.369024 -0.267048 
0.356076 -0.260570 
0.344466 -0.254034 
0.323309 -0.239750 
0.312420 -0.230840 
0.302988 -0.222262 
0.286015 -0.203805 
0.277559 -0.192647 
0.270354 -0.182038 
0.257820 -0.159706 
0.251878 -0.146561 
0.246952 -0.134183 
0.238924 -0.108667 
0.235491 -0.094024 
0.232845 -0.080364 
0.230776 -0.066081 
0.229310 -0.052793 
0.228358 -0.037373 
0.227982 -0.023127 
0.228242 -0.008491 
0.228924 0.005001 
0.230431 0.020317 
0.232325 0.034330 
0.234907 0.048467 
0.237747 0.061370 
0.241699 0.075702 
0.245869 0.088676 
0.250764 0.101527 
0.255766 0.113137 
0.262137 0.125752 
0.268567 0.137047 
0.275736 0.148016 
0.282851 0.157805 
0.291560 0.168207 
0.300161 0.177396 
0.318560 0.193782 
0.329442 0.201723 
0.339979 0.208581 
0.361912 0.220292 
0.386696 0.230132 
0.411194 0.237115 
0.438179 0.241992 
0.463922 0.244328 
0.491522 0.244316 
0.517064 0.242138 
0.543610 0.237379 
0.567496 0.230829 
0.591506 0.221527 
0.612514 0.210813 
0.632887 0.197282 
0.650182 0.182747 
0.666264 0.165480 
0.679399 0.147673 
0.690927 0.127400 
0.699761 0.107126 
0.706735 0.084831 
0.711329 0.063138 
0.713910 0.039963 
0.714452 0.018089 
0.712875 -0.004719 
0.709657 -0.025581 
0.704257 -0.046782 
0.697619 -0.065706 
0.688830 -0.084358 
0.679181 -0.100653 
0.667526 -0.116174 
0.655381 -0.129421 
0.641468 -0.141556 
0.627457 -0.151599 
0.611927 -0.160360 
0.596813 -0.167241 
0.580497 -0.172763 
0.564928 -0.176722 
0.548603 -0.179297 
0.533233 -0.180630 
0.517547 -0.180619 
0.502980 -0.179680 
0.475144 -0.174667 
0.450371 -0.166427 
0.428983 -0.155805 
0.411024 -0.143627 
0.396326 -0.130669 
0.384574 -0.117630 
0.375369 -0.105113 
0.368279 -0.093619 
0.362878 -0.083548 
0.358780 -0.075207 
0.355655 -0.068827 
0.353250 -0.064582 
0.351402 -0.062599 
0.350045 -0.062972 
0.349218 -0.065762 
0.349063 -0.070990 
0.349828 -0.078624 
0.351861 -0.088556 
0.355594 -0.100580 
0.361526 -0.114363 
0.370198 -0.129432 
0.382154 -0.145164 
0.397889 -0.160799 
0.417784 -0.175463 
0.442022 -0.188205 
0.470498 -0.198045 
0.502731 -0.204009 
0.519701 -0.205158 
0.537817 -0.205161 
0.555636 -0.203628 
0.574443 -0.200631 
0.592484 -0.196026 
0.610985 -0.189637 
0.628272 -0.181647 
0.645677 -0.171539 
0.661352 -0.159957 
0.676796 -0.145926 
0.690153 -0.130650 
0.702816 -0.112763 
0.713255 -0.093907 
0.722484 -0.072585 
0.729430 -0.050771 
0.734822 -0.026662 
0.737895 -0.002833 
0.739068 0.022949 
0.737982 0.047558 
0.734608 0.073582 
0.729114 0.097617 
0.720931 0.122340 
0.710773 0.144577 
0.697653 0.166550 
0.682735 0.185784 
0.664657 0.204094 
0.645135 0.219485 
0.634399 0.226507 
0.622349 0.233522 
0.611172 0.239085 
0.598726 0.244594 
0.586055 0.249365 
0.571960 0.253964 
0.559261 0.257322 
0.545233 0.260464 
0.531219 0.262884 
0.515762 0.264944 
0.502225 0.266044 
0.487388 0.266743 
0.472850 0.266750 
0.456963 0.266175 
0.443423 0.264984 
0.428702 0.263174 
0.414530 0.260713 
0.399224 0.257414 
0.386491 0.253891 
0.372766 0.249498 
0.359641 0.244464 
0.345975 0.238407 
0.334553 0.232441 
0.322665 0.225444 
0.311414 0.217820 
0.299855 0.208959 
0.290329 0.200528 
0.280566 0.190869 
0.271605 0.180737 
0.262522 0.169167 
0.255188 0.158385 
0.247793 0.146193 
0.241262 0.133779 
0.234781 0.119772 
0.229754 0.106983 
0.224833 0.092669 
0.220740 0.078432 
0.216876 0.062533 
0.214160 0.048340 
0.211728 0.032613 
0.210045 0.017294 
0.208792 0.000367 
0.208359 -0.014392 
0.208410 -0.030587 
0.209116 -0.046045 
0.210481 -0.062945 
0.212318 -0.077338 
0.214868 -0.092982 
0.217971 -0.107631 
0.221999 -0.123477 
0.226121 -0.136664 
0.231217 -0.150870 
0.236766 -0.163958 
0.243525 -0.177943 
0.249968 -0.189329 
0.257664 -0.201484 
0.265827 -0.212696 
0.275253 -0.224143 
0.284144 -0.233551 
0.294325 -0.243188 
0.305018 -0.252067 
0.317134 -0.260976 
0.328331 -0.268145 
0.340906 -0.275317 
0.353932 -0.281794 
0.368502 -0.288147 
0.381681 -0.293065 
0.396297 -0.297839 
0.411209 -0.301960 
0.427689 -0.305813 
0.442276 -0.308554 
0.458267 -0.311011 
0.474322 -0.312853 
0.491857 -0.314274 
0.507038 -0.314915 
0.523497 -0.315123 
0.539747 -0.314746 
0.557292 -0.313772 
