0.330882 -0.286823 
0.345125 -0.293791 
0.359777 -0.299964 
0.376449 -0.306034 
0.391057 -0.310503 
0.407502 -0.314827 
0.424099 -0.318419 
0.442748 -0.321713 
0.458701 -0.323847 
0.476454 -0.325653 
0.494015 -0.326788 
0.513485 -0.327412 
0.529769 -0.327315 
0.547673 -0.326682 
0.564997 -0.325435 
0.583956 -0.323432 
0.599490 -0.321140 
0.616379 -0.318071 
0.632366 -0.314451 
0.649656 -0.309790 
0.663596 -0.305260 
0.678606 -0.299667 
0.692449 -0.293629 
0.707268 -0.286233 
0.719076 -0.279370 
0.731680 -0.271126 
0.743004 -0.262602 
0.755013 -0.252383 
0.764471 -0.243100 
0.774477 -0.232106 
0.783225 -0.221076 
0.792400 -0.208031 
0.799511 -0.196355 
0.806941 -0.182672 
0.813246 -0.169254 
0.819738 -0.153583 
0.824624 -0.139759 
0.829614 -0.123730 
0.833777 -0.107925 
0.837666 -0.090552 
0.840573 -0.074737 
0.843200 -0.057444 
0.845218 -0.040328 
0.846844 -0.021831 
0.847773 -0.005211 
0.848297 0.012646 
0.848288 0.030049 
0.847766 0.048577 
0.846793 0.064969 
0.845287 0.082317 
0.843307 0.098936 
0.840675 0.116390 
0.837817 0.131594 
0.834282 0.147485 
0.830319 0.162478 
0.825542 0.178045 
0.820761 0.191394 
0.815140 0.205202 
0.809127 0.218066 
0.802112 0.231295 
0.795332 0.242473 
0.787530 0.253936 
0.779384 0.264477 
0.770036 0.275226 
0.761186 0.284180 
0.751131 0.293287 
0.740803 0.301549 
0.729082 0.309900 
0.718169 0.316740 
0.705889 0.323629 
0.693441 0.329779 
0.679447 0.335918 
0.666625 0.340830 
0.652332 0.345701 
0.638028 0.349940 
0.622107 0.354076 
0.607750 0.357258 
0.591906 0.360311 
0.576271 0.362829 
0.559056 0.365152 
0.543788 0.366771 
0.527118 0.368174 
0.510893 0.369127 
0.493228 0.369787 
0.477828 0.369973 
0.461194 0.369850 
0.445221 0.369346 
0.428020 0.368443 
0.413270 0.367281 
0.397496 0.365708 
0.382537 0.363809 
0.366582 0.361393 
0.353109 0.358925 
0.338828 0.355936 
0.325419 0.352662 
0.311232 0.348742 
0.299417 0.344976 
0.286978 0.340568 
0.275403 0.335910 
0.263237 0.330468 
0.253225 0.325391 
0.242745 0.319549 
0.233058 0.313485 
0.222933 0.306493 
0.214688 0.300089 
0.206103 0.292800 
0.198217 0.285320 
0.190014 0.276774 
0.183406 0.269056 
0.176556 0.260341 
0.170302 0.251468 
0.163831 0.241415 
0.158677 0.232441 
0.153365 0.222387 
0.148550 0.212220 
0.143600 0.200788 
0.135737 0.179479 
0.132171 0.168206 
0.128540 0.155635 
0.122921 0.132559 
0.117940 0.107109 
0.114247 0.082953 
0.111178 0.056708 
0.109145 0.032277 
0.107732 0.006113 
0.107133 -0.017787 
0.107161 -0.043042 
0.107808 -0.065713 
0.109094 -0.089388 
0.110824 -0.110308 
0.113210 -0.131946 
0.115880 -0.150808 
0.119219 -0.170166 
0.122696 -0.186844 
0.126851 -0.203865 
0.131004 -0.218384 
0.135836 -0.233142 
0.140533 -0.245621 
0.145898 -0.258271 
0.151002 -0.268884 
0.156750 -0.279627 
0.162115 -0.288568 
0.168089 -0.297616 
0.173559 -0.305070 
0.179602 -0.312643 
0.190970 -0.325084 
0.201879 -0.335279 
0.212025 -0.343520 
0.221129 -0.350057 
0.228942 -0.355095 
0.235254 -0.358797 
0.239902 -0.361291 
0.242769 -0.362662 
0.243789 -0.362966 
0.242948 -0.362220 
0.240280 -0.360412 
0.235872 -0.357494 
0.229855 -0.353386 
0.222404 -0.347975 
0.213733 -0.341112 
0.204088 -0.332615 
0.193738 -0.322263 
0.182970 -0.309802 
0.172077 -0.294945 
0.161352 -0.277378 
0.151081 -0.256774 
0.141535 -0.232809 
0.132972 -0.205200 
0.125638 -0.173746 
0.119768 -0.138389 
0.117396 -0.118622 
0.115597 -0.099283 
0.114198 -0.077790 
0.113367 -0.056856 
0.113068 -0.033962 
0.113339 -0.011851 
0.114281 0.011939 
0.115806 0.034689 
0.118156 0.058767 
0.121105 0.081501 
0.125054 0.105174 
0.129627 0.127233 
0.135395 0.149828 
0.141822 0.170608 
0.149661 0.191548 
0.158204 0.210560 
0.168397 0.229419 
0.179331 0.246311 
0.192173 0.262809 
0.205782 0.277381 
0.221551 0.291373 
0.238084 0.303535 
0.257007 0.314983 
0.276611 0.324714 
0.298760 0.333622 
0.321431 0.340948 
0.346671 0.347347 
0.372118 0.352284 
0.386358 0.354439 
0.399984 0.356183 
0.427592 0.358722 
0.442819 0.359575 
0.457260 0.360090 
0.472080 0.360271 
0.486076 0.360176 
0.501716 0.359687 
0.516405 0.358926 
0.531306 0.357792 
0.545240 0.356445 
0.560629 0.354539 
0.574934 0.352423 
0.589280 0.349886 
0.602555 0.347198 
0.617049 0.343767 
0.630384 0.340187 
0.643609 0.336129 
0.655724 0.331983 
0.668816 0.326886 
0.680737 0.321706 
0.692426 0.315986 
0.703016 0.310258 
0.714354 0.303348 
0.724577 0.296427 
0.743389 0.281457 
0.752817 0.272578 
0.761218 0.263792 
0.776398 0.245106 
0.783875 0.234161 
0.790436 0.223456 
0.802008 0.201022 
0.812316 0.175474 
0.820376 0.149558 
0.827050 0.120554 
0.831680 0.091867 
0.834765 0.060388 
0.836002 0.030044 
0.835465 -0.002571 
0.833260 -0.033018 
0.828970 -0.065065 
0.823189 -0.094080 
0.814929 -0.123944 
0.805367 -0.150184 
0.799063 -0.164267 
0.792877 -0.176572 
0.779289 -0.199138 
0.770657 -0.211008 
0.762316 -0.221270 
0.753230 -0.231127 
0.744510 -0.239670 
0.733474 -0.249127 
0.722918 -0.257199 
0.711626 -0.264790 
0.700878 -0.271279 
0.687494 -0.278283 
0.674807 -0.284144 
0.661454 -0.289482 
0.648849 -0.293932 
0.633411 -0.298517 
0.618916 -0.302193 
0.603881 -0.305327 
0.589818 -0.307772 
0.572895 -0.309985 
0.557175 -0.311503 
0.541143 -0.312455 
0.526304 -0.312899 
0.508780 -0.312748 
0.492689 -0.312093 
0.476543 -0.310847 
0.461770 -0.309253 
0.444669 -0.306698 
0.429165 -0.303810 
0.413860 -0.300296 
0.400018 -0.296583 
0.384313 -0.291539 
0.370250 -0.286318 
0.356608 -0.280441 
0.344418 -0.274512 
0.330859 -0.266881 
0.318874 -0.259235 
0.307436 -0.250904 
0.297349 -0.242680 
0.286368 -0.232408 
0.276805 -0.222296 
0.267858 -0.211502 
0.260101 -0.201008 
0.251882 -0.188178 
0.244878 -0.175722 
0.238497 -0.162589 
0.233140 -0.150058 
0.227702 -0.134978 
0.223269 -0.120541 
0.216492 -0.091418 
0.213807 -0.074710 
0.211923 -0.059001 
0.210079 -0.027927 
0.210155 -0.010355 
0.210788 0.005489 
0.213908 0.036535 
0.216776 0.053590 
0.219945 0.068744 
0.228124 0.097740 
0.233824 0.113191 
0.239583 0.126740 
0.252916 0.152004 
0.261463 0.165050 
0.269835 0.176335 
0.279211 0.187307 
0.288295 0.196788 
0.299603 0.206974 
0.310494 0.215638 
0.322383 0.223824 
0.333754 0.230758 
0.347527 0.237911 
0.360631 0.243820 
0.374631 0.249138 
0.387868 0.253456 
0.403514 0.257564 
0.418222 0.260701 
0.433617 0.263162 
0.448001 0.264866 
0.464609 0.265970 
0.480024 0.266353 
0.495824 0.265990 
0.510377 0.265093 
0.526823 0.263230 
0.541867 0.260870 
0.570664 0.254225 
0.585868 0.249403 
0.599498 0.244328 
0.624863 0.232384 
0.649390 0.216912 
0.670035 0.199918 
0.689230 0.179199 
0.704509 0.157711 
0.717871 0.132565 
0.727637 0.107502 
0.735087 0.079268 
0.739390 0.052059 
0.741049 0.022551 
0.740024 -0.004986 
0.736093 -0.033719 
0.729927 -0.059696 
0.720681 -0.085758 
0.709648 -0.108575 
0.695486 -0.130553 
0.680039 -0.149119 
0.661582 -0.166192 
0.642441 -0.179954 
0.620566 -0.191827 
0.598822 -0.200633 
0.574757 -0.207322 
0.551757 -0.211323 
0.527075 -0.213039 
0.504182 -0.212543 
0.480445 -0.209658 
0.458974 -0.205034 
0.437487 -0.198023 
0.418519 -0.189729 
0.400189 -0.179158 
0.384434 -0.167776 
0.369709 -0.154263 
0.357531 -0.140557 
0.346615 -0.124975 
0.337943 -0.109669 
0.330702 -0.092930 
0.325321 -0.076830 
0.321424 -0.059791 
0.319005 -0.043732 
0.318152 -0.011884 
0.321821 0.017535 
0.329023 0.043734 
0.338765 0.066317 
0.350090 0.085223 
0.362109 0.100641 
0.374034 0.112921 
0.385193 0.122501 
0.395038 0.129835 
0.403138 0.135351 
0.409169 0.139412 
0.412893 0.142291 
0.414147 0.144152 
0.412835 0.145038 
0.408924 0.144867 
0.402459 0.143430 
0.393579 0.140396 
0.382542 0.135329 
0.369751 0.127712 
0.355771 0.116977 
0.341332 0.102568 
0.327321 0.083998 
0.314744 0.060952 
0.304688 0.033392 
0.298273 0.001670 
0.296606 -0.033388 
0.300748 -0.070461 
0.305260 -0.088823 
0.311668 -0.107814 
0.319771 -0.125511 
0.330185 -0.143480 
0.342250 -0.159688 
0.356853 -0.175477 
0.372917 -0.189168 
0.391768 -0.202009 
0.411602 -0.212422 
0.434327 -0.221571 
0.457375 -0.228148 
0.483000 -0.232968 
0.508262 -0.235233 
0.535292 -0.235251 
0.561112 -0.232786 
0.587993 -0.227643 
0.612685 -0.220149 
0.637708 -0.209509 
0.659759 -0.196775 
0.681425 -0.180438 
0.699692 -0.162406 
0.716874 -0.140501 
0.730633 -0.117361 
0.742576 -0.090641 
0.751269 -0.063348 
0.757673 -0.033059 
0.761000 -0.003260 
0.761653 0.012074 
0.761660 0.028722 
0.760899 0.043252 
0.759448 0.058938 
0.757262 0.074074 
0.754157 0.090329 
0.750689 0.104086 
0.746257 0.118793 
0.741153 0.132684 
0.734808 0.147448 
0.728583 0.159557 
0.721087 0.172379 
0.713012 0.184216 
0.703348 0.196650 
0.694379 0.206519 
0.683821 0.216855 
0.672817 0.226161 
0.659924 0.235756 
0.648361 0.243095 
0.634942 0.250640 
0.621126 0.257275 
0.605598 0.263695 
0.591662 0.268486 
0.576107 0.273046 
0.560309 0.276796 
0.542850 0.280107 
0.527421 0.282227 
0.510496 0.283879 
0.493831 0.284740 
0.475676 0.284939 
0.459898 0.284359 
0.442825 0.283071 
0.426515 0.281068 
0.408976 0.278141 
0.394052 0.274835 
0.378092 0.270548 
0.363231 0.265659 
0.347435 0.259534 
0.334318 0.253460 
0.320443 0.246097 
0.307819 0.238272 
0.294556 0.228866 
0.283830 0.220005 
0.272610 0.209528 
0.262652 0.198781 
0.252333 0.186114 
0.244246 0.174564 
0.235916 0.161107 
0.228757 0.147640 
0.221509 0.131994 
0.216090 0.118115 
0.210679 0.102142 
0.206285 0.086470 
0.202088 0.068549 
0.199265 0.053049 
0.196710 0.035439 
0.194971 0.018182 
0.193801 -0.000584 
0.193475 -0.016942 
0.193733 -0.034703 
0.194691 -0.052067 
0.196430 -0.070598 
0.198629 -0.086453 
0.201626 -0.103293 
0.205294 -0.119532 
0.209979 -0.136608 
0.214732 -0.150890 
0.220514 -0.165849 
0.226953 -0.180040 
0.234681 -0.194771 
0.242044 -0.206813 
0.250690 -0.219277 
0.259969 -0.230900 
0.270824 -0.242817 
0.280821 -0.252323 
0.292351 -0.262041 
0.304444 -0.270920 
0.318380 -0.279887 
