0.777376 -0.173455 
0.783752 -0.162021 
0.789569 -0.150192 
0.795394 -0.136943 
0.799891 -0.125119 
0.804362 -0.111995 
0.808296 -0.098605 
0.812120 -0.083731 
0.814892 -0.070699 
0.817530 -0.056341 
0.819655 -0.041904 
0.821544 -0.026007 
0.822665 -0.012312 
0.823532 0.002654 
0.823911 0.017457 
0.823914 0.033613 
0.823430 0.047316 
0.822560 0.062173 
0.821228 0.076619 
0.819365 0.092255 
0.817287 0.105352 
0.814667 0.119457 
0.811631 0.132879 
0.807892 0.147293 
0.804191 0.159268 
0.799774 0.172080 
0.795015 0.184015 
0.789363 0.196745 
0.783987 0.207245 
0.777705 0.218415 
0.771186 0.228609 
0.763576 0.239413 
0.756480 0.248253 
0.748282 0.257604 
0.739969 0.265988 
0.730373 0.274810 
0.721549 0.281946 
0.711438 0.289448 
0.701171 0.296206 
0.689815 0.302949 
0.679148 0.308559 
0.667405 0.314151 
0.655457 0.319195 
0.642385 0.324138 
0.630215 0.328167 
0.616969 0.332091 
0.603632 0.335528 
0.589180 0.338798 
0.575873 0.341344 
0.561533 0.343716 
0.547281 0.345649 
0.531985 0.347349 
0.518070 0.348499 
0.503218 0.349408 
0.488638 0.349924 
0.473135 0.350136 
0.459224 0.349956 
0.444509 0.349464 
0.430226 0.348617 
0.415174 0.347388 
0.401847 0.345917 
0.387865 0.344054 
0.374451 0.341867 
0.360423 0.339207 
0.348156 0.336453 
0.335377 0.333218 
0.323245 0.329686 
0.310643 0.325578 
0.299752 0.321527 
0.288472 0.316895 
0.277858 0.311990 
0.266892 0.306395 
0.257524 0.301018 
0.247870 0.294956 
0.238858 0.288642 
0.229593 0.281522 
0.221762 0.274792 
0.213730 0.267271 
0.206295 0.259530 
0.198687 0.250870 
0.192329 0.242790 
0.185839 0.233821 
0.179884 0.224674 
0.173822 0.214505 
0.168827 0.205131 
0.163755 0.194789 
0.159155 0.184327 
0.154507 0.172770 
0.150744 0.162237 
0.146957 0.150689 
0.143581 0.139101 
0.140208 0.126384 
0.137554 0.114927 
0.134923 0.102455 
0.132646 0.090034 
0.130424 0.076496 
0.128764 0.064446 
0.127172 0.051418 
0.125889 0.038547 
0.124709 0.024628 
0.123948 0.012379 
0.123298 -0.000765 
0.122919 -0.013658 
0.122692 -0.027493 
0.122752 -0.039538 
0.122965 -0.052361 
0.123421 -0.064855 
0.124075 -0.078166 
0.124895 -0.089633 
0.125909 -0.101761 
0.127144 -0.113513 
0.128625 -0.125945 
0.130157 -0.136559 
0.131923 -0.147711 
0.133897 -0.158471 
0.136161 -0.169788 
0.140848 -0.189385 
0.143528 -0.199017 
0.146540 -0.209094 
0.152548 -0.226379 
0.159631 -0.243653 
0.166897 -0.258648 
0.175302 -0.273555 
0.183750 -0.286379 
0.193394 -0.299081 
0.202930 -0.309920 
0.213705 -0.320623 
0.224212 -0.329686 
0.235976 -0.338613 
0.247303 -0.346116 
0.259882 -0.353489 
0.271848 -0.359638 
0.285033 -0.365665 
0.297429 -0.370649 
0.310983 -0.375520 
0.323579 -0.379511 
0.337249 -0.383397 
0.349806 -0.386546 
0.363332 -0.389600 
0.375615 -0.392041 
0.388751 -0.394396 
0.400539 -0.396247 
0.413060 -0.398023 
0.424149 -0.399385 
0.435869 -0.400687 
0.456860 -0.402572 
0.475782 -0.403837 
0.492456 -0.404623 
0.506759 -0.405048 
0.518616 -0.405215 
0.527989 -0.405208 
0.534864 -0.405094 
0.539245 -0.404921 
0.541141 -0.404722 
0.540570 -0.404510 
0.537549 -0.404282 
0.532100 -0.404017 
0.524251 -0.403678 
0.514039 -0.403211 
0.501520 -0.402546 
0.486774 -0.401598 
0.469916 -0.400266 
0.451104 -0.398433 
0.430545 -0.395969 
0.408500 -0.392725 
0.385282 -0.388534 
0.361249 -0.383212 
0.336798 -0.376552 
0.312341 -0.368326 
0.288293 -0.358283 
0.276198 -0.352295 
0.265046 -0.346148 
0.253534 -0.338986 
0.242962 -0.331625 
0.232186 -0.323128 
0.222352 -0.314401 
0.212451 -0.304409 
0.203477 -0.294160 
0.194556 -0.282510 
0.186549 -0.270599 
0.178697 -0.257152 
0.171732 -0.243456 
0.165018 -0.228110 
0.159157 -0.212554 
0.153638 -0.195269 
0.148935 -0.177846 
0.144659 -0.158667 
0.141166 -0.139483 
0.138185 -0.118577 
0.135956 -0.097856 
0.134330 -0.075536 
0.133430 -0.053641 
0.133233 -0.030350 
0.133742 -0.007782 
0.135065 0.015902 
0.137085 0.038568 
0.140044 0.062021 
0.143694 0.084161 
0.146025 0.095817 
0.148428 0.106752 
0.153851 0.127790 
0.157163 0.138744 
0.160518 0.148960 
0.164187 0.159027 
0.167877 0.168412 
0.172258 0.178434 
0.176652 0.187724 
0.181390 0.196812 
0.186118 0.205235 
0.191660 0.214161 
0.197182 0.222386 
0.203078 0.230373 
0.208923 0.237731 
0.215714 0.245465 
0.222442 0.252548 
0.229570 0.259370 
0.236600 0.265613 
0.244712 0.272118 
0.252707 0.278031 
0.261113 0.283665 
0.269352 0.288776 
0.278805 0.294041 
0.288072 0.298780 
0.307190 0.307225 
0.317955 0.311266 
0.328438 0.314844 
0.349832 0.321014 
0.361784 0.323843 
0.373327 0.326274 
0.396615 0.330193 
0.421852 0.333099 
0.446443 0.334766 
0.472728 0.335293 
0.497825 0.334673 
0.524259 0.332752 
0.549015 0.329773 
0.574722 0.325284 
0.598236 0.319848 
0.622333 0.312648 
0.643909 0.304622 
0.665704 0.294545 
0.684813 0.283792 
0.694850 0.277144 
0.703814 0.270697 
0.720149 0.257090 
0.728600 0.248831 
0.736087 0.240875 
0.743181 0.232458 
0.749490 0.224365 
0.756289 0.214495 
0.762254 0.205037 
0.767800 0.195158 
0.772681 0.185704 
0.777817 0.174307 
0.782252 0.163445 
0.786260 0.152233 
0.789718 0.141559 
0.793203 0.128850 
0.796115 0.116812 
0.798603 0.104514 
0.800649 0.092873 
0.802500 0.079194 
0.803896 0.066325 
0.804867 0.053335 
0.805497 0.041122 
0.805711 0.026969 
0.805580 0.013748 
0.805023 0.000553 
0.804216 -0.011762 
0.802773 -0.025822 
0.801084 -0.038851 
0.798963 -0.051705 
0.796679 -0.063614 
0.793537 -0.077007 
0.790240 -0.089319 
0.786509 -0.101314 
0.782696 -0.112341 
0.777807 -0.124558 
0.772853 -0.135693 
0.767458 -0.146421 
0.762067 -0.156202 
0.755388 -0.166868 
0.748735 -0.176507 
0.741646 -0.185676 
0.734657 -0.193957 
0.726188 -0.202835 
0.717847 -0.210777 
0.709064 -0.218232 
0.700526 -0.224874 
0.690331 -0.231851 
0.680388 -0.238002 
0.660066 -0.248611 
0.648321 -0.253651 
0.637001 -0.257980 
0.614159 -0.265073 
0.601084 -0.268181 
0.588843 -0.270691 
0.564264 -0.274271 
0.550477 -0.275436 
0.537681 -0.276157 
0.512387 -0.276226 
0.498501 -0.275456 
0.485716 -0.274387 
0.460879 -0.270928 
0.447540 -0.268226 
0.435357 -0.265354 
0.423210 -0.261893 
0.412109 -0.258345 
0.399904 -0.253713 
0.388843 -0.249033 
0.377981 -0.243745 
0.368126 -0.238476 
0.357509 -0.231942 
0.347960 -0.225474 
0.338739 -0.218400 
0.330443 -0.211450 
0.321700 -0.203094 
0.313916 -0.194920 
0.306548 -0.186170 
0.299990 -0.177653 
0.293270 -0.167643 
0.287374 -0.157933 
0.281953 -0.147722 
0.277218 -0.137868 
0.272569 -0.126493 
0.268603 -0.115548 
0.262254 -0.093382 
0.259668 -0.081039 
0.257627 -0.069304 
0.255047 -0.045995 
0.254354 -0.021220 
0.255462 0.002103 
0.258634 0.026395 
0.263316 0.048601 
0.270233 0.071216 
0.278355 0.091380 
0.288822 0.111368 
0.300185 0.128770 
0.313908 0.145488 
0.328195 0.159659 
0.344732 0.172754 
0.361470 0.183463 
0.380207 0.192814 
0.398750 0.200008 
0.418912 0.205654 
0.438458 0.209401 
0.459150 0.211480 
0.478810 0.211925 
0.499142 0.210630 
0.518007 0.207989 
0.537129 0.203556 
0.554434 0.198104 
0.571593 0.190860 
0.586824 0.182902 
0.601518 0.173242 
0.614334 0.163144 
0.626305 0.151521 
0.636536 0.139725 
0.645723 0.126645 
0.653352 0.113663 
0.659841 0.099626 
0.664969 0.086043 
0.668922 0.071669 
0.671755 0.057955 
0.673424 0.043797 
0.674206 0.030408 
0.673877 0.016913 
0.672892 0.004262 
0.668432 -0.019830 
0.661468 -0.041434 
0.652645 -0.060335 
0.642584 -0.076504 
0.631874 -0.090057 
0.621045 -0.101212 
0.610565 -0.110254 
0.600831 -0.117493 
0.592171 -0.123243 
0.584849 -0.127795 
0.579074 -0.131402 
0.575009 -0.134263 
0.572783 -0.136514 
0.572492 -0.138222 
0.574205 -0.139376 
0.577957 -0.139886 
0.583744 -0.139583 
0.591503 -0.138222 
0.601105 -0.135490 
0.612330 -0.131017 
0.624859 -0.124395 
0.638260 -0.115198 
0.651995 -0.103018 
0.665430 -0.087503 
0.677852 -0.068409 
0.688500 -0.045655 
0.696596 -0.019389 
0.699332 -0.005215 
0.701369 0.009964 
0.702183 0.025328 
0.702080 0.041673 
0.700652 0.057857 
0.698035 0.074717 
0.694050 0.091042 
0.688614 0.107854 
0.681820 0.123655 
0.673294 0.139722 
0.663481 0.154392 
0.651709 0.168971 
0.638749 0.181937 
0.623739 0.194366 
0.607757 0.205018 
0.589626 0.214857 
0.570937 0.222762 
0.550096 0.229594 
0.529260 0.234428 
0.506431 0.237909 
0.484234 0.239419 
0.460436 0.239267 
0.437781 0.237227 
0.414260 0.233224 
0.392312 0.227430 
0.370116 0.219408 
0.349943 0.209725 
0.340130 0.204042 
0.329995 0.197547 
0.321341 0.191144 
0.312423 0.183922 
0.304055 0.176235 
0.295471 0.167565 
0.288360 0.159318 
0.281087 0.150103 
0.274415 0.140497 
0.267642 0.129749 
0.262247 0.119815 
0.256799 0.108789 
0.251978 0.097494 
0.247187 0.084948 
0.243601 0.073639 
0.240086 0.061163 
0.237193 0.048576 
0.234488 0.034719 
0.232751 0.022496 
0.231228 0.009104 
0.230288 -0.004314 
0.229763 -0.018680 
0.229882 -0.031360 
0.230420 -0.044893 
0.231515 -0.058312 
0.233173 -0.072533 
0.235225 -0.084951 
0.237852 -0.098062 
0.241010 -0.110751 
0.244892 -0.124090 
0.248927 -0.135604 
0.253705 -0.147670 
0.258951 -0.159075 
0.265102 -0.170981 
0.271147 -0.181094 
0.278116 -0.191624 
0.285465 -0.201375 
0.293917 -0.211485 
0.301957 -0.219894 
0.311100 -0.228583 
0.320511 -0.236466 
0.331211 -0.244563 
0.341143 -0.251121 
0.352338 -0.257826 
0.363645 -0.263746 
0.376390 -0.269735 
0.387967 -0.274399 
0.400916 -0.279076 
0.413782 -0.283022 
0.428158 -0.286884 
0.440948 -0.289669 
0.455145 -0.292322 
0.469050 -0.294320 
0.484425 -0.296064 
0.497835 -0.297005 
0.512594 -0.297655 
0.527049 -0.297743 
0.542452 -0.297359 
0.555964 -0.296486 
0.570356 -0.295135 
0.584444 -0.293267 
0.599271 -0.290787 
0.612091 -0.288066 
0.625542 -0.284729 
0.638588 -0.280880 
0.652188 -0.276263 
0.663742 -0.271667 
0.675754 -0.266309 
0.687269 -0.260436 
0.699174 -0.253625 
0.709104 -0.247127 
0.719348 -0.239708 
0.729044 -0.231782 
0.738988 -0.222739 
0.747119 -0.214339 
0.755443 -0.204862 
0.763201 -0.194912 
0.771083 -0.183674 
