0.428483 -0.313861 
0.445146 -0.316780 
0.461855 -0.319035 
0.480344 -0.320886 
0.496145 -0.321847 
0.513478 -0.322385 
0.530536 -0.322305 
0.549180 -0.321616 
0.564749 -0.320435 
0.581645 -0.318631 
0.597965 -0.316247 
0.615592 -0.313017 
0.630011 -0.309695 
0.645503 -0.305518 
0.660173 -0.300805 
0.675857 -0.294970 
0.688456 -0.289454 
0.701876 -0.282819 
0.714338 -0.275710 
0.727538 -0.267175 
0.737988 -0.259374 
0.749032 -0.250158 
0.759032 -0.240616 
0.769526 -0.229342 
0.777728 -0.219210 
0.786314 -0.207374 
0.793865 -0.195451 
0.801692 -0.181527 
0.807698 -0.169163 
0.813892 -0.154854 
0.819132 -0.140801 
0.824445 -0.124569 
0.828372 -0.110332 
0.832296 -0.094019 
0.835402 -0.078345 
0.838377 -0.060470 
0.840353 -0.045015 
0.842133 -0.027504 
0.843292 -0.010602 
0.844025 0.007550 
0.844171 0.023732 
0.843878 0.041037 
0.843084 0.057809 
0.841741 0.075530 
0.840042 0.091138 
0.837774 0.107561 
0.835051 0.123260 
0.831640 0.139635 
0.828082 0.153865 
0.823812 0.168650 
0.819127 0.182576 
0.813595 0.196944 
0.808124 0.209270 
0.801782 0.221950 
0.795062 0.233741 
0.787317 0.245796 
0.779862 0.255996 
0.771367 0.266399 
0.762535 0.275962 
0.752495 0.285656 
0.743007 0.293738 
0.732315 0.301910 
0.721363 0.309316 
0.709038 0.316750 
0.697566 0.322840 
0.684758 0.328928 
0.671814 0.334341 
0.657383 0.339693 
0.644155 0.343962 
0.629521 0.348147 
0.614922 0.351753 
0.598803 0.355213 
0.584266 0.357835 
0.568344 0.360292 
0.552669 0.362255 
0.535547 0.363986 
0.520353 0.365106 
0.503888 0.365977 
0.487905 0.366425 
0.470637 0.366547 
0.455561 0.366269 
0.439391 0.365651 
0.423897 0.364670 
0.407328 0.363257 
0.393090 0.361644 
0.377960 0.359590 
0.363633 0.357220 
0.348448 0.354300 
0.335588 0.351377 
0.322027 0.347899 
0.309317 0.344144 
0.295943 0.339710 
0.284764 0.335470 
0.273053 0.330557 
0.262164 0.325396 
0.250772 0.319415 
0.241364 0.313839 
0.231558 0.307462 
0.222506 0.300869 
0.213085 0.293316 
0.205390 0.286389 
0.197406 0.278540 
0.190083 0.270507 
0.182498 0.261380 
0.176371 0.253116 
0.170047 0.243829 
0.164288 0.234399 
0.158357 0.223765 
0.153626 0.214250 
0.148772 0.203632 
0.144393 0.192924 
0.139916 0.180944 
0.136405 0.170342 
0.132835 0.158605 
0.129659 0.146847 
0.126451 0.133795 
0.121540 0.109835 
0.119411 0.097353 
0.117307 0.083621 
0.114281 0.058800 
0.111923 0.032046 
0.110538 0.007204 
0.109827 -0.019182 
0.109883 -0.043229 
0.110627 -0.068438 
0.111955 -0.091021 
0.113994 -0.114426 
0.116449 -0.135079 
0.119642 -0.156286 
0.123097 -0.174755 
0.127315 -0.193586 
0.131649 -0.209807 
0.136765 -0.226257 
0.141856 -0.240294 
0.147740 -0.254479 
0.153462 -0.266485 
0.159973 -0.278589 
0.166189 -0.288760 
0.173177 -0.298999 
0.179739 -0.307544 
0.187039 -0.316141 
0.193788 -0.323264 
0.201228 -0.330434 
0.207991 -0.336317 
0.215399 -0.342264 
0.229202 -0.351975 
0.242296 -0.359867 
0.254360 -0.366198 
0.265100 -0.371181 
0.274265 -0.374996 
0.281643 -0.377781 
0.287074 -0.379644 
0.290446 -0.380663 
0.291695 -0.380882 
0.290809 -0.380320 
0.287821 -0.378965 
0.282813 -0.376780 
0.275912 -0.373696 
0.267291 -0.369618 
0.257162 -0.364421 
0.245773 -0.357949 
0.233406 -0.350013 
0.220362 -0.340392 
0.206956 -0.328832 
0.193509 -0.315046 
0.180334 -0.298717 
0.167729 -0.279510 
0.155974 -0.257085 
0.145326 -0.231123 
0.136024 -0.201365 
0.131829 -0.184444 
0.128286 -0.167664 
0.124989 -0.148761 
0.122325 -0.130056 
0.120028 -0.109267 
0.118353 -0.088822 
0.117166 -0.066414 
0.116595 -0.044549 
0.116640 -0.020933 
0.117302 0.001856 
0.118719 0.026102 
0.120761 0.049212 
0.123713 0.073409 
0.127307 0.096174 
0.131986 0.119622 
0.137333 0.141393 
0.143961 0.163459 
0.151288 0.183667 
0.160116 0.203836 
0.169675 0.222060 
0.180970 0.239973 
0.193025 0.255942 
0.207062 0.271397 
0.221855 0.284963 
0.238859 0.297866 
0.256587 0.308993 
0.276707 0.319340 
0.297426 0.328035 
0.309210 0.332209 
0.320634 0.335854 
0.344205 0.342146 
0.357455 0.345029 
0.370214 0.347464 
0.383485 0.349606 
0.396215 0.351372 
0.410640 0.352968 
0.424418 0.354191 
0.438609 0.355097 
0.452106 0.355694 
0.467242 0.355984 
0.481568 0.355969 
0.496169 0.355606 
0.509922 0.354998 
0.525177 0.353933 
0.539473 0.352625 
0.553885 0.350931 
0.567323 0.349053 
0.582076 0.346549 
0.595759 0.343863 
0.609393 0.340744 
0.621963 0.337508 
0.635633 0.333457 
0.648184 0.329284 
0.671858 0.319914 
0.684033 0.314174 
0.695089 0.308388 
0.715617 0.295763 
0.726037 0.288192 
0.735388 0.280672 
0.752473 0.264572 
0.768588 0.245712 
0.782151 0.226020 
0.794606 0.203320 
0.804684 0.180145 
0.813531 0.153855 
0.820225 0.127584 
0.825543 0.098264 
0.828906 0.069770 
0.830701 0.038518 
0.830750 0.008976 
0.828957 -0.022767 
0.825619 -0.051920 
0.822940 -0.068077 
0.820100 -0.082542 
0.813222 -0.109923 
0.808502 -0.124808 
0.803768 -0.137998 
0.798420 -0.150956 
0.793145 -0.162455 
0.786267 -0.175492 
0.779522 -0.186931 
0.772132 -0.197985 
0.764952 -0.207707 
0.755815 -0.218553 
0.746969 -0.227970 
0.737472 -0.236909 
0.728333 -0.244690 
0.716921 -0.253194 
0.705977 -0.260476 
0.694400 -0.267246 
0.683347 -0.273045 
0.669778 -0.279195 
0.656879 -0.284339 
0.643440 -0.288947 
0.630716 -0.292773 
0.615355 -0.296599 
0.600888 -0.299627 
0.586025 -0.302109 
0.572085 -0.303983 
0.555558 -0.305519 
0.540159 -0.306442 
0.524571 -0.306807 
0.510100 -0.306722 
0.493262 -0.305965 
0.477751 -0.304761 
0.462306 -0.302979 
0.448130 -0.300890 
0.431944 -0.297796 
0.417216 -0.294404 
0.402769 -0.290407 
0.389667 -0.286240 
0.374991 -0.280731 
0.361799 -0.275067 
0.349061 -0.268773 
0.337658 -0.262453 
0.325125 -0.254460 
0.314008 -0.246465 
0.303417 -0.237791 
0.294108 -0.229302 
0.284070 -0.218811 
0.275312 -0.208499 
0.260072 -0.186906 
0.252666 -0.174040 
0.246379 -0.161613 
0.235916 -0.136063 
0.231136 -0.121024 
0.227348 -0.107062 
0.221659 -0.078554 
0.219551 -0.062204 
0.218175 -0.047212 
0.217242 -0.017250 
0.217787 -0.000536 
0.218823 0.014607 
0.222673 0.044167 
0.225878 0.060192 
0.229353 0.074539 
0.233633 0.088971 
0.238045 0.101872 
0.243923 0.116261 
0.249867 0.128992 
0.256675 0.141544 
0.263434 0.152640 
0.271959 0.164708 
0.280355 0.175255 
0.289636 0.185422 
0.298682 0.194290 
0.309723 0.203659 
0.320429 0.211709 
0.331984 0.219247 
0.343102 0.225687 
0.356339 0.232216 
0.369019 0.237656 
0.382425 0.242494 
0.395160 0.246444 
0.410014 0.250123 
0.424064 0.252939 
0.452288 0.256565 
0.467961 0.257428 
0.482517 0.257645 
0.511020 0.256183 
0.540636 0.251910 
0.567518 0.245461 
0.594648 0.235909 
0.618304 0.224640 
0.641411 0.210025 
0.660817 0.194198 
0.678986 0.174962 
0.693580 0.155086 
0.706421 0.131999 
0.716007 0.108951 
0.723474 0.083192 
0.728083 0.058232 
0.730314 0.031337 
0.730096 0.006007 
0.727322 -0.020332 
0.722502 -0.044437 
0.715024 -0.068644 
0.705917 -0.090149 
0.694111 -0.111042 
0.681196 -0.128945 
0.665602 -0.145758 
0.649541 -0.159547 
0.630990 -0.171893 
0.612570 -0.181478 
0.592095 -0.189348 
0.572289 -0.194840 
0.551036 -0.198458 
0.530939 -0.200100 
0.510048 -0.199814 
0.490735 -0.197952 
0.471158 -0.194163 
0.453586 -0.189251 
0.436202 -0.182480 
0.420895 -0.174984 
0.406208 -0.165815 
0.393478 -0.156261 
0.381663 -0.145290 
0.371615 -0.134280 
0.355162 -0.110278 
0.343677 -0.085455 
0.336533 -0.060895 
0.333005 -0.037497 
0.332326 -0.015934 
0.333736 0.003349 
0.336510 0.020117 
0.339983 0.034299 
0.343568 0.045940 
0.346768 0.055144 
0.349178 0.062033 
0.350494 0.066709 
0.350511 0.069227 
0.349130 0.069574 
0.346357 0.067668 
0.342315 0.063355 
0.337246 0.056428 
0.331518 0.046648 
0.325628 0.033788 
0.320192 0.017678 
0.315933 -0.001724 
0.313661 -0.024272 
0.314241 -0.049563 
0.318566 -0.076900 
0.327508 -0.105293 
0.341871 -0.133502 
0.362308 -0.160129 
0.374740 -0.172122 
0.389210 -0.183735 
0.404756 -0.193684 
0.422553 -0.202939 
0.441116 -0.210309 
0.461729 -0.216495 
0.482634 -0.220677 
0.505427 -0.223315 
0.527750 -0.223855 
0.551643 -0.222459 
0.574293 -0.218969 
0.597878 -0.213123 
0.619648 -0.205236 
0.641486 -0.194653 
0.661019 -0.182168 
0.680050 -0.166641 
0.696332 -0.149547 
0.711631 -0.129137 
0.723952 -0.107728 
0.734840 -0.082944 
0.742743 -0.057938 
0.748749 -0.029897 
0.751928 -0.002428 
0.752732 0.027091 
0.750901 0.055213 
0.746310 0.084369 
0.739264 0.111213 
0.734682 0.124380 
0.729067 0.138211 
0.723396 0.149901 
0.716660 0.162141 
0.709339 0.173581 
0.700706 0.185478 
0.692476 0.195219 
0.682926 0.205317 
0.672898 0.214530 
0.661279 0.223990 
0.650619 0.231444 
0.638406 0.239057 
0.625896 0.245768 
0.611583 0.252499 
0.598853 0.257512 
0.584417 0.262474 
0.569928 0.266574 
0.553576 0.270435 
0.539414 0.272969 
0.523523 0.275213 
0.507707 0.276687 
0.490543 0.277584 
0.475632 0.277642 
0.459513 0.277111 
0.443660 0.275865 
0.426718 0.273820 
0.412200 0.271312 
0.396758 0.267981 
0.382005 0.263992 
0.366430 0.258957 
0.353283 0.253821 
0.339460 0.247604 
0.326625 0.240842 
0.313223 0.232755 
0.302135 0.224961 
0.290599 0.215810 
0.280161 0.206272 
0.269387 0.195116 
0.260711 0.184722 
0.251803 0.172712 
0.243973 0.160527 
0.236032 0.146474 
0.229880 0.133733 
0.223704 0.119180 
0.218519 0.104746 
0.213451 0.088299 
0.209804 0.073761 
0.206350 0.057338 
0.203764 0.041389 
0.201541 0.023442 
0.200337 0.007978 
0.199565 -0.009294 
0.199527 -0.025758 
0.200125 -0.044005 
0.201321 -0.059354 
0.203214 -0.076293 
0.205750 -0.092435 
0.209157 -0.109483 
0.212798 -0.123956 
0.217344 -0.139259 
0.222517 -0.153839 
0.228783 -0.168988 
0.234928 -0.181638 
0.242177 -0.194754 
0.250050 -0.207105 
0.259261 -0.219774 
0.267939 -0.230124 
0.277939 -0.240718 
0.288529 -0.250529 
0.300697 -0.260456 
0.311850 -0.268359 
0.324518 -0.276326 
0.337686 -0.283535 
0.352616 -0.290687 
0.365981 -0.296170 
0.380984 -0.301561 
0.396307 -0.306239 
0.413470 -0.310691 
