0.811239 -0.039193 
0.812942 -0.025346 
0.814185 -0.011435 
0.815138 0.003638 
0.815496 0.016723 
0.815557 0.030807 
0.815169 0.044773 
0.814369 0.059793 
0.813214 0.072607 
0.811646 0.086311 
0.809638 0.099723 
0.807080 0.114042 
0.804411 0.126074 
0.801197 0.138861 
0.797554 0.151197 
0.793208 0.164282 
0.788998 0.175132 
0.784098 0.186600 
0.778791 0.197503 
0.772610 0.209004 
0.766811 0.218441 
0.760156 0.228373 
0.753164 0.237630 
0.745127 0.247344 
0.737701 0.255253 
0.729253 0.263536 
0.720582 0.271095 
0.710703 0.278978 
0.701660 0.285339 
0.691441 0.291961 
0.681163 0.297858 
0.669540 0.303961 
0.658989 0.308809 
0.647141 0.313809 
0.635420 0.318137 
0.622270 0.322553 
0.610446 0.325957 
0.597260 0.329409 
0.584179 0.332338 
0.570089 0.335094 
0.557151 0.337193 
0.543267 0.339118 
0.529466 0.340636 
0.514762 0.341912 
0.501379 0.342696 
0.487178 0.343235 
0.473209 0.343404 
0.458462 0.343267 
0.445181 0.342780 
0.431221 0.341979 
0.417653 0.340838 
0.403451 0.339317 
0.390798 0.337581 
0.377604 0.335457 
0.364916 0.333018 
0.351731 0.330115 
0.340120 0.327130 
0.328093 0.323674 
0.316629 0.319921 
0.304792 0.315613 
0.294480 0.311356 
0.283859 0.306540 
0.273828 0.301446 
0.263524 0.295696 
0.254639 0.290139 
0.245530 0.283928 
0.237002 0.277462 
0.228281 0.270235 
0.220842 0.263361 
0.213248 0.255735 
0.206197 0.247883 
0.199018 0.239167 
0.192966 0.230981 
0.186819 0.221959 
0.181163 0.212750 
0.175438 0.202591 
0.170677 0.193154 
0.165872 0.182816 
0.161507 0.172353 
0.157123 0.160880 
0.153546 0.150338 
0.149969 0.138859 
0.146780 0.127333 
0.143619 0.114774 
0.141117 0.103364 
0.138657 0.091018 
0.136540 0.078721 
0.134495 0.065412 
0.132970 0.053458 
0.131528 0.040610 
0.130389 0.027916 
0.129368 0.014272 
0.128737 0.002158 
0.128231 -0.010771 
0.127994 -0.023451 
0.127921 -0.036988 
0.128118 -0.048871 
0.128481 -0.061472 
0.129088 -0.073743 
0.129905 -0.086752 
0.130879 -0.098056 
0.132060 -0.109967 
0.133468 -0.121499 
0.135131 -0.133651 
0.136846 -0.144114 
0.138807 -0.155071 
0.140983 -0.165629 
0.143462 -0.176694 
0.145888 -0.186143 
0.148600 -0.195990 
0.151523 -0.205446 
0.154792 -0.215306 
0.157910 -0.223667 
0.161348 -0.232340 
0.164997 -0.240648 
0.169034 -0.249279 
0.176960 -0.264062 
0.181315 -0.271247 
0.186093 -0.278684 
0.195332 -0.291327 
0.205846 -0.303782 
0.216319 -0.314458 
0.228120 -0.324936 
0.239717 -0.333844 
0.252673 -0.342557 
0.265248 -0.349901 
0.279185 -0.357059 
0.292553 -0.363037 
0.307254 -0.368840 
0.321190 -0.373635 
0.336402 -0.378264 
0.350658 -0.382043 
0.366101 -0.385665 
0.380412 -0.388576 
0.395800 -0.391340 
0.409903 -0.393514 
0.424958 -0.395551 
0.438605 -0.397108 
0.453075 -0.398537 
0.466052 -0.399580 
0.479721 -0.400505 
0.491850 -0.401128 
0.504550 -0.401645 
0.515688 -0.401930 
0.527301 -0.402126 
0.547800 -0.402099 
0.565943 -0.401701 
0.581683 -0.401054 
0.595016 -0.400267 
0.605968 -0.399432 
0.614577 -0.398628 
0.620888 -0.397919 
0.624946 -0.397351 
0.626787 -0.396957 
0.626436 -0.396750 
0.623908 -0.396729 
0.619209 -0.396875 
0.612333 -0.397154 
0.603272 -0.397516 
0.592015 -0.397898 
0.578563 -0.398222 
0.562931 -0.398398 
0.545161 -0.398326 
0.525332 -0.397891 
0.503572 -0.396970 
0.480065 -0.395427 
0.455058 -0.393113 
0.428862 -0.389868 
0.401845 -0.385514 
0.374420 -0.379859 
0.360290 -0.376357 
0.347026 -0.372691 
0.333115 -0.368333 
0.320106 -0.363779 
0.306622 -0.358438 
0.294082 -0.352874 
0.281228 -0.346415 
0.269340 -0.339704 
0.257283 -0.331982 
0.246211 -0.323988 
0.235096 -0.314855 
0.224966 -0.305435 
0.214907 -0.294747 
0.205817 -0.283763 
0.196900 -0.271389 
0.188921 -0.258721 
0.181205 -0.244552 
0.174393 -0.230121 
0.167924 -0.214098 
0.162320 -0.197876 
0.157135 -0.180016 
0.152773 -0.162058 
0.148904 -0.142464 
0.145822 -0.122938 
0.143310 -0.101850 
0.141551 -0.081031 
0.140447 -0.058802 
0.140066 -0.037102 
0.140181 -0.025405 
0.140436 -0.014212 
0.141508 0.007863 
0.142415 0.019643 
0.143438 0.030852 
0.144700 0.042072 
0.146053 0.052739 
0.147806 0.064300 
0.149649 0.075233 
0.151751 0.086103 
0.153920 0.096373 
0.156581 0.107423 
0.159308 0.117812 
0.162316 0.128066 
0.165364 0.137701 
0.169006 0.147990 
0.172686 0.157608 
0.176671 0.167037 
0.180669 0.175844 
0.185372 0.185187 
0.190083 0.193871 
0.195120 0.202316 
0.200130 0.210157 
0.205968 0.218420 
0.211778 0.226055 
0.224025 0.240229 
0.231070 0.247346 
0.238037 0.253877 
0.252569 0.265849 
0.260865 0.271790 
0.269015 0.277194 
0.285849 0.286946 
0.304707 0.295985 
0.323755 0.303533 
0.344885 0.310289 
0.365890 0.315653 
0.388943 0.320133 
0.411509 0.323336 
0.436011 0.325538 
0.459507 0.326569 
0.484741 0.326453 
0.508472 0.325280 
0.533631 0.322775 
0.556827 0.319332 
0.569456 0.316865 
0.581064 0.314342 
0.603015 0.308530 
0.614816 0.304724 
0.625590 0.300933 
0.636076 0.296760 
0.645680 0.292639 
0.656338 0.287432 
0.666007 0.282311 
0.675312 0.276810 
0.683785 0.271425 
0.693083 0.264762 
0.701464 0.258260 
0.709433 0.251391 
0.716646 0.244707 
0.724451 0.236567 
0.731435 0.228672 
0.737993 0.220424 
0.743884 0.212437 
0.750145 0.202842 
0.755691 0.193584 
0.760805 0.184019 
0.765345 0.174801 
0.770046 0.163868 
0.774142 0.153369 
0.777813 0.142625 
0.781004 0.132323 
0.784154 0.120264 
0.786804 0.108751 
0.789037 0.097080 
0.790880 0.085950 
0.792489 0.073093 
0.793695 0.060892 
0.794490 0.048658 
0.794979 0.037064 
0.795045 0.023849 
0.794796 0.011398 
0.794143 -0.000965 
0.793259 -0.012598 
0.791766 -0.025674 
0.790039 -0.037904 
0.787910 -0.049918 
0.785626 -0.061135 
0.782546 -0.073568 
0.779311 -0.085108 
0.775662 -0.096344 
0.771951 -0.106727 
0.767253 -0.118088 
0.762479 -0.128544 
0.752118 -0.147852 
0.745779 -0.157814 
0.739467 -0.166888 
0.726096 -0.183405 
0.718064 -0.191792 
0.710315 -0.199267 
0.694035 -0.212701 
0.684475 -0.219335 
0.675319 -0.225180 
0.656378 -0.235396 
0.645482 -0.240235 
0.635107 -0.244418 
0.613969 -0.251372 
0.602044 -0.254414 
0.590756 -0.256933 
0.579117 -0.258984 
0.568105 -0.260625 
0.555575 -0.261888 
0.543786 -0.262749 
0.531788 -0.263125 
0.520499 -0.263195 
0.507877 -0.262698 
0.496070 -0.261910 
0.484214 -0.260623 
0.473127 -0.259125 
0.460944 -0.256888 
0.449622 -0.254458 
0.438408 -0.251523 
0.427985 -0.248463 
0.416730 -0.244511 
0.406337 -0.240456 
0.396196 -0.235900 
0.386834 -0.231307 
0.376898 -0.225685 
0.367788 -0.220048 
0.351026 -0.207870 
0.342668 -0.200646 
0.335081 -0.193526 
0.321448 -0.178564 
0.308885 -0.161431 
0.298572 -0.144092 
0.289514 -0.124645 
0.282558 -0.105507 
0.277028 -0.084473 
0.273368 -0.064217 
0.271298 -0.042461 
0.270844 -0.021904 
0.272113 -0.000354 
0.274750 0.019643 
0.279198 0.040088 
0.284774 0.058727 
0.292194 0.077299 
0.300505 0.093931 
0.310630 0.110060 
0.321393 0.124225 
0.333874 0.137558 
0.346718 0.148989 
0.361138 0.159370 
0.375565 0.167958 
0.391403 0.175367 
0.406849 0.181149 
0.423451 0.185660 
0.439363 0.188773 
0.456068 0.190559 
0.471871 0.191183 
0.488067 0.190472 
0.503214 0.188825 
0.518385 0.185883 
0.532407 0.182224 
0.546181 0.177325 
0.558706 0.171971 
0.570772 0.165470 
0.581635 0.158708 
0.591845 0.150967 
0.600971 0.143115 
0.609308 0.134483 
0.616710 0.125889 
0.629016 0.107711 
0.638180 0.089224 
0.644572 0.070996 
0.648610 0.053505 
0.650735 0.037124 
0.651385 0.022124 
0.650987 0.008680 
0.649938 -0.003114 
0.648600 -0.013219 
0.647290 -0.021639 
0.646280 -0.028391 
0.645786 -0.033495 
0.645973 -0.036956 
0.646944 -0.038754 
0.648741 -0.038835 
0.651342 -0.037117 
0.654653 -0.033486 
0.658506 -0.027812 
0.662660 -0.019957 
0.666799 -0.009804 
0.670537 0.002726 
0.673423 0.017639 
0.674957 0.034839 
0.674603 0.054100 
0.671804 0.075047 
0.666006 0.097147 
0.656680 0.119726 
0.650519 0.130802 
0.643357 0.141993 
0.635115 0.152540 
0.625669 0.163089 
0.615192 0.172751 
0.603403 0.182134 
0.590710 0.190431 
0.576568 0.198276 
0.561787 0.204820 
0.545469 0.210726 
0.528837 0.215195 
0.510759 0.218776 
0.492679 0.220870 
0.473455 0.221799 
0.454629 0.221224 
0.434887 0.219248 
0.416061 0.215778 
0.396582 0.210649 
0.378514 0.204098 
0.360105 0.195616 
0.343480 0.185837 
0.326898 0.173888 
0.312263 0.160772 
0.298173 0.145417 
0.286073 0.129073 
0.274859 0.110479 
0.265680 0.091242 
0.261601 0.080952 
0.257624 0.069806 
0.254552 0.059427 
0.251602 0.048242 
0.249167 0.036899 
0.246927 0.024666 
0.245467 0.013543 
0.244223 0.001604 
0.243504 -0.010337 
0.243094 -0.023156 
0.243295 -0.034545 
0.243823 -0.046714 
0.244881 -0.058714 
0.246384 -0.071528 
0.248286 -0.082661 
0.250648 -0.094504 
0.253536 -0.106030 
0.257027 -0.118248 
0.260672 -0.128655 
0.264926 -0.139669 
0.269711 -0.150327 
0.275227 -0.161337 
0.280675 -0.170729 
0.286848 -0.180429 
0.293540 -0.189725 
0.301100 -0.199246 
0.308369 -0.207273 
0.316490 -0.215479 
0.325028 -0.223142 
0.334562 -0.230923 
0.343574 -0.237379 
0.353561 -0.243913 
0.363806 -0.249829 
0.375158 -0.255763 
0.385709 -0.260542 
0.397325 -0.265301 
0.409020 -0.269438 
0.421893 -0.273486 
0.433642 -0.276558 
0.446491 -0.279505 
0.459222 -0.281859 
0.473139 -0.284005 
0.485603 -0.285372 
0.499148 -0.286498 
0.512362 -0.287073 
0.526705 -0.287306 
0.539310 -0.286976 
0.552919 -0.286273 
0.566003 -0.285067 
0.580102 -0.283366 
0.592258 -0.281336 
0.605302 -0.278783 
0.617687 -0.275777 
0.630917 -0.272105 
0.642123 -0.268358 
0.654070 -0.263924 
0.665430 -0.259041 
0.677160 -0.253394 
0.687164 -0.247863 
0.697516 -0.241558 
0.707369 -0.234782 
0.717438 -0.227109 
0.725908 -0.219797 
0.734555 -0.211606 
0.742708 -0.202945 
0.750964 -0.193256 
0.757772 -0.184218 
0.764651 -0.174195 
0.771037 -0.163738 
0.777429 -0.152142 
0.782558 -0.141527 
0.787669 -0.129847 
0.792296 -0.117811 
0.796834 -0.104568 
0.800322 -0.092660 
0.803704 -0.079653 
0.806615 -0.066415 
0.809340 -0.051961 
