0.750049 0.161023 
0.750606 0.168418 
0.750962 0.175859 
0.751116 0.183333 
0.751069 0.190826 
0.750819 0.198321 
0.750368 0.205806 
0.749715 0.213267 
0.748861 0.220689 
0.747808 0.228059 
0.746556 0.235365 
0.745108 0.242594 
0.743465 0.249734 
0.741629 0.256773 
0.739603 0.263701 
0.737389 0.270508 
0.734992 0.277184 
0.732415 0.283719 
0.729660 0.290105 
0.726734 0.296336 
0.723641 0.302402 
0.720385 0.308300 
0.716972 0.314021 
0.713409 0.319562 
0.709701 0.324918 
0.705855 0.330085 
0.701878 0.335060 
0.697778 0.339840 
0.693563 0.344423 
0.689240 0.348808 
0.684819 0.352993 
0.680307 0.356978 
0.675714 0.360762 
0.671049 0.364346 
0.666321 0.367730 
0.661540 0.370914 
0.656716 0.373901 
0.651857 0.376691 
0.646974 0.379286 
0.642076 0.381688 
0.637173 0.383898 
0.632273 0.385920 
0.627386 0.387754 
0.622521 0.389404 
0.617685 0.390872 
0.612888 0.392161 
0.608138 0.393273 
0.603441 0.394212 
0.598805 0.394980 
0.594236 0.395580 
0.589740 0.396014 
0.585324 0.396288 
0.580992 0.396402 
0.576749 0.396361 
0.572599 0.396169 
0.568546 0.395827 
0.564593 0.395340 
0.560744 0.394712 
0.556999 0.393946 
0.553362 0.393045 
0.549834 0.392014 
0.546416 0.390856 
0.543109 0.389574 
0.539913 0.388174 
0.536829 0.386657 
0.533856 0.385030 
0.530995 0.383295 
0.528244 0.381456 
0.525604 0.379518 
0.523073 0.377483 
0.520652 0.375356 
0.518338 0.373141 
0.516131 0.370841 
0.514031 0.368460 
0.512036 0.366001 
0.510145 0.363467 
0.508357 0.360863 
0.506672 0.358190 
0.505089 0.355453 
0.503608 0.352653 
0.502227 0.349793 
0.500946 0.346877 
0.499765 0.343906 
0.498683 0.340882 
0.497700 0.337808 
0.496816 0.334684 
0.496030 0.331514 
0.495342 0.328298 
0.494753 0.325037 
0.494261 0.321733 
0.493867 0.318387 
0.493570 0.314998 
0.493369 0.311569 
0.493265 0.308099 
0.493256 0.304589 
0.493342 0.301039 
0.493523 0.297449 
0.493796 0.293819 
0.494160 0.290148 
0.494615 0.286437 
0.495159 0.282685 
0.495789 0.278892 
0.496503 0.275058 
0.497301 0.271181 
0.498178 0.267261 
0.499132 0.263299 
0.500161 0.259292 
0.501262 0.255242 
0.502431 0.251147 
0.503664 0.247007 
0.504960 0.242822 
0.506313 0.238591 
0.507721 0.234316 
0.509179 0.229994 
0.510685 0.225628 
0.512235 0.221217 
0.513825 0.216761 
0.515451 0.212262 
0.517112 0.207721 
0.518802 0.203138 
0.520520 0.198515 
0.522264 0.193854 
0.524029 0.189157 
0.525816 0.184426 
0.527621 0.179663 
0.529444 0.174871 
0.531283 0.170053 
0.533138 0.165213 
0.535009 0.160354 
0.536896 0.155479 
0.538799 0.150594 
0.540721 0.145702 
0.542661 0.140808 
0.544622 0.135917 
0.546607 0.131035 
0.548618 0.126166 
0.550658 0.121317 
0.552730 0.116494 
0.554838 0.111704 
0.556986 0.106951 
0.559177 0.102245 
0.561417 0.097591 
0.563709 0.092997 
0.566057 0.088471 
0.568467 0.084020 
0.570941 0.079653 
0.573486 0.075377 
0.576104 0.071201 
0.578799 0.067133 
0.581575 0.063183 
0.584436 0.059359 
0.587383 0.055670 
0.590419 0.052126 
0.593546 0.048735 
0.596766 0.045506 
0.600078 0.042449 
0.603483 0.039574 
0.606980 0.036888 
0.610568 0.034401 
0.614245 0.032123 
0.618007 0.030061 
0.621852 0.028224 
0.625774 0.026621 
0.629769 0.025258 
0.633832 0.024144 
0.637954 0.023286 
0.642130 0.022690 
0.646352 0.022363 
0.650611 0.022309 
0.654898 0.022534 
0.659204 0.023043 
0.663520 0.023839 
0.667835 0.024925 
0.672140 0.026303 
0.676423 0.027975 
0.680674 0.029942 
0.684882 0.032203 
0.689038 0.034759 
0.693130 0.037607 
0.697148 0.040744 
0.701083 0.044169 
0.704923 0.047875 
0.708661 0.051859 
0.712286 0.056115 
0.715789 0.060637 
0.719164 0.065416 
0.722401 0.070445 
0.725493 0.075715 
0.728434 0.081216 
0.731218 0.086939 
0.733837 0.092873 
0.736287 0.099005 
0.738563 0.105324 
0.740660 0.111818 
0.742574 0.118473 
0.744302 0.125276 
0.745840 0.132214 
0.747187 0.139272 
0.748338 0.146436 
0.749293 0.153691 
