-0.4375 -0.4375
-0.3125 -0.4375
-0.4375 -0.3125
-0.3125 -0.3125
-0.1875 -0.4375
-0.0625 -0.4375
-0.1875 -0.3125
-0.0625 -0.3125
-0.4375 -0.1875
-0.3125 -0.1875
-0.4375 -0.0625
-0.3125 -0.0625
-0.1875 -0.1875
-0.0625 -0.1875
-0.1875 -0.0625
-0.09375 -0.09375
-0.03125 -0.09375
-0.09375 -0.03125
-0.03125 -0.03125
0.0625 -0.4375
0.1875 -0.4375
0.0625 -0.3125
0.15625 -0.34375
0.21875 -0.34375
0.15625 -0.28125
0.21875 -0.28125
0.28125 -0.46875
0.34375 -0.46875
0.28125 -0.40625
0.34375 -0.40625
0.40625 -0.46875
0.46875 -0.46875
0.40625 -0.40625
0.46875 -0.40625
0.28125 -0.34375
0.34375 -0.34375
0.28125 -0.28125
0.34375 -0.28125
0.40625 -0.34375
0.46875 -0.34375
0.40625 -0.28125
0.46875 -0.28125
0.03125 -0.21875
0.09375 -0.21875
0.03125 -0.15625
0.09375 -0.15625
0.15625 -0.21875
0.21875 -0.21875
0.15625 -0.15625
0.21875 -0.15625
0.03125 -0.09375
0.09375 -0.09375
0.03125 -0.03125
0.09375 -0.03125
0.15625 -0.09375
0.21875 -0.09375
0.15625 -0.03125
0.21875 -0.03125
0.28125 -0.21875
0.34375 -0.21875
0.28125 -0.15625
0.34375 -0.15625
0.40625 -0.21875
0.453125 -0.234375
0.484375 -0.234375
0.453125 -0.203125
0.484375 -0.203125
0.390625 -0.171875
0.421875 -0.171875
0.390625 -0.140625
0.421875 -0.140625
0.453125 -0.171875
0.484375 -0.171875
0.453125 -0.140625
0.484375 -0.140625
0.28125 -0.09375
0.328125 -0.109375
0.359375 -0.109375
0.328125 -0.078125
0.359375 -0.078125
0.265625 -0.046875
0.296875 -0.046875
0.265625 -0.015625
0.296875 -0.015625
0.328125 -0.046875
0.359375 -0.046875
0.328125 -0.015625
0.359375 -0.015625
0.390625 -0.109375
0.421875 -0.109375
0.390625 -0.078125
0.421875 -0.078125
0.453125 -0.109375
0.484375 -0.109375
0.453125 -0.078125
0.484375 -0.078125
0.390625 -0.046875
0.421875 -0.046875
0.390625 -0.015625
0.421875 -0.015625
0.453125 -0.046875
0.476562 -0.0546875
0.492188 -0.0546875
0.476562 -0.0390625
0.492188 -0.0390625
0.445312 -0.0234375
0.460938 -0.0234375
0.445312 -0.0078125
0.460938 -0.0078125
0.476562 -0.0234375
0.492188 -0.0234375
0.476562 -0.0078125
0.492188 -0.0078125
-0.4375 0.0625
-0.3125 0.0625
-0.4375 0.1875
-0.34375 0.15625
-0.28125 0.15625
-0.34375 0.21875
-0.28125 0.21875
-0.21875 0.03125
-0.15625 0.03125
-0.21875 0.09375
-0.15625 0.09375
-0.09375 0.03125
-0.03125 0.03125
-0.09375 0.09375
-0.03125 0.09375
-0.21875 0.15625
-0.15625 0.15625
-0.21875 0.21875
-0.15625 0.21875
-0.09375 0.15625
-0.03125 0.15625
-0.09375 0.21875
-0.03125 0.21875
-0.4375 0.3125
-0.34375 0.28125
-0.28125 0.28125
-0.34375 0.34375
-0.28125 0.34375
-0.4375 0.4375
-0.34375 0.40625
-0.28125 0.40625
-0.34375 0.46875
-0.28125 0.46875
-0.21875 0.28125
-0.15625 0.28125
-0.21875 0.34375
-0.15625 0.34375
-0.09375 0.28125
-0.03125 0.28125
-0.09375 0.34375
-0.03125 0.34375
-0.21875 0.40625
-0.15625 0.40625
-0.21875 0.46875
-0.15625 0.46875
-0.09375 0.40625
-0.03125 0.40625
-0.09375 0.46875
-0.03125 0.46875
0.03125 0.03125
0.09375 0.03125
0.03125 0.09375
0.09375 0.09375
0.15625 0.03125
0.203125 0.015625
0.234375 0.015625
0.203125 0.046875
0.234375 0.046875
0.140625 0.078125
0.171875 0.078125
0.140625 0.109375
0.171875 0.109375
0.203125 0.078125
0.234375 0.078125
0.203125 0.109375
0.234375 0.109375
0.03125 0.15625
0.078125 0.140625
0.109375 0.140625
0.078125 0.171875
0.109375 0.171875
0.03125 0.21875
0.078125 0.203125
0.109375 0.203125
0.078125 0.234375
0.109375 0.234375
0.140625 0.140625
0.171875 0.140625
0.140625 0.171875
0.171875 0.171875
0.203125 0.140625
0.234375 0.140625
0.203125 0.171875
0.234375 0.171875
0.140625 0.203125
0.171875 0.203125
0.140625 0.234375
0.171875 0.234375
0.203125 0.203125
0.234375 0.203125
0.203125 0.234375
0.234375 0.234375
0.265625 0.015625
0.296875 0.015625
0.265625 0.046875
0.296875 0.046875
0.328125 0.015625
0.359375 0.015625
0.328125 0.046875
0.359375 0.046875
0.265625 0.078125
0.296875 0.078125
0.265625 0.109375
0.296875 0.109375
0.328125 0.078125
0.351562 0.0703125
0.367188 0.0703125
0.351562 0.0859375
0.367188 0.0859375
0.320312 0.101562
0.335938 0.101562
0.320312 0.117188
0.335938 0.117188
0.351562 0.101562
0.367188 0.101562
0.351562 0.117188
0.367188 0.117188
0.390625 0.015625
0.414062 0.0078125
0.429688 0.0078125
0.414062 0.0234375
0.429688 0.0234375
0.382812 0.0390625
0.398438 0.0390625
0.382812 0.0546875
0.398438 0.0546875
0.414062 0.0390625
0.429688 0.0390625
0.414062 0.0546875
0.429688 0.0546875
0.445312 0.0078125
0.460938 0.0078125
0.445312 0.0234375
0.460938 0.0234375
0.476562 0.0078125
0.492188 0.0078125
0.476562 0.0234375
0.492188 0.0234375
0.445312 0.0390625
0.460938 0.0390625
0.445312 0.0546875
0.460938 0.0546875
0.476562 0.0390625
0.492188 0.0390625
0.476562 0.0546875
0.488281 0.0507812
0.496094 0.0507812
0.488281 0.0585938
0.496094 0.0585938
0.382812 0.0703125
0.398438 0.0703125
0.382812 0.0859375
0.398438 0.0859375
0.414062 0.0703125
0.429688 0.0703125
0.414062 0.0859375
0.429688 0.0859375
0.382812 0.101562
0.398438 0.101562
0.382812 0.117188
0.398438 0.117188
0.414062 0.101562
0.429688 0.101562
0.414062 0.117188
0.425781 0.113281
0.433594 0.113281
0.425781 0.121094
0.433594 0.121094
0.445312 0.0703125
0.460938 0.0703125
0.445312 0.0859375
0.457031 0.0820312
0.464844 0.0820312
0.457031 0.0898438
0.464844 0.0898438
0.472656 0.0664062
0.480469 0.0664062
0.472656 0.0742188
0.480469 0.0742188
0.488281 0.0664062
0.496094 0.0664062
0.488281 0.0742188
0.496094 0.0742188
0.472656 0.0820312
0.480469 0.0820312
0.472656 0.0898438
0.480469 0.0898438
0.488281 0.0820312
0.496094 0.0820312
0.488281 0.0898438
0.496094 0.0898438
0.441406 0.0976562
0.449219 0.0976562
0.441406 0.105469
0.449219 0.105469
0.457031 0.0976562
0.464844 0.0976562
0.457031 0.105469
0.464844 0.105469
0.441406 0.113281
0.449219 0.113281
0.441406 0.121094
0.449219 0.121094
0.457031 0.113281
0.464844 0.113281
0.457031 0.121094
0.464844 0.121094
0.472656 0.0976562
0.480469 0.0976562
0.472656 0.105469
0.480469 0.105469
0.488281 0.0976562
0.496094 0.0976562
0.488281 0.105469
0.494141 0.103516
0.498047 0.103516
0.494141 0.107422
0.498047 0.107422
0.472656 0.113281
0.478516 0.111328
0.482422 0.111328
0.478516 0.115234
0.482422 0.115234
0.470703 0.119141
0.474609 0.119141
0.470703 0.123047
0.474609 0.123047
0.478516 0.119141
0.482422 0.119141
0.478516 0.123047
0.482422 0.123047
0.486328 0.111328
0.490234 0.111328
0.486328 0.115234
0.490234 0.115234
0.494141 0.111328
0.498047 0.111328
0.494141 0.115234
0.498047 0.115234
0.486328 0.119141
0.490234 0.119141
0.486328 0.123047
0.490234 0.123047
0.494141 0.119141
0.498047 0.119141
0.494141 0.123047
0.498047 0.123047
0.265625 0.140625
0.289062 0.132812
0.304688 0.132812
0.289062 0.148438
0.304688 0.148438
0.265625 0.171875
0.289062 0.164062
0.304688 0.164062
0.289062 0.179688
0.304688 0.179688
0.320312 0.132812
0.335938 0.132812
0.320312 0.148438
0.335938 0.148438
0.351562 0.132812
0.367188 0.132812
0.351562 0.148438
0.367188 0.148438
0.320312 0.164062
0.335938 0.164062
0.320312 0.179688
0.335938 0.179688
0.351562 0.164062
0.367188 0.164062
0.351562 0.179688
0.367188 0.179688
0.265625 0.203125
0.289062 0.195312
0.304688 0.195312
0.289062 0.210938
0.304688 0.210938
0.257812 0.226562
0.273438 0.226562
0.257812 0.242188
0.273438 0.242188
0.289062 0.226562
0.304688 0.226562
0.289062 0.242188
0.304688 0.242188
0.320312 0.195312
0.335938 0.195312
0.320312 0.210938
0.335938 0.210938
0.351562 0.195312
0.367188 0.195312
0.351562 0.210938
0.367188 0.210938
0.320312 0.226562
0.335938 0.226562
0.320312 0.242188
0.335938 0.242188
0.351562 0.226562
0.367188 0.226562
0.351562 0.242188
0.363281 0.238281
0.371094 0.238281
0.363281 0.246094
0.371094 0.246094
0.382812 0.132812
0.398438 0.132812
0.382812 0.148438
0.394531 0.144531
0.402344 0.144531
0.394531 0.152344
0.402344 0.152344
0.410156 0.128906
0.417969 0.128906
0.410156 0.136719
0.417969 0.136719
0.425781 0.128906
0.433594 0.128906
0.425781 0.136719
0.433594 0.136719
0.410156 0.144531
0.417969 0.144531
0.410156 0.152344
0.417969 0.152344
0.425781 0.144531
0.433594 0.144531
0.425781 0.152344
0.433594 0.152344
0.378906 0.160156
0.386719 0.160156
0.378906 0.167969
0.386719 0.167969
0.394531 0.160156
0.402344 0.160156
0.394531 0.167969
0.402344 0.167969
0.382812 0.179688
0.394531 0.175781
0.402344 0.175781
0.394531 0.183594
0.402344 0.183594
0.410156 0.160156
0.417969 0.160156
0.410156 0.167969
0.417969 0.167969
0.425781 0.160156
0.433594 0.160156
0.425781 0.167969
0.431641 0.166016
0.435547 0.166016
0.431641 0.169922
0.435547 0.169922
0.410156 0.175781
0.417969 0.175781
0.410156 0.183594
0.417969 0.183594
0.425781 0.175781
0.433594 0.175781
0.425781 0.183594
0.433594 0.183594
0.441406 0.128906
0.449219 0.128906
0.441406 0.136719
0.449219 0.136719
0.457031 0.128906
0.462891 0.126953
0.466797 0.126953
0.462891 0.130859
0.466797 0.130859
0.455078 0.134766
0.458984 0.134766
0.455078 0.138672
0.458984 0.138672
0.462891 0.134766
0.466797 0.134766
0.462891 0.138672
0.466797 0.138672
0.441406 0.144531
0.449219 0.144531
0.441406 0.152344
0.447266 0.150391
0.451172 0.150391
0.447266 0.154297
0.451172 0.154297
0.455078 0.142578
0.458984 0.142578
0.455078 0.146484
0.458984 0.146484
0.462891 0.142578
0.466797 0.142578
0.462891 0.146484
0.466797 0.146484
0.455078 0.150391
0.458984 0.150391
0.455078 0.154297
0.458984 0.154297
0.462891 0.150391
0.466797 0.150391
0.462891 0.154297
0.466797 0.154297
0.470703 0.126953
0.474609 0.126953
0.470703 0.130859
0.474609 0.130859
0.478516 0.126953
0.482422 0.126953
0.478516 0.130859
0.482422 0.130859
0.470703 0.134766
0.474609 0.134766
0.470703 0.138672
0.474609 0.138672
0.478516 0.134766
0.482422 0.134766
0.478516 0.138672
0.482422 0.138672
0.486328 0.126953
0.490234 0.126953
0.486328 0.130859
0.490234 0.130859
0.494141 0.126953
0.498047 0.126953
0.494141 0.130859
0.498047 0.130859
0.486328 0.134766
0.490234 0.134766
0.486328 0.138672
0.490234 0.138672
0.494141 0.134766
0.498047 0.134766
0.494141 0.138672
0.498047 0.138672
0.470703 0.142578
0.474609 0.142578
0.470703 0.146484
0.474609 0.146484
0.478516 0.142578
0.482422 0.142578
0.478516 0.146484
0.482422 0.146484
0.470703 0.150391
0.474609 0.150391
0.470703 0.154297
0.474609 0.154297
0.478516 0.150391
0.482422 0.150391
0.478516 0.154297
0.482422 0.154297
0.486328 0.142578
0.490234 0.142578
0.486328 0.146484
0.490234 0.146484
0.494141 0.142578
0.498047 0.142578
0.494141 0.146484
0.498047 0.146484
0.486328 0.150391
0.490234 0.150391
0.486328 0.154297
0.490234 0.154297
0.494141 0.150391
0.498047 0.150391
0.494141 0.154297
0.498047 0.154297
0.439453 0.158203
0.443359 0.158203
0.439453 0.162109
0.443359 0.162109
0.447266 0.158203
0.451172 0.158203
0.447266 0.162109
0.451172 0.162109
0.439453 0.166016
0.443359 0.166016
0.439453 0.169922
0.443359 0.169922
0.447266 0.166016
0.451172 0.166016
0.447266 0.169922
0.451172 0.169922
0.455078 0.158203
0.458984 0.158203
0.455078 0.162109
0.458984 0.162109
0.462891 0.158203
0.466797 0.158203
0.462891 0.162109
0.466797 0.162109
0.455078 0.166016
0.458984 0.166016
0.455078 0.169922
0.458984 0.169922
0.462891 0.166016
0.466797 0.166016
0.462891 0.169922
0.466797 0.169922
0.439453 0.173828
0.443359 0.173828
0.439453 0.177734
0.443359 0.177734
0.447266 0.173828
0.451172 0.173828
0.447266 0.177734
0.451172 0.177734
0.441406 0.183594
0.447266 0.181641
0.451172 0.181641
0.447266 0.185547
0.451172 0.185547
0.455078 0.173828
0.458984 0.173828
0.455078 0.177734
0.458984 0.177734
0.462891 0.173828
0.466797 0.173828
0.462891 0.177734
0.466797 0.177734
0.457031 0.183594
0.464844 0.183594
0.470703 0.158203
0.474609 0.158203
0.470703 0.162109
0.474609 0.162109
0.478516 0.158203
0.482422 0.158203
0.478516 0.162109
0.482422 0.162109
0.470703 0.166016
0.474609 0.166016
0.470703 0.169922
0.474609 0.169922
0.478516 0.166016
0.482422 0.166016
0.478516 0.169922
0.482422 0.169922
0.486328 0.158203
0.490234 0.158203
0.486328 0.162109
0.490234 0.162109
0.496094 0.160156
0.488281 0.167969
0.496094 0.167969
0.470703 0.173828
0.474609 0.173828
0.470703 0.177734
0.474609 0.177734
0.480469 0.175781
0.472656 0.183594
0.480469 0.183594
0.488281 0.175781
0.496094 0.175781
0.488281 0.183594
0.496094 0.183594
0.382812 0.195312
0.394531 0.191406
0.402344 0.191406
0.394531 0.199219
0.402344 0.199219
0.378906 0.207031
0.386719 0.207031
0.378906 0.214844
0.386719 0.214844
0.394531 0.207031
0.402344 0.207031
0.394531 0.214844
0.402344 0.214844
0.410156 0.191406
0.417969 0.191406
0.410156 0.199219
0.417969 0.199219
0.425781 0.191406
0.433594 0.191406
0.425781 0.199219
0.433594 0.199219
0.410156 0.207031
0.417969 0.207031
0.410156 0.214844
0.417969 0.214844
0.425781 0.207031
0.431641 0.205078
0.435547 0.205078
0.431641 0.208984
0.435547 0.208984
0.425781 0.214844
0.431641 0.212891
0.435547 0.212891
0.431641 0.216797
0.435547 0.216797
0.378906 0.222656
0.386719 0.222656
0.378906 0.230469
0.386719 0.230469
0.394531 0.222656
0.402344 0.222656
0.394531 0.230469
0.402344 0.230469
0.378906 0.238281
0.386719 0.238281
0.378906 0.246094
0.386719 0.246094
0.394531 0.238281
0.402344 0.238281
0.394531 0.246094
0.402344 0.246094
0.410156 0.222656
0.417969 0.222656
0.410156 0.230469
0.417969 0.230469
0.425781 0.222656
0.431641 0.220703
0.435547 0.220703
0.431641 0.224609
0.435547 0.224609
0.423828 0.228516
0.427734 0.228516
0.423828 0.232422
0.427734 0.232422
0.433594 0.230469
0.410156 0.238281
0.417969 0.238281
0.410156 0.246094
0.417969 0.246094
0.423828 0.236328
0.427734 0.236328
0.423828 0.240234
0.427734 0.240234
0.433594 0.238281
0.423828 0.244141
0.427734 0.244141
0.423828 0.248047
0.427734 0.248047
0.433594 0.246094
0.439453 0.189453
0.443359 0.189453
0.439453 0.193359
0.443359 0.193359
0.447266 0.189453
0.451172 0.189453
0.447266 0.193359
0.451172 0.193359
0.439453 0.197266
0.443359 0.197266
0.439453 0.201172
0.443359 0.201172
0.449219 0.199219
0.457031 0.191406
0.464844 0.191406
0.457031 0.199219
0.464844 0.199219
0.439453 0.205078
0.443359 0.205078
0.439453 0.208984
0.443359 0.208984
0.449219 0.207031
0.441406 0.214844
0.449219 0.214844
0.457031 0.207031
0.464844 0.207031
0.457031 0.214844
0.464844 0.214844
0.472656 0.191406
0.480469 0.191406
0.472656 0.199219
0.480469 0.199219
0.488281 0.191406
0.496094 0.191406
0.488281 0.199219
0.496094 0.199219
0.472656 0.207031
0.480469 0.207031
0.472656 0.214844
0.480469 0.214844
0.488281 0.207031
0.496094 0.207031
0.488281 0.214844
0.496094 0.214844
0.441406 0.222656
0.449219 0.222656
0.441406 0.230469
0.449219 0.230469
0.457031 0.222656
0.464844 0.222656
0.457031 0.230469
0.464844 0.230469
0.441406 0.238281
0.449219 0.238281
0.441406 0.246094
0.449219 0.246094
0.457031 0.238281
0.464844 0.238281
0.457031 0.246094
0.464844 0.246094
0.472656 0.222656
0.480469 0.222656
0.472656 0.230469
0.480469 0.230469
0.492188 0.226562
0.472656 0.238281
0.480469 0.238281
0.472656 0.246094
0.480469 0.246094
0.492188 0.242188
0.03125 0.28125
0.078125 0.265625
0.109375 0.265625
0.078125 0.296875
0.109375 0.296875
0.03125 0.34375
0.078125 0.328125
0.109375 0.328125
0.078125 0.359375
0.109375 0.359375
0.140625 0.265625
0.171875 0.265625
0.140625 0.296875
0.171875 0.296875
0.203125 0.265625
0.234375 0.265625
0.203125 0.296875
0.234375 0.296875
0.140625 0.328125
0.171875 0.328125
0.140625 0.359375
0.171875 0.359375
0.203125 0.328125
0.234375 0.328125
0.203125 0.359375
0.234375 0.359375
0.03125 0.40625
0.078125 0.390625
0.109375 0.390625
0.078125 0.421875
0.109375 0.421875
0.03125 0.46875
0.09375 0.46875
0.140625 0.390625
0.171875 0.390625
0.140625 0.421875
0.171875 0.421875
0.203125 0.390625
0.234375 0.390625
0.203125 0.421875
0.234375 0.421875
0.140625 0.453125
0.171875 0.453125
0.140625 0.484375
0.171875 0.484375
0.203125 0.453125
0.234375 0.453125
0.203125 0.484375
0.234375 0.484375
0.257812 0.257812
0.273438 0.257812
0.257812 0.273438
0.273438 0.273438
0.289062 0.257812
0.304688 0.257812
0.289062 0.273438
0.304688 0.273438
0.257812 0.289062
0.273438 0.289062
0.257812 0.304688
0.273438 0.304688
0.289062 0.289062
0.304688 0.289062
0.289062 0.304688
0.304688 0.304688
0.320312 0.257812
0.335938 0.257812
0.320312 0.273438
0.335938 0.273438
0.347656 0.253906
0.355469 0.253906
0.347656 0.261719
0.355469 0.261719
0.363281 0.253906
0.371094 0.253906
0.363281 0.261719
0.371094 0.261719
0.347656 0.269531
0.355469 0.269531
0.347656 0.277344
0.355469 0.277344
0.363281 0.269531
0.371094 0.269531
0.363281 0.277344
0.371094 0.277344
0.320312 0.289062
0.335938 0.289062
0.320312 0.304688
0.335938 0.304688
0.347656 0.285156
0.355469 0.285156
0.347656 0.292969
0.355469 0.292969
0.363281 0.285156
0.371094 0.285156
0.363281 0.292969
0.371094 0.292969
0.347656 0.300781
0.355469 0.300781
0.347656 0.308594
0.355469 0.308594
0.363281 0.300781
0.371094 0.300781
0.363281 0.308594
0.371094 0.308594
0.257812 0.320312
0.273438 0.320312
0.257812 0.335938
0.273438 0.335938
0.289062 0.320312
0.304688 0.320312
0.289062 0.335938
0.304688 0.335938
0.257812 0.351562
0.273438 0.351562
0.257812 0.367188
0.273438 0.367188
0.289062 0.351562
0.304688 0.351562
0.289062 0.367188
0.304688 0.367188
0.320312 0.320312
0.335938 0.320312
0.320312 0.335938
0.335938 0.335938
0.347656 0.316406
0.355469 0.316406
0.347656 0.324219
0.355469 0.324219
0.363281 0.316406
0.371094 0.316406
0.363281 0.324219
0.371094 0.324219
0.347656 0.332031
0.355469 0.332031
0.347656 0.339844
0.355469 0.339844
0.363281 0.332031
0.371094 0.332031
0.363281 0.339844
0.371094 0.339844
0.320312 0.351562
0.335938 0.351562
0.320312 0.367188
0.335938 0.367188
0.351562 0.351562
0.363281 0.347656
0.371094 0.347656
0.363281 0.355469
0.371094 0.355469
0.351562 0.367188
0.367188 0.367188
0.378906 0.253906
0.386719 0.253906
0.378906 0.261719
0.386719 0.261719
0.394531 0.253906
0.402344 0.253906
0.394531 0.261719
0.400391 0.259766
0.404297 0.259766
0.400391 0.263672
0.404297 0.263672
0.378906 0.269531
0.386719 0.269531
0.378906 0.277344
0.386719 0.277344
0.392578 0.267578
0.396484 0.267578
0.392578 0.271484
0.396484 0.271484
0.400391 0.267578
0.404297 0.267578
0.400391 0.271484
0.404297 0.271484
0.392578 0.275391
0.396484 0.275391
0.392578 0.279297
0.396484 0.279297
0.400391 0.275391
0.404297 0.275391
0.400391 0.279297
0.404297 0.279297
0.408203 0.251953
0.412109 0.251953
0.408203 0.255859
0.412109 0.255859
0.416016 0.251953
0.419922 0.251953
0.416016 0.255859
0.419922 0.255859
0.408203 0.259766
0.412109 0.259766
0.408203 0.263672
0.412109 0.263672
0.416016 0.259766
0.419922 0.259766
0.416016 0.263672
0.419922 0.263672
0.425781 0.253906
0.433594 0.253906
0.425781 0.261719
0.433594 0.261719
0.408203 0.267578
0.412109 0.267578
0.408203 0.271484
0.412109 0.271484
0.416016 0.267578
0.419922 0.267578
0.416016 0.271484
0.419922 0.271484
0.408203 0.275391
0.412109 0.275391
0.408203 0.279297
0.412109 0.279297
0.416016 0.275391
0.419922 0.275391
0.416016 0.279297
0.419922 0.279297
0.423828 0.267578
0.427734 0.267578
0.423828 0.271484
0.427734 0.271484
0.433594 0.269531
0.423828 0.275391
0.427734 0.275391
0.423828 0.279297
0.427734 0.279297
0.433594 0.277344
0.378906 0.285156
0.386719 0.285156
0.378906 0.292969
0.386719 0.292969
0.392578 0.283203
0.396484 0.283203
0.392578 0.287109
0.396484 0.287109
0.400391 0.283203
0.404297 0.283203
0.400391 0.287109
0.404297 0.287109
0.392578 0.291016
0.396484 0.291016
0.392578 0.294922
0.396484 0.294922
0.400391 0.291016
0.404297 0.291016
0.400391 0.294922
0.404297 0.294922
0.378906 0.300781
0.386719 0.300781
0.378906 0.308594
0.386719 0.308594
0.392578 0.298828
0.396484 0.298828
0.392578 0.302734
0.396484 0.302734
0.400391 0.298828
0.404297 0.298828
0.400391 0.302734
0.404297 0.302734
0.392578 0.306641
0.396484 0.306641
0.392578 0.310547
0.396484 0.310547
0.400391 0.306641
0.404297 0.306641
0.400391 0.310547
0.404297 0.310547
0.408203 0.283203
0.412109 0.283203
0.408203 0.287109
0.412109 0.287109
0.416016 0.283203
0.419922 0.283203
0.416016 0.287109
0.419922 0.287109
0.408203 0.291016
0.412109 0.291016
0.408203 0.294922
0.412109 0.294922
0.416016 0.291016
0.419922 0.291016
0.416016 0.294922
0.419922 0.294922
0.423828 0.283203
0.427734 0.283203
0.423828 0.287109
0.427734 0.287109
0.433594 0.285156
0.423828 0.291016
0.427734 0.291016
0.423828 0.294922
0.427734 0.294922
0.433594 0.292969
0.408203 0.298828
0.412109 0.298828
0.408203 0.302734
0.412109 0.302734
0.416016 0.298828
0.419922 0.298828
0.416016 0.302734
0.419922 0.302734
0.408203 0.306641
0.412109 0.306641
0.408203 0.310547
0.412109 0.310547
0.416016 0.306641
0.419922 0.306641
0.416016 0.310547
0.419922 0.310547
0.423828 0.298828
0.427734 0.298828
0.423828 0.302734
0.427734 0.302734
0.431641 0.298828
0.435547 0.298828
0.431641 0.302734
0.435547 0.302734
0.423828 0.306641
0.427734 0.306641
0.423828 0.310547
0.427734 0.310547
0.431641 0.306641
0.435547 0.306641
0.431641 0.310547
0.435547 0.310547
0.441406 0.253906
0.449219 0.253906
0.441406 0.261719
0.449219 0.261719
0.457031 0.253906
0.464844 0.253906
0.457031 0.261719
0.464844 0.261719
0.441406 0.269531
0.449219 0.269531
0.441406 0.277344
0.449219 0.277344
0.457031 0.269531
0.464844 0.269531
0.457031 0.277344
0.464844 0.277344
0.476562 0.257812
0.492188 0.257812
0.472656 0.269531
0.480469 0.269531
0.472656 0.277344
0.480469 0.277344
0.492188 0.273438
0.441406 0.285156
0.449219 0.285156
0.441406 0.292969
0.449219 0.292969
0.457031 0.285156
0.464844 0.285156
0.457031 0.292969
0.464844 0.292969
0.441406 0.300781
0.449219 0.300781
0.441406 0.308594
0.449219 0.308594
0.457031 0.300781
0.464844 0.300781
0.457031 0.308594
0.464844 0.308594
0.472656 0.285156
0.480469 0.285156
0.472656 0.292969
0.480469 0.292969
0.492188 0.289062
0.472656 0.300781
0.480469 0.300781
0.472656 0.308594
0.480469 0.308594
0.492188 0.304688
0.378906 0.316406
0.386719 0.316406
0.378906 0.324219
0.386719 0.324219
0.394531 0.316406
0.400391 0.314453
0.404297 0.314453
0.400391 0.318359
0.404297 0.318359
0.394531 0.324219
0.400391 0.322266
0.404297 0.322266
0.400391 0.326172
0.404297 0.326172
0.378906 0.332031
0.386719 0.332031
0.378906 0.339844
0.386719 0.339844
0.394531 0.332031
0.400391 0.330078
0.404297 0.330078
0.400391 0.333984
0.404297 0.333984
0.394531 0.339844
0.402344 0.339844
0.408203 0.314453
0.412109 0.314453
0.408203 0.318359
0.412109 0.318359
0.416016 0.314453
0.419922 0.314453
0.416016 0.318359
0.419922 0.318359
0.408203 0.322266
0.412109 0.322266
0.408203 0.326172
0.412109 0.326172
0.416016 0.322266
0.419922 0.322266
0.416016 0.326172
0.419922 0.326172
0.423828 0.314453
0.427734 0.314453
0.423828 0.318359
0.427734 0.318359
0.431641 0.314453
0.435547 0.314453
0.431641 0.318359
0.435547 0.318359
0.423828 0.322266
0.427734 0.322266
0.423828 0.326172
0.427734 0.326172
0.431641 0.322266
0.435547 0.322266
0.431641 0.326172
0.435547 0.326172
0.408203 0.330078
0.412109 0.330078
0.408203 0.333984
0.412109 0.333984
0.416016 0.330078
0.419922 0.330078
0.416016 0.333984
0.419922 0.333984
0.408203 0.337891
0.412109 0.337891
0.408203 0.341797
0.412109 0.341797
0.416016 0.337891
0.419922 0.337891
0.416016 0.341797
0.419922 0.341797
0.423828 0.330078
0.427734 0.330078
0.423828 0.333984
0.427734 0.333984
0.431641 0.330078
0.435547 0.330078
0.431641 0.333984
0.435547 0.333984
0.423828 0.337891
0.427734 0.337891
0.423828 0.341797
0.427734 0.341797
0.431641 0.337891
0.435547 0.337891
0.431641 0.341797
0.435547 0.341797
0.378906 0.347656
0.386719 0.347656
0.378906 0.355469
0.386719 0.355469
0.394531 0.347656
0.402344 0.347656
0.394531 0.355469
0.402344 0.355469
0.378906 0.363281
0.386719 0.363281
0.378906 0.371094
0.386719 0.371094
0.394531 0.363281
0.402344 0.363281
0.394531 0.371094
0.402344 0.371094
0.410156 0.347656
0.416016 0.345703
0.419922 0.345703
0.416016 0.349609
0.419922 0.349609
0.410156 0.355469
0.416016 0.353516
0.419922 0.353516
0.416016 0.357422
0.419922 0.357422
0.423828 0.345703
0.427734 0.345703
0.423828 0.349609
0.427734 0.349609
0.431641 0.345703
0.435547 0.345703
0.431641 0.349609
0.435547 0.349609
0.423828 0.353516
0.427734 0.353516
0.423828 0.357422
0.427734 0.357422
0.431641 0.353516
0.435547 0.353516
0.431641 0.357422
0.435547 0.357422
0.410156 0.363281
0.417969 0.363281
0.410156 0.371094
0.417969 0.371094
0.423828 0.361328
0.427734 0.361328
0.423828 0.365234
0.427734 0.365234
0.431641 0.361328
0.435547 0.361328
0.431641 0.365234
0.435547 0.365234
0.425781 0.371094
0.431641 0.369141
0.435547 0.369141
0.431641 0.373047
0.435547 0.373047
0.441406 0.316406
0.449219 0.316406
0.439453 0.322266
0.443359 0.322266
0.439453 0.326172
0.443359 0.326172
0.449219 0.324219
0.457031 0.316406
0.464844 0.316406
0.457031 0.324219
0.464844 0.324219
0.439453 0.330078
0.443359 0.330078
0.439453 0.333984
0.443359 0.333984
0.447266 0.330078
0.451172 0.330078
0.447266 0.333984
0.451172 0.333984
0.439453 0.337891
0.443359 0.337891
0.439453 0.341797
0.443359 0.341797
0.447266 0.337891
0.451172 0.337891
0.447266 0.341797
0.451172 0.341797
0.457031 0.332031
0.464844 0.332031
0.455078 0.337891
0.458984 0.337891
0.455078 0.341797
0.458984 0.341797
0.464844 0.339844
0.472656 0.316406
0.480469 0.316406
0.472656 0.324219
0.480469 0.324219
0.488281 0.316406
0.496094 0.316406
0.488281 0.324219
0.496094 0.324219
0.472656 0.332031
0.480469 0.332031
0.472656 0.339844
0.480469 0.339844
0.488281 0.332031
0.496094 0.332031
0.488281 0.339844
0.496094 0.339844
0.439453 0.345703
0.443359 0.345703
0.439453 0.349609
0.443359 0.349609
0.447266 0.345703
0.451172 0.345703
0.447266 0.349609
0.451172 0.349609
0.439453 0.353516
0.443359 0.353516
0.439453 0.357422
0.443359 0.357422
0.447266 0.353516
0.451172 0.353516
0.447266 0.357422
0.451172 0.357422
0.455078 0.345703
0.458984 0.345703
0.455078 0.349609
0.458984 0.349609
0.462891 0.345703
0.466797 0.345703
0.462891 0.349609
0.466797 0.349609
0.455078 0.353516
0.458984 0.353516
0.455078 0.357422
0.458984 0.357422
0.462891 0.353516
0.466797 0.353516
0.462891 0.357422
0.466797 0.357422
0.439453 0.361328
0.443359 0.361328
0.439453 0.365234
0.443359 0.365234
0.447266 0.361328
0.451172 0.361328
0.447266 0.365234
0.451172 0.365234
0.439453 0.369141
0.443359 0.369141
0.439453 0.373047
0.443359 0.373047
0.447266 0.369141
0.451172 0.369141
0.447266 0.373047
0.451172 0.373047
0.455078 0.361328
0.458984 0.361328
0.455078 0.365234
0.458984 0.365234
0.462891 0.361328
0.466797 0.361328
0.462891 0.365234
0.466797 0.365234
0.455078 0.369141
0.458984 0.369141
0.455078 0.373047
0.458984 0.373047
0.462891 0.369141
0.466797 0.369141
0.462891 0.373047
0.466797 0.373047
0.472656 0.347656
0.480469 0.347656
0.470703 0.353516
0.474609 0.353516
0.470703 0.357422
0.474609 0.357422
0.480469 0.355469
0.488281 0.347656
0.496094 0.347656
0.488281 0.355469
0.496094 0.355469
0.470703 0.361328
0.474609 0.361328
0.470703 0.365234
0.474609 0.365234
0.478516 0.361328
0.482422 0.361328
0.478516 0.365234
0.482422 0.365234
0.470703 0.369141
0.474609 0.369141
0.470703 0.373047
0.474609 0.373047
0.478516 0.369141
0.482422 0.369141
0.478516 0.373047
0.482422 0.373047
0.486328 0.361328
0.490234 0.361328
0.486328 0.365234
0.490234 0.365234
0.494141 0.361328
0.498047 0.361328
0.494141 0.365234
0.498047 0.365234
0.486328 0.369141
0.490234 0.369141
0.486328 0.373047
0.490234 0.373047
0.494141 0.369141
0.498047 0.369141
0.494141 0.373047
0.498047 0.373047
0.265625 0.390625
0.289062 0.382812
0.304688 0.382812
0.289062 0.398438
0.304688 0.398438
0.265625 0.421875
0.296875 0.421875
0.320312 0.382812
0.335938 0.382812
0.320312 0.398438
0.335938 0.398438
0.351562 0.382812
0.367188 0.382812
0.351562 0.398438
0.367188 0.398438
0.320312 0.414062
0.335938 0.414062
0.320312 0.429688
0.335938 0.429688
0.351562 0.414062
0.367188 0.414062
0.351562 0.429688
0.367188 0.429688
0.265625 0.453125
0.296875 0.453125
0.265625 0.484375
0.296875 0.484375
0.328125 0.453125
0.351562 0.445312
0.367188 0.445312
0.351562 0.460938
0.367188 0.460938
0.328125 0.484375
0.359375 0.484375
0.382812 0.382812
0.394531 0.378906
0.402344 0.378906
0.394531 0.386719
0.402344 0.386719
0.382812 0.398438
0.398438 0.398438
0.410156 0.378906
0.417969 0.378906
0.410156 0.386719
0.417969 0.386719
0.425781 0.378906
0.433594 0.378906
0.425781 0.386719
0.433594 0.386719
0.410156 0.394531
0.417969 0.394531
0.410156 0.402344
0.417969 0.402344
0.425781 0.394531
0.433594 0.394531
0.425781 0.402344
0.433594 0.402344
0.382812 0.414062
0.398438 0.414062
0.382812 0.429688
0.398438 0.429688
0.414062 0.414062
0.425781 0.410156
0.433594 0.410156
0.425781 0.417969
0.433594 0.417969
0.414062 0.429688
0.429688 0.429688
0.439453 0.376953
0.443359 0.376953
0.439453 0.380859
0.443359 0.380859
0.447266 0.376953
0.451172 0.376953
0.447266 0.380859
0.451172 0.380859
0.441406 0.386719
0.447266 0.384766
0.451172 0.384766
0.447266 0.388672
0.451172 0.388672
0.455078 0.376953
0.458984 0.376953
0.455078 0.380859
0.458984 0.380859
0.462891 0.376953
0.466797 0.376953
0.462891 0.380859
0.466797 0.380859
0.455078 0.384766
0.458984 0.384766
0.455078 0.388672
0.458984 0.388672
0.462891 0.384766
0.466797 0.384766
0.462891 0.388672
0.466797 0.388672
0.441406 0.394531
0.449219 0.394531
0.441406 0.402344
0.449219 0.402344
0.455078 0.392578
0.458984 0.392578
0.455078 0.396484
0.458984 0.396484
0.462891 0.392578
0.466797 0.392578
0.462891 0.396484
0.466797 0.396484
0.457031 0.402344
0.462891 0.400391
0.466797 0.400391
0.462891 0.404297
0.466797 0.404297
0.470703 0.376953
0.474609 0.376953
0.470703 0.380859
0.474609 0.380859
0.478516 0.376953
0.482422 0.376953
0.478516 0.380859
0.482422 0.380859
0.470703 0.384766
0.474609 0.384766
0.470703 0.388672
0.474609 0.388672
0.478516 0.384766
0.482422 0.384766
0.478516 0.388672
0.482422 0.388672
0.486328 0.376953
0.490234 0.376953
0.486328 0.380859
0.490234 0.380859
0.494141 0.376953
0.498047 0.376953
0.494141 0.380859
0.498047 0.380859
0.486328 0.384766
0.490234 0.384766
0.486328 0.388672
0.490234 0.388672
0.494141 0.384766
0.498047 0.384766
0.494141 0.388672
0.498047 0.388672
0.470703 0.392578
0.474609 0.392578
0.470703 0.396484
0.474609 0.396484
0.478516 0.392578
0.482422 0.392578
0.478516 0.396484
0.482422 0.396484
0.470703 0.400391
0.474609 0.400391
0.470703 0.404297
0.474609 0.404297
0.478516 0.400391
0.482422 0.400391
0.478516 0.404297
0.482422 0.404297
0.486328 0.392578
0.490234 0.392578
0.486328 0.396484
0.490234 0.396484
0.494141 0.392578
0.498047 0.392578
0.494141 0.396484
0.498047 0.396484
0.486328 0.400391
0.490234 0.400391
0.486328 0.404297
0.490234 0.404297
0.494141 0.400391
0.498047 0.400391
0.494141 0.404297
0.498047 0.404297
0.441406 0.410156
0.449219 0.410156
0.441406 0.417969
0.449219 0.417969
0.457031 0.410156
0.464844 0.410156
0.457031 0.417969
0.464844 0.417969
0.441406 0.425781
0.449219 0.425781
0.441406 0.433594
0.449219 0.433594
0.457031 0.425781
0.464844 0.425781
0.457031 0.433594
0.464844 0.433594
0.472656 0.410156
0.478516 0.408203
0.482422 0.408203
0.478516 0.412109
0.482422 0.412109
0.472656 0.417969
0.480469 0.417969
0.486328 0.408203
0.490234 0.408203
0.486328 0.412109
0.490234 0.412109
0.494141 0.408203
0.498047 0.408203
0.494141 0.412109
0.498047 0.412109
0.488281 0.417969
0.494141 0.416016
0.498047 0.416016
0.494141 0.419922
0.498047 0.419922
0.472656 0.425781
0.480469 0.425781
0.472656 0.433594
0.480469 0.433594
0.488281 0.425781
0.496094 0.425781
0.488281 0.433594
0.496094 0.433594
0.382812 0.445312
0.398438 0.445312
0.382812 0.460938
0.398438 0.460938
0.414062 0.445312
0.429688 0.445312
0.414062 0.460938
0.429688 0.460938
0.382812 0.476562
0.398438 0.476562
0.382812 0.492188
0.398438 0.492188
0.414062 0.476562
0.429688 0.476562
0.414062 0.492188
0.429688 0.492188
0.445312 0.445312
0.457031 0.441406
0.464844 0.441406
0.457031 0.449219
0.464844 0.449219
0.445312 0.460938
0.460938 0.460938
0.472656 0.441406
0.480469 0.441406
0.472656 0.449219
0.480469 0.449219
0.488281 0.441406
0.496094 0.441406
0.488281 0.449219
0.496094 0.449219
0.472656 0.457031
0.480469 0.457031
0.472656 0.464844
0.480469 0.464844
0.488281 0.457031
0.496094 0.457031
0.488281 0.464844
0.496094 0.464844
0.445312 0.476562
0.460938 0.476562
0.445312 0.492188
0.460938 0.492188
0.476562 0.476562
0.492188 0.476562
0.476562 0.492188
0.492188 0.492188
0.53125 -0.46875
0.59375 -0.46875
0.53125 -0.40625
0.59375 -0.40625
0.65625 -0.46875
0.71875 -0.46875
0.65625 -0.40625
0.71875 -0.40625
0.53125 -0.34375
0.59375 -0.34375
0.515625 -0.296875
0.546875 -0.296875
0.515625 -0.265625
0.546875 -0.265625
0.578125 -0.296875
0.609375 -0.296875
0.578125 -0.265625
0.609375 -0.265625
0.65625 -0.34375
0.71875 -0.34375
0.65625 -0.28125
0.71875 -0.28125
0.78125 -0.46875
0.84375 -0.46875
0.78125 -0.40625
0.84375 -0.40625
0.9375 -0.4375
0.78125 -0.34375
0.84375 -0.34375
0.78125 -0.28125
0.84375 -0.28125
0.90625 -0.34375
0.96875 -0.34375
0.90625 -0.28125
0.96875 -0.28125
0.515625 -0.234375
0.546875 -0.234375
0.515625 -0.203125
0.546875 -0.203125
0.578125 -0.234375
0.609375 -0.234375
0.578125 -0.203125
0.609375 -0.203125
0.515625 -0.171875
0.546875 -0.171875
0.515625 -0.140625
0.546875 -0.140625
0.578125 -0.171875
0.609375 -0.171875
0.578125 -0.140625
0.609375 -0.140625
0.640625 -0.234375
0.671875 -0.234375
0.640625 -0.203125
0.671875 -0.203125
0.71875 -0.21875
0.640625 -0.171875
0.671875 -0.171875
0.640625 -0.140625
0.671875 -0.140625
0.703125 -0.171875
0.734375 -0.171875
0.703125 -0.140625
0.734375 -0.140625
0.515625 -0.109375
0.546875 -0.109375
0.507812 -0.0859375
0.523438 -0.0859375
0.507812 -0.0703125
0.523438 -0.0703125
0.539062 -0.0859375
0.554688 -0.0859375
0.539062 -0.0703125
0.554688 -0.0703125
0.578125 -0.109375
0.609375 -0.109375
0.570312 -0.0859375
0.585938 -0.0859375
0.570312 -0.0703125
0.585938 -0.0703125
0.601562 -0.0859375
0.617188 -0.0859375
0.601562 -0.0703125
0.617188 -0.0703125
0.507812 -0.0546875
0.523438 -0.0546875
0.507812 -0.0390625
0.523438 -0.0390625
0.539062 -0.0546875
0.554688 -0.0546875
0.539062 -0.0390625
0.554688 -0.0390625
0.507812 -0.0234375
0.523438 -0.0234375
0.507812 -0.0078125
0.523438 -0.0078125
0.539062 -0.0234375
0.554688 -0.0234375
0.539062 -0.0078125
0.554688 -0.0078125
0.570312 -0.0546875
0.585938 -0.0546875
0.570312 -0.0390625
0.585938 -0.0390625
0.601562 -0.0546875
0.617188 -0.0546875
0.601562 -0.0390625
0.617188 -0.0390625
0.570312 -0.0234375
0.585938 -0.0234375
0.570312 -0.0078125
0.585938 -0.0078125
0.601562 -0.0234375
0.617188 -0.0234375
0.601562 -0.0078125
0.617188 -0.0078125
0.640625 -0.109375
0.671875 -0.109375
0.640625 -0.078125
0.671875 -0.078125
0.703125 -0.109375
0.734375 -0.109375
0.703125 -0.078125
0.734375 -0.078125
0.632812 -0.0546875
0.648438 -0.0546875
0.632812 -0.0390625
0.648438 -0.0390625
0.671875 -0.046875
0.632812 -0.0234375
0.648438 -0.0234375
0.632812 -0.0078125
0.648438 -0.0078125
0.664062 -0.0234375
0.679688 -0.0234375
0.664062 -0.0078125
0.679688 -0.0078125
0.703125 -0.046875
0.734375 -0.046875
0.703125 -0.015625
0.734375 -0.015625
0.78125 -0.21875
0.84375 -0.21875
0.78125 -0.15625
0.84375 -0.15625
0.90625 -0.21875
0.96875 -0.21875
0.90625 -0.15625
0.96875 -0.15625
0.765625 -0.109375
0.796875 -0.109375
0.765625 -0.078125
0.796875 -0.078125
0.84375 -0.09375
0.765625 -0.046875
0.796875 -0.046875
0.765625 -0.015625
0.796875 -0.015625
0.828125 -0.046875
0.859375 -0.046875
0.828125 -0.015625
0.859375 -0.015625
0.90625 -0.09375
0.96875 -0.09375
0.90625 -0.03125
0.96875 -0.03125
1.25 -0.25
0.507812 0.0078125
0.523438 0.0078125
0.507812 0.0234375
0.519531 0.0195312
0.527344 0.0195312
0.519531 0.0273438
0.527344 0.0273438
0.539062 0.0078125
0.550781 0.00390625
0.558594 0.00390625
0.550781 0.0117188
0.558594 0.0117188
0.535156 0.0195312
0.542969 0.0195312
0.535156 0.0273438
0.542969 0.0273438
0.550781 0.0195312
0.558594 0.0195312
0.550781 0.0273438
0.558594 0.0273438
0.503906 0.0351562
0.511719 0.0351562
0.503906 0.0429688
0.511719 0.0429688
0.519531 0.0351562
0.527344 0.0351562
0.519531 0.0429688
0.527344 0.0429688
0.503906 0.0507812
0.511719 0.0507812
0.503906 0.0585938
0.511719 0.0585938
0.519531 0.0507812
0.527344 0.0507812
0.519531 0.0585938
0.527344 0.0585938
0.535156 0.0351562
0.542969 0.0351562
0.535156 0.0429688
0.542969 0.0429688
0.550781 0.0351562
0.558594 0.0351562
0.550781 0.0429688
0.558594 0.0429688
0.535156 0.0507812
0.542969 0.0507812
0.535156 0.0585938
0.542969 0.0585938
0.550781 0.0507812
0.558594 0.0507812
0.550781 0.0585938
0.556641 0.0566406
0.560547 0.0566406
0.556641 0.0605469
0.560547 0.0605469
0.570312 0.0078125
0.585938 0.0078125
0.566406 0.0195312
0.574219 0.0195312
0.566406 0.0273438
0.574219 0.0273438
0.582031 0.0195312
0.589844 0.0195312
0.582031 0.0273438
0.589844 0.0273438
0.601562 0.0078125
0.617188 0.0078125
0.597656 0.0195312
0.605469 0.0195312
0.597656 0.0273438
0.605469 0.0273438
0.617188 0.0234375
0.566406 0.0351562
0.574219 0.0351562
0.566406 0.0429688
0.574219 0.0429688
0.582031 0.0351562
0.589844 0.0351562
0.582031 0.0429688
0.589844 0.0429688
0.566406 0.0507812
0.574219 0.0507812
0.566406 0.0585938
0.574219 0.0585938
0.582031 0.0507812
0.589844 0.0507812
0.582031 0.0585938
0.589844 0.0585938
0.597656 0.0351562
0.605469 0.0351562
0.597656 0.0429688
0.605469 0.0429688
0.613281 0.0351562
0.621094 0.0351562
0.613281 0.0429688
0.621094 0.0429688
0.597656 0.0507812
0.605469 0.0507812
0.597656 0.0585938
0.605469 0.0585938
0.613281 0.0507812
0.621094 0.0507812
0.613281 0.0585938
0.621094 0.0585938
0.503906 0.0664062
0.511719 0.0664062
0.503906 0.0742188
0.511719 0.0742188
0.519531 0.0664062
0.527344 0.0664062
0.519531 0.0742188
0.525391 0.0722656
0.529297 0.0722656
0.525391 0.0761719
0.529297 0.0761719
0.503906 0.0820312
0.511719 0.0820312
0.503906 0.0898438
0.509766 0.0878906
0.513672 0.0878906
0.509766 0.0917969
0.513672 0.0917969
0.517578 0.0800781
0.521484 0.0800781
0.517578 0.0839844
0.521484 0.0839844
0.525391 0.0800781
0.529297 0.0800781
0.525391 0.0839844
0.529297 0.0839844
0.517578 0.0878906
0.521484 0.0878906
0.517578 0.0917969
0.521484 0.0917969
0.525391 0.0878906
0.529297 0.0878906
0.525391 0.0917969
0.529297 0.0917969
0.535156 0.0664062
0.541016 0.0644531
0.544922 0.0644531
0.541016 0.0683594
0.544922 0.0683594
0.533203 0.0722656
0.537109 0.0722656
0.533203 0.0761719
0.537109 0.0761719
0.541016 0.0722656
0.544922 0.0722656
0.541016 0.0761719
0.544922 0.0761719
0.548828 0.0644531
0.552734 0.0644531
0.548828 0.0683594
0.552734 0.0683594
0.556641 0.0644531
0.560547 0.0644531
0.556641 0.0683594
0.560547 0.0683594
0.548828 0.0722656
0.552734 0.0722656
0.548828 0.0761719
0.552734 0.0761719
0.556641 0.0722656
0.560547 0.0722656
0.556641 0.0761719
0.560547 0.0761719
0.533203 0.0800781
0.537109 0.0800781
0.533203 0.0839844
0.537109 0.0839844
0.541016 0.0800781
0.544922 0.0800781
0.541016 0.0839844
0.544922 0.0839844
0.533203 0.0878906
0.537109 0.0878906
0.533203 0.0917969
0.537109 0.0917969
0.541016 0.0878906
0.544922 0.0878906
0.541016 0.0917969
0.544922 0.0917969
0.548828 0.0800781
0.552734 0.0800781
0.548828 0.0839844
0.552734 0.0839844
0.556641 0.0800781
0.560547 0.0800781
0.556641 0.0839844
0.560547 0.0839844
0.548828 0.0878906
0.552734 0.0878906
0.548828 0.0917969
0.552734 0.0917969
0.556641 0.0878906
0.560547 0.0878906
0.556641 0.0917969
0.560547 0.0917969
0.501953 0.0957031
0.505859 0.0957031
0.501953 0.0996094
0.505859 0.0996094
0.509766 0.0957031
0.513672 0.0957031
0.509766 0.0996094
0.513672 0.0996094
0.501953 0.103516
0.505859 0.103516
0.501953 0.107422
0.505859 0.107422
0.509766 0.103516
0.513672 0.103516
0.509766 0.107422
0.513672 0.107422
0.517578 0.0957031
0.521484 0.0957031
0.517578 0.0996094
0.521484 0.0996094
0.525391 0.0957031
0.529297 0.0957031
0.525391 0.0996094
0.529297 0.0996094
0.517578 0.103516
0.521484 0.103516
0.517578 0.107422
0.521484 0.107422
0.525391 0.103516
0.529297 0.103516
0.525391 0.107422
0.529297 0.107422
0.501953 0.111328
0.505859 0.111328
0.501953 0.115234
0.505859 0.115234
0.509766 0.111328
0.513672 0.111328
0.509766 0.115234
0.513672 0.115234
0.501953 0.119141
0.505859 0.119141
0.501953 0.123047
0.505859 0.123047
0.509766 0.119141
0.513672 0.119141
0.509766 0.123047
0.513672 0.123047
0.517578 0.111328
0.521484 0.111328
0.517578 0.115234
0.521484 0.115234
0.525391 0.111328
0.529297 0.111328
0.525391 0.115234
0.529297 0.115234
0.517578 0.119141
0.521484 0.119141
0.517578 0.123047
0.521484 0.123047
0.525391 0.119141
0.529297 0.119141
0.525391 0.123047
0.529297 0.123047
0.533203 0.0957031
0.537109 0.0957031
0.533203 0.0996094
0.537109 0.0996094
0.541016 0.0957031
0.544922 0.0957031
0.541016 0.0996094
0.544922 0.0996094
0.533203 0.103516
0.537109 0.103516
0.533203 0.107422
0.537109 0.107422
0.541016 0.103516
0.544922 0.103516
0.541016 0.107422
0.544922 0.107422
0.548828 0.0957031
0.552734 0.0957031
0.548828 0.0996094
0.552734 0.0996094
0.556641 0.0957031
0.560547 0.0957031
0.556641 0.0996094
0.560547 0.0996094
0.548828 0.103516
0.552734 0.103516
0.548828 0.107422
0.552734 0.107422
0.556641 0.103516
0.560547 0.103516
0.556641 0.107422
0.560547 0.107422
0.533203 0.111328
0.537109 0.111328
0.533203 0.115234
0.537109 0.115234
0.541016 0.111328
0.544922 0.111328
0.541016 0.115234
0.544922 0.115234
0.533203 0.119141
0.537109 0.119141
0.533203 0.123047
0.537109 0.123047
0.542969 0.121094
0.548828 0.111328
0.552734 0.111328
0.548828 0.115234
0.552734 0.115234
0.558594 0.113281
0.550781 0.121094
0.558594 0.121094
0.564453 0.0644531
0.568359 0.0644531
0.564453 0.0683594
0.568359 0.0683594
0.572266 0.0644531
0.576172 0.0644531
0.572266 0.0683594
0.576172 0.0683594
0.564453 0.0722656
0.568359 0.0722656
0.564453 0.0761719
0.568359 0.0761719
0.572266 0.0722656
0.576172 0.0722656
0.572266 0.0761719
0.576172 0.0761719
0.580078 0.0644531
0.583984 0.0644531
0.580078 0.0683594
0.583984 0.0683594
0.587891 0.0644531
0.591797 0.0644531
0.587891 0.0683594
0.591797 0.0683594
0.580078 0.0722656
0.583984 0.0722656
0.580078 0.0761719
0.583984 0.0761719
0.587891 0.0722656
0.591797 0.0722656
0.587891 0.0761719
0.591797 0.0761719
0.564453 0.0800781
0.568359 0.0800781
0.564453 0.0839844
0.568359 0.0839844
0.572266 0.0800781
0.576172 0.0800781
0.572266 0.0839844
0.576172 0.0839844
0.564453 0.0878906
0.568359 0.0878906
0.564453 0.0917969
0.568359 0.0917969
0.572266 0.0878906
0.576172 0.0878906
0.572266 0.0917969
0.576172 0.0917969
0.580078 0.0800781
0.583984 0.0800781
0.580078 0.0839844
0.583984 0.0839844
0.587891 0.0800781
0.591797 0.0800781
0.587891 0.0839844
0.591797 0.0839844
0.580078 0.0878906
0.583984 0.0878906
0.580078 0.0917969
0.583984 0.0917969
0.587891 0.0878906
0.591797 0.0878906
0.587891 0.0917969
0.591797 0.0917969
0.595703 0.0644531
0.599609 0.0644531
0.595703 0.0683594
0.599609 0.0683594
0.605469 0.0664062
0.595703 0.0722656
0.599609 0.0722656
0.595703 0.0761719
0.599609 0.0761719
0.603516 0.0722656
0.607422 0.0722656
0.603516 0.0761719
0.607422 0.0761719
0.613281 0.0664062
0.621094 0.0664062
0.611328 0.0722656
0.615234 0.0722656
0.611328 0.0761719
0.615234 0.0761719
0.621094 0.0742188
0.595703 0.0800781
0.599609 0.0800781
0.595703 0.0839844
0.599609 0.0839844
0.603516 0.0800781
0.607422 0.0800781
0.603516 0.0839844
0.607422 0.0839844
0.595703 0.0878906
0.599609 0.0878906
0.595703 0.0917969
0.599609 0.0917969
0.603516 0.0878906
0.607422 0.0878906
0.603516 0.0917969
0.607422 0.0917969
0.611328 0.0800781
0.615234 0.0800781
0.611328 0.0839844
0.615234 0.0839844
0.619141 0.0800781
0.623047 0.0800781
0.619141 0.0839844
0.623047 0.0839844
0.611328 0.0878906
0.615234 0.0878906
0.611328 0.0917969
0.615234 0.0917969
0.619141 0.0878906
0.623047 0.0878906
0.619141 0.0917969
0.623047 0.0917969
0.564453 0.0957031
0.568359 0.0957031
0.564453 0.0996094
0.568359 0.0996094
0.572266 0.0957031
0.576172 0.0957031
0.572266 0.0996094
0.576172 0.0996094
0.564453 0.103516
0.568359 0.103516
0.564453 0.107422
0.568359 0.107422
0.572266 0.103516
0.576172 0.103516
0.572266 0.107422
0.576172 0.107422
0.580078 0.0957031
0.583984 0.0957031
0.580078 0.0996094
0.583984 0.0996094
0.587891 0.0957031
0.591797 0.0957031
0.587891 0.0996094
0.591797 0.0996094
0.580078 0.103516
0.583984 0.103516
0.580078 0.107422
0.583984 0.107422
0.589844 0.105469
0.566406 0.113281
0.574219 0.113281
0.566406 0.121094
0.574219 0.121094
0.582031 0.113281
0.589844 0.113281
0.582031 0.121094
0.589844 0.121094
0.595703 0.0957031
0.599609 0.0957031
0.595703 0.0996094
0.599609 0.0996094
0.603516 0.0957031
0.607422 0.0957031
0.603516 0.0996094
0.607422 0.0996094
0.597656 0.105469
0.605469 0.105469
0.611328 0.0957031
0.615234 0.0957031
0.611328 0.0996094
0.615234 0.0996094
0.619141 0.0957031
0.623047 0.0957031
0.619141 0.0996094
0.623047 0.0996094
0.613281 0.105469
0.621094 0.105469
0.597656 0.113281
0.605469 0.113281
0.597656 0.121094
0.605469 0.121094
0.613281 0.113281
0.621094 0.113281
0.613281 0.121094
0.621094 0.121094
0.632812 0.0078125
0.648438 0.0078125
0.632812 0.0234375
0.648438 0.0234375
0.664062 0.0078125
0.679688 0.0078125
0.664062 0.0234375
0.679688 0.0234375
0.632812 0.0390625
0.648438 0.0390625
0.628906 0.0507812
0.636719 0.0507812
0.628906 0.0585938
0.636719 0.0585938
0.648438 0.0546875
0.664062 0.0390625
0.679688 0.0390625
0.664062 0.0546875
0.679688 0.0546875
0.695312 0.0078125
0.710938 0.0078125
0.695312 0.0234375
0.710938 0.0234375
0.734375 0.015625
0.695312 0.0390625
0.710938 0.0390625
0.695312 0.0546875
0.710938 0.0546875
0.726562 0.0390625
0.742188 0.0390625
0.726562 0.0546875
0.742188 0.0546875
0.628906 0.0664062
0.636719 0.0664062
0.628906 0.0742188
0.636719 0.0742188
0.644531 0.0664062
0.652344 0.0664062
0.644531 0.0742188
0.652344 0.0742188
0.626953 0.0800781
0.630859 0.0800781
0.626953 0.0839844
0.630859 0.0839844
0.634766 0.0800781
0.638672 0.0800781
0.634766 0.0839844
0.638672 0.0839844
0.626953 0.0878906
0.630859 0.0878906
0.626953 0.0917969
0.630859 0.0917969
0.634766 0.0878906
0.638672 0.0878906
0.634766 0.0917969
0.638672 0.0917969
0.644531 0.0820312
0.652344 0.0820312
0.642578 0.0878906
0.646484 0.0878906
0.642578 0.0917969
0.646484 0.0917969
0.650391 0.0878906
0.654297 0.0878906
0.650391 0.0917969
0.654297 0.0917969
0.664062 0.0703125
0.679688 0.0703125
0.660156 0.0820312
0.667969 0.0820312
0.660156 0.0898438
0.667969 0.0898438
0.679688 0.0859375
0.626953 0.0957031
0.630859 0.0957031
0.626953 0.0996094
0.630859 0.0996094
0.634766 0.0957031
0.638672 0.0957031
0.634766 0.0996094
0.638672 0.0996094
0.628906 0.105469
0.634766 0.103516
0.638672 0.103516
0.634766 0.107422
0.638672 0.107422
0.642578 0.0957031
0.646484 0.0957031
0.642578 0.0996094
0.646484 0.0996094
0.650391 0.0957031
0.654297 0.0957031
0.650391 0.0996094
0.654297 0.0996094
0.642578 0.103516
0.646484 0.103516
0.642578 0.107422
0.646484 0.107422
0.652344 0.105469
0.628906 0.113281
0.636719 0.113281
0.628906 0.121094
0.636719 0.121094
0.644531 0.113281
0.652344 0.113281
0.644531 0.121094
0.652344 0.121094
0.658203 0.0957031
0.662109 0.0957031
0.658203 0.0996094
0.662109 0.0996094
0.667969 0.0976562
0.658203 0.103516
0.662109 0.103516
0.658203 0.107422
0.662109 0.107422
0.666016 0.103516
0.669922 0.103516
0.666016 0.107422
0.669922 0.107422
0.675781 0.0976562
0.683594 0.0976562
0.675781 0.105469
0.683594 0.105469
0.660156 0.113281
0.667969 0.113281
0.660156 0.121094
0.667969 0.121094
0.673828 0.111328
0.677734 0.111328
0.673828 0.115234
0.677734 0.115234
0.683594 0.113281
0.673828 0.119141
0.677734 0.119141
0.673828 0.123047
0.677734 0.123047
0.681641 0.119141
0.685547 0.119141
0.681641 0.123047
0.685547 0.123047
0.695312 0.0703125
0.710938 0.0703125
0.695312 0.0859375
0.710938 0.0859375
0.726562 0.0703125
0.742188 0.0703125
0.726562 0.0859375
0.742188 0.0859375
0.695312 0.101562
0.710938 0.101562
0.691406 0.113281
0.699219 0.113281
0.691406 0.121094
0.699219 0.121094
0.710938 0.117188
0.726562 0.101562
0.742188 0.101562
0.726562 0.117188
0.742188 0.117188
0.501953 0.126953
0.505859 0.126953
0.501953 0.130859
0.505859 0.130859
0.509766 0.126953
0.513672 0.126953
0.509766 0.130859
0.513672 0.130859
0.501953 0.134766
0.505859 0.134766
0.501953 0.138672
0.505859 0.138672
0.509766 0.134766
0.513672 0.134766
0.509766 0.138672
0.513672 0.138672
0.517578 0.126953
0.521484 0.126953
0.517578 0.130859
0.521484 0.130859
0.525391 0.126953
0.529297 0.126953
0.525391 0.130859
0.529297 0.130859
0.517578 0.134766
0.521484 0.134766
0.517578 0.138672
0.521484 0.138672
0.527344 0.136719
0.501953 0.142578
0.505859 0.142578
0.501953 0.146484
0.505859 0.146484
0.511719 0.144531
0.503906 0.152344
0.511719 0.152344
0.519531 0.144531
0.527344 0.144531
0.519531 0.152344
0.527344 0.152344
0.535156 0.128906
0.542969 0.128906
0.535156 0.136719
0.542969 0.136719
0.550781 0.128906
0.558594 0.128906
0.550781 0.136719
0.558594 0.136719
0.535156 0.144531
0.542969 0.144531
0.535156 0.152344
0.542969 0.152344
0.550781 0.144531
0.558594 0.144531
0.550781 0.152344
0.558594 0.152344
0.503906 0.160156
0.511719 0.160156
0.503906 0.167969
0.511719 0.167969
0.519531 0.160156
0.527344 0.160156
0.519531 0.167969
0.527344 0.167969
0.503906 0.175781
0.511719 0.175781
0.503906 0.183594
0.511719 0.183594
0.519531 0.175781
0.527344 0.175781
0.519531 0.183594
0.527344 0.183594
0.535156 0.160156
0.542969 0.160156
0.535156 0.167969
0.542969 0.167969
0.550781 0.160156
0.558594 0.160156
0.550781 0.167969
0.558594 0.167969
0.539062 0.179688
0.554688 0.179688
0.566406 0.128906
0.574219 0.128906
0.566406 0.136719
0.574219 0.136719
0.582031 0.128906
0.589844 0.128906
0.582031 0.136719
0.589844 0.136719
0.566406 0.144531
0.574219 0.144531
0.566406 0.152344
0.574219 0.152344
0.582031 0.144531
0.589844 0.144531
0.582031 0.152344
0.589844 0.152344
0.597656 0.128906
0.605469 0.128906
0.597656 0.136719
0.605469 0.136719
0.613281 0.128906
0.621094 0.128906
0.613281 0.136719
0.621094 0.136719
0.597656 0.144531
0.605469 0.144531
0.597656 0.152344
0.605469 0.152344
0.613281 0.144531
0.621094 0.144531
0.613281 0.152344
0.621094 0.152344
0.570312 0.164062
0.585938 0.164062
0.570312 0.179688
0.585938 0.179688
0.601562 0.164062
0.617188 0.164062
0.601562 0.179688
0.617188 0.179688
0.503906 0.191406
0.511719 0.191406
0.503906 0.199219
0.511719 0.199219
0.523438 0.195312
0.507812 0.210938
0.523438 0.210938
0.539062 0.195312
0.554688 0.195312
0.539062 0.210938
0.554688 0.210938
0.507812 0.226562
0.523438 0.226562
0.507812 0.242188
0.523438 0.242188
0.539062 0.226562
0.554688 0.226562
0.539062 0.242188
0.554688 0.242188
0.570312 0.195312
0.585938 0.195312
0.570312 0.210938
0.585938 0.210938
0.601562 0.195312
0.617188 0.195312
0.601562 0.210938
0.617188 0.210938
0.570312 0.226562
0.585938 0.226562
0.570312 0.242188
0.585938 0.242188
0.601562 0.226562
0.617188 0.226562
0.601562 0.242188
0.617188 0.242188
0.628906 0.128906
0.636719 0.128906
0.628906 0.136719
0.636719 0.136719
0.644531 0.128906
0.652344 0.128906
0.644531 0.136719
0.652344 0.136719
0.628906 0.144531
0.636719 0.144531
0.628906 0.152344
0.636719 0.152344
0.644531 0.144531
0.652344 0.144531
0.644531 0.152344
0.652344 0.152344
0.660156 0.128906
0.667969 0.128906
0.660156 0.136719
0.667969 0.136719
0.675781 0.128906
0.681641 0.126953
0.685547 0.126953
0.681641 0.130859
0.685547 0.130859
0.675781 0.136719
0.683594 0.136719
0.660156 0.144531
0.667969 0.144531
0.660156 0.152344
0.667969 0.152344
0.675781 0.144531
0.683594 0.144531
0.675781 0.152344
0.683594 0.152344
0.632812 0.164062
0.644531 0.160156
0.652344 0.160156
0.644531 0.167969
0.652344 0.167969
0.632812 0.179688
0.644531 0.175781
0.652344 0.175781
0.644531 0.183594
0.652344 0.183594
0.660156 0.160156
0.667969 0.160156
0.660156 0.167969
0.667969 0.167969
0.675781 0.160156
0.683594 0.160156
0.675781 0.167969
0.683594 0.167969
0.660156 0.175781
0.667969 0.175781
0.660156 0.183594
0.667969 0.183594
0.675781 0.175781
0.683594 0.175781
0.675781 0.183594
0.683594 0.183594
0.691406 0.128906
0.699219 0.128906
0.689453 0.134766
0.693359 0.134766
0.689453 0.138672
0.693359 0.138672
0.699219 0.136719
0.707031 0.128906
0.714844 0.128906
0.707031 0.136719
0.714844 0.136719
0.689453 0.142578
0.693359 0.142578
0.689453 0.146484
0.693359 0.146484
0.699219 0.144531
0.691406 0.152344
0.697266 0.150391
0.701172 0.150391
0.697266 0.154297
0.701172 0.154297
0.707031 0.144531
0.714844 0.144531
0.707031 0.152344
0.714844 0.152344
0.726562 0.132812
0.742188 0.132812
0.726562 0.148438
0.742188 0.148438
0.691406 0.160156
0.697266 0.158203
0.701172 0.158203
0.697266 0.162109
0.701172 0.162109
0.691406 0.167969
0.697266 0.166016
0.701172 0.166016
0.697266 0.169922
0.701172 0.169922
0.707031 0.160156
0.714844 0.160156
0.707031 0.167969
0.714844 0.167969
0.689453 0.173828
0.693359 0.173828
0.689453 0.177734
0.693359 0.177734
0.697266 0.173828
0.701172 0.173828
0.697266 0.177734
0.701172 0.177734
0.689453 0.181641
0.693359 0.181641
0.689453 0.185547
0.693359 0.185547
0.697266 0.181641
0.701172 0.181641
0.697266 0.185547
0.701172 0.185547
0.705078 0.173828
0.708984 0.173828
0.705078 0.177734
0.708984 0.177734
0.714844 0.175781
0.705078 0.181641
0.708984 0.181641
0.705078 0.185547
0.708984 0.185547
0.714844 0.183594
0.722656 0.160156
0.730469 0.160156
0.722656 0.167969
0.730469 0.167969
0.742188 0.164062
0.722656 0.175781
0.730469 0.175781
0.722656 0.183594
0.730469 0.183594
0.738281 0.175781
0.746094 0.175781
0.738281 0.183594
0.746094 0.183594
0.632812 0.195312
0.644531 0.191406
0.652344 0.191406
0.644531 0.199219
0.652344 0.199219
0.632812 0.210938
0.648438 0.210938
0.660156 0.191406
0.667969 0.191406
0.660156 0.199219
0.667969 0.199219
0.675781 0.191406
0.683594 0.191406
0.675781 0.199219
0.683594 0.199219
0.660156 0.207031
0.667969 0.207031
0.660156 0.214844
0.667969 0.214844
0.675781 0.207031
0.683594 0.207031
0.675781 0.214844
0.683594 0.214844
0.632812 0.226562
0.648438 0.226562
0.632812 0.242188
0.644531 0.238281
0.652344 0.238281
0.644531 0.246094
0.652344 0.246094
0.660156 0.222656
0.667969 0.222656
0.660156 0.230469
0.667969 0.230469
0.675781 0.222656
0.683594 0.222656
0.675781 0.230469
0.683594 0.230469
0.660156 0.238281
0.667969 0.238281
0.660156 0.246094
0.667969 0.246094
0.675781 0.238281
0.683594 0.238281
0.675781 0.246094
0.683594 0.246094
0.689453 0.189453
0.693359 0.189453
0.689453 0.193359
0.693359 0.193359
0.697266 0.189453
0.701172 0.189453
0.697266 0.193359
0.701172 0.193359
0.691406 0.199219
0.697266 0.197266
0.701172 0.197266
0.697266 0.201172
0.701172 0.201172
0.705078 0.189453
0.708984 0.189453
0.705078 0.193359
0.708984 0.193359
0.714844 0.191406
0.705078 0.197266
0.708984 0.197266
0.705078 0.201172
0.708984 0.201172
0.714844 0.199219
0.691406 0.207031
0.699219 0.207031
0.691406 0.214844
0.699219 0.214844
0.705078 0.205078
0.708984 0.205078
0.705078 0.208984
0.708984 0.208984
0.714844 0.207031
0.705078 0.212891
0.708984 0.212891
0.705078 0.216797
0.708984 0.216797
0.714844 0.214844
0.722656 0.191406
0.730469 0.191406
0.722656 0.199219
0.730469 0.199219
0.738281 0.191406
0.746094 0.191406
0.738281 0.199219
0.746094 0.199219
0.722656 0.207031
0.730469 0.207031
0.722656 0.214844
0.730469 0.214844
0.738281 0.207031
0.746094 0.207031
0.738281 0.214844
0.746094 0.214844
0.691406 0.222656
0.699219 0.222656
0.691406 0.230469
0.699219 0.230469
0.705078 0.220703
0.708984 0.220703
0.705078 0.224609
0.708984 0.224609
0.714844 0.222656
0.705078 0.228516
0.708984 0.228516
0.705078 0.232422
0.708984 0.232422
0.714844 0.230469
0.691406 0.238281
0.697266 0.236328
0.701172 0.236328
0.697266 0.240234
0.701172 0.240234
0.689453 0.244141
0.693359 0.244141
0.689453 0.248047
0.693359 0.248047
0.697266 0.244141
0.701172 0.244141
0.697266 0.248047
0.701172 0.248047
0.705078 0.236328
0.708984 0.236328
0.705078 0.240234
0.708984 0.240234
0.714844 0.238281
0.705078 0.244141
0.708984 0.244141
0.705078 0.248047
0.708984 0.248047
0.714844 0.246094
0.722656 0.222656
0.730469 0.222656
0.722656 0.230469
0.730469 0.230469
0.738281 0.222656
0.746094 0.222656
0.738281 0.230469
0.746094 0.230469
0.722656 0.238281
0.730469 0.238281
0.722656 0.246094
0.730469 0.246094
0.738281 0.238281
0.746094 0.238281
0.738281 0.246094
0.746094 0.246094
0.765625 0.015625
0.796875 0.015625
0.765625 0.046875
0.796875 0.046875
0.828125 0.015625
0.859375 0.015625
0.828125 0.046875
0.859375 0.046875
0.757812 0.0703125
0.773438 0.0703125
0.757812 0.0859375
0.773438 0.0859375
0.796875 0.078125
0.757812 0.101562
0.773438 0.101562
0.757812 0.117188
0.773438 0.117188
0.789062 0.101562
0.804688 0.101562
0.789062 0.117188
0.804688 0.117188
0.828125 0.078125
0.859375 0.078125
0.828125 0.109375
0.859375 0.109375
0.890625 0.015625
0.921875 0.015625
0.890625 0.046875
0.921875 0.046875
0.96875 0.03125
0.890625 0.078125
0.921875 0.078125
0.890625 0.109375
0.921875 0.109375
0.953125 0.078125
0.984375 0.078125
0.953125 0.109375
0.984375 0.109375
0.757812 0.132812
0.773438 0.132812
0.757812 0.148438
0.773438 0.148438
0.789062 0.132812
0.804688 0.132812
0.789062 0.148438
0.804688 0.148438
0.757812 0.164062
0.773438 0.164062
0.757812 0.179688
0.773438 0.179688
0.789062 0.164062
0.804688 0.164062
0.789062 0.179688
0.804688 0.179688
0.828125 0.140625
0.859375 0.140625
0.820312 0.164062
0.835938 0.164062
0.820312 0.179688
0.835938 0.179688
0.859375 0.171875
0.757812 0.195312
0.773438 0.195312
0.757812 0.210938
0.773438 0.210938
0.789062 0.195312
0.804688 0.195312
0.789062 0.210938
0.804688 0.210938
0.757812 0.226562
0.773438 0.226562
0.757812 0.242188
0.773438 0.242188
0.789062 0.226562
0.804688 0.226562
0.789062 0.242188
0.804688 0.242188
0.820312 0.195312
0.835938 0.195312
0.820312 0.210938
0.835938 0.210938
0.859375 0.203125
0.820312 0.226562
0.835938 0.226562
0.820312 0.242188
0.835938 0.242188
0.859375 0.234375
0.890625 0.140625
0.921875 0.140625
0.890625 0.171875
0.921875 0.171875
0.953125 0.140625
0.984375 0.140625
0.953125 0.171875
0.984375 0.171875
0.890625 0.203125
0.921875 0.203125
0.890625 0.234375
0.921875 0.234375
0.953125 0.203125
0.984375 0.203125
0.953125 0.234375
0.984375 0.234375
0.507812 0.257812
0.523438 0.257812
0.507812 0.273438
0.523438 0.273438
0.539062 0.257812
0.554688 0.257812
0.539062 0.273438
0.554688 0.273438
0.507812 0.289062
0.523438 0.289062
0.507812 0.304688
0.523438 0.304688
0.539062 0.289062
0.554688 0.289062
0.539062 0.304688
0.554688 0.304688
0.570312 0.257812
0.585938 0.257812
0.570312 0.273438
0.585938 0.273438
0.601562 0.257812
0.617188 0.257812
0.601562 0.273438
0.617188 0.273438
0.570312 0.289062
0.585938 0.289062
0.570312 0.304688
0.585938 0.304688
0.601562 0.289062
0.613281 0.285156
0.621094 0.285156
0.613281 0.292969
0.621094 0.292969
0.601562 0.304688
0.613281 0.300781
0.621094 0.300781
0.613281 0.308594
0.621094 0.308594
0.503906 0.316406
0.511719 0.316406
0.503906 0.324219
0.511719 0.324219
0.519531 0.316406
0.527344 0.316406
0.519531 0.324219
0.527344 0.324219
0.503906 0.332031
0.511719 0.332031
0.503906 0.339844
0.511719 0.339844
0.519531 0.332031
0.527344 0.332031
0.519531 0.339844
0.527344 0.339844
0.539062 0.320312
0.550781 0.316406
0.558594 0.316406
0.550781 0.324219
0.558594 0.324219
0.535156 0.332031
0.542969 0.332031
0.535156 0.339844
0.542969 0.339844
0.550781 0.332031
0.558594 0.332031
0.550781 0.339844
0.558594 0.339844
0.503906 0.347656
0.511719 0.347656
0.503906 0.355469
0.511719 0.355469
0.519531 0.347656
0.527344 0.347656
0.519531 0.355469
0.527344 0.355469
0.503906 0.363281
0.511719 0.363281
0.501953 0.369141
0.505859 0.369141
0.501953 0.373047
0.505859 0.373047
0.509766 0.369141
0.513672 0.369141
0.509766 0.373047
0.513672 0.373047
0.519531 0.363281
0.527344 0.363281
0.517578 0.369141
0.521484 0.369141
0.517578 0.373047
0.521484 0.373047
0.527344 0.371094
0.535156 0.347656
0.542969 0.347656
0.535156 0.355469
0.542969 0.355469
0.550781 0.347656
0.558594 0.347656
0.550781 0.355469
0.558594 0.355469
0.535156 0.363281
0.542969 0.363281
0.535156 0.371094
0.542969 0.371094
0.550781 0.363281
0.558594 0.363281
0.550781 0.371094
0.556641 0.369141
0.560547 0.369141
0.556641 0.373047
0.560547 0.373047
0.566406 0.316406
0.574219 0.316406
0.566406 0.324219
0.574219 0.324219
0.582031 0.316406
0.589844 0.316406
0.582031 0.324219
0.589844 0.324219
0.566406 0.332031
0.574219 0.332031
0.566406 0.339844
0.574219 0.339844
0.582031 0.332031
0.589844 0.332031
0.582031 0.339844
0.589844 0.339844
0.597656 0.316406
0.605469 0.316406
0.597656 0.324219
0.605469 0.324219
0.613281 0.316406
0.621094 0.316406
0.613281 0.324219
0.621094 0.324219
0.597656 0.332031
0.605469 0.332031
0.597656 0.339844
0.605469 0.339844
0.613281 0.332031
0.621094 0.332031
0.613281 0.339844
0.621094 0.339844
0.566406 0.347656
0.574219 0.347656
0.566406 0.355469
0.574219 0.355469
0.582031 0.347656
0.589844 0.347656
0.582031 0.355469
0.589844 0.355469
0.566406 0.363281
0.574219 0.363281
0.564453 0.369141
0.568359 0.369141
0.564453 0.373047
0.568359 0.373047
0.572266 0.369141
0.576172 0.369141
0.572266 0.373047
0.576172 0.373047
0.582031 0.363281
0.587891 0.361328
0.591797 0.361328
0.587891 0.365234
0.591797 0.365234
0.580078 0.369141
0.583984 0.369141
0.580078 0.373047
0.583984 0.373047
0.587891 0.369141
0.591797 0.369141
0.587891 0.373047
0.591797 0.373047
0.597656 0.347656
0.605469 0.347656
0.597656 0.355469
0.605469 0.355469
0.613281 0.347656
0.619141 0.345703
0.623047 0.345703
0.619141 0.349609
0.623047 0.349609
0.611328 0.353516
0.615234 0.353516
0.611328 0.357422
0.615234 0.357422
0.619141 0.353516
0.623047 0.353516
0.619141 0.357422
0.623047 0.357422
0.595703 0.361328
0.599609 0.361328
0.595703 0.365234
0.599609 0.365234
0.603516 0.361328
0.607422 0.361328
0.603516 0.365234
0.607422 0.365234
0.595703 0.369141
0.599609 0.369141
0.595703 0.373047
0.599609 0.373047
0.603516 0.369141
0.607422 0.369141
0.603516 0.373047
0.607422 0.373047
0.611328 0.361328
0.615234 0.361328
0.611328 0.365234
0.615234 0.365234
0.619141 0.361328
0.623047 0.361328
0.619141 0.365234
0.623047 0.365234
0.611328 0.369141
0.615234 0.369141
0.611328 0.373047
0.615234 0.373047
0.619141 0.369141
0.623047 0.369141
0.619141 0.373047
0.623047 0.373047
0.628906 0.253906
0.636719 0.253906
0.628906 0.261719
0.636719 0.261719
0.644531 0.253906
0.652344 0.253906
0.644531 0.261719
0.652344 0.261719
0.628906 0.269531
0.636719 0.269531
0.628906 0.277344
0.636719 0.277344
0.644531 0.269531
0.652344 0.269531
0.644531 0.277344
0.652344 0.277344
0.660156 0.253906
0.667969 0.253906
0.660156 0.261719
0.667969 0.261719
0.675781 0.253906
0.681641 0.251953
0.685547 0.251953
0.681641 0.255859
0.685547 0.255859
0.673828 0.259766
0.677734 0.259766
0.673828 0.263672
0.677734 0.263672
0.681641 0.259766
0.685547 0.259766
0.681641 0.263672
0.685547 0.263672
0.660156 0.269531
0.667969 0.269531
0.660156 0.277344
0.667969 0.277344
0.673828 0.267578
0.677734 0.267578
0.673828 0.271484
0.677734 0.271484
0.681641 0.267578
0.685547 0.267578
0.681641 0.271484
0.685547 0.271484
0.673828 0.275391
0.677734 0.275391
0.673828 0.279297
0.677734 0.279297
0.681641 0.275391
0.685547 0.275391
0.681641 0.279297
0.685547 0.279297
0.628906 0.285156
0.636719 0.285156
0.628906 0.292969
0.636719 0.292969
0.644531 0.285156
0.652344 0.285156
0.644531 0.292969
0.652344 0.292969
0.628906 0.300781
0.636719 0.300781
0.628906 0.308594
0.636719 0.308594
0.644531 0.300781
0.652344 0.300781
0.644531 0.308594
0.652344 0.308594
0.660156 0.285156
0.667969 0.285156
0.660156 0.292969
0.666016 0.291016
0.669922 0.291016
0.666016 0.294922
0.669922 0.294922
0.673828 0.283203
0.677734 0.283203
0.673828 0.287109
0.677734 0.287109
0.681641 0.283203
0.685547 0.283203
0.681641 0.287109
0.685547 0.287109
0.673828 0.291016
0.677734 0.291016
0.673828 0.294922
0.677734 0.294922
0.681641 0.291016
0.685547 0.291016
0.681641 0.294922
0.685547 0.294922
0.660156 0.300781
0.666016 0.298828
0.669922 0.298828
0.666016 0.302734
0.669922 0.302734
0.658203 0.306641
0.662109 0.306641
0.658203 0.310547
0.662109 0.310547
0.666016 0.306641
0.669922 0.306641
0.666016 0.310547
0.669922 0.310547
0.673828 0.298828
0.677734 0.298828
0.673828 0.302734
0.677734 0.302734
0.681641 0.298828
0.685547 0.298828
0.681641 0.302734
0.685547 0.302734
0.673828 0.306641
0.677734 0.306641
0.673828 0.310547
0.677734 0.310547
0.681641 0.306641
0.685547 0.306641
0.681641 0.310547
0.685547 0.310547
0.689453 0.251953
0.693359 0.251953
0.689453 0.255859
0.693359 0.255859
0.697266 0.251953
0.701172 0.251953
0.697266 0.255859
0.701172 0.255859
0.689453 0.259766
0.693359 0.259766
0.689453 0.263672
0.693359 0.263672
0.697266 0.259766
0.701172 0.259766
0.697266 0.263672
0.701172 0.263672
0.705078 0.251953
0.708984 0.251953
0.705078 0.255859
0.708984 0.255859
0.714844 0.253906
0.705078 0.259766
0.708984 0.259766
0.705078 0.263672
0.708984 0.263672
0.714844 0.261719
0.689453 0.267578
0.693359 0.267578
0.689453 0.271484
0.693359 0.271484
0.697266 0.267578
0.701172 0.267578
0.697266 0.271484
0.701172 0.271484
0.689453 0.275391
0.693359 0.275391
0.689453 0.279297
0.693359 0.279297
0.697266 0.275391
0.701172 0.275391
0.697266 0.279297
0.701172 0.279297
0.705078 0.267578
0.708984 0.267578
0.705078 0.271484
0.708984 0.271484
0.714844 0.269531
0.705078 0.275391
0.708984 0.275391
0.705078 0.279297
0.708984 0.279297
0.714844 0.277344
0.722656 0.253906
0.730469 0.253906
0.722656 0.261719
0.730469 0.261719
0.738281 0.253906
0.746094 0.253906
0.738281 0.261719
0.746094 0.261719
0.722656 0.269531
0.730469 0.269531
0.722656 0.277344
0.730469 0.277344
0.738281 0.269531
0.746094 0.269531
0.738281 0.277344
0.746094 0.277344
0.689453 0.283203
0.693359 0.283203
0.689453 0.287109
0.693359 0.287109
0.697266 0.283203
0.701172 0.283203
0.697266 0.287109
0.701172 0.287109
0.689453 0.291016
0.693359 0.291016
0.689453 0.294922
0.693359 0.294922
0.697266 0.291016
0.701172 0.291016
0.697266 0.294922
0.701172 0.294922
0.707031 0.285156
0.714844 0.285156
0.707031 0.292969
0.714844 0.292969
0.689453 0.298828
0.693359 0.298828
0.689453 0.302734
0.693359 0.302734
0.699219 0.300781
0.689453 0.306641
0.693359 0.306641
0.689453 0.310547
0.693359 0.310547
0.699219 0.308594
0.707031 0.300781
0.714844 0.300781
0.707031 0.308594
0.714844 0.308594
0.722656 0.285156
0.730469 0.285156
0.722656 0.292969
0.730469 0.292969
0.738281 0.285156
0.746094 0.285156
0.738281 0.292969
0.746094 0.292969
0.722656 0.300781
0.730469 0.300781
0.722656 0.308594
0.730469 0.308594
0.742188 0.304688
0.628906 0.316406
0.636719 0.316406
0.628906 0.324219
0.636719 0.324219
0.644531 0.316406
0.650391 0.314453
0.654297 0.314453
0.650391 0.318359
0.654297 0.318359
0.644531 0.324219
0.650391 0.322266
0.654297 0.322266
0.650391 0.326172
0.654297 0.326172
0.628906 0.332031
0.636719 0.332031
0.628906 0.339844
0.634766 0.337891
0.638672 0.337891
0.634766 0.341797
0.638672 0.341797
0.642578 0.330078
0.646484 0.330078
0.642578 0.333984
0.646484 0.333984
0.650391 0.330078
0.654297 0.330078
0.650391 0.333984
0.654297 0.333984
0.642578 0.337891
0.646484 0.337891
0.642578 0.341797
0.646484 0.341797
0.650391 0.337891
0.654297 0.337891
0.650391 0.341797
0.654297 0.341797
0.658203 0.314453
0.662109 0.314453
0.658203 0.318359
0.662109 0.318359
0.666016 0.314453
0.669922 0.314453
0.666016 0.318359
0.669922 0.318359
0.658203 0.322266
0.662109 0.322266
0.658203 0.326172
0.662109 0.326172
0.666016 0.322266
0.669922 0.322266
0.666016 0.326172
0.669922 0.326172
0.673828 0.314453
0.677734 0.314453
0.673828 0.318359
0.677734 0.318359
0.681641 0.314453
0.685547 0.314453
0.681641 0.318359
0.685547 0.318359
0.673828 0.322266
0.677734 0.322266
0.673828 0.326172
0.677734 0.326172
0.681641 0.322266
0.685547 0.322266
0.681641 0.326172
0.685547 0.326172
0.658203 0.330078
0.662109 0.330078
0.658203 0.333984
0.662109 0.333984
0.666016 0.330078
0.669922 0.330078
0.666016 0.333984
0.669922 0.333984
0.658203 0.337891
0.662109 0.337891
0.658203 0.341797
0.662109 0.341797
0.666016 0.337891
0.669922 0.337891
0.666016 0.341797
0.669922 0.341797
0.673828 0.330078
0.677734 0.330078
0.673828 0.333984
0.677734 0.333984
0.683594 0.332031
0.673828 0.337891
0.677734 0.337891
0.673828 0.341797
0.677734 0.341797
0.683594 0.339844
0.626953 0.345703
0.630859 0.345703
0.626953 0.349609
0.630859 0.349609
0.634766 0.345703
0.638672 0.345703
0.634766 0.349609
0.638672 0.349609
0.626953 0.353516
0.630859 0.353516
0.626953 0.357422
0.630859 0.357422
0.634766 0.353516
0.638672 0.353516
0.634766 0.357422
0.638672 0.357422
0.642578 0.345703
0.646484 0.345703
0.642578 0.349609
0.646484 0.349609
0.650391 0.345703
0.654297 0.345703
0.650391 0.349609
0.654297 0.349609
0.642578 0.353516
0.646484 0.353516
0.642578 0.357422
0.646484 0.357422
0.650391 0.353516
0.654297 0.353516
0.650391 0.357422
0.654297 0.357422
0.626953 0.361328
0.630859 0.361328
0.626953 0.365234
0.630859 0.365234
0.634766 0.361328
0.638672 0.361328
0.634766 0.365234
0.638672 0.365234
0.626953 0.369141
0.630859 0.369141
0.626953 0.373047
0.630859 0.373047
0.634766 0.369141
0.638672 0.369141
0.634766 0.373047
0.638672 0.373047
0.642578 0.361328
0.646484 0.361328
0.642578 0.365234
0.646484 0.365234
0.650391 0.361328
0.654297 0.361328
0.650391 0.365234
0.654297 0.365234
0.642578 0.369141
0.646484 0.369141
0.642578 0.373047
0.646484 0.373047
0.652344 0.371094
0.658203 0.345703
0.662109 0.345703
0.658203 0.349609
0.662109 0.349609
0.666016 0.345703
0.669922 0.345703
0.666016 0.349609
0.669922 0.349609
0.658203 0.353516
0.662109 0.353516
0.658203 0.357422
0.662109 0.357422
0.667969 0.355469
0.675781 0.347656
0.683594 0.347656
0.675781 0.355469
0.683594 0.355469
0.660156 0.363281
0.667969 0.363281
0.660156 0.371094
0.667969 0.371094
0.675781 0.363281
0.683594 0.363281
0.675781 0.371094
0.683594 0.371094
0.691406 0.316406
0.699219 0.316406
0.691406 0.324219
0.699219 0.324219
0.707031 0.316406
0.714844 0.316406
0.707031 0.324219
0.714844 0.324219
0.691406 0.332031
0.699219 0.332031
0.691406 0.339844
0.699219 0.339844
0.707031 0.332031
0.714844 0.332031
0.707031 0.339844
0.714844 0.339844
0.726562 0.320312
0.742188 0.320312
0.726562 0.335938
0.742188 0.335938
0.691406 0.347656
0.699219 0.347656
0.691406 0.355469
0.699219 0.355469
0.710938 0.351562
0.691406 0.363281
0.699219 0.363281
0.691406 0.371094
0.699219 0.371094
0.710938 0.367188
0.726562 0.351562
0.742188 0.351562
0.726562 0.367188
0.742188 0.367188
0.501953 0.376953
0.505859 0.376953
0.501953 0.380859
0.505859 0.380859
0.509766 0.376953
0.513672 0.376953
0.509766 0.380859
0.513672 0.380859
0.501953 0.384766
0.505859 0.384766
0.501953 0.388672
0.505859 0.388672
0.509766 0.384766
0.513672 0.384766
0.509766 0.388672
0.513672 0.388672
0.517578 0.376953
0.521484 0.376953
0.517578 0.380859
0.521484 0.380859
0.525391 0.376953
0.529297 0.376953
0.525391 0.380859
0.529297 0.380859
0.517578 0.384766
0.521484 0.384766
0.517578 0.388672
0.521484 0.388672
0.525391 0.384766
0.529297 0.384766
0.525391 0.388672
0.529297 0.388672
0.501953 0.392578
0.505859 0.392578
0.501953 0.396484
0.505859 0.396484
0.509766 0.392578
0.513672 0.392578
0.509766 0.396484
0.513672 0.396484
0.501953 0.400391
0.505859 0.400391
0.501953 0.404297
0.505859 0.404297
0.509766 0.400391
0.513672 0.400391
0.509766 0.404297
0.513672 0.404297
0.517578 0.392578
0.521484 0.392578
0.517578 0.396484
0.521484 0.396484
0.525391 0.392578
0.529297 0.392578
0.525391 0.396484
0.529297 0.396484
0.517578 0.400391
0.521484 0.400391
0.517578 0.404297
0.521484 0.404297
0.525391 0.400391
0.529297 0.400391
0.525391 0.404297
0.529297 0.404297
0.533203 0.376953
0.537109 0.376953
0.533203 0.380859
0.537109 0.380859
0.541016 0.376953
0.544922 0.376953
0.541016 0.380859
0.544922 0.380859
0.533203 0.384766
0.537109 0.384766
0.533203 0.388672
0.537109 0.388672
0.541016 0.384766
0.544922 0.384766
0.541016 0.388672
0.544922 0.388672
0.548828 0.376953
0.552734 0.376953
0.548828 0.380859
0.552734 0.380859
0.556641 0.376953
0.560547 0.376953
0.556641 0.380859
0.560547 0.380859
0.548828 0.384766
0.552734 0.384766
0.548828 0.388672
0.552734 0.388672
0.556641 0.384766
0.560547 0.384766
0.556641 0.388672
0.560547 0.388672
0.533203 0.392578
0.537109 0.392578
0.533203 0.396484
0.537109 0.396484
0.541016 0.392578
0.544922 0.392578
0.541016 0.396484
0.544922 0.396484
0.533203 0.400391
0.537109 0.400391
0.533203 0.404297
0.537109 0.404297
0.541016 0.400391
0.544922 0.400391
0.541016 0.404297
0.544922 0.404297
0.548828 0.392578
0.552734 0.392578
0.548828 0.396484
0.552734 0.396484
0.556641 0.392578
0.560547 0.392578
0.556641 0.396484
0.560547 0.396484
0.548828 0.400391
0.552734 0.400391
0.548828 0.404297
0.552734 0.404297
0.556641 0.400391
0.560547 0.400391
0.556641 0.404297
0.560547 0.404297
0.501953 0.408203
0.505859 0.408203
0.501953 0.412109
0.505859 0.412109
0.509766 0.408203
0.513672 0.408203
0.509766 0.412109
0.513672 0.412109
0.501953 0.416016
0.505859 0.416016
0.501953 0.419922
0.505859 0.419922
0.509766 0.416016
0.513672 0.416016
0.509766 0.419922
0.513672 0.419922
0.517578 0.408203
0.521484 0.408203
0.517578 0.412109
0.521484 0.412109
0.525391 0.408203
0.529297 0.408203
0.525391 0.412109
0.529297 0.412109
0.517578 0.416016
0.521484 0.416016
0.517578 0.419922
0.521484 0.419922
0.525391 0.416016
0.529297 0.416016
0.525391 0.419922
0.529297 0.419922
0.503906 0.425781
0.511719 0.425781
0.503906 0.433594
0.511719 0.433594
0.519531 0.425781
0.525391 0.423828
0.529297 0.423828
0.525391 0.427734
0.529297 0.427734
0.519531 0.433594
0.527344 0.433594
0.533203 0.408203
0.537109 0.408203
0.533203 0.412109
0.537109 0.412109
0.541016 0.408203
0.544922 0.408203
0.541016 0.412109
0.544922 0.412109
0.533203 0.416016
0.537109 0.416016
0.533203 0.419922
0.537109 0.419922
0.541016 0.416016
0.544922 0.416016
0.541016 0.419922
0.544922 0.419922
0.548828 0.408203
0.552734 0.408203
0.548828 0.412109
0.552734 0.412109
0.556641 0.408203
0.560547 0.408203
0.556641 0.412109
0.560547 0.412109
0.548828 0.416016
0.552734 0.416016
0.548828 0.419922
0.552734 0.419922
0.556641 0.416016
0.560547 0.416016
0.556641 0.419922
0.560547 0.419922
0.533203 0.423828
0.537109 0.423828
0.533203 0.427734
0.537109 0.427734
0.541016 0.423828
0.544922 0.423828
0.541016 0.427734
0.544922 0.427734
0.535156 0.433594
0.542969 0.433594
0.548828 0.423828
0.552734 0.423828
0.548828 0.427734
0.552734 0.427734
0.558594 0.425781
0.550781 0.433594
0.558594 0.433594
0.564453 0.376953
0.568359 0.376953
0.564453 0.380859
0.568359 0.380859
0.572266 0.376953
0.576172 0.376953
0.572266 0.380859
0.576172 0.380859
0.564453 0.384766
0.568359 0.384766
0.564453 0.388672
0.568359 0.388672
0.572266 0.384766
0.576172 0.384766
0.572266 0.388672
0.576172 0.388672
0.580078 0.376953
0.583984 0.376953
0.580078 0.380859
0.583984 0.380859
0.587891 0.376953
0.591797 0.376953
0.587891 0.380859
0.591797 0.380859
0.580078 0.384766
0.583984 0.384766
0.580078 0.388672
0.583984 0.388672
0.587891 0.384766
0.591797 0.384766
0.587891 0.388672
0.591797 0.388672
0.564453 0.392578
0.568359 0.392578
0.564453 0.396484
0.568359 0.396484
0.572266 0.392578
0.576172 0.392578
0.572266 0.396484
0.576172 0.396484
0.564453 0.400391
0.568359 0.400391
0.564453 0.404297
0.568359 0.404297
0.572266 0.400391
0.576172 0.400391
0.572266 0.404297
0.576172 0.404297
0.580078 0.392578
0.583984 0.392578
0.580078 0.396484
0.583984 0.396484
0.587891 0.392578
0.591797 0.392578
0.587891 0.396484
0.591797 0.396484
0.580078 0.400391
0.583984 0.400391
0.580078 0.404297
0.583984 0.404297
0.587891 0.400391
0.591797 0.400391
0.587891 0.404297
0.591797 0.404297
0.595703 0.376953
0.599609 0.376953
0.595703 0.380859
0.599609 0.380859
0.603516 0.376953
0.607422 0.376953
0.603516 0.380859
0.607422 0.380859
0.595703 0.384766
0.599609 0.384766
0.595703 0.388672
0.599609 0.388672
0.603516 0.384766
0.607422 0.384766
0.603516 0.388672
0.607422 0.388672
0.611328 0.376953
0.615234 0.376953
0.611328 0.380859
0.615234 0.380859
0.619141 0.376953
0.623047 0.376953
0.619141 0.380859
0.623047 0.380859
0.611328 0.384766
0.615234 0.384766
0.611328 0.388672
0.615234 0.388672
0.619141 0.384766
0.623047 0.384766
0.619141 0.388672
0.623047 0.388672
0.595703 0.392578
0.599609 0.392578
0.595703 0.396484
0.599609 0.396484
0.603516 0.392578
0.607422 0.392578
0.603516 0.396484
0.607422 0.396484
0.595703 0.400391
0.599609 0.400391
0.595703 0.404297
0.599609 0.404297
0.603516 0.400391
0.607422 0.400391
0.603516 0.404297
0.607422 0.404297
0.611328 0.392578
0.615234 0.392578
0.611328 0.396484
0.615234 0.396484
0.619141 0.392578
0.623047 0.392578
0.619141 0.396484
0.623047 0.396484
0.611328 0.400391
0.615234 0.400391
0.611328 0.404297
0.615234 0.404297
0.621094 0.402344
0.564453 0.408203
0.568359 0.408203
0.564453 0.412109
0.568359 0.412109
0.572266 0.408203
0.576172 0.408203
0.572266 0.412109
0.576172 0.412109
0.564453 0.416016
0.568359 0.416016
0.564453 0.419922
0.568359 0.419922
0.572266 0.416016
0.576172 0.416016
0.572266 0.419922
0.576172 0.419922
0.580078 0.408203
0.583984 0.408203
0.580078 0.412109
0.583984 0.412109
0.587891 0.408203
0.591797 0.408203
0.587891 0.412109
0.591797 0.412109
0.580078 0.416016
0.583984 0.416016
0.580078 0.419922
0.583984 0.419922
0.587891 0.416016
0.591797 0.416016
0.587891 0.419922
0.591797 0.419922
0.566406 0.425781
0.574219 0.425781
0.566406 0.433594
0.574219 0.433594
0.582031 0.425781
0.589844 0.425781
0.582031 0.433594
0.589844 0.433594
0.595703 0.408203
0.599609 0.408203
0.595703 0.412109
0.599609 0.412109
0.605469 0.410156
0.597656 0.417969
0.605469 0.417969
0.613281 0.410156
0.621094 0.410156
0.613281 0.417969
0.621094 0.417969
0.597656 0.425781
0.605469 0.425781
0.597656 0.433594
0.605469 0.433594
0.613281 0.425781
0.621094 0.425781
0.613281 0.433594
0.621094 0.433594
0.503906 0.441406
0.511719 0.441406
0.503906 0.449219
0.511719 0.449219
0.519531 0.441406
0.527344 0.441406
0.519531 0.449219
0.527344 0.449219
0.503906 0.457031
0.511719 0.457031
0.503906 0.464844
0.511719 0.464844
0.519531 0.457031
0.527344 0.457031
0.519531 0.464844
0.527344 0.464844
0.535156 0.441406
0.542969 0.441406
0.535156 0.449219
0.542969 0.449219
0.550781 0.441406
0.558594 0.441406
0.550781 0.449219
0.558594 0.449219
0.535156 0.457031
0.542969 0.457031
0.535156 0.464844
0.542969 0.464844
0.550781 0.457031
0.558594 0.457031
0.550781 0.464844
0.558594 0.464844
0.507812 0.476562
0.519531 0.472656
0.527344 0.472656
0.519531 0.480469
0.527344 0.480469
0.507812 0.492188
0.523438 0.492188
0.535156 0.472656
0.542969 0.472656
0.535156 0.480469
0.542969 0.480469
0.550781 0.472656
0.558594 0.472656
0.550781 0.480469
0.558594 0.480469
0.539062 0.492188
0.554688 0.492188
0.566406 0.441406
0.574219 0.441406
0.566406 0.449219
0.574219 0.449219
0.582031 0.441406
0.589844 0.441406
0.582031 0.449219
0.589844 0.449219
0.566406 0.457031
0.574219 0.457031
0.566406 0.464844
0.574219 0.464844
0.582031 0.457031
0.589844 0.457031
0.582031 0.464844
0.589844 0.464844
0.597656 0.441406
0.605469 0.441406
0.597656 0.449219
0.605469 0.449219
0.613281 0.441406
0.621094 0.441406
0.613281 0.449219
0.621094 0.449219
0.597656 0.457031
0.605469 0.457031
0.597656 0.464844
0.605469 0.464844
0.617188 0.460938
0.570312 0.476562
0.585938 0.476562
0.570312 0.492188
0.585938 0.492188
0.601562 0.476562
0.617188 0.476562
0.601562 0.492188
0.617188 0.492188
0.626953 0.376953
0.630859 0.376953
0.626953 0.380859
0.630859 0.380859
0.634766 0.376953
0.638672 0.376953
0.634766 0.380859
0.638672 0.380859
0.626953 0.384766
0.630859 0.384766
0.626953 0.388672
0.630859 0.388672
0.636719 0.386719
0.644531 0.378906
0.652344 0.378906
0.644531 0.386719
0.652344 0.386719
0.628906 0.394531
0.636719 0.394531
0.628906 0.402344
0.636719 0.402344
0.644531 0.394531
0.652344 0.394531
0.644531 0.402344
0.652344 0.402344
0.660156 0.378906
0.667969 0.378906
0.660156 0.386719
0.667969 0.386719
0.675781 0.378906
0.683594 0.378906
0.675781 0.386719
0.683594 0.386719
0.660156 0.394531
0.667969 0.394531
0.660156 0.402344
0.667969 0.402344
0.679688 0.398438
0.628906 0.410156
0.636719 0.410156
0.628906 0.417969
0.636719 0.417969
0.644531 0.410156
0.652344 0.410156
0.644531 0.417969
0.652344 0.417969
0.628906 0.425781
0.636719 0.425781
0.628906 0.433594
0.636719 0.433594
0.648438 0.429688
0.664062 0.414062
0.679688 0.414062
0.664062 0.429688
0.679688 0.429688
0.695312 0.382812
0.710938 0.382812
0.695312 0.398438
0.710938 0.398438
0.726562 0.382812
0.742188 0.382812
0.726562 0.398438
0.742188 0.398438
0.695312 0.414062
0.710938 0.414062
0.695312 0.429688
0.710938 0.429688
0.726562 0.414062
0.742188 0.414062
0.726562 0.429688
0.742188 0.429688
0.632812 0.445312
0.648438 0.445312
0.632812 0.460938
0.648438 0.460938
0.664062 0.445312
0.679688 0.445312
0.664062 0.460938
0.679688 0.460938
0.632812 0.476562
0.648438 0.476562
0.632812 0.492188
0.648438 0.492188
0.664062 0.476562
0.679688 0.476562
0.664062 0.492188
0.679688 0.492188
0.695312 0.445312
0.710938 0.445312
0.695312 0.460938
0.710938 0.460938
0.734375 0.453125
0.703125 0.484375
0.734375 0.484375
0.757812 0.257812
0.773438 0.257812
0.757812 0.273438
0.773438 0.273438
0.789062 0.257812
0.804688 0.257812
0.789062 0.273438
0.804688 0.273438
0.757812 0.289062
0.773438 0.289062
0.757812 0.304688
0.773438 0.304688
0.789062 0.289062
0.804688 0.289062
0.789062 0.304688
0.804688 0.304688
0.820312 0.257812
0.835938 0.257812
0.820312 0.273438
0.835938 0.273438
0.859375 0.265625
0.820312 0.289062
0.835938 0.289062
0.820312 0.304688
0.835938 0.304688
0.859375 0.296875
0.757812 0.320312
0.773438 0.320312
0.757812 0.335938
0.773438 0.335938
0.789062 0.320312
0.804688 0.320312
0.789062 0.335938
0.804688 0.335938
0.757812 0.351562
0.773438 0.351562
0.757812 0.367188
0.773438 0.367188
0.789062 0.351562
0.804688 0.351562
0.789062 0.367188
0.804688 0.367188
0.828125 0.328125
0.859375 0.328125
0.828125 0.359375
0.859375 0.359375
0.890625 0.265625
0.921875 0.265625
0.890625 0.296875
0.921875 0.296875
0.953125 0.265625
0.984375 0.265625
0.953125 0.296875
0.984375 0.296875
0.890625 0.328125
0.921875 0.328125
0.890625 0.359375
0.921875 0.359375
0.953125 0.328125
0.984375 0.328125
0.953125 0.359375
0.984375 0.359375
0.757812 0.382812
0.773438 0.382812
0.757812 0.398438
0.773438 0.398438
0.796875 0.390625
0.765625 0.421875
0.796875 0.421875
0.828125 0.390625
0.859375 0.390625
0.828125 0.421875
0.859375 0.421875
0.765625 0.453125
0.796875 0.453125
0.765625 0.484375
0.796875 0.484375
0.828125 0.453125
0.859375 0.453125
0.828125 0.484375
0.859375 0.484375
0.890625 0.390625
0.921875 0.390625
0.890625 0.421875
0.921875 0.421875
0.953125 0.390625
0.984375 0.390625
0.953125 0.421875
0.984375 0.421875
0.890625 0.453125
0.921875 0.453125
0.890625 0.484375
0.921875 0.484375
0.96875 0.46875
1.25 0.25
-0.4375 0.5625
-0.3125 0.5625
-0.4375 0.6875
-0.3125 0.6875
-0.21875 0.53125
-0.15625 0.53125
-0.21875 0.59375
-0.15625 0.59375
-0.09375 0.53125
-0.03125 0.53125
-0.09375 0.59375
-0.03125 0.59375
-0.1875 0.6875
-0.09375 0.65625
-0.03125 0.65625
-0.09375 0.71875
-0.03125 0.71875
-0.4375 0.8125
-0.3125 0.8125
-0.4375 0.9375
-0.3125 0.9375
-0.1875 0.8125
-0.0625 0.8125
-0.1875 0.9375
-0.0625 0.9375
0.03125 0.53125
0.09375 0.53125
0.03125 0.59375
0.09375 0.59375
0.15625 0.53125
0.203125 0.515625
0.234375 0.515625
0.203125 0.546875
0.234375 0.546875
0.15625 0.59375
0.21875 0.59375
0.03125 0.65625
0.09375 0.65625
0.03125 0.71875
0.09375 0.71875
0.15625 0.65625
0.21875 0.65625
0.15625 0.71875
0.21875 0.71875
0.265625 0.515625
0.296875 0.515625
0.265625 0.546875
0.296875 0.546875
0.328125 0.515625
0.359375 0.515625
0.328125 0.546875
0.359375 0.546875
0.265625 0.578125
0.296875 0.578125
0.265625 0.609375
0.296875 0.609375
0.328125 0.578125
0.359375 0.578125
0.328125 0.609375
0.359375 0.609375
0.390625 0.515625
0.414062 0.507812
0.429688 0.507812
0.414062 0.523438
0.429688 0.523438
0.390625 0.546875
0.421875 0.546875
0.445312 0.507812
0.460938 0.507812
0.445312 0.523438
0.460938 0.523438
0.476562 0.507812
0.492188 0.507812
0.476562 0.523438
0.492188 0.523438
0.445312 0.539062
0.460938 0.539062
0.445312 0.554688
0.460938 0.554688
0.476562 0.539062
0.492188 0.539062
0.476562 0.554688
0.492188 0.554688
0.390625 0.578125
0.421875 0.578125
0.390625 0.609375
0.421875 0.609375
0.453125 0.578125
0.484375 0.578125
0.453125 0.609375
0.484375 0.609375
0.28125 0.65625
0.328125 0.640625
0.359375 0.640625
0.328125 0.671875
0.359375 0.671875
0.28125 0.71875
0.34375 0.71875
0.390625 0.640625
0.421875 0.640625
0.390625 0.671875
0.421875 0.671875
0.453125 0.640625
0.484375 0.640625
0.453125 0.671875
0.484375 0.671875
0.390625 0.703125
0.421875 0.703125
0.390625 0.734375
0.421875 0.734375
0.453125 0.703125
0.484375 0.703125
0.453125 0.734375
0.484375 0.734375
0.03125 0.78125
0.09375 0.78125
0.03125 0.84375
0.09375 0.84375
0.15625 0.78125
0.21875 0.78125
0.15625 0.84375
0.21875 0.84375
0.0625 0.9375
0.15625 0.90625
0.21875 0.90625
0.15625 0.96875
0.21875 0.96875
0.28125 0.78125
0.34375 0.78125
0.28125 0.84375
0.34375 0.84375
0.40625 0.78125
0.46875 0.78125
0.40625 0.84375
0.46875 0.84375
0.28125 0.90625
0.34375 0.90625
0.28125 0.96875
0.34375 0.96875
0.40625 0.90625
0.46875 0.90625
0.40625 0.96875
0.46875 0.96875
-0.4375 1.0625
-0.3125 1.0625
-0.4375 1.1875
-0.3125 1.1875
-0.1875 1.0625
-0.0625 1.0625
-0.1875 1.1875
-0.0625 1.1875
-0.375 1.375
-0.1875 1.3125
-0.0625 1.3125
-0.1875 1.4375
-0.0625 1.4375
0.0625 1.0625
0.1875 1.0625
0.0625 1.1875
0.1875 1.1875
0.28125 1.03125
0.34375 1.03125
0.28125 1.09375
0.34375 1.09375
0.40625 1.03125
0.46875 1.03125
0.40625 1.09375
0.46875 1.09375
0.3125 1.1875
0.4375 1.1875
0.0625 1.3125
0.1875 1.3125
0.0625 1.4375
0.1875 1.4375
0.3125 1.3125
0.4375 1.3125
0.3125 1.4375
0.4375 1.4375
0.507812 0.507812
0.523438 0.507812
0.507812 0.523438
0.523438 0.523438
0.539062 0.507812
0.554688 0.507812
0.539062 0.523438
0.554688 0.523438
0.507812 0.539062
0.523438 0.539062
0.507812 0.554688
0.523438 0.554688
0.539062 0.539062
0.554688 0.539062
0.539062 0.554688
0.554688 0.554688
0.570312 0.507812
0.585938 0.507812
0.570312 0.523438
0.585938 0.523438
0.601562 0.507812
0.617188 0.507812
0.601562 0.523438
0.617188 0.523438
0.570312 0.539062
0.585938 0.539062
0.570312 0.554688
0.585938 0.554688
0.601562 0.539062
0.617188 0.539062
0.601562 0.554688
0.617188 0.554688
0.507812 0.570312
0.523438 0.570312
0.507812 0.585938
0.523438 0.585938
0.539062 0.570312
0.554688 0.570312
0.539062 0.585938
0.554688 0.585938
0.515625 0.609375
0.546875 0.609375
0.578125 0.578125
0.609375 0.578125
0.578125 0.609375
0.609375 0.609375
0.632812 0.507812
0.648438 0.507812
0.632812 0.523438
0.648438 0.523438
0.671875 0.515625
0.640625 0.546875
0.671875 0.546875
0.703125 0.515625
0.734375 0.515625
0.703125 0.546875
0.734375 0.546875
0.640625 0.578125
0.671875 0.578125
0.640625 0.609375
0.671875 0.609375
0.703125 0.578125
0.734375 0.578125
0.703125 0.609375
0.734375 0.609375
0.515625 0.640625
0.546875 0.640625
0.515625 0.671875
0.546875 0.671875
0.578125 0.640625
0.609375 0.640625
0.578125 0.671875
0.609375 0.671875
0.515625 0.703125
0.546875 0.703125
0.515625 0.734375
0.546875 0.734375
0.578125 0.703125
0.609375 0.703125
0.578125 0.734375
0.609375 0.734375
0.640625 0.640625
0.671875 0.640625
0.640625 0.671875
0.671875 0.671875
0.703125 0.640625
0.734375 0.640625
0.703125 0.671875
0.734375 0.671875
0.640625 0.703125
0.671875 0.703125
0.640625 0.734375
0.671875 0.734375
0.71875 0.71875
0.765625 0.515625
0.796875 0.515625
0.765625 0.546875
0.796875 0.546875
0.828125 0.515625
0.859375 0.515625
0.828125 0.546875
0.859375 0.546875
0.765625 0.578125
0.796875 0.578125
0.765625 0.609375
0.796875 0.609375
0.84375 0.59375
0.90625 0.53125
0.96875 0.53125
0.90625 0.59375
0.96875 0.59375
0.78125 0.65625
0.84375 0.65625
0.78125 0.71875
0.84375 0.71875
0.90625 0.65625
0.96875 0.65625
0.90625 0.71875
0.96875 0.71875
0.515625 0.765625
0.546875 0.765625
0.515625 0.796875
0.546875 0.796875
0.59375 0.78125
0.53125 0.84375
0.59375 0.84375
0.65625 0.78125
0.71875 0.78125
0.65625 0.84375
0.71875 0.84375
0.53125 0.90625
0.59375 0.90625
0.53125 0.96875
0.59375 0.96875
0.65625 0.90625
0.71875 0.90625
0.65625 0.96875
0.71875 0.96875
0.78125 0.78125
0.84375 0.78125
0.78125 0.84375
0.84375 0.84375
0.90625 0.78125
0.96875 0.78125
0.90625 0.84375
0.96875 0.84375
0.78125 0.90625
0.84375 0.90625
0.78125 0.96875
0.84375 0.96875
0.9375 0.9375
1.25 0.75
0.53125 1.03125
0.59375 1.03125
0.53125 1.09375
0.59375 1.09375
0.65625 1.03125
0.71875 1.03125
0.65625 1.09375
0.71875 1.09375
0.53125 1.15625
0.59375 1.15625
0.53125 1.21875
0.59375 1.21875
0.6875 1.1875
0.8125 1.0625
0.9375 1.0625
0.8125 1.1875
0.9375 1.1875
0.5625 1.3125
0.6875 1.3125
0.5625 1.4375
0.6875 1.4375
0.8125 1.3125
0.9375 1.3125
0.8125 1.4375
0.9375 1.4375
1.25 1.25
