-0.4375 -0.4375
-0.3125 -0.4375
-0.4375 -0.3125
-0.3125 -0.3125
-0.1875 -0.4375
-0.0625 -0.4375
-0.1875 -0.3125
-0.0625 -0.3125
-0.4375 -0.1875
-0.3125 -0.1875
-0.4375 -0.0625
-0.3125 -0.0625
-0.1875 -0.1875
-0.09375 -0.21875
-0.03125 -0.21875
-0.09375 -0.15625
-0.03125 -0.15625
-0.21875 -0.09375
-0.15625 -0.09375
-0.21875 -0.03125
-0.15625 -0.03125
-0.09375 -0.09375
-0.03125 -0.09375
-0.09375 -0.03125
-0.03125 -0.03125
0.0625 -0.4375
0.15625 -0.46875
0.21875 -0.46875
0.15625 -0.40625
0.21875 -0.40625
0.03125 -0.34375
0.09375 -0.34375
0.03125 -0.28125
0.09375 -0.28125
0.15625 -0.34375
0.21875 -0.34375
0.15625 -0.28125
0.21875 -0.28125
0.28125 -0.46875
0.34375 -0.46875
0.28125 -0.40625
0.34375 -0.40625
0.40625 -0.46875
0.46875 -0.46875
0.40625 -0.40625
0.46875 -0.40625
0.28125 -0.34375
0.34375 -0.34375
0.28125 -0.28125
0.34375 -0.28125
0.40625 -0.34375
0.46875 -0.34375
0.40625 -0.28125
0.46875 -0.28125
0.03125 -0.21875
0.09375 -0.21875
0.03125 -0.15625
0.09375 -0.15625
0.15625 -0.21875
0.21875 -0.21875
0.15625 -0.15625
0.21875 -0.15625
0.03125 -0.09375
0.09375 -0.09375
0.03125 -0.03125
0.09375 -0.03125
0.15625 -0.09375
0.21875 -0.09375
0.15625 -0.03125
0.203125 -0.046875
0.234375 -0.046875
0.203125 -0.015625
0.234375 -0.015625
0.28125 -0.21875
0.34375 -0.21875
0.28125 -0.15625
0.328125 -0.171875
0.359375 -0.171875
0.328125 -0.140625
0.359375 -0.140625
0.390625 -0.234375
0.421875 -0.234375
0.390625 -0.203125
0.421875 -0.203125
0.453125 -0.234375
0.484375 -0.234375
0.453125 -0.203125
0.484375 -0.203125
0.390625 -0.171875
0.421875 -0.171875
0.390625 -0.140625
0.421875 -0.140625
0.453125 -0.171875
0.484375 -0.171875
0.453125 -0.140625
0.484375 -0.140625
0.265625 -0.109375
0.296875 -0.109375
0.265625 -0.078125
0.296875 -0.078125
0.328125 -0.109375
0.359375 -0.109375
0.328125 -0.078125
0.359375 -0.078125
0.265625 -0.046875
0.296875 -0.046875
0.265625 -0.015625
0.296875 -0.015625
0.328125 -0.046875
0.359375 -0.046875
0.328125 -0.015625
0.359375 -0.015625
0.390625 -0.109375
0.421875 -0.109375
0.390625 -0.078125
0.421875 -0.078125
0.453125 -0.109375
0.484375 -0.109375
0.453125 -0.078125
0.484375 -0.078125
0.390625 -0.046875
0.421875 -0.046875
0.390625 -0.015625
0.414062 -0.0234375
0.429688 -0.0234375
0.414062 -0.0078125
0.429688 -0.0078125
0.445312 -0.0546875
0.460938 -0.0546875
0.445312 -0.0390625
0.460938 -0.0390625
0.476562 -0.0546875
0.492188 -0.0546875
0.476562 -0.0390625
0.492188 -0.0390625
0.445312 -0.0234375
0.460938 -0.0234375
0.445312 -0.0078125
0.460938 -0.0078125
0.476562 -0.0234375
0.492188 -0.0234375
0.476562 -0.0078125
0.492188 -0.0078125
-0.4375 0.0625
-0.34375 0.03125
-0.28125 0.03125
-0.34375 0.09375
-0.28125 0.09375
-0.4375 0.1875
-0.34375 0.15625
-0.28125 0.15625
-0.34375 0.21875
-0.28125 0.21875
-0.21875 0.03125
-0.15625 0.03125
-0.21875 0.09375
-0.15625 0.09375
-0.09375 0.03125
-0.03125 0.03125
-0.09375 0.09375
-0.03125 0.09375
-0.21875 0.15625
-0.15625 0.15625
-0.21875 0.21875
-0.15625 0.21875
-0.09375 0.15625
-0.03125 0.15625
-0.09375 0.21875
-0.03125 0.21875
-0.4375 0.3125
-0.34375 0.28125
-0.28125 0.28125
-0.34375 0.34375
-0.28125 0.34375
-0.4375 0.4375
-0.34375 0.40625
-0.28125 0.40625
-0.34375 0.46875
-0.28125 0.46875
-0.21875 0.28125
-0.15625 0.28125
-0.21875 0.34375
-0.15625 0.34375
-0.09375 0.28125
-0.03125 0.28125
-0.09375 0.34375
-0.03125 0.34375
-0.21875 0.40625
-0.15625 0.40625
-0.21875 0.46875
-0.15625 0.46875
-0.09375 0.40625
-0.03125 0.40625
-0.09375 0.46875
-0.03125 0.46875
0.03125 0.03125
0.09375 0.03125
0.03125 0.09375
0.078125 0.078125
0.109375 0.078125
0.078125 0.109375
0.109375 0.109375
0.140625 0.015625
0.171875 0.015625
0.140625 0.046875
0.171875 0.046875
0.203125 0.015625
0.234375 0.015625
0.203125 0.046875
0.234375 0.046875
0.140625 0.078125
0.171875 0.078125
0.140625 0.109375
0.171875 0.109375
0.203125 0.078125
0.234375 0.078125
0.203125 0.109375
0.234375 0.109375
0.015625 0.140625
0.046875 0.140625
0.015625 0.171875
0.046875 0.171875
0.078125 0.140625
0.109375 0.140625
0.078125 0.171875
0.109375 0.171875
0.015625 0.203125
0.046875 0.203125
0.015625 0.234375
0.046875 0.234375
0.078125 0.203125
0.109375 0.203125
0.078125 0.234375
0.109375 0.234375
0.140625 0.140625
0.171875 0.140625
0.140625 0.171875
0.171875 0.171875
0.203125 0.140625
0.234375 0.140625
0.203125 0.171875
0.226562 0.164062
0.242188 0.164062
0.226562 0.179688
0.242188 0.179688
0.140625 0.203125
0.171875 0.203125
0.140625 0.234375
0.171875 0.234375
0.203125 0.203125
0.226562 0.195312
0.242188 0.195312
0.226562 0.210938
0.242188 0.210938
0.203125 0.234375
0.226562 0.226562
0.242188 0.226562
0.226562 0.242188
0.242188 0.242188
0.265625 0.015625
0.296875 0.015625
0.265625 0.046875
0.296875 0.046875
0.328125 0.015625
0.359375 0.015625
0.328125 0.046875
0.351562 0.0390625
0.367188 0.0390625
0.351562 0.0546875
0.367188 0.0546875
0.265625 0.078125
0.296875 0.078125
0.265625 0.109375
0.289062 0.101562
0.304688 0.101562
0.289062 0.117188
0.304688 0.117188
0.320312 0.0703125
0.335938 0.0703125
0.320312 0.0859375
0.335938 0.0859375
0.351562 0.0703125
0.367188 0.0703125
0.351562 0.0859375
0.367188 0.0859375
0.320312 0.101562
0.335938 0.101562
0.320312 0.117188
0.335938 0.117188
0.351562 0.101562
0.367188 0.101562
0.351562 0.117188
0.367188 0.117188
0.382812 0.0078125
0.398438 0.0078125
0.382812 0.0234375
0.398438 0.0234375
0.414062 0.0078125
0.429688 0.0078125
0.414062 0.0234375
0.429688 0.0234375
0.382812 0.0390625
0.398438 0.0390625
0.382812 0.0546875
0.398438 0.0546875
0.414062 0.0390625
0.429688 0.0390625
0.414062 0.0546875
0.429688 0.0546875
0.445312 0.0078125
0.460938 0.0078125
0.445312 0.0234375
0.460938 0.0234375
0.476562 0.0078125
0.492188 0.0078125
0.476562 0.0234375
0.492188 0.0234375
0.445312 0.0390625
0.460938 0.0390625
0.445312 0.0546875
0.457031 0.0507812
0.464844 0.0507812
0.457031 0.0585938
0.464844 0.0585938
0.472656 0.0351562
0.480469 0.0351562
0.472656 0.0429688
0.480469 0.0429688
0.488281 0.0351562
0.496094 0.0351562
0.488281 0.0429688
0.496094 0.0429688
0.472656 0.0507812
0.480469 0.0507812
0.472656 0.0585938
0.480469 0.0585938
0.488281 0.0507812
0.496094 0.0507812
0.488281 0.0585938
0.496094 0.0585938
0.382812 0.0703125
0.398438 0.0703125
0.382812 0.0859375
0.398438 0.0859375
0.414062 0.0703125
0.429688 0.0703125
0.410156 0.0820312
0.417969 0.0820312
0.410156 0.0898438
0.417969 0.0898438
0.425781 0.0820312
0.433594 0.0820312
0.425781 0.0898438
0.433594 0.0898438
0.382812 0.101562
0.394531 0.0976562
0.402344 0.0976562
0.394531 0.105469
0.402344 0.105469
0.378906 0.113281
0.386719 0.113281
0.378906 0.121094
0.386719 0.121094
0.394531 0.113281
0.402344 0.113281
0.394531 0.121094
0.402344 0.121094
0.410156 0.0976562
0.417969 0.0976562
0.410156 0.105469
0.417969 0.105469
0.425781 0.0976562
0.433594 0.0976562
0.425781 0.105469
0.433594 0.105469
0.410156 0.113281
0.417969 0.113281
0.410156 0.121094
0.417969 0.121094
0.425781 0.113281
0.433594 0.113281
0.425781 0.121094
0.433594 0.121094
0.441406 0.0664062
0.449219 0.0664062
0.441406 0.0742188
0.449219 0.0742188
0.457031 0.0664062
0.464844 0.0664062
0.457031 0.0742188
0.464844 0.0742188
0.441406 0.0820312
0.449219 0.0820312
0.441406 0.0898438
0.449219 0.0898438
0.457031 0.0820312
0.464844 0.0820312
0.457031 0.0898438
0.464844 0.0898438
0.472656 0.0664062
0.480469 0.0664062
0.472656 0.0742188
0.480469 0.0742188
0.488281 0.0664062
0.496094 0.0664062
0.488281 0.0742188
0.496094 0.0742188
0.472656 0.0820312
0.480469 0.0820312
0.472656 0.0898438
0.478516 0.0878906
0.482422 0.0878906
0.478516 0.0917969
0.482422 0.0917969
0.488281 0.0820312
0.494141 0.0800781
0.498047 0.0800781
0.494141 0.0839844
0.498047 0.0839844
0.486328 0.0878906
0.490234 0.0878906
0.486328 0.0917969
0.490234 0.0917969
0.494141 0.0878906
0.498047 0.0878906
0.494141 0.0917969
0.498047 0.0917969
0.441406 0.0976562
0.449219 0.0976562
0.441406 0.105469
0.449219 0.105469
0.457031 0.0976562
0.462891 0.0957031
0.466797 0.0957031
0.462891 0.0996094
0.466797 0.0996094
0.455078 0.103516
0.458984 0.103516
0.455078 0.107422
0.458984 0.107422
0.462891 0.103516
0.466797 0.103516
0.462891 0.107422
0.466797 0.107422
0.441406 0.113281
0.447266 0.111328
0.451172 0.111328
0.447266 0.115234
0.451172 0.115234
0.439453 0.119141
0.443359 0.119141
0.439453 0.123047
0.443359 0.123047
0.447266 0.119141
0.451172 0.119141
0.447266 0.123047
0.451172 0.123047
0.455078 0.111328
0.458984 0.111328
0.455078 0.115234
0.458984 0.115234
0.462891 0.111328
0.466797 0.111328
0.462891 0.115234
0.466797 0.115234
0.455078 0.119141
0.458984 0.119141
0.455078 0.123047
0.458984 0.123047
0.462891 0.119141
0.466797 0.119141
0.462891 0.123047
0.466797 0.123047
0.470703 0.0957031
0.474609 0.0957031
0.470703 0.0996094
0.474609 0.0996094
0.478516 0.0957031
0.482422 0.0957031
0.478516 0.0996094
0.482422 0.0996094
0.470703 0.103516
0.474609 0.103516
0.470703 0.107422
0.474609 0.107422
0.478516 0.103516
0.482422 0.103516
0.478516 0.107422
0.482422 0.107422
0.486328 0.0957031
0.490234 0.0957031
0.486328 0.0996094
0.490234 0.0996094
0.494141 0.0957031
0.498047 0.0957031
0.494141 0.0996094
0.498047 0.0996094
0.486328 0.103516
0.490234 0.103516
0.486328 0.107422
0.490234 0.107422
0.494141 0.103516
0.498047 0.103516
0.494141 0.107422
0.498047 0.107422
0.470703 0.111328
0.474609 0.111328
0.470703 0.115234
0.474609 0.115234
0.478516 0.111328
0.482422 0.111328
0.478516 0.115234
0.482422 0.115234
0.470703 0.119141
0.474609 0.119141
0.470703 0.123047
0.474609 0.123047
0.478516 0.119141
0.482422 0.119141
0.478516 0.123047
0.482422 0.123047
0.486328 0.111328
0.490234 0.111328
0.486328 0.115234
0.490234 0.115234
0.494141 0.111328
0.498047 0.111328
0.494141 0.115234
0.498047 0.115234
0.486328 0.119141
0.490234 0.119141
0.486328 0.123047
0.490234 0.123047
0.494141 0.119141
0.498047 0.119141
0.494141 0.123047
0.498047 0.123047
0.257812 0.132812
0.273438 0.132812
0.257812 0.148438
0.273438 0.148438
0.289062 0.132812
0.304688 0.132812
0.289062 0.148438
0.304688 0.148438
0.257812 0.164062
0.273438 0.164062
0.257812 0.179688
0.273438 0.179688
0.289062 0.164062
0.304688 0.164062
0.289062 0.179688
0.304688 0.179688
0.320312 0.132812
0.335938 0.132812
0.320312 0.148438
0.335938 0.148438
0.351562 0.132812
0.363281 0.128906
0.371094 0.128906
0.363281 0.136719
0.371094 0.136719
0.347656 0.144531
0.355469 0.144531
0.347656 0.152344
0.355469 0.152344
0.363281 0.144531
0.371094 0.144531
0.363281 0.152344
0.371094 0.152344
0.320312 0.164062
0.335938 0.164062
0.320312 0.179688
0.332031 0.175781
0.339844 0.175781
0.332031 0.183594
0.339844 0.183594
0.347656 0.160156
0.355469 0.160156
0.347656 0.167969
0.355469 0.167969
0.363281 0.160156
0.371094 0.160156
0.363281 0.167969
0.371094 0.167969
0.347656 0.175781
0.355469 0.175781
0.347656 0.183594
0.355469 0.183594
0.363281 0.175781
0.371094 0.175781
0.363281 0.183594
0.371094 0.183594
0.257812 0.195312
0.273438 0.195312
0.257812 0.210938
0.273438 0.210938
0.289062 0.195312
0.304688 0.195312
0.289062 0.210938
0.304688 0.210938
0.257812 0.226562
0.273438 0.226562
0.257812 0.242188
0.273438 0.242188
0.289062 0.226562
0.304688 0.226562
0.289062 0.242188
0.304688 0.242188
0.316406 0.191406
0.324219 0.191406
0.316406 0.199219
0.324219 0.199219
0.332031 0.191406
0.339844 0.191406
0.332031 0.199219
0.339844 0.199219
0.316406 0.207031
0.324219 0.207031
0.316406 0.214844
0.324219 0.214844
0.332031 0.207031
0.339844 0.207031
0.332031 0.214844
0.339844 0.214844
0.347656 0.191406
0.355469 0.191406
0.347656 0.199219
0.355469 0.199219
0.363281 0.191406
0.371094 0.191406
0.363281 0.199219
0.369141 0.197266
0.373047 0.197266
0.369141 0.201172
0.373047 0.201172
0.347656 0.207031
0.355469 0.207031
0.347656 0.214844
0.355469 0.214844
0.363281 0.207031
0.371094 0.207031
0.363281 0.214844
0.369141 0.212891
0.373047 0.212891
0.369141 0.216797
0.373047 0.216797
0.316406 0.222656
0.324219 0.222656
0.316406 0.230469
0.324219 0.230469
0.332031 0.222656
0.339844 0.222656
0.332031 0.230469
0.339844 0.230469
0.316406 0.238281
0.324219 0.238281
0.316406 0.246094
0.324219 0.246094
0.332031 0.238281
0.339844 0.238281
0.332031 0.246094
0.339844 0.246094
0.347656 0.222656
0.355469 0.222656
0.347656 0.230469
0.355469 0.230469
0.361328 0.220703
0.365234 0.220703
0.361328 0.224609
0.365234 0.224609
0.369141 0.220703
0.373047 0.220703
0.369141 0.224609
0.373047 0.224609
0.361328 0.228516
0.365234 0.228516
0.361328 0.232422
0.365234 0.232422
0.369141 0.228516
0.373047 0.228516
0.369141 0.232422
0.373047 0.232422
0.347656 0.238281
0.355469 0.238281
0.347656 0.246094
0.355469 0.246094
0.363281 0.238281
0.369141 0.236328
0.373047 0.236328
0.369141 0.240234
0.373047 0.240234
0.363281 0.246094
0.371094 0.246094
0.378906 0.128906
0.386719 0.128906
0.378906 0.136719
0.386719 0.136719
0.394531 0.128906
0.402344 0.128906
0.394531 0.136719
0.402344 0.136719
0.378906 0.144531
0.386719 0.144531
0.378906 0.152344
0.386719 0.152344
0.394531 0.144531
0.402344 0.144531
0.394531 0.152344
0.400391 0.150391
0.404297 0.150391
0.400391 0.154297
0.404297 0.154297
0.410156 0.128906
0.417969 0.128906
0.410156 0.136719
0.416016 0.134766
0.419922 0.134766
0.416016 0.138672
0.419922 0.138672
0.423828 0.126953
0.427734 0.126953
0.423828 0.130859
0.427734 0.130859
0.431641 0.126953
0.435547 0.126953
0.431641 0.130859
0.435547 0.130859
0.423828 0.134766
0.427734 0.134766
0.423828 0.138672
0.427734 0.138672
0.431641 0.134766
0.435547 0.134766
0.431641 0.138672
0.435547 0.138672
0.408203 0.142578
0.412109 0.142578
0.408203 0.146484
0.412109 0.146484
0.416016 0.142578
0.419922 0.142578
0.416016 0.146484
0.419922 0.146484
0.408203 0.150391
0.412109 0.150391
0.408203 0.154297
0.412109 0.154297
0.416016 0.150391
0.419922 0.150391
0.416016 0.154297
0.419922 0.154297
0.423828 0.142578
0.427734 0.142578
0.423828 0.146484
0.427734 0.146484
0.431641 0.142578
0.435547 0.142578
0.431641 0.146484
0.435547 0.146484
0.423828 0.150391
0.427734 0.150391
0.423828 0.154297
0.427734 0.154297
0.431641 0.150391
0.435547 0.150391
0.431641 0.154297
0.435547 0.154297
0.378906 0.160156
0.386719 0.160156
0.378906 0.167969
0.386719 0.167969
0.394531 0.160156
0.402344 0.160156
0.394531 0.167969
0.402344 0.167969
0.378906 0.175781
0.386719 0.175781
0.378906 0.183594
0.384766 0.181641
0.388672 0.181641
0.384766 0.185547
0.388672 0.185547
0.392578 0.173828
0.396484 0.173828
0.392578 0.177734
0.396484 0.177734
0.402344 0.175781
0.392578 0.181641
0.396484 0.181641
0.392578 0.185547
0.396484 0.185547
0.400391 0.181641
0.404297 0.181641
0.400391 0.185547
0.404297 0.185547
0.408203 0.158203
0.412109 0.158203
0.408203 0.162109
0.412109 0.162109
0.416016 0.158203
0.419922 0.158203
0.416016 0.162109
0.419922 0.162109
0.410156 0.167969
0.416016 0.166016
0.419922 0.166016
0.416016 0.169922
0.419922 0.169922
0.423828 0.158203
0.427734 0.158203
0.423828 0.162109
0.427734 0.162109
0.433594 0.160156
0.425781 0.167969
0.433594 0.167969
0.408203 0.173828
0.412109 0.173828
0.408203 0.177734
0.412109 0.177734
0.417969 0.175781
0.408203 0.181641
0.412109 0.181641
0.408203 0.185547
0.412109 0.185547
0.417969 0.183594
0.425781 0.175781
0.433594 0.175781
0.425781 0.183594
0.433594 0.183594
0.439453 0.126953
0.443359 0.126953
0.439453 0.130859
0.443359 0.130859
0.447266 0.126953
0.451172 0.126953
0.447266 0.130859
0.451172 0.130859
0.439453 0.134766
0.443359 0.134766
0.439453 0.138672
0.443359 0.138672
0.447266 0.134766
0.451172 0.134766
0.447266 0.138672
0.451172 0.138672
0.455078 0.126953
0.458984 0.126953
0.455078 0.130859
0.458984 0.130859
0.462891 0.126953
0.466797 0.126953
0.462891 0.130859
0.466797 0.130859
0.455078 0.134766
0.458984 0.134766
0.455078 0.138672
0.458984 0.138672
0.462891 0.134766
0.466797 0.134766
0.462891 0.138672
0.466797 0.138672
0.439453 0.142578
0.443359 0.142578
0.439453 0.146484
0.443359 0.146484
0.447266 0.142578
0.451172 0.142578
0.447266 0.146484
0.451172 0.146484
0.439453 0.150391
0.443359 0.150391
0.439453 0.154297
0.443359 0.154297
0.447266 0.150391
0.451172 0.150391
0.447266 0.154297
0.451172 0.154297
0.455078 0.142578
0.458984 0.142578
0.455078 0.146484
0.458984 0.146484
0.462891 0.142578
0.466797 0.142578
0.462891 0.146484
0.466797 0.146484
0.457031 0.152344
0.464844 0.152344
0.470703 0.126953
0.474609 0.126953
0.470703 0.130859
0.474609 0.130859
0.478516 0.126953
0.482422 0.126953
0.478516 0.130859
0.482422 0.130859
0.470703 0.134766
0.474609 0.134766
0.470703 0.138672
0.474609 0.138672
0.478516 0.134766
0.482422 0.134766
0.478516 0.138672
0.482422 0.138672
0.486328 0.126953
0.490234 0.126953
0.486328 0.130859
0.490234 0.130859
0.494141 0.126953
0.498047 0.126953
0.494141 0.130859
0.498047 0.130859
0.486328 0.134766
0.490234 0.134766
0.486328 0.138672
0.490234 0.138672
0.496094 0.136719
0.470703 0.142578
0.474609 0.142578
0.470703 0.146484
0.474609 0.146484
0.480469 0.144531
0.472656 0.152344
0.480469 0.152344
0.488281 0.144531
0.496094 0.144531
0.488281 0.152344
0.496094 0.152344
0.441406 0.160156
0.449219 0.160156
0.441406 0.167969
0.449219 0.167969
0.457031 0.160156
0.464844 0.160156
0.457031 0.167969
0.464844 0.167969
0.441406 0.175781
0.449219 0.175781
0.441406 0.183594
0.449219 0.183594
0.457031 0.175781
0.464844 0.175781
0.457031 0.183594
0.464844 0.183594
0.472656 0.160156
0.480469 0.160156
0.472656 0.167969
0.480469 0.167969
0.488281 0.160156
0.496094 0.160156
0.488281 0.167969
0.496094 0.167969
0.472656 0.175781
0.480469 0.175781
0.472656 0.183594
0.480469 0.183594
0.488281 0.175781
0.496094 0.175781
0.488281 0.183594
0.496094 0.183594
0.376953 0.189453
0.380859 0.189453
0.376953 0.193359
0.380859 0.193359
0.384766 0.189453
0.388672 0.189453
0.384766 0.193359
0.388672 0.193359
0.376953 0.197266
0.380859 0.197266
0.376953 0.201172
0.380859 0.201172
0.384766 0.197266
0.388672 0.197266
0.384766 0.201172
0.388672 0.201172
0.392578 0.189453
0.396484 0.189453
0.392578 0.193359
0.396484 0.193359
0.400391 0.189453
0.404297 0.189453
0.400391 0.193359
0.404297 0.193359
0.392578 0.197266
0.396484 0.197266
0.392578 0.201172
0.396484 0.201172
0.400391 0.197266
0.404297 0.197266
0.400391 0.201172
0.404297 0.201172
0.376953 0.205078
0.380859 0.205078
0.376953 0.208984
0.380859 0.208984
0.384766 0.205078
0.388672 0.205078
0.384766 0.208984
0.388672 0.208984
0.376953 0.212891
0.380859 0.212891
0.376953 0.216797
0.380859 0.216797
0.384766 0.212891
0.388672 0.212891
0.384766 0.216797
0.388672 0.216797
0.392578 0.205078
0.396484 0.205078
0.392578 0.208984
0.396484 0.208984
0.402344 0.207031
0.392578 0.212891
0.396484 0.212891
0.392578 0.216797
0.396484 0.216797
0.402344 0.214844
0.410156 0.191406
0.417969 0.191406
0.410156 0.199219
0.417969 0.199219
0.425781 0.191406
0.433594 0.191406
0.425781 0.199219
0.433594 0.199219
0.410156 0.207031
0.417969 0.207031
0.410156 0.214844
0.417969 0.214844
0.425781 0.207031
0.433594 0.207031
0.425781 0.214844
0.433594 0.214844
0.376953 0.220703
0.380859 0.220703
0.376953 0.224609
0.380859 0.224609
0.384766 0.220703
0.388672 0.220703
0.384766 0.224609
0.388672 0.224609
0.376953 0.228516
0.380859 0.228516
0.376953 0.232422
0.380859 0.232422
0.384766 0.228516
0.388672 0.228516
0.384766 0.232422
0.388672 0.232422
0.392578 0.220703
0.396484 0.220703
0.392578 0.224609
0.396484 0.224609
0.402344 0.222656
0.392578 0.228516
0.396484 0.228516
0.392578 0.232422
0.396484 0.232422
0.402344 0.230469
0.376953 0.236328
0.380859 0.236328
0.376953 0.240234
0.380859 0.240234
0.384766 0.236328
0.388672 0.236328
0.384766 0.240234
0.388672 0.240234
0.376953 0.244141
0.380859 0.244141
0.376953 0.248047
0.380859 0.248047
0.384766 0.244141
0.388672 0.244141
0.384766 0.248047
0.388672 0.248047
0.394531 0.238281
0.402344 0.238281
0.394531 0.246094
0.402344 0.246094
0.410156 0.222656
0.417969 0.222656
0.410156 0.230469
0.417969 0.230469
0.425781 0.222656
0.433594 0.222656
0.425781 0.230469
0.433594 0.230469
0.410156 0.238281
0.417969 0.238281
0.410156 0.246094
0.417969 0.246094
0.425781 0.238281
0.433594 0.238281
0.425781 0.246094
0.433594 0.246094
0.441406 0.191406
0.449219 0.191406
0.441406 0.199219
0.449219 0.199219
0.457031 0.191406
0.464844 0.191406
0.457031 0.199219
0.464844 0.199219
0.441406 0.207031
0.449219 0.207031
0.441406 0.214844
0.449219 0.214844
0.460938 0.210938
0.472656 0.191406
0.480469 0.191406
0.472656 0.199219
0.480469 0.199219
0.492188 0.195312
0.476562 0.210938
0.492188 0.210938
0.441406 0.222656
0.449219 0.222656
0.441406 0.230469
0.449219 0.230469
0.460938 0.226562
0.445312 0.242188
0.460938 0.242188
0.476562 0.226562
0.492188 0.226562
0.476562 0.242188
0.492188 0.242188
0.015625 0.265625
0.046875 0.265625
0.015625 0.296875
0.046875 0.296875
0.078125 0.265625
0.109375 0.265625
0.078125 0.296875
0.109375 0.296875
0.015625 0.328125
0.046875 0.328125
0.015625 0.359375
0.046875 0.359375
0.078125 0.328125
0.109375 0.328125
0.078125 0.359375
0.109375 0.359375
0.140625 0.265625
0.171875 0.265625
0.140625 0.296875
0.171875 0.296875
0.203125 0.265625
0.226562 0.257812
0.242188 0.257812
0.226562 0.273438
0.242188 0.273438
0.203125 0.296875
0.226562 0.289062
0.242188 0.289062
0.226562 0.304688
0.242188 0.304688
0.140625 0.328125
0.171875 0.328125
0.140625 0.359375
0.171875 0.359375
0.203125 0.328125
0.226562 0.320312
0.242188 0.320312
0.226562 0.335938
0.242188 0.335938
0.203125 0.359375
0.226562 0.351562
0.242188 0.351562
0.226562 0.367188
0.242188 0.367188
0.03125 0.40625
0.078125 0.390625
0.109375 0.390625
0.078125 0.421875
0.109375 0.421875
0.03125 0.46875
0.09375 0.46875
0.140625 0.390625
0.171875 0.390625
0.140625 0.421875
0.171875 0.421875
0.203125 0.390625
0.234375 0.390625
0.203125 0.421875
0.234375 0.421875
0.140625 0.453125
0.171875 0.453125
0.140625 0.484375
0.171875 0.484375
0.203125 0.453125
0.234375 0.453125
0.203125 0.484375
0.234375 0.484375
0.257812 0.257812
0.273438 0.257812
0.257812 0.273438
0.273438 0.273438
0.289062 0.257812
0.304688 0.257812
0.289062 0.273438
0.304688 0.273438
0.257812 0.289062
0.273438 0.289062
0.257812 0.304688
0.273438 0.304688
0.289062 0.289062
0.304688 0.289062
0.289062 0.304688
0.304688 0.304688
0.316406 0.253906
0.324219 0.253906
0.316406 0.261719
0.324219 0.261719
0.332031 0.253906
0.339844 0.253906
0.332031 0.261719
0.339844 0.261719
0.316406 0.269531
0.324219 0.269531
0.316406 0.277344
0.324219 0.277344
0.332031 0.269531
0.339844 0.269531
0.332031 0.277344
0.339844 0.277344
0.347656 0.253906
0.355469 0.253906
0.347656 0.261719
0.355469 0.261719
0.363281 0.253906
0.371094 0.253906
0.363281 0.261719
0.369141 0.259766
0.373047 0.259766
0.369141 0.263672
0.373047 0.263672
0.347656 0.269531
0.355469 0.269531
0.347656 0.277344
0.355469 0.277344
0.361328 0.267578
0.365234 0.267578
0.361328 0.271484
0.365234 0.271484
0.369141 0.267578
0.373047 0.267578
0.369141 0.271484
0.373047 0.271484
0.361328 0.275391
0.365234 0.275391
0.361328 0.279297
0.365234 0.279297
0.369141 0.275391
0.373047 0.275391
0.369141 0.279297
0.373047 0.279297
0.316406 0.285156
0.324219 0.285156
0.316406 0.292969
0.324219 0.292969
0.332031 0.285156
0.339844 0.285156
0.332031 0.292969
0.339844 0.292969
0.316406 0.300781
0.324219 0.300781
0.316406 0.308594
0.324219 0.308594
0.332031 0.300781
0.339844 0.300781
0.332031 0.308594
0.339844 0.308594
0.347656 0.285156
0.355469 0.285156
0.347656 0.292969
0.355469 0.292969
0.361328 0.283203
0.365234 0.283203
0.361328 0.287109
0.365234 0.287109
0.369141 0.283203
0.373047 0.283203
0.369141 0.287109
0.373047 0.287109
0.361328 0.291016
0.365234 0.291016
0.361328 0.294922
0.365234 0.294922
0.369141 0.291016
0.373047 0.291016
0.369141 0.294922
0.373047 0.294922
0.347656 0.300781
0.355469 0.300781
0.347656 0.308594
0.355469 0.308594
0.361328 0.298828
0.365234 0.298828
0.361328 0.302734
0.365234 0.302734
0.369141 0.298828
0.373047 0.298828
0.369141 0.302734
0.373047 0.302734
0.361328 0.306641
0.365234 0.306641
0.361328 0.310547
0.365234 0.310547
0.369141 0.306641
0.373047 0.306641
0.369141 0.310547
0.373047 0.310547
0.257812 0.320312
0.273438 0.320312
0.257812 0.335938
0.273438 0.335938
0.289062 0.320312
0.304688 0.320312
0.289062 0.335938
0.304688 0.335938
0.257812 0.351562
0.273438 0.351562
0.257812 0.367188
0.273438 0.367188
0.289062 0.351562
0.304688 0.351562
0.289062 0.367188
0.304688 0.367188
0.316406 0.316406
0.324219 0.316406
0.316406 0.324219
0.324219 0.324219
0.332031 0.316406
0.339844 0.316406
0.332031 0.324219
0.339844 0.324219
0.320312 0.335938
0.332031 0.332031
0.339844 0.332031
0.332031 0.339844
0.339844 0.339844
0.347656 0.316406
0.355469 0.316406
0.347656 0.324219
0.355469 0.324219
0.363281 0.316406
0.369141 0.314453
0.373047 0.314453
0.369141 0.318359
0.373047 0.318359
0.363281 0.324219
0.369141 0.322266
0.373047 0.322266
0.369141 0.326172
0.373047 0.326172
0.347656 0.332031
0.355469 0.332031
0.347656 0.339844
0.355469 0.339844
0.363281 0.332031
0.371094 0.332031
0.363281 0.339844
0.371094 0.339844
0.320312 0.351562
0.332031 0.347656
0.339844 0.347656
0.332031 0.355469
0.339844 0.355469
0.320312 0.367188
0.335938 0.367188
0.347656 0.347656
0.355469 0.347656
0.347656 0.355469
0.355469 0.355469
0.363281 0.347656
0.371094 0.347656
0.363281 0.355469
0.371094 0.355469
0.347656 0.363281
0.355469 0.363281
0.347656 0.371094
0.355469 0.371094
0.363281 0.363281
0.371094 0.363281
0.363281 0.371094
0.371094 0.371094
0.376953 0.251953
0.380859 0.251953
0.376953 0.255859
0.380859 0.255859
0.384766 0.251953
0.388672 0.251953
0.384766 0.255859
0.388672 0.255859
0.376953 0.259766
0.380859 0.259766
0.376953 0.263672
0.380859 0.263672
0.384766 0.259766
0.388672 0.259766
0.384766 0.263672
0.388672 0.263672
0.394531 0.253906
0.402344 0.253906
0.394531 0.261719
0.402344 0.261719
0.376953 0.267578
0.380859 0.267578
0.376953 0.271484
0.380859 0.271484
0.384766 0.267578
0.388672 0.267578
0.384766 0.271484
0.388672 0.271484
0.376953 0.275391
0.380859 0.275391
0.376953 0.279297
0.380859 0.279297
0.384766 0.275391
0.388672 0.275391
0.384766 0.279297
0.388672 0.279297
0.392578 0.267578
0.396484 0.267578
0.392578 0.271484
0.396484 0.271484
0.402344 0.269531
0.392578 0.275391
0.396484 0.275391
0.392578 0.279297
0.396484 0.279297
0.402344 0.277344
0.410156 0.253906
0.417969 0.253906
0.410156 0.261719
0.417969 0.261719
0.425781 0.253906
0.433594 0.253906
0.425781 0.261719
0.433594 0.261719
0.410156 0.269531
0.417969 0.269531
0.410156 0.277344
0.417969 0.277344
0.425781 0.269531
0.433594 0.269531
0.425781 0.277344
0.433594 0.277344
0.376953 0.283203
0.380859 0.283203
0.376953 0.287109
0.380859 0.287109
0.384766 0.283203
0.388672 0.283203
0.384766 0.287109
0.388672 0.287109
0.376953 0.291016
0.380859 0.291016
0.376953 0.294922
0.380859 0.294922
0.384766 0.291016
0.388672 0.291016
0.384766 0.294922
0.388672 0.294922
0.392578 0.283203
0.396484 0.283203
0.392578 0.287109
0.396484 0.287109
0.402344 0.285156
0.392578 0.291016
0.396484 0.291016
0.392578 0.294922
0.396484 0.294922
0.402344 0.292969
0.376953 0.298828
0.380859 0.298828
0.376953 0.302734
0.380859 0.302734
0.384766 0.298828
0.388672 0.298828
0.384766 0.302734
0.388672 0.302734
0.376953 0.306641
0.380859 0.306641
0.376953 0.310547
0.380859 0.310547
0.384766 0.306641
0.388672 0.306641
0.384766 0.310547
0.388672 0.310547
0.392578 0.298828
0.396484 0.298828
0.392578 0.302734
0.396484 0.302734
0.400391 0.298828
0.404297 0.298828
0.400391 0.302734
0.404297 0.302734
0.392578 0.306641
0.396484 0.306641
0.392578 0.310547
0.396484 0.310547
0.400391 0.306641
0.404297 0.306641
0.400391 0.310547
0.404297 0.310547
0.410156 0.285156
0.417969 0.285156
0.410156 0.292969
0.417969 0.292969
0.425781 0.285156
0.433594 0.285156
0.425781 0.292969
0.433594 0.292969
0.410156 0.300781
0.417969 0.300781
0.410156 0.308594
0.417969 0.308594
0.425781 0.300781
0.433594 0.300781
0.425781 0.308594
0.433594 0.308594
0.445312 0.257812
0.460938 0.257812
0.441406 0.269531
0.449219 0.269531
0.441406 0.277344
0.449219 0.277344
0.460938 0.273438
0.476562 0.257812
0.492188 0.257812
0.476562 0.273438
0.492188 0.273438
0.441406 0.285156
0.449219 0.285156
0.441406 0.292969
0.449219 0.292969
0.460938 0.289062
0.441406 0.300781
0.449219 0.300781
0.441406 0.308594
0.449219 0.308594
0.460938 0.304688
0.476562 0.289062
0.492188 0.289062
0.476562 0.304688
0.492188 0.304688
0.376953 0.314453
0.380859 0.314453
0.376953 0.318359
0.380859 0.318359
0.384766 0.314453
0.388672 0.314453
0.384766 0.318359
0.388672 0.318359
0.376953 0.322266
0.380859 0.322266
0.376953 0.326172
0.380859 0.326172
0.384766 0.322266
0.388672 0.322266
0.384766 0.326172
0.388672 0.326172
0.392578 0.314453
0.396484 0.314453
0.392578 0.318359
0.396484 0.318359
0.400391 0.314453
0.404297 0.314453
0.400391 0.318359
0.404297 0.318359
0.392578 0.322266
0.396484 0.322266
0.392578 0.326172
0.396484 0.326172
0.400391 0.322266
0.404297 0.322266
0.400391 0.326172
0.404297 0.326172
0.376953 0.330078
0.380859 0.330078
0.376953 0.333984
0.380859 0.333984
0.384766 0.330078
0.388672 0.330078
0.384766 0.333984
0.388672 0.333984
0.376953 0.337891
0.380859 0.337891
0.376953 0.341797
0.380859 0.341797
0.384766 0.337891
0.388672 0.337891
0.384766 0.341797
0.388672 0.341797
0.392578 0.330078
0.396484 0.330078
0.392578 0.333984
0.396484 0.333984
0.400391 0.330078
0.404297 0.330078
0.400391 0.333984
0.404297 0.333984
0.392578 0.337891
0.396484 0.337891
0.392578 0.341797
0.396484 0.341797
0.400391 0.337891
0.404297 0.337891
0.400391 0.341797
0.404297 0.341797
0.410156 0.316406
0.417969 0.316406
0.408203 0.322266
0.412109 0.322266
0.408203 0.326172
0.412109 0.326172
0.417969 0.324219
0.425781 0.316406
0.433594 0.316406
0.425781 0.324219
0.433594 0.324219
0.408203 0.330078
0.412109 0.330078
0.408203 0.333984
0.412109 0.333984
0.416016 0.330078
0.419922 0.330078
0.416016 0.333984
0.419922 0.333984
0.408203 0.337891
0.412109 0.337891
0.408203 0.341797
0.412109 0.341797
0.416016 0.337891
0.419922 0.337891
0.416016 0.341797
0.419922 0.341797
0.425781 0.332031
0.433594 0.332031
0.423828 0.337891
0.427734 0.337891
0.423828 0.341797
0.427734 0.341797
0.433594 0.339844
0.378906 0.347656
0.384766 0.345703
0.388672 0.345703
0.384766 0.349609
0.388672 0.349609
0.378906 0.355469
0.386719 0.355469
0.392578 0.345703
0.396484 0.345703
0.392578 0.349609
0.396484 0.349609
0.400391 0.345703
0.404297 0.345703
0.400391 0.349609
0.404297 0.349609
0.392578 0.353516
0.396484 0.353516
0.392578 0.357422
0.396484 0.357422
0.400391 0.353516
0.404297 0.353516
0.400391 0.357422
0.404297 0.357422
0.378906 0.363281
0.386719 0.363281
0.378906 0.371094
0.386719 0.371094
0.394531 0.363281
0.400391 0.361328
0.404297 0.361328
0.400391 0.365234
0.404297 0.365234
0.394531 0.371094
0.402344 0.371094
0.408203 0.345703
0.412109 0.345703
0.408203 0.349609
0.412109 0.349609
0.416016 0.345703
0.419922 0.345703
0.416016 0.349609
0.419922 0.349609
0.408203 0.353516
0.412109 0.353516
0.408203 0.357422
0.412109 0.357422
0.416016 0.353516
0.419922 0.353516
0.416016 0.357422
0.419922 0.357422
0.423828 0.345703
0.427734 0.345703
0.423828 0.349609
0.427734 0.349609
0.431641 0.345703
0.435547 0.345703
0.431641 0.349609
0.435547 0.349609
0.423828 0.353516
0.427734 0.353516
0.423828 0.357422
0.427734 0.357422
0.431641 0.353516
0.435547 0.353516
0.431641 0.357422
0.435547 0.357422
0.408203 0.361328
0.412109 0.361328
0.408203 0.365234
0.412109 0.365234
0.416016 0.361328
0.419922 0.361328
0.416016 0.365234
0.419922 0.365234
0.408203 0.369141
0.412109 0.369141
0.408203 0.373047
0.412109 0.373047
0.416016 0.369141
0.419922 0.369141
0.416016 0.373047
0.419922 0.373047
0.423828 0.361328
0.427734 0.361328
0.423828 0.365234
0.427734 0.365234
0.431641 0.361328
0.435547 0.361328
0.431641 0.365234
0.435547 0.365234
0.423828 0.369141
0.427734 0.369141
0.423828 0.373047
0.427734 0.373047
0.431641 0.369141
0.435547 0.369141
0.431641 0.373047
0.435547 0.373047
0.441406 0.316406
0.449219 0.316406
0.441406 0.324219
0.449219 0.324219
0.457031 0.316406
0.464844 0.316406
0.457031 0.324219
0.464844 0.324219
0.441406 0.332031
0.449219 0.332031
0.441406 0.339844
0.449219 0.339844
0.457031 0.332031
0.464844 0.332031
0.457031 0.339844
0.464844 0.339844
0.472656 0.316406
0.480469 0.316406
0.472656 0.324219
0.480469 0.324219
0.488281 0.316406
0.496094 0.316406
0.488281 0.324219
0.496094 0.324219
0.472656 0.332031
0.480469 0.332031
0.472656 0.339844
0.480469 0.339844
0.488281 0.332031
0.496094 0.332031
0.488281 0.339844
0.496094 0.339844
0.439453 0.345703
0.443359 0.345703
0.439453 0.349609
0.443359 0.349609
0.449219 0.347656
0.439453 0.353516
0.443359 0.353516
0.439453 0.357422
0.443359 0.357422
0.447266 0.353516
0.451172 0.353516
0.447266 0.357422
0.451172 0.357422
0.457031 0.347656
0.464844 0.347656
0.457031 0.355469
0.464844 0.355469
0.439453 0.361328
0.443359 0.361328
0.439453 0.365234
0.443359 0.365234
0.447266 0.361328
0.451172 0.361328
0.447266 0.365234
0.451172 0.365234
0.439453 0.369141
0.443359 0.369141
0.439453 0.373047
0.443359 0.373047
0.447266 0.369141
0.451172 0.369141
0.447266 0.373047
0.451172 0.373047
0.455078 0.361328
0.458984 0.361328
0.455078 0.365234
0.458984 0.365234
0.462891 0.361328
0.466797 0.361328
0.462891 0.365234
0.466797 0.365234
0.455078 0.369141
0.458984 0.369141
0.455078 0.373047
0.458984 0.373047
0.462891 0.369141
0.466797 0.369141
0.462891 0.373047
0.466797 0.373047
0.472656 0.347656
0.480469 0.347656
0.472656 0.355469
0.480469 0.355469
0.488281 0.347656
0.496094 0.347656
0.488281 0.355469
0.496094 0.355469
0.472656 0.363281
0.480469 0.363281
0.470703 0.369141
0.474609 0.369141
0.470703 0.373047
0.474609 0.373047
0.478516 0.369141
0.482422 0.369141
0.478516 0.373047
0.482422 0.373047
0.488281 0.363281
0.496094 0.363281
0.486328 0.369141
0.490234 0.369141
0.486328 0.373047
0.490234 0.373047
0.494141 0.369141
0.498047 0.369141
0.494141 0.373047
0.498047 0.373047
0.257812 0.382812
0.273438 0.382812
0.257812 0.398438
0.273438 0.398438
0.289062 0.382812
0.304688 0.382812
0.289062 0.398438
0.304688 0.398438
0.265625 0.421875
0.289062 0.414062
0.304688 0.414062
0.289062 0.429688
0.304688 0.429688
0.320312 0.382812
0.335938 0.382812
0.320312 0.398438
0.335938 0.398438
0.351562 0.382812
0.363281 0.378906
0.371094 0.378906
0.363281 0.386719
0.371094 0.386719
0.351562 0.398438
0.367188 0.398438
0.320312 0.414062
0.335938 0.414062
0.320312 0.429688
0.335938 0.429688
0.351562 0.414062
0.367188 0.414062
0.351562 0.429688
0.367188 0.429688
0.265625 0.453125
0.296875 0.453125
0.265625 0.484375
0.296875 0.484375
0.320312 0.445312
0.335938 0.445312
0.320312 0.460938
0.335938 0.460938
0.351562 0.445312
0.367188 0.445312
0.351562 0.460938
0.367188 0.460938
0.328125 0.484375
0.351562 0.476562
0.367188 0.476562
0.351562 0.492188
0.367188 0.492188
0.378906 0.378906
0.386719 0.378906
0.378906 0.386719
0.386719 0.386719
0.394531 0.378906
0.402344 0.378906
0.394531 0.386719
0.402344 0.386719
0.378906 0.394531
0.386719 0.394531
0.378906 0.402344
0.386719 0.402344
0.394531 0.394531
0.402344 0.394531
0.394531 0.402344
0.402344 0.402344
0.410156 0.378906
0.416016 0.376953
0.419922 0.376953
0.416016 0.380859
0.419922 0.380859
0.410156 0.386719
0.417969 0.386719
0.423828 0.376953
0.427734 0.376953
0.423828 0.380859
0.427734 0.380859
0.431641 0.376953
0.435547 0.376953
0.431641 0.380859
0.435547 0.380859
0.423828 0.384766
0.427734 0.384766
0.423828 0.388672
0.427734 0.388672
0.431641 0.384766
0.435547 0.384766
0.431641 0.388672
0.435547 0.388672
0.410156 0.394531
0.417969 0.394531
0.410156 0.402344
0.417969 0.402344
0.425781 0.394531
0.431641 0.392578
0.435547 0.392578
0.431641 0.396484
0.435547 0.396484
0.425781 0.402344
0.433594 0.402344
0.382812 0.414062
0.394531 0.410156
0.402344 0.410156
0.394531 0.417969
0.402344 0.417969
0.382812 0.429688
0.398438 0.429688
0.410156 0.410156
0.417969 0.410156
0.410156 0.417969
0.417969 0.417969
0.425781 0.410156
0.433594 0.410156
0.425781 0.417969
0.433594 0.417969
0.410156 0.425781
0.417969 0.425781
0.410156 0.433594
0.417969 0.433594
0.425781 0.425781
0.433594 0.425781
0.425781 0.433594
0.433594 0.433594
0.439453 0.376953
0.443359 0.376953
0.439453 0.380859
0.443359 0.380859
0.447266 0.376953
0.451172 0.376953
0.447266 0.380859
0.451172 0.380859
0.439453 0.384766
0.443359 0.384766
0.439453 0.388672
0.443359 0.388672
0.447266 0.384766
0.451172 0.384766
0.447266 0.388672
0.451172 0.388672
0.455078 0.376953
0.458984 0.376953
0.455078 0.380859
0.458984 0.380859
0.462891 0.376953
0.466797 0.376953
0.462891 0.380859
0.466797 0.380859
0.455078 0.384766
0.458984 0.384766
0.455078 0.388672
0.458984 0.388672
0.462891 0.384766
0.466797 0.384766
0.462891 0.388672
0.466797 0.388672
0.439453 0.392578
0.443359 0.392578
0.439453 0.396484
0.443359 0.396484
0.447266 0.392578
0.451172 0.392578
0.447266 0.396484
0.451172 0.396484
0.439453 0.400391
0.443359 0.400391
0.439453 0.404297
0.443359 0.404297
0.447266 0.400391
0.451172 0.400391
0.447266 0.404297
0.451172 0.404297
0.455078 0.392578
0.458984 0.392578
0.455078 0.396484
0.458984 0.396484
0.462891 0.392578
0.466797 0.392578
0.462891 0.396484
0.466797 0.396484
0.455078 0.400391
0.458984 0.400391
0.455078 0.404297
0.458984 0.404297
0.462891 0.400391
0.466797 0.400391
0.462891 0.404297
0.466797 0.404297
0.470703 0.376953
0.474609 0.376953
0.470703 0.380859
0.474609 0.380859
0.478516 0.376953
0.482422 0.376953
0.478516 0.380859
0.482422 0.380859
0.470703 0.384766
0.474609 0.384766
0.470703 0.388672
0.474609 0.388672
0.478516 0.384766
0.482422 0.384766
0.478516 0.388672
0.482422 0.388672
0.486328 0.376953
0.490234 0.376953
0.486328 0.380859
0.490234 0.380859
0.494141 0.376953
0.498047 0.376953
0.494141 0.380859
0.498047 0.380859
0.486328 0.384766
0.490234 0.384766
0.486328 0.388672
0.490234 0.388672
0.494141 0.384766
0.498047 0.384766
0.494141 0.388672
0.498047 0.388672
0.470703 0.392578
0.474609 0.392578
0.470703 0.396484
0.474609 0.396484
0.478516 0.392578
0.482422 0.392578
0.478516 0.396484
0.482422 0.396484
0.470703 0.400391
0.474609 0.400391
0.470703 0.404297
0.474609 0.404297
0.478516 0.400391
0.482422 0.400391
0.478516 0.404297
0.482422 0.404297
0.486328 0.392578
0.490234 0.392578
0.486328 0.396484
0.490234 0.396484
0.494141 0.392578
0.498047 0.392578
0.494141 0.396484
0.498047 0.396484
0.486328 0.400391
0.490234 0.400391
0.486328 0.404297
0.490234 0.404297
0.494141 0.400391
0.498047 0.400391
0.494141 0.404297
0.498047 0.404297
0.441406 0.410156
0.449219 0.410156
0.441406 0.417969
0.449219 0.417969
0.455078 0.408203
0.458984 0.408203
0.455078 0.412109
0.458984 0.412109
0.462891 0.408203
0.466797 0.408203
0.462891 0.412109
0.466797 0.412109
0.457031 0.417969
0.464844 0.417969
0.441406 0.425781
0.449219 0.425781
0.441406 0.433594
0.449219 0.433594
0.457031 0.425781
0.464844 0.425781
0.457031 0.433594
0.464844 0.433594
0.470703 0.408203
0.474609 0.408203
0.470703 0.412109
0.474609 0.412109
0.478516 0.408203
0.482422 0.408203
0.478516 0.412109
0.482422 0.412109
0.470703 0.416016
0.474609 0.416016
0.470703 0.419922
0.474609 0.419922
0.478516 0.416016
0.482422 0.416016
0.478516 0.419922
0.482422 0.419922
0.486328 0.408203
0.490234 0.408203
0.486328 0.412109
0.490234 0.412109
0.494141 0.408203
0.498047 0.408203
0.494141 0.412109
0.498047 0.412109
0.486328 0.416016
0.490234 0.416016
0.486328 0.419922
0.490234 0.419922
0.494141 0.416016
0.498047 0.416016
0.494141 0.419922
0.498047 0.419922
0.472656 0.425781
0.480469 0.425781
0.472656 0.433594
0.480469 0.433594
0.488281 0.425781
0.496094 0.425781
0.488281 0.433594
0.496094 0.433594
0.382812 0.445312
0.398438 0.445312
0.382812 0.460938
0.398438 0.460938
0.414062 0.445312
0.425781 0.441406
0.433594 0.441406
0.425781 0.449219
0.433594 0.449219
0.414062 0.460938
0.429688 0.460938
0.382812 0.476562
0.398438 0.476562
0.382812 0.492188
0.398438 0.492188
0.414062 0.476562
0.429688 0.476562
0.414062 0.492188
0.429688 0.492188
0.441406 0.441406
0.449219 0.441406
0.441406 0.449219
0.449219 0.449219
0.457031 0.441406
0.464844 0.441406
0.457031 0.449219
0.464844 0.449219
0.445312 0.460938
0.457031 0.457031
0.464844 0.457031
0.457031 0.464844
0.464844 0.464844
0.472656 0.441406
0.480469 0.441406
0.472656 0.449219
0.480469 0.449219
0.488281 0.441406
0.496094 0.441406
0.488281 0.449219
0.496094 0.449219
0.472656 0.457031
0.480469 0.457031
0.472656 0.464844
0.480469 0.464844
0.488281 0.457031
0.496094 0.457031
0.488281 0.464844
0.496094 0.464844
0.445312 0.476562
0.460938 0.476562
0.445312 0.492188
0.460938 0.492188
0.476562 0.476562
0.492188 0.476562
0.476562 0.492188
0.492188 0.492188
0.53125 -0.46875
0.59375 -0.46875
0.53125 -0.40625
0.59375 -0.40625
0.65625 -0.46875
0.71875 -0.46875
0.65625 -0.40625
0.71875 -0.40625
0.53125 -0.34375
0.59375 -0.34375
0.515625 -0.296875
0.546875 -0.296875
0.515625 -0.265625
0.546875 -0.265625
0.59375 -0.28125
0.65625 -0.34375
0.71875 -0.34375
0.65625 -0.28125
0.71875 -0.28125
0.8125 -0.4375
0.9375 -0.4375
0.78125 -0.34375
0.84375 -0.34375
0.78125 -0.28125
0.84375 -0.28125
0.9375 -0.3125
0.515625 -0.234375
0.546875 -0.234375
0.515625 -0.203125
0.546875 -0.203125
0.578125 -0.234375
0.609375 -0.234375
0.578125 -0.203125
0.609375 -0.203125
0.515625 -0.171875
0.546875 -0.171875
0.515625 -0.140625
0.546875 -0.140625
0.578125 -0.171875
0.609375 -0.171875
0.578125 -0.140625
0.609375 -0.140625
0.65625 -0.21875
0.71875 -0.21875
0.640625 -0.171875
0.671875 -0.171875
0.640625 -0.140625
0.671875 -0.140625
0.71875 -0.15625
0.515625 -0.109375
0.546875 -0.109375
0.507812 -0.0859375
0.523438 -0.0859375
0.507812 -0.0703125
0.523438 -0.0703125
0.546875 -0.078125
0.578125 -0.109375
0.609375 -0.109375
0.578125 -0.078125
0.609375 -0.078125
0.507812 -0.0546875
0.523438 -0.0546875
0.507812 -0.0390625
0.523438 -0.0390625
0.539062 -0.0546875
0.554688 -0.0546875
0.539062 -0.0390625
0.554688 -0.0390625
0.507812 -0.0234375
0.523438 -0.0234375
0.507812 -0.0078125
0.523438 -0.0078125
0.539062 -0.0234375
0.554688 -0.0234375
0.539062 -0.0078125
0.554688 -0.0078125
0.578125 -0.046875
0.609375 -0.046875
0.570312 -0.0234375
0.585938 -0.0234375
0.570312 -0.0078125
0.585938 -0.0078125
0.609375 -0.015625
0.640625 -0.109375
0.671875 -0.109375
0.640625 -0.078125
0.671875 -0.078125
0.703125 -0.109375
0.734375 -0.109375
0.703125 -0.078125
0.734375 -0.078125
0.640625 -0.046875
0.671875 -0.046875
0.640625 -0.015625
0.671875 -0.015625
0.703125 -0.046875
0.734375 -0.046875
0.703125 -0.015625
0.734375 -0.015625
0.78125 -0.21875
0.84375 -0.21875
0.78125 -0.15625
0.84375 -0.15625
0.90625 -0.21875
0.96875 -0.21875
0.90625 -0.15625
0.96875 -0.15625
0.78125 -0.09375
0.84375 -0.09375
0.765625 -0.046875
0.796875 -0.046875
0.765625 -0.015625
0.796875 -0.015625
0.84375 -0.03125
0.90625 -0.09375
0.96875 -0.09375
0.90625 -0.03125
0.96875 -0.03125
1.25 -0.25
0.507812 0.0078125
0.523438 0.0078125
0.503906 0.0195312
0.511719 0.0195312
0.503906 0.0273438
0.511719 0.0273438
0.519531 0.0195312
0.527344 0.0195312
0.519531 0.0273438
0.527344 0.0273438
0.539062 0.0078125
0.554688 0.0078125
0.539062 0.0234375
0.554688 0.0234375
0.503906 0.0351562
0.511719 0.0351562
0.503906 0.0429688
0.511719 0.0429688
0.519531 0.0351562
0.527344 0.0351562
0.519531 0.0429688
0.527344 0.0429688
0.503906 0.0507812
0.511719 0.0507812
0.503906 0.0585938
0.511719 0.0585938
0.519531 0.0507812
0.527344 0.0507812
0.519531 0.0585938
0.527344 0.0585938
0.535156 0.0351562
0.542969 0.0351562
0.535156 0.0429688
0.542969 0.0429688
0.554688 0.0390625
0.535156 0.0507812
0.542969 0.0507812
0.535156 0.0585938
0.542969 0.0585938
0.550781 0.0507812
0.558594 0.0507812
0.550781 0.0585938
0.558594 0.0585938
0.570312 0.0078125
0.585938 0.0078125
0.570312 0.0234375
0.585938 0.0234375
0.601562 0.0078125
0.617188 0.0078125
0.601562 0.0234375
0.617188 0.0234375
0.570312 0.0390625
0.585938 0.0390625
0.570312 0.0546875
0.585938 0.0546875
0.601562 0.0390625
0.617188 0.0390625
0.601562 0.0546875
0.617188 0.0546875
0.503906 0.0664062
0.511719 0.0664062
0.503906 0.0742188
0.509766 0.0722656
0.513672 0.0722656
0.509766 0.0761719
0.513672 0.0761719
0.519531 0.0664062
0.527344 0.0664062
0.517578 0.0722656
0.521484 0.0722656
0.517578 0.0761719
0.521484 0.0761719
0.527344 0.0742188
0.501953 0.0800781
0.505859 0.0800781
0.501953 0.0839844
0.505859 0.0839844
0.509766 0.0800781
0.513672 0.0800781
0.509766 0.0839844
0.513672 0.0839844
0.501953 0.0878906
0.505859 0.0878906
0.501953 0.0917969
0.505859 0.0917969
0.509766 0.0878906
0.513672 0.0878906
0.509766 0.0917969
0.513672 0.0917969
0.517578 0.0800781
0.521484 0.0800781
0.517578 0.0839844
0.521484 0.0839844
0.525391 0.0800781
0.529297 0.0800781
0.525391 0.0839844
0.529297 0.0839844
0.517578 0.0878906
0.521484 0.0878906
0.517578 0.0917969
0.521484 0.0917969
0.525391 0.0878906
0.529297 0.0878906
0.525391 0.0917969
0.529297 0.0917969
0.535156 0.0664062
0.542969 0.0664062
0.535156 0.0742188
0.542969 0.0742188
0.550781 0.0664062
0.558594 0.0664062
0.550781 0.0742188
0.558594 0.0742188
0.535156 0.0820312
0.542969 0.0820312
0.533203 0.0878906
0.537109 0.0878906
0.533203 0.0917969
0.537109 0.0917969
0.541016 0.0878906
0.544922 0.0878906
0.541016 0.0917969
0.544922 0.0917969
0.550781 0.0820312
0.558594 0.0820312
0.548828 0.0878906
0.552734 0.0878906
0.548828 0.0917969
0.552734 0.0917969
0.556641 0.0878906
0.560547 0.0878906
0.556641 0.0917969
0.560547 0.0917969
0.501953 0.0957031
0.505859 0.0957031
0.501953 0.0996094
0.505859 0.0996094
0.509766 0.0957031
0.513672 0.0957031
0.509766 0.0996094
0.513672 0.0996094
0.501953 0.103516
0.505859 0.103516
0.501953 0.107422
0.505859 0.107422
0.509766 0.103516
0.513672 0.103516
0.509766 0.107422
0.513672 0.107422
0.517578 0.0957031
0.521484 0.0957031
0.517578 0.0996094
0.521484 0.0996094
0.525391 0.0957031
0.529297 0.0957031
0.525391 0.0996094
0.529297 0.0996094
0.517578 0.103516
0.521484 0.103516
0.517578 0.107422
0.521484 0.107422
0.525391 0.103516
0.529297 0.103516
0.525391 0.107422
0.529297 0.107422
0.501953 0.111328
0.505859 0.111328
0.501953 0.115234
0.505859 0.115234
0.509766 0.111328
0.513672 0.111328
0.509766 0.115234
0.513672 0.115234
0.501953 0.119141
0.505859 0.119141
0.501953 0.123047
0.505859 0.123047
0.509766 0.119141
0.513672 0.119141
0.509766 0.123047
0.513672 0.123047
0.517578 0.111328
0.521484 0.111328
0.517578 0.115234
0.521484 0.115234
0.525391 0.111328
0.529297 0.111328
0.525391 0.115234
0.529297 0.115234
0.517578 0.119141
0.521484 0.119141
0.517578 0.123047
0.521484 0.123047
0.527344 0.121094
0.533203 0.0957031
0.537109 0.0957031
0.533203 0.0996094
0.537109 0.0996094
0.541016 0.0957031
0.544922 0.0957031
0.541016 0.0996094
0.544922 0.0996094
0.533203 0.103516
0.537109 0.103516
0.533203 0.107422
0.537109 0.107422
0.541016 0.103516
0.544922 0.103516
0.541016 0.107422
0.544922 0.107422
0.548828 0.0957031
0.552734 0.0957031
0.548828 0.0996094
0.552734 0.0996094
0.556641 0.0957031
0.560547 0.0957031
0.556641 0.0996094
0.560547 0.0996094
0.548828 0.103516
0.552734 0.103516
0.548828 0.107422
0.552734 0.107422
0.556641 0.103516
0.560547 0.103516
0.556641 0.107422
0.560547 0.107422
0.535156 0.113281
0.542969 0.113281
0.535156 0.121094
0.542969 0.121094
0.550781 0.113281
0.558594 0.113281
0.550781 0.121094
0.558594 0.121094
0.566406 0.0664062
0.574219 0.0664062
0.566406 0.0742188
0.574219 0.0742188
0.585938 0.0703125
0.566406 0.0820312
0.574219 0.0820312
0.566406 0.0898438
0.574219 0.0898438
0.582031 0.0820312
0.589844 0.0820312
0.582031 0.0898438
0.589844 0.0898438
0.601562 0.0703125
0.617188 0.0703125
0.597656 0.0820312
0.605469 0.0820312
0.597656 0.0898438
0.605469 0.0898438
0.617188 0.0859375
0.564453 0.0957031
0.568359 0.0957031
0.564453 0.0996094
0.568359 0.0996094
0.572266 0.0957031
0.576172 0.0957031
0.572266 0.0996094
0.576172 0.0996094
0.566406 0.105469
0.574219 0.105469
0.580078 0.0957031
0.583984 0.0957031
0.580078 0.0996094
0.583984 0.0996094
0.587891 0.0957031
0.591797 0.0957031
0.587891 0.0996094
0.591797 0.0996094
0.582031 0.105469
0.589844 0.105469
0.566406 0.113281
0.574219 0.113281
0.566406 0.121094
0.574219 0.121094
0.582031 0.113281
0.589844 0.113281
0.582031 0.121094
0.589844 0.121094
0.595703 0.0957031
0.599609 0.0957031
0.595703 0.0996094
0.599609 0.0996094
0.605469 0.0976562
0.595703 0.103516
0.599609 0.103516
0.595703 0.107422
0.599609 0.107422
0.603516 0.103516
0.607422 0.103516
0.603516 0.107422
0.607422 0.107422
0.613281 0.0976562
0.621094 0.0976562
0.613281 0.105469
0.621094 0.105469
0.597656 0.113281
0.605469 0.113281
0.597656 0.121094
0.605469 0.121094
0.611328 0.111328
0.615234 0.111328
0.611328 0.115234
0.615234 0.115234
0.619141 0.111328
0.623047 0.111328
0.619141 0.115234
0.623047 0.115234
0.613281 0.121094
0.621094 0.121094
0.640625 0.015625
0.671875 0.015625
0.632812 0.0390625
0.648438 0.0390625
0.632812 0.0546875
0.648438 0.0546875
0.671875 0.046875
0.703125 0.015625
0.734375 0.015625
0.703125 0.046875
0.734375 0.046875
0.632812 0.0703125
0.648438 0.0703125
0.632812 0.0859375
0.648438 0.0859375
0.671875 0.078125
0.632812 0.101562
0.648438 0.101562
0.628906 0.113281
0.636719 0.113281
0.628906 0.121094
0.636719 0.121094
0.648438 0.117188
0.664062 0.101562
0.679688 0.101562
0.664062 0.117188
0.679688 0.117188
0.703125 0.078125
0.734375 0.078125
0.703125 0.109375
0.734375 0.109375
0.501953 0.126953
0.505859 0.126953
0.501953 0.130859
0.505859 0.130859
0.509766 0.126953
0.513672 0.126953
0.509766 0.130859
0.513672 0.130859
0.503906 0.136719
0.511719 0.136719
0.519531 0.128906
0.527344 0.128906
0.519531 0.136719
0.527344 0.136719
0.503906 0.144531
0.511719 0.144531
0.503906 0.152344
0.511719 0.152344
0.519531 0.144531
0.527344 0.144531
0.519531 0.152344
0.527344 0.152344
0.535156 0.128906
0.542969 0.128906
0.535156 0.136719
0.542969 0.136719
0.550781 0.128906
0.558594 0.128906
0.550781 0.136719
0.558594 0.136719
0.535156 0.144531
0.542969 0.144531
0.535156 0.152344
0.542969 0.152344
0.554688 0.148438
0.503906 0.160156
0.511719 0.160156
0.503906 0.167969
0.511719 0.167969
0.519531 0.160156
0.527344 0.160156
0.519531 0.167969
0.527344 0.167969
0.503906 0.175781
0.511719 0.175781
0.503906 0.183594
0.511719 0.183594
0.523438 0.179688
0.539062 0.164062
0.554688 0.164062
0.539062 0.179688
0.554688 0.179688
0.570312 0.132812
0.585938 0.132812
0.570312 0.148438
0.585938 0.148438
0.597656 0.128906
0.605469 0.128906
0.597656 0.136719
0.605469 0.136719
0.613281 0.128906
0.621094 0.128906
0.613281 0.136719
0.621094 0.136719
0.601562 0.148438
0.613281 0.144531
0.621094 0.144531
0.613281 0.152344
0.621094 0.152344
0.570312 0.164062
0.585938 0.164062
0.570312 0.179688
0.585938 0.179688
0.601562 0.164062
0.617188 0.164062
0.601562 0.179688
0.617188 0.179688
0.507812 0.195312
0.523438 0.195312
0.507812 0.210938
0.523438 0.210938
0.539062 0.195312
0.554688 0.195312
0.539062 0.210938
0.554688 0.210938
0.507812 0.226562
0.523438 0.226562
0.507812 0.242188
0.523438 0.242188
0.539062 0.226562
0.554688 0.226562
0.539062 0.242188
0.554688 0.242188
0.570312 0.195312
0.585938 0.195312
0.570312 0.210938
0.585938 0.210938
0.601562 0.195312
0.617188 0.195312
0.601562 0.210938
0.617188 0.210938
0.578125 0.234375
0.609375 0.234375
0.628906 0.128906
0.636719 0.128906
0.628906 0.136719
0.636719 0.136719
0.644531 0.128906
0.652344 0.128906
0.644531 0.136719
0.652344 0.136719
0.632812 0.148438
0.644531 0.144531
0.652344 0.144531
0.644531 0.152344
0.652344 0.152344
0.664062 0.132812
0.679688 0.132812
0.664062 0.148438
0.679688 0.148438
0.632812 0.164062
0.648438 0.164062
0.632812 0.179688
0.648438 0.179688
0.660156 0.160156
0.667969 0.160156
0.660156 0.167969
0.667969 0.167969
0.679688 0.164062
0.660156 0.175781
0.667969 0.175781
0.660156 0.183594
0.667969 0.183594
0.675781 0.175781
0.683594 0.175781
0.675781 0.183594
0.683594 0.183594
0.703125 0.140625
0.734375 0.140625
0.695312 0.164062
0.710938 0.164062
0.695312 0.179688
0.710938 0.179688
0.734375 0.171875
0.632812 0.195312
0.648438 0.195312
0.632812 0.210938
0.648438 0.210938
0.664062 0.195312
0.675781 0.191406
0.683594 0.191406
0.675781 0.199219
0.683594 0.199219
0.664062 0.210938
0.675781 0.207031
0.683594 0.207031
0.675781 0.214844
0.683594 0.214844
0.632812 0.226562
0.648438 0.226562
0.632812 0.242188
0.648438 0.242188
0.664062 0.226562
0.675781 0.222656
0.683594 0.222656
0.675781 0.230469
0.683594 0.230469
0.664062 0.242188
0.675781 0.238281
0.683594 0.238281
0.675781 0.246094
0.683594 0.246094
0.695312 0.195312
0.710938 0.195312
0.695312 0.210938
0.710938 0.210938
0.734375 0.203125
0.695312 0.226562
0.710938 0.226562
0.695312 0.242188
0.710938 0.242188
0.734375 0.234375
0.765625 0.015625
0.796875 0.015625
0.765625 0.046875
0.796875 0.046875
0.84375 0.03125
0.765625 0.078125
0.796875 0.078125
0.765625 0.109375
0.796875 0.109375
0.84375 0.09375
0.90625 0.03125
0.96875 0.03125
0.90625 0.09375
0.96875 0.09375
0.765625 0.140625
0.796875 0.140625
0.765625 0.171875
0.796875 0.171875
0.84375 0.15625
0.765625 0.203125
0.796875 0.203125
0.765625 0.234375
0.796875 0.234375
0.84375 0.21875
0.90625 0.15625
0.96875 0.15625
0.90625 0.21875
0.96875 0.21875
0.507812 0.257812
0.523438 0.257812
0.507812 0.273438
0.523438 0.273438
0.539062 0.257812
0.554688 0.257812
0.539062 0.273438
0.554688 0.273438
0.507812 0.289062
0.523438 0.289062
0.507812 0.304688
0.523438 0.304688
0.539062 0.289062
0.554688 0.289062
0.539062 0.304688
0.554688 0.304688
0.570312 0.257812
0.585938 0.257812
0.570312 0.273438
0.585938 0.273438
0.609375 0.265625
0.570312 0.289062
0.585938 0.289062
0.570312 0.304688
0.585938 0.304688
0.601562 0.289062
0.617188 0.289062
0.601562 0.304688
0.617188 0.304688
0.507812 0.320312
0.523438 0.320312
0.503906 0.332031
0.511719 0.332031
0.503906 0.339844
0.511719 0.339844
0.519531 0.332031
0.527344 0.332031
0.519531 0.339844
0.527344 0.339844
0.539062 0.320312
0.554688 0.320312
0.539062 0.335938
0.554688 0.335938
0.503906 0.347656
0.511719 0.347656
0.503906 0.355469
0.511719 0.355469
0.519531 0.347656
0.527344 0.347656
0.519531 0.355469
0.527344 0.355469
0.503906 0.363281
0.511719 0.363281
0.503906 0.371094
0.511719 0.371094
0.519531 0.363281
0.527344 0.363281
0.519531 0.371094
0.527344 0.371094
0.535156 0.347656
0.542969 0.347656
0.535156 0.355469
0.542969 0.355469
0.554688 0.351562
0.535156 0.363281
0.542969 0.363281
0.535156 0.371094
0.542969 0.371094
0.550781 0.363281
0.558594 0.363281
0.550781 0.371094
0.558594 0.371094
0.570312 0.320312
0.585938 0.320312
0.570312 0.335938
0.585938 0.335938
0.601562 0.320312
0.617188 0.320312
0.601562 0.335938
0.613281 0.332031
0.621094 0.332031
0.613281 0.339844
0.621094 0.339844
0.570312 0.351562
0.585938 0.351562
0.566406 0.363281
0.574219 0.363281
0.566406 0.371094
0.574219 0.371094
0.582031 0.363281
0.589844 0.363281
0.582031 0.371094
0.589844 0.371094
0.597656 0.347656
0.605469 0.347656
0.597656 0.355469
0.605469 0.355469
0.613281 0.347656
0.621094 0.347656
0.613281 0.355469
0.621094 0.355469
0.597656 0.363281
0.605469 0.363281
0.597656 0.371094
0.603516 0.369141
0.607422 0.369141
0.603516 0.373047
0.607422 0.373047
0.611328 0.361328
0.615234 0.361328
0.611328 0.365234
0.615234 0.365234
0.619141 0.361328
0.623047 0.361328
0.619141 0.365234
0.623047 0.365234
0.611328 0.369141
0.615234 0.369141
0.611328 0.373047
0.615234 0.373047
0.621094 0.371094
0.632812 0.257812
0.648438 0.257812
0.632812 0.273438
0.648438 0.273438
0.664062 0.257812
0.675781 0.253906
0.683594 0.253906
0.675781 0.261719
0.683594 0.261719
0.664062 0.273438
0.675781 0.269531
0.683594 0.269531
0.675781 0.277344
0.683594 0.277344
0.632812 0.289062
0.648438 0.289062
0.632812 0.304688
0.648438 0.304688
0.660156 0.285156
0.667969 0.285156
0.660156 0.292969
0.667969 0.292969
0.675781 0.285156
0.683594 0.285156
0.675781 0.292969
0.683594 0.292969
0.660156 0.300781
0.667969 0.300781
0.660156 0.308594
0.667969 0.308594
0.679688 0.304688
0.695312 0.257812
0.710938 0.257812
0.695312 0.273438
0.710938 0.273438
0.734375 0.265625
0.695312 0.289062
0.710938 0.289062
0.695312 0.304688
0.710938 0.304688
0.734375 0.296875
0.632812 0.320312
0.644531 0.316406
0.652344 0.316406
0.644531 0.324219
0.652344 0.324219
0.632812 0.335938
0.644531 0.332031
0.652344 0.332031
0.644531 0.339844
0.652344 0.339844
0.664062 0.320312
0.679688 0.320312
0.664062 0.335938
0.679688 0.335938
0.628906 0.347656
0.636719 0.347656
0.628906 0.355469
0.636719 0.355469
0.648438 0.351562
0.628906 0.363281
0.636719 0.363281
0.628906 0.371094
0.636719 0.371094
0.648438 0.367188
0.664062 0.351562
0.679688 0.351562
0.664062 0.367188
0.679688 0.367188
0.703125 0.328125
0.734375 0.328125
0.703125 0.359375
0.734375 0.359375
0.501953 0.376953
0.505859 0.376953
0.501953 0.380859
0.505859 0.380859
0.509766 0.376953
0.513672 0.376953
0.509766 0.380859
0.513672 0.380859
0.501953 0.384766
0.505859 0.384766
0.501953 0.388672
0.505859 0.388672
0.509766 0.384766
0.513672 0.384766
0.509766 0.388672
0.513672 0.388672
0.517578 0.376953
0.521484 0.376953
0.517578 0.380859
0.521484 0.380859
0.527344 0.378906
0.517578 0.384766
0.521484 0.384766
0.517578 0.388672
0.521484 0.388672
0.525391 0.384766
0.529297 0.384766
0.525391 0.388672
0.529297 0.388672
0.501953 0.392578
0.505859 0.392578
0.501953 0.396484
0.505859 0.396484
0.509766 0.392578
0.513672 0.392578
0.509766 0.396484
0.513672 0.396484
0.501953 0.400391
0.505859 0.400391
0.501953 0.404297
0.505859 0.404297
0.509766 0.400391
0.513672 0.400391
0.509766 0.404297
0.513672 0.404297
0.517578 0.392578
0.521484 0.392578
0.517578 0.396484
0.521484 0.396484
0.525391 0.392578
0.529297 0.392578
0.525391 0.396484
0.529297 0.396484
0.517578 0.400391
0.521484 0.400391
0.517578 0.404297
0.521484 0.404297
0.525391 0.400391
0.529297 0.400391
0.525391 0.404297
0.529297 0.404297
0.535156 0.378906
0.542969 0.378906
0.533203 0.384766
0.537109 0.384766
0.533203 0.388672
0.537109 0.388672
0.541016 0.384766
0.544922 0.384766
0.541016 0.388672
0.544922 0.388672
0.550781 0.378906
0.558594 0.378906
0.548828 0.384766
0.552734 0.384766
0.548828 0.388672
0.552734 0.388672
0.556641 0.384766
0.560547 0.384766
0.556641 0.388672
0.560547 0.388672
0.533203 0.392578
0.537109 0.392578
0.533203 0.396484
0.537109 0.396484
0.541016 0.392578
0.544922 0.392578
0.541016 0.396484
0.544922 0.396484
0.533203 0.400391
0.537109 0.400391
0.533203 0.404297
0.537109 0.404297
0.541016 0.400391
0.544922 0.400391
0.541016 0.404297
0.544922 0.404297
0.548828 0.392578
0.552734 0.392578
0.548828 0.396484
0.552734 0.396484
0.556641 0.392578
0.560547 0.392578
0.556641 0.396484
0.560547 0.396484
0.548828 0.400391
0.552734 0.400391
0.548828 0.404297
0.552734 0.404297
0.556641 0.400391
0.560547 0.400391
0.556641 0.404297
0.560547 0.404297
0.501953 0.408203
0.505859 0.408203
0.501953 0.412109
0.505859 0.412109
0.509766 0.408203
0.513672 0.408203
0.509766 0.412109
0.513672 0.412109
0.501953 0.416016
0.505859 0.416016
0.501953 0.419922
0.505859 0.419922
0.509766 0.416016
0.513672 0.416016
0.509766 0.419922
0.513672 0.419922
0.517578 0.408203
0.521484 0.408203
0.517578 0.412109
0.521484 0.412109
0.525391 0.408203
0.529297 0.408203
0.525391 0.412109
0.529297 0.412109
0.517578 0.416016
0.521484 0.416016
0.517578 0.419922
0.521484 0.419922
0.525391 0.416016
0.529297 0.416016
0.525391 0.419922
0.529297 0.419922
0.501953 0.423828
0.505859 0.423828
0.501953 0.427734
0.505859 0.427734
0.509766 0.423828
0.513672 0.423828
0.509766 0.427734
0.513672 0.427734
0.503906 0.433594
0.511719 0.433594
0.517578 0.423828
0.521484 0.423828
0.517578 0.427734
0.521484 0.427734
0.527344 0.425781
0.519531 0.433594
0.527344 0.433594
0.533203 0.408203
0.537109 0.408203
0.533203 0.412109
0.537109 0.412109
0.542969 0.410156
0.535156 0.417969
0.542969 0.417969
0.550781 0.410156
0.558594 0.410156
0.550781 0.417969
0.558594 0.417969
0.535156 0.425781
0.542969 0.425781
0.535156 0.433594
0.542969 0.433594
0.550781 0.425781
0.558594 0.425781
0.550781 0.433594
0.558594 0.433594
0.566406 0.378906
0.574219 0.378906
0.566406 0.386719
0.572266 0.384766
0.576172 0.384766
0.572266 0.388672
0.576172 0.388672
0.582031 0.378906
0.587891 0.376953
0.591797 0.376953
0.587891 0.380859
0.591797 0.380859
0.580078 0.384766
0.583984 0.384766
0.580078 0.388672
0.583984 0.388672
0.587891 0.384766
0.591797 0.384766
0.587891 0.388672
0.591797 0.388672
0.564453 0.392578
0.568359 0.392578
0.564453 0.396484
0.568359 0.396484
0.574219 0.394531
0.566406 0.402344
0.574219 0.402344
0.582031 0.394531
0.589844 0.394531
0.582031 0.402344
0.589844 0.402344
0.597656 0.378906
0.605469 0.378906
0.597656 0.386719
0.605469 0.386719
0.613281 0.378906
0.621094 0.378906
0.613281 0.386719
0.621094 0.386719
0.601562 0.398438
0.617188 0.398438
0.566406 0.410156
0.574219 0.410156
0.566406 0.417969
0.574219 0.417969
0.585938 0.414062
0.566406 0.425781
0.574219 0.425781
0.566406 0.433594
0.574219 0.433594
0.585938 0.429688
0.601562 0.414062
0.617188 0.414062
0.601562 0.429688
0.617188 0.429688
0.503906 0.441406
0.511719 0.441406
0.503906 0.449219
0.511719 0.449219
0.519531 0.441406
0.527344 0.441406
0.519531 0.449219
0.527344 0.449219
0.503906 0.457031
0.511719 0.457031
0.503906 0.464844
0.511719 0.464844
0.519531 0.457031
0.527344 0.457031
0.519531 0.464844
0.527344 0.464844
0.535156 0.441406
0.542969 0.441406
0.535156 0.449219
0.542969 0.449219
0.550781 0.441406
0.558594 0.441406
0.550781 0.449219
0.558594 0.449219
0.535156 0.457031
0.542969 0.457031
0.535156 0.464844
0.542969 0.464844
0.554688 0.460938
0.503906 0.472656
0.511719 0.472656
0.503906 0.480469
0.511719 0.480469
0.519531 0.472656
0.527344 0.472656
0.519531 0.480469
0.527344 0.480469
0.507812 0.492188
0.523438 0.492188
0.539062 0.476562
0.554688 0.476562
0.539062 0.492188
0.554688 0.492188
0.570312 0.445312
0.585938 0.445312
0.570312 0.460938
0.585938 0.460938
0.601562 0.445312
0.617188 0.445312
0.601562 0.460938
0.617188 0.460938
0.570312 0.476562
0.585938 0.476562
0.570312 0.492188
0.585938 0.492188
0.601562 0.476562
0.617188 0.476562
0.601562 0.492188
0.617188 0.492188
0.632812 0.382812
0.648438 0.382812
0.632812 0.398438
0.648438 0.398438
0.671875 0.390625
0.632812 0.414062
0.648438 0.414062
0.632812 0.429688
0.648438 0.429688
0.671875 0.421875
0.703125 0.390625
0.734375 0.390625
0.703125 0.421875
0.734375 0.421875
0.632812 0.445312
0.648438 0.445312
0.632812 0.460938
0.648438 0.460938
0.671875 0.453125
0.640625 0.484375
0.671875 0.484375
0.703125 0.453125
0.734375 0.453125
0.703125 0.484375
0.734375 0.484375
0.765625 0.265625
0.796875 0.265625
0.765625 0.296875
0.796875 0.296875
0.84375 0.28125
0.765625 0.328125
0.796875 0.328125
0.765625 0.359375
0.796875 0.359375
0.84375 0.34375
0.90625 0.28125
0.96875 0.28125
0.90625 0.34375
0.96875 0.34375
0.765625 0.390625
0.796875 0.390625
0.765625 0.421875
0.796875 0.421875
0.84375 0.40625
0.765625 0.453125
0.796875 0.453125
0.765625 0.484375
0.796875 0.484375
0.84375 0.46875
0.90625 0.40625
0.96875 0.40625
0.90625 0.46875
0.96875 0.46875
1.25 0.25
-0.4375 0.5625
-0.3125 0.5625
-0.4375 0.6875
-0.3125 0.6875
-0.21875 0.53125
-0.15625 0.53125
-0.21875 0.59375
-0.15625 0.59375
-0.09375 0.53125
-0.03125 0.53125
-0.09375 0.59375
-0.03125 0.59375
-0.1875 0.6875
-0.09375 0.65625
-0.03125 0.65625
-0.09375 0.71875
-0.03125 0.71875
-0.4375 0.8125
-0.3125 0.8125
-0.4375 0.9375
-0.3125 0.9375
-0.1875 0.8125
-0.0625 0.8125
-0.1875 0.9375
-0.0625 0.9375
0.03125 0.53125
0.09375 0.53125
0.03125 0.59375
0.09375 0.59375
0.15625 0.53125
0.203125 0.515625
0.234375 0.515625
0.203125 0.546875
0.234375 0.546875
0.15625 0.59375
0.21875 0.59375
0.03125 0.65625
0.09375 0.65625
0.03125 0.71875
0.09375 0.71875
0.15625 0.65625
0.21875 0.65625
0.15625 0.71875
0.21875 0.71875
0.265625 0.515625
0.296875 0.515625
0.265625 0.546875
0.296875 0.546875
0.328125 0.515625
0.359375 0.515625
0.328125 0.546875
0.359375 0.546875
0.265625 0.578125
0.296875 0.578125
0.265625 0.609375
0.296875 0.609375
0.328125 0.578125
0.359375 0.578125
0.328125 0.609375
0.359375 0.609375
0.382812 0.507812
0.398438 0.507812
0.382812 0.523438
0.398438 0.523438
0.414062 0.507812
0.429688 0.507812
0.414062 0.523438
0.429688 0.523438
0.390625 0.546875
0.414062 0.539062
0.429688 0.539062
0.414062 0.554688
0.429688 0.554688
0.445312 0.507812
0.460938 0.507812
0.445312 0.523438
0.460938 0.523438
0.476562 0.507812
0.492188 0.507812
0.476562 0.523438
0.492188 0.523438
0.445312 0.539062
0.460938 0.539062
0.445312 0.554688
0.460938 0.554688
0.476562 0.539062
0.492188 0.539062
0.476562 0.554688
0.492188 0.554688
0.390625 0.578125
0.421875 0.578125
0.390625 0.609375
0.421875 0.609375
0.453125 0.578125
0.484375 0.578125
0.453125 0.609375
0.484375 0.609375
0.28125 0.65625
0.328125 0.640625
0.359375 0.640625
0.328125 0.671875
0.359375 0.671875
0.28125 0.71875
0.34375 0.71875
0.390625 0.640625
0.421875 0.640625
0.390625 0.671875
0.421875 0.671875
0.453125 0.640625
0.484375 0.640625
0.453125 0.671875
0.484375 0.671875
0.390625 0.703125
0.421875 0.703125
0.390625 0.734375
0.421875 0.734375
0.453125 0.703125
0.484375 0.703125
0.453125 0.734375
0.484375 0.734375
0.03125 0.78125
0.09375 0.78125
0.03125 0.84375
0.09375 0.84375
0.15625 0.78125
0.21875 0.78125
0.15625 0.84375
0.21875 0.84375
0.0625 0.9375
0.15625 0.90625
0.21875 0.90625
0.15625 0.96875
0.21875 0.96875
0.28125 0.78125
0.34375 0.78125
0.28125 0.84375
0.34375 0.84375
0.40625 0.78125
0.46875 0.78125
0.40625 0.84375
0.46875 0.84375
0.28125 0.90625
0.34375 0.90625
0.28125 0.96875
0.34375 0.96875
0.40625 0.90625
0.46875 0.90625
0.40625 0.96875
0.46875 0.96875
-0.4375 1.0625
-0.3125 1.0625
-0.4375 1.1875
-0.3125 1.1875
-0.1875 1.0625
-0.0625 1.0625
-0.1875 1.1875
-0.0625 1.1875
-0.375 1.375
-0.1875 1.3125
-0.0625 1.3125
-0.1875 1.4375
-0.0625 1.4375
0.0625 1.0625
0.1875 1.0625
0.0625 1.1875
0.1875 1.1875
0.28125 1.03125
0.34375 1.03125
0.28125 1.09375
0.34375 1.09375
0.40625 1.03125
0.46875 1.03125
0.40625 1.09375
0.46875 1.09375
0.3125 1.1875
0.4375 1.1875
0.0625 1.3125
0.1875 1.3125
0.0625 1.4375
0.1875 1.4375
0.3125 1.3125
0.4375 1.3125
0.3125 1.4375
0.4375 1.4375
0.507812 0.507812
0.523438 0.507812
0.507812 0.523438
0.523438 0.523438
0.539062 0.507812
0.554688 0.507812
0.539062 0.523438
0.554688 0.523438
0.507812 0.539062
0.523438 0.539062
0.507812 0.554688
0.523438 0.554688
0.539062 0.539062
0.554688 0.539062
0.539062 0.554688
0.554688 0.554688
0.570312 0.507812
0.585938 0.507812
0.570312 0.523438
0.585938 0.523438
0.609375 0.515625
0.578125 0.546875
0.609375 0.546875
0.507812 0.570312
0.523438 0.570312
0.507812 0.585938
0.523438 0.585938
0.546875 0.578125
0.515625 0.609375
0.546875 0.609375
0.578125 0.578125
0.609375 0.578125
0.578125 0.609375
0.609375 0.609375
0.640625 0.515625
0.671875 0.515625
0.640625 0.546875
0.671875 0.546875
0.703125 0.515625
0.734375 0.515625
0.703125 0.546875
0.734375 0.546875
0.640625 0.578125
0.671875 0.578125
0.640625 0.609375
0.671875 0.609375
0.703125 0.578125
0.734375 0.578125
0.703125 0.609375
0.734375 0.609375
0.515625 0.640625
0.546875 0.640625
0.515625 0.671875
0.546875 0.671875
0.578125 0.640625
0.609375 0.640625
0.578125 0.671875
0.609375 0.671875
0.515625 0.703125
0.546875 0.703125
0.515625 0.734375
0.546875 0.734375
0.578125 0.703125
0.609375 0.703125
0.578125 0.734375
0.609375 0.734375
0.640625 0.640625
0.671875 0.640625
0.640625 0.671875
0.671875 0.671875
0.71875 0.65625
0.65625 0.71875
0.71875 0.71875
0.765625 0.515625
0.796875 0.515625
0.765625 0.546875
0.796875 0.546875
0.84375 0.53125
0.78125 0.59375
0.84375 0.59375
0.90625 0.53125
0.96875 0.53125
0.90625 0.59375
0.96875 0.59375
0.78125 0.65625
0.84375 0.65625
0.78125 0.71875
0.84375 0.71875
0.90625 0.65625
0.96875 0.65625
0.90625 0.71875
0.96875 0.71875
0.515625 0.765625
0.546875 0.765625
0.515625 0.796875
0.546875 0.796875
0.59375 0.78125
0.53125 0.84375
0.59375 0.84375
0.65625 0.78125
0.71875 0.78125
0.65625 0.84375
0.71875 0.84375
0.53125 0.90625
0.59375 0.90625
0.53125 0.96875
0.59375 0.96875
0.65625 0.90625
0.71875 0.90625
0.65625 0.96875
0.71875 0.96875
0.78125 0.78125
0.84375 0.78125
0.78125 0.84375
0.84375 0.84375
0.9375 0.8125
0.8125 0.9375
0.9375 0.9375
1.25 0.75
0.53125 1.03125
0.59375 1.03125
0.53125 1.09375
0.59375 1.09375
0.6875 1.0625
0.5625 1.1875
0.6875 1.1875
0.8125 1.0625
0.9375 1.0625
0.8125 1.1875
0.9375 1.1875
0.5625 1.3125
0.6875 1.3125
0.5625 1.4375
0.6875 1.4375
0.8125 1.3125
0.9375 1.3125
0.8125 1.4375
0.9375 1.4375
1.25 1.25
